ID	SN	ssim	z_ssim
494	0.3367756647273948	0.3185063919316037	-0.5951798552243901
495	0.4811710037054613	0.2944388236595956	-0.7635508270822775
496	0.5520306561940156	0.1477311019193092	-1.7898830850527503
497	0.5499533383197581	0.16294794519157882	-1.6834296759918512
498	0.5710278609203844	0.3185750123766102	-0.5946998029447211
499	2.4687854539694563	0.3034100567287037	-0.7007902185514133
500	3.0224481529556453	0.23510332335781883	-1.1786478463812111
501	1.6979272371908372	0.38420023848931106	-0.13560136083745952
502	0.3210972100618718	0.3382849462261017	-0.45681380299709623
503	0.47242694974899024	0.19311761644594827	-1.4723698459200643
504	0.4929155236503817	0.4636637423624829	0.42030637454932995
505	1.469404670239663	0.5040103271980869	0.7025614666775287
506	2.464108098977702	0.39804866238523035	-0.03872108761235819
507	1.8335542273191603	0.4901552421770608	0.6056345938086566
508	0.33872338133183094	0.6042412756082243	1.403753294755994
509	0.8356980627283679	0.479085269480483	0.5281917030147887
510	1.422733507396054	0.39037719760974227	-0.09238882692130791
511	0.9536583125961516	0.3955647081201235	-0.056098239676075516
512	0.7008396054552515	0.3690561928188262	-0.24154549522536753
513	1.2595542801201767	0.48789979133300915	0.5898559972217989
514	1.442802831201152	0.5040636490925511	0.7029344939435478
515	1.242072416031482	0.4857854026071824	0.5750642375961761
516	0.7919788288259261	0.5556157976139382	1.0635810391121057
517	1.6700156507940114	0.6103053711659905	1.4461762620853398
518	2.0784876254786657	0.5034486986166157	0.698632446968651
519	1.457606011936757	0.5708447175058687	1.1701189333260573
520	0.4944672609932034	0.5993007205091389	1.3691903487138741
521	0.6753775754866866	0.15538289543331818	-1.7363529612010613
522	0.7994332963634996	0.1816705869493312	-1.5524505362269838
523	0.9734558864470532	0.24595313422439874	-1.1027451552811305
524	1.0325847216790907	0.3492747824457775	-0.3799315278975423
525	0.6893792635384796	0.2883451073145044	-0.8061810143805349
526	0.779975371280853	0.17166937844090416	-1.6224166074679955
527	0.5700147620718337	0.25024609973734424	-1.0727125916503586
528	0.9415494638351981	0.21568522063450193	-1.3144922653191935
529	0.946130059276629	0.39838231939245067	-0.03638690270684706
530	0.5267364397056332	0.553757949383662	1.0505839756547275
531	1.5999742149452185	0.5465200999449036	0.9999497059025081
532	1.8758626181783493	0.4381747860936993	0.24199171101061
533	2.160507657972012	0.44256016655347397	0.2726707875851061
534	3.1173393957460305	0.3654980227751604	-0.2664376048692157
535	1.7078259581474362	0.2775055372959389	-0.8820120629485014
536	0.4292266485337741	0.2401167654918112	-1.1435750000132905
537	0.8738177616094689	0.14648658706831585	-1.7985894143580268
538	3.8319067103234854	0.10685588940395391	-2.0758363304461556
539	6.09925423934782	0.2517225262873754	-1.0623838633677154
540	4.034409103968752	0.5442828885142356	0.9842987079048728
541	1.7287221835100366	0.5753036002675465	1.2013122144876287
542	0.6221796834717473	0.5789551241401847	1.2268574052709216
543	0.7689553440807099	0.47204979266614877	0.47897318391367893
544	0.8736868238698863	0.4488349187581277	0.3165674586124705
545	0.9756155405864607	0.4012013711765573	-0.016665488260511598
546	1.0408585775461032	0.3796739971745362	-0.1672658663836354
547	1.1036429157140386	0.6481045054037753	1.7106099969385857
548	1.078054779572209	0.6734749584008415	1.8880956398300222
549	0.8966609139925127	0.6844801261226745	1.9650851704648709
550	0.9054374717128533	0.42990655603862055	0.18414914402650256
551	1.0006240364859178	0.5123221343901394	0.7607088889266188
552	1.042803705391488	0.5966377966627695	1.3505611681116019
553	0.8965124137820558	0.5665263418647776	1.1399086064945099
554	0.6458251139387414	0.6025843313779995	1.3921617078036164
555	1.0853400091085001	0.3966367690295317	-0.048598357046975606
556	1.4560646332101828	0.24042341349131657	-1.1414297636889774
557	1.4572046121677034	0.4565847212825462	0.37078323014351683
558	2.039634582071873	0.5356696236869936	0.9240423598832579
559	1.9486712830645745	0.5146925839047198	0.7772919888060593
560	1.3632206190010623	0.38793472850007504	-0.10947575872429507
561	0.5371140703236309	0.5465339099701852	1.000046317548179
562	0.4716058389603041	0.41566395807554973	0.08451132296701246
563	0.5679228623654689	0.11035329699612718	-2.051369300432066
564	0.8635353550868594	0.22676428110999047	-1.2369857985898618
565	4.441830587989481	0.336655399013763	-0.468213726941589
566	6.077933800191073	0.6816353238040851	1.9451836114161507
567	2.2893060339429985	0.6904451865577088	2.0068153116775944
568	0.6747748382331253	0.6384059567214906	1.6427612617114988
569	1.305930853527811	0.523904857082353	0.8417388564915845
570	2.86160461521107	0.48515859515617515	0.5706792420494262
571	3.08913685547937	0.42665101729006727	0.16137417080029418
572	1.4896816093587837	0.42189880353223064	0.12812881589611888
573	0.5209765206892458	0.3739809360783867	-0.20709316504429237
574	0.49246447892811746	0.30122118345434973	-0.7161030543274053
575	1.8363025543258822	0.38892139939484627	-0.1025732442874819
576	4.2290820745482485	0.47096238514703964	0.47136594006050914
577	5.408721113825979	0.5807818674389651	1.2396368660404695
578	1.8000313995153296	0.6790412229186618	1.927035899846797
579	1.4347404187357562	0.6982752693893779	2.0615927051057956
580	1.7506539882905228	0.5851695935551015	1.2703323522678562
581	0.6107996729565534	0.4861089251714088	0.5773275243537381
582	0.5338313089804432	0.553965517397678	1.0520360720132589
583	0.6290310612645604	0.49564510516541355	0.6440403669332581
584	0.6245036485560338	0.48625708183729266	0.5783639930796252
585	0.6527369244468182	0.5701314995319784	1.165129430354538
586	0.9569174040763576	0.5364832784732805	0.9297344948582434
587	0.8422000632163558	0.5416532881212146	0.9659026502405943
588	1.996904576930445	0.541811109645294	0.9670067320110923
589	2.8716072041321947	0.4802971578963297	0.5366697855552978
590	2.2112234364916845	0.3815928114401729	-0.15384229907227653
591	0.4300867142235254	0.38866441804499086	-0.10437102456737958
592	0.7709773204225456	0.31707108007236884	-0.6052209549286586
593	1.046888691542316	0.1893829743299122	-1.4984965121254625
594	0.8768905887784296	0.19799436720853192	-1.438253259810287
595	0.482105097171912	0.20118179416476895	-1.4159547804507486
596	0.45102962929016177	0.18117447572114548	-1.5559212121463448
597	0.4284506633814496	0.1790459089710604	-1.570812157850778
598	1.0335640990585293	0.18978367350779468	-1.4956933161714618
599	1.1973348574362468	0.15522971722250736	-1.737424559458525
600	1.2158798725106	0.36483850924236877	-0.27105140436962916
601	0.7403468280335005	0.42605547450404657	0.1572078953988079
602	1.1880871276919966	0.4222471634361761	0.13056585876313057
603	4.3135664639451345	0.4357718736123304	0.22518150795207817
604	4.809067035427311	0.40494532642853387	0.009526330424423721
605	1.203582321146537	0.3773369941690327	-0.18361498245653213
606	1.9000653369714013	0.4418335474349724	0.2675875333996418
607	3.046232767500506	0.4849511996183252	0.5692283522930482
608	1.5818135937874565	0.5763640621077324	1.208730952792735
609	0.7372570387671114	0.5115211519278384	0.7551054065101757
610	0.8011396550507033	0.19496507835691934	-1.4594454426772818
611	0.35941888029590335	0.28475994304749563	-0.8312619691776385
612	1.1765020828618176	0.5652304864209622	1.1308431106373198
613	5.2073356897855225	0.5390968659681711	0.9480185301033894
614	4.7888832857980415	0.48824565138697457	0.5922755517341136
615	1.3455019801642158	0.615205721791305	1.480457947210472
616	0.9089836942201017	0.6101983748466833	1.4454277413347858
617	0.6185440010739238	0.6093636024000845	1.4395878722410105
618	0.4645625541171377	0.5164871481007655	0.7898463322417852
619	0.9419751908191369	0.5109786743335754	0.7513103625437508
620	2.114851998466659	0.5530488611340711	1.0456233632502134
621	0.823094469413443	0.5360979227146612	0.9270386378087705
622	2.1030492494041595	0.5938757522192035	1.3312385634337227
623	3.694075012902631	0.521181101345706	0.8226841104823616
624	2.3031526838127205	0.39457590683160043	-0.06301565783986209
625	0.6490565932295567	0.28556004391024836	-0.8256646542215326
626	0.41137616081121975	0.40911802209933174	0.038717514902190595
627	0.8983004485433451	0.3800250727116026	-0.16480982559449825
628	0.9999733599439412	0.4107817702531894	0.05035670048279556
629	1.0954859786724507	0.44641892607920747	0.2996657496091371
630	1.6084451369922248	0.5113885003457203	0.7541774076551481
631	2.0781830120652227	0.5088339689766719	0.7363065149921625
632	1.3590733170744966	0.5277169264448884	0.8684071852610624
633	1.4192404689224696	0.5324370536657359	0.9014280703993119
634	1.6160001272655138	0.4383584695256304	0.24327671652503913
635	0.9657770935609291	0.3039291727842397	-0.6971586063424107
636	0.7091288792578274	0.430923252768102	0.19126171204720382
637	1.3940081615466096	0.4404499362628774	0.25790811938131686
638	4.122304874601223	0.25974426393617295	-1.0062656985139815
639	3.4823869280536246	0.4855180057763921	0.5731935930938711
640	1.0104881204500042	0.45770595672875697	0.37862712611283206
641	2.5797015124907228	0.5407760415269667	0.9597656421322873
642	3.0892810073475516	0.5847642389643211	1.2674965881546978
643	1.7994101996991745	0.5627348571196473	1.113384282802681
644	1.1813911467625133	0.5161264829241686	0.787323204619892
645	0.6660117471001186	0.30031247019022833	-0.7224601957590231
646	0.6151014260048231	0.11499107293822253	-2.018924525214043
647	0.5015638242507227	0.22951814130238118	-1.2177204489827371
648	0.4356444537541939	0.28844435817059244	-0.8054866790447667
649	0.5482268799799147	0.17843176250938084	-1.5751085801335534
650	0.6659423947439652	0.18269162251238769	-1.5453076147606206
651	1.5051303257464164	0.20269243122127872	-1.405386723617815
652	1.4756913940190504	0.23698005405208694	-1.165518685705807
653	1.1244677311288265	0.31215607739325046	-0.6396051423303314
654	0.4615445918715825	0.29187811802395625	-0.781464913442885
655	0.5040244390380443	0.23554949808175182	-1.1755265143447546
656	0.46561454699676497	0.25164627931492356	-1.062917269015841
657	0.49279512739107983	0.18134331752916116	-1.5547400350957783
658	0.3963220901369594	0.21934133632508923	-1.288914951271849
659	0.5432734916290379	0.2028205940035787	-1.4044901273365464
660	1.4972698287765116	0.2757634166586361	-0.8941995237455903
661	2.1937141056575884	0.4139505077314203	0.07252443270827186
662	3.326440055297917	0.4851407222640195	0.5705542075553656
663	2.7745195892048913	0.5330455723462526	0.9056851220662824
664	1.2847016383974579	0.3953514611290083	-0.0575900648049812
665	0.8075148987706967	0.26021538001103345	-1.0029698827304487
666	0.7407192780826554	0.38892867418978616	-0.10252235155580856
667	0.5366498256060754	0.3862283655129966	-0.1214130675221628
668	0.6259688625172849	0.10306379429106205	-2.102364924125382
669	nan	nan	nan
670	nan	nan	nan
671	nan	nan	nan
672	nan	nan	nan
673	nan	nan	nan
674	nan	nan	nan
675	nan	nan	nan
676	nan	nan	nan
677	nan	nan	nan
678	nan	nan	nan
679	nan	nan	nan
680	nan	nan	nan
681	nan	nan	nan
682	nan	nan	nan
683	1.9839789156327252	0.26256587820140276	-0.9865263575603976
684	1.3925694060952876	0.27241761041268747	-0.9176059868710632
685	nan	nan	nan
686	nan	nan	nan
687	nan	nan	nan
688	nan	nan	nan
689	0.48019820521528533	0.511453101279536	0.754629340392455
690	1.0022084174316837	0.3387513147687199	-0.45355119981770087
691	0.9153961558495499	0.47996969742028783	0.5343789501051562
692	0.7434550104171259	0.45514166749483703	0.36068796975269535
693	0.6681475901888544	0.434052840803618	0.21315556410152608
694	0.7763757410001192	0.28054844752171415	-0.8607245881941051
695	0.7190465068299434	0.4311941923653142	0.19315714089908573
696	1.1941641754361243	0.4418136409659224	0.26744827248626973
697	2.714484738304015	0.3291163530259394	-0.5209550959700298
698	2.6360524260898477	0.278608105393119	-0.8742987593042101
699	0.8495478843601063	0.36234926511906074	-0.28846556302064524
700	0.40515052476636476	0.40838544238149077	0.03359256178427558
701	1.3059455858083635	0.28348163334945076	-0.8402047191789132
702	2.215202571704997	0.2939341428962368	-0.7670814534274215
703	1.5961345351421867	0.38295742080619755	-0.144295817160717
704	1.4308502867378143	0.42897138758722453	0.17760692840950096
705	1.9643040865731325	0.3942466453026713	-0.06531909302677676
706	1.2783382055309322	0.5258322660242671	0.8552225501099007
707	0.9020786289424382	0.31503848764461206	-0.6194404871466443
708	1.9272537406575936	0.16173907235828902	-1.6918866622354647
709	1.620408010153967	0.19394512764548538	-1.466580774780235
710	nan	nan	nan
711	nan	nan	nan
712	nan	nan	nan
713	nan	nan	nan
714	nan	nan	nan
715	0.8624055586937056	0.378958538827729	-0.17227104247015634
716	1.05063724770699	0.3399145534091704	-0.44541345951166894
717	0.7713395173789721	0.2701125492196499	-0.9337316456363082
718	1.494830462313623	0.30362417104569306	-0.6992923258173926
719	3.770795710531936	0.41948497681444863	0.11124225944071749
720	2.04413008498259	0.29718225706601753	-0.7443584207848833
721	1.0806986140203176	0.1645337927904508	-1.6723354641286976
722	0.686368195691148	0.08359276090494065	-2.238579633365931
723	0.5441361741971089	0.17285594785994976	-1.614115650595094
724	0.3984368288672908	0.2581444997652833	-1.0174572673983788
725	0.4154689103595139	0.24410312860856426	-1.1156873536769227
726	0.5396550210219138	0.22105951218676417	-1.2768950024185435
727	1.9157682294838039	0.2403332326843823	-1.1420606471224364
728	1.8268699822726497	0.39601472606186294	-0.05295002140375927
729	1.0500642915350447	0.43798245235189204	0.24064618998982545
730	1.6949741201619601	0.4589951051568868	0.3876457012866993
731	1.6835579083190522	0.3644593416514371	-0.273703970472721
732	1.0851790398211287	0.3639445698927501	-0.27730519101629925
733	1.023684424721883	0.4075750767050713	0.027923436638063456
734	1.5968172852092557	0.34111270024712337	-0.4370315097752169
735	1.8033444697191225	0.23701186736839466	-1.1652961273266549
736	1.7932538519209669	0.22290707734666526	-1.263969876870853
737	1.2282647791632866	0.40045677976092936	-0.021874472353521343
738	0.6217097701783667	0.25061196650583967	-1.070153074931184
739	0.6678570395241746	0.015791855221163654	-2.7128986112453704
740	0.6123639727427899	0.04702036984678791	-2.4944313652914065
741	0.6899749579033926	0.12823809030329095	-1.9262515487518144
742	0.4863158886399117	0.4244832982516135	0.14620932501719125
743	0.42501851899810034	0.5277461465109112	0.8686116018792436
744	0.4825488358396129	0.31229638267148047	-0.6386236000413312
745	2.283447964320114	0.24342585767230868	-1.1204253797400328
746	5.62328137402468	0.2704068069858824	-0.9316730884311368
747	3.9601003903802816	0.25036962627945486	-1.071848429400548
748	2.217046788914363	0.16838397461004567	-1.645400509692577
749	2.0339546935626505	0.3398582953883152	-0.44580702721818316
750	0.8596328978840225	0.41859915213582805	0.10504524109846498
751	1.1148977269888276	0.36619618205585935	-0.26155344892648175
752	1.2042957400240382	0.12418113939168636	-1.9546330104785092
753	0.9596516964413475	0.5084451257932155	0.7335862607496513
754	0.8201602560388028	0.5296030503432018	0.8816020585533821
755	1.1313688645761226	0.11474209430508743	-2.02066632039497
756	1.0924014045958594	0.09855038880658218	-2.133939633261844
757	0.7717437315771725	0.2525274077502468	-1.05675310447249
758	0.4573838682298901	0.3589484408388822	-0.312256919201715
759	1.1834311649898632	0.4831486582653393	0.5566182025684809
760	1.330533817761115	0.4509868847560872	0.331622099878534
761	1.5556209048181033	0.4718872462953433	0.47783604824150877
762	1.180611660622792	0.6816972066751045	1.9456165292339016
763	1.0644263380062202	0.6929475626534644	2.024321338478247
764	2.043303881619216	0.6854495858483648	1.9718672796645527
765	2.672393528617653	0.5416870573196698	0.9661388915051253
766	1.32094602794273	0.4579539387966095	0.38036194956054287
767	0.942891705697139	0.3442995862360967	-0.41473681489373215
768	1.0411130611393613	0.6080420935134985	1.4303429110119152
769	1.4980363067988645	0.6057204571604392	1.4141012963773438
770	1.801301191936327	0.31648585538229745	-0.6093150473898878
771	1.3856082496942854	0.25463745036765134	-1.041991749185626
772	0.5008348666949495	0.16680877763325835	-1.6564202123418783
773	0.5699584895284029	0.132177917897255	-1.8986894538425516
774	0.5825252335636641	0.19826135660653754	-1.4363854656106445
775	0.616851145904586	0.21124921966335874	-1.345525470927364
776	0.7599483348485222	0.1818466695316812	-1.5512187044447927
777	1.3050668301156523	0.22485442221460267	-1.2503467162651998
778	1.3456832123308318	0.2218417176283624	-1.271422879564005
779	0.9815119613863408	0.35940534540575847	-0.3090605237411593
780	0.5203285798971742	0.4223908071339947	0.1315707558399619
781	0.536386715502793	0.441334774264403	0.2640982351657574
782	0.5804020706689111	0.36269208018042925	-0.28606731055085705
783	0.4661204936553746	0.3023227951464646	-0.70839644146502
784	0.6684074259257522	0.3136599588344383	-0.6290843461721946
785	2.6529870009483774	0.3149763664853466	-0.6198750719721761
786	2.3460494139409835	0.6455852969605558	1.6929862150465533
787	0.8563768737650841	0.6271774676406907	1.5642094280711734
788	0.5546515174646757	0.6324464106287582	1.6010696975233436
789	0.6592197920173775	0.5676090353033978	1.147482871764037
790	1.3343441850836273	0.4552736062952565	0.3616109821568286
791	1.5019736356054718	0.5218768870319079	0.8275516613236682
792	0.8152088528438571	0.5094485703711549	0.7406061198764111
793	0.5470047310249708	0.6253638565162216	1.5515218368634531
794	1.3402562371423972	0.31170635013337145	-0.6427513270616274
795	1.6818711825310835	0.31481608338216927	-0.6209963743634008
796	1.080872545373815	0.5370015614150137	0.9333602788016289
797	1.3488481191483874	0.5530967580044536	1.0459584383406462
798	1.7480113559330674	0.53969422270189	0.9521974954506736
799	1.2179676441601572	0.2958562443239635	-0.7536348899134759
800	0.7362350698313642	0.11243424563155899	-2.0368114797094177
801	0.7035762256752305	0.5011867792893476	0.6828085984147777
802	0.8749511422780429	0.5390934276878929	0.947994476713973
803	1.1443039757885312	0.4700458418501033	0.4649540215853681
804	0.8974984775233446	0.5323736252831472	0.900984340550948
805	0.6768791137807773	0.5374404849776817	0.9364308834419697
806	0.7490147955789774	0.5239147537163518	0.841808090984478
807	0.9088623271382804	0.35232234177959926	-0.35861152909122596
808	0.6328945724255617	0.5138407928034535	0.7713330612601089
809	1.0382436669844624	0.5117792658263751	0.7569111098307391
810	1.1765342967042056	0.5637649062207655	1.1205902608332208
811	1.156529342884739	0.5576920827805899	1.0781062353185644
812	2.33912035257227	0.5573411478198591	1.075651177967969
813	1.9780072052998185	0.5535831362455391	1.0493610246018161
814	0.7294476493895959	0.5246083989171616	0.8466606675001015
815	0.9045343465272099	0.39200625888270313	-0.08099230249289366
816	0.9780867779030826	0.33051408800709803	-0.5111768751494762
817	1.0686966658927886	0.26678593198717326	-0.957003866996649
818	1.1818508694673866	0.15864478380960714	-1.7135335674924548
819	0.7617356002084678	0.4449091239766052	0.28910353391475463
820	0.6394140019687456	0.5062806897451468	0.7184443819848811
821	1.2164848881294048	0.22924277870285398	-1.2196468201047268
822	1.2187965673286045	0.25872254428238717	-1.0134134057160544
823	0.7686422223707261	0.2953985847968551	-0.7568365668958941
824	1.6749885440699828	0.26508650848076687	-0.9688926288415493
825	1.8502554886859395	0.32493971599958366	-0.5501738532319773
826	0.715295853571142	0.3777053275889486	-0.18103820963187145
827	1.0604225406315475	0.48464347031982236	0.5670755514586434
828	1.8123159461451355	0.5404617357861512	0.9575668340747585
829	1.4434267359364679	0.543947969544381	0.9819556946095227
830	1.9140534426338087	0.6275457883211013	1.5667861117732913
831	2.0501175172713326	0.37565745768444625	-0.19536461943624717
832	0.9153894074769984	0.502490863329793	0.6919316595729553
833	1.1587994454474186	0.6459373411132993	1.6954490320401276
834	1.1602500611084858	0.6769180644913483	1.9121827894795647
835	1.2832879726839734	0.6157146114482954	1.4840180179724012
836	1.6048954913575348	0.6179612300144741	1.4997348260481644
837	1.2566733617201329	0.6132893034648459	1.4670511413186005
838	0.9470068057981164	0.3843505519479037	-0.13454980370378786
839	0.5668163911617617	0.4925948833612172	0.6227017421187201
840	0.8551884340092997	0.5514291522194577	1.034292265691947
841	1.7220652434195933	0.45710044264800687	0.37439109390977376
842	1.942854771252258	0.3151336463081528	-0.6187747798146872
843	0.7321777629997874	0.44342995489036835	0.27875561950241656
844	0.5212745252817057	0.4866266399701329	0.5809493337040316
845	0.5081908562818457	0.5058594400091027	0.7154974192235818
846	0.5308123789354849	0.5155198109214855	0.7830790718709455
847	1.420993614560561	0.479806639662468	0.5332382368913072
848	2.3608107647713363	0.4141444955064546	0.07388152495132433
849	1.9088855240106397	0.40545839566270003	0.01311564051219901
850	0.7477376023518115	0.4190407941765604	0.10813486356347722
851	1.3352410481998567	0.43485149245151755	0.21874274069589547
852	1.4045527879081208	0.37772653328970207	-0.18088985960313408
853	0.82815765381988	0.5417322393245907	0.9664549740437947
854	0.5636476758838093	0.5727105771944708	1.1831720430365955
855	1.3266098235848387	0.5228051231477719	0.8340453799733993
856	1.368098529939504	0.5702315476090986	1.1658293428586537
857	0.8663362768451175	0.4222714237573756	0.13073557818853246
858	0.8139295651875855	0.3681178815366237	-0.24810969733769278
859	0.7678438538158605	0.36623651001982743	-0.261271324101505
860	0.4068930111665326	0.33798898790663473	-0.45888425686742096
861	0.513330958183732	0.22951480338039748	-1.217743800289443
862	0.6672369009938902	0.10341453517595539	-2.0999112244830935
863	0.6810528924520599	0.19441539155001802	-1.463290920577227
864	0.514543743519861	0.2835954760902419	-0.8394083024952941
865	0.5107993538505727	0.33027956062616437	-0.512817572814018
866	0.7708218682122957	0.335541519059041	-0.47600616564540643
867	0.7037080104740228	0.3290474906422436	-0.5214368407951103
868	0.661226295440263	0.2900735769830824	-0.7940890525073517
869	0.5188618446094594	0.32637747816754104	-0.5401156117518425
870	1.9610306354465326	0.38410504208627494	-0.1362673321859322
871	3.430546942128536	0.5016556552665493	0.6860887430089486
872	2.476838315551335	0.5195742939682134	0.8114432690031038
873	1.1220822531053443	0.4751079991615458	0.5003676677249483
874	1.7553727677376936	0.5019938932785005	0.6884549755318138
875	2.226360468422144	0.5087321310625896	0.7355940812152133
876	0.6719550221817303	0.3871992229864539	-0.11462118001221394
877	0.7016280906882225	0.31130676886402664	-0.6455467023939181
878	0.5592623137738447	0.14725539257577394	-1.7932110342492655
879	0.6440714720817405	0.09850305395552128	-2.1342707765990436
880	0.5776523497933984	0.15358632398710734	-1.7489213468805762
881	0.5160873840532965	0.26331624102880585	-0.9812769980460494
882	0.40244130221752417	0.40302063811723565	-0.003938330310483134
883	0.5339088099106594	0.5050354805643527	0.7097331953137905
884	0.7845747809045804	0.4001568778402027	-0.023972514718421246
885	1.3815314731586898	0.47050746658322473	0.4681834382040671
886	0.7226394067069393	0.4561856580047722	0.36799147855680797
887	1.0241586797822269	0.484435933485082	0.5656236732228941
888	2.4581537946735814	0.4809924162547323	0.5415336473369933
889	0.9218363209443277	0.5921236409622135	1.3189812106422625
890	0.6461450677061228	0.6174462548805498	1.4961321827398946
891	1.4078400119554038	0.5410699588665298	0.9618218177936098
892	2.988438958086289	0.5202771722890814	0.8163604382262208
893	1.9780861402518721	0.5603916512661492	1.096991773083474
894	1.0461526126532616	0.41985019455868633	0.11379723574086019
895	0.5675233442333029	0.45637715043879495	0.36933111398883234
896	0.9493596444161847	0.46760608024239203	0.44788603082081413
897	0.8781268270051457	0.5469068325353712	1.002655194939466
898	0.7419115515460685	0.48330224335573435	0.5576926472585483
899	2.1899713827648117	0.5302270987291458	0.8859677523384888
900	2.7776145484425854	0.3081043250369858	-0.6679502362027855
901	1.2514638204189028	0.3862475913522827	-0.12127856813241146
902	0.4418327039743778	0.5055122743878646	0.7130687312737701
903	1.3098185075686957	0.3449524530662641	-0.41016951414083835
904	1.7443666226403678	0.224234853669935	-1.254681070148371
905	1.2488074959315165	0.5489943731947882	1.017259131890906
906	0.5108212161482666	0.5429270487728471	0.9748135761972951
907	1.1040750192009705	0.6278540575463987	1.5689426898068752
908	3.7945326214820274	0.5306017946312592	0.8885890355722997
909	2.6846284144686443	0.5743267476120459	1.1944783861128745
910	0.6216267352860388	0.48079036924468505	0.5401201746064638
911	0.4759468196089399	0.27809379200725237	-0.877896773180776
912	0.6352142736214121	0.2563778755028278	-1.029816149717342
913	0.754453870653414	0.24441951323165984	-1.1134740022544007
914	1.0276447226957142	0.15923435969280036	-1.7094090351211197
915	0.7896369822070765	0.2261430545550212	-1.2413317515179667
916	0.9068970696454802	0.4708053491738917	0.4702673538171155
917	1.3321581318241014	0.5320833829198942	0.8989538741480717
918	1.1323110732435957	0.5075363389079283	0.7272286042819023
919	0.5149961317865646	0.5184108492998706	0.8033040873750373
920	0.43931091802251815	0.559879077105302	1.0934059264106528
921	0.4142575239022241	0.3657846100916397	-0.26443270830249926
922	0.46408831245957155	0.3610808590757063	-0.2973390294139405
923	1.0686805929284946	0.48283676864280073	0.554436297098609
924	2.647363751788606	0.4765691836891064	0.5105897664508602
925	2.2999069178469544	0.4581765400278862	0.38191921472431983
926	0.7260041340739272	0.6078502754612801	1.4290009976325957
927	1.5767093673248105	0.6305019314525447	1.5874665846140408
928	3.0026549467373433	0.3998838596100464	-0.02588248519100114
929	2.401072754738753	0.33185716172046176	-0.5017810515315646
930	3.2566198389694176	0.34134613862026353	-0.4353984305496664
931	6.849982497336944	0.29691890887618705	-0.7462007419599039
932	4.174294581569182	0.26942340097925754	-0.9385527624885647
933	0.7785543930325608	0.30415228339900846	-0.6955977776531194
934	0.41756360803391546	0.5081417825629179	0.731464143803124
935	0.7305414704612738	0.534122590591259	0.913219685033797
936	1.3353883565643332	0.40811083226756095	0.03167145487219322
937	1.116461087679093	0.43052973275952955	0.1885087398507593
938	0.7400619739270781	0.42376945405945177	0.14121544117188514
939	0.6586973656492698	0.38122393397969134	-0.156422877875079
940	0.8433550824643783	0.3833341060064521	-0.14166061727119966
941	0.8401076870250176	0.4168146081700826	0.09256099680590182
942	1.1562790563899192	0.46790357575969455	0.4499672385608518
943	1.3567582050271683	0.32132755631407356	-0.5754436615433789
944	0.42838318148355337	0.43097452247984724	0.19162038273199666
945	0.5808148940006416	0.5424815270898118	0.9716968126793261
946	0.7545615998033361	0.4289644585591712	0.17755845458056305
947	1.2415443902287147	0.33792189505506076	-0.4593536224674914
948	0.7601307106492041	0.34937748167681887	-0.3792130685524157
949	0.500411230628684	0.4284411641301624	0.1738976114665331
950	2.1937967606993913	0.3996108758648366	-0.02779221441511369
951	5.050249294814381	0.2935608269103946	-0.7696930830958598
952	5.6115311540334165	0.5678888705657432	1.1494405325691797
953	1.829896929648919	0.6143546339863679	1.474503939758032
954	2.065352959060044	0.6385299049604175	1.6436283740517377
955	2.382576313677776	0.6272600405515988	1.5647870884771438
956	1.3386892909378656	0.6171419024020163	1.4940030053332327
957	0.8442748585208344	0.5706328071763149	1.1686364591628824
958	0.8234621138804888	0.3285054734948973	-0.525228663584639
959	1.384352603956989	0.3483583376771743	-0.3863427570919458
960	1.8087112325264736	0.336370152647327	-0.4702092425413773
961	0.6630662181749923	0.3366502105221198	-0.4682500243926057
962	0.36870654579576423	0.32850294295055743	-0.5252463666697623
963	0.45124772162345667	0.3518249929346453	-0.3620908630825494
964	0.5624725122775044	0.31848782073759213	-0.5953097748718155
965	0.4988944052800919	0.4982685224448762	0.6623931690086396
966	0.9400114060220992	0.5620459664014369	1.1085649675142364
967	0.9846196147358286	0.34191354992988104	-0.4314289562528148
968	0.9107774957508417	0.27025526010702794	-0.932733274279012
969	1.0041613123471642	0.21337895485608077	-1.3306263510767058
970	0.7741622893080395	0.40414288303237106	0.003912627662852473
971	0.35185826735923487	0.3979614985649112	-0.03933086492646474
972	0.30875882325484527	0.33199917240511645	-0.5007875786256489
973	0.840641250990029	0.1864758121332443	-1.518834326019639
974	0.6528804667281602	0.22215597064221665	-1.2692244403717312
