ID	SN	ssim	z_ssim
5057	0.2595626701437597	0.12725336929069864	-2.109875184854181
5058	0.2186552819243111	0.15449452063438132	-1.8633974893694634
5059	0.2220140829025539	0.09802886090800898	-2.374298277217698
5060	0.5103490248533908	0.23265195109247838	-1.1562297525408125
5061	0.5944290581307304	0.3075905976647004	-0.4781855437321254
5062	0.4727805048883025	0.260970884504244	-0.9000002944736576
5063	0.4223283813623439	0.2571595378303913	-0.9344853253379058
5064	0.8759761638197366	0.30752758715976747	-0.47875566222129146
5065	1.138903134581421	0.21129213833612603	-1.3494931487074986
5066	0.9013498766333634	0.22501440430803357	-1.2253342080330443
5067	0.34496897670038407	0.3084092950740067	-0.47077797684189854
5068	0.27075045595995373	0.22540995947526904	-1.221755228392014
5069	0.24127779792257548	0.2679280495886728	-0.837051926562093
5070	0.2596224159823211	0.3069979536436427	-0.483547781572597
5071	0.8075188257741197	0.3582810946791607	-0.019538376823868154
5072	0.9790208298159238	0.3364781619310895	-0.2168111187411847
5073	0.7553093191903699	0.36471531073144015	0.03867835288804949
5074	0.36409493874977067	0.5015115906395651	1.2764098788889195
5075	0.397065828915844	0.5271351931894374	1.5082520072493817
5076	0.7581140203773531	0.6072706809738874	2.2333171892037944
5077	0.8190878348462209	0.6184962906686251	2.334886406050112
5078	0.7710726001049127	0.5508648940396396	1.7229581298470944
5079	1.0092053827131073	0.4478439535674173	0.7908255751725946
5080	0.9106522254334445	0.3979643352739546	0.3395152317321685
5081	0.4015600164807433	0.4308308337450737	0.6368910180787339
5082	0.5265095194735389	0.5358229543298579	1.5868587929096776
5083	0.681720311618823	0.4844464444322421	1.1220045875257054
5084	0.6108045039225127	0.4089998583376909	0.4393645464289559
5085	0.5484229552514118	0.42842343138646605	0.6151088629132662
5086	nan	nan	nan
5087	nan	nan	nan
5088	nan	nan	nan
5089	nan	nan	nan
5090	nan	nan	nan
5091	nan	nan	nan
5092	nan	nan	nan
5093	nan	nan	nan
5094	0.4321089315169998	0.37380597902264134	0.12093063887121448
5095	0.5265922474849041	0.4490741409707264	0.8019562998749582
5096	0.5311472497150914	0.3699076961062289	0.08565900965618868
5097	0.6954687909475149	0.28916695162592565	-0.6448825295082582
5098	0.446714497912451	0.3928991787277499	0.2936857402753991
5099	0.49397956894387696	0.5435290667192698	1.6565836293868605
5100	0.48707954572008305	0.5619490070152509	1.8232470856350989
5101	0.8050418522834183	0.339081909374219	-0.19325243499430195
5102	0.5714542642617451	0.4767372900412891	1.052252227045588
5103	0.42685841455271417	0.5024811625315163	1.2851825567585102
5104	0.4547106902652361	0.4998014519140719	1.2609365588848997
5105	0.6852087581138042	0.309323379688916	-0.46250734736231447
5106	0.8086605696808999	0.35013645827606316	-0.09323097468324464
5107	0.5241928318681549	0.4196140955632542	0.5354020706025308
5108	0.6041933428387521	0.48331830929147757	1.1117972307887276
5109	0.6736059650558723	0.3228091236405872	-0.34048845582689014
5110	0.6438655998885353	0.2810026663524844	-0.7187529101720433
5111	0.6931826912443115	0.39124492316754816	0.27871805065475264
5112	nan	nan	nan
5113	nan	nan	nan
5114	nan	nan	nan
5115	0.3942102186134362	0.409273347824544	0.44183907687770196
5116	0.8404191842255577	0.5115174833967461	1.366943107714034
5117	0.8997087714529814	0.5251527436525233	1.490314821441461
5118	nan	nan	nan
5119	nan	nan	nan
5120	nan	nan	nan
5121	nan	nan	nan
5122	nan	nan	nan
5123	nan	nan	nan
5124	nan	nan	nan
5125	nan	nan	nan
5126	nan	nan	nan
5127	nan	nan	nan
5128	nan	nan	nan
5129	nan	nan	nan
5130	nan	nan	nan
5131	nan	nan	nan
5132	nan	nan	nan
5133	nan	nan	nan
5134	nan	nan	nan
5135	nan	nan	nan
5136	nan	nan	nan
5137	nan	nan	nan
5138	nan	nan	nan
5139	nan	nan	nan
5140	nan	nan	nan
5141	nan	nan	nan
5142	nan	nan	nan
5143	nan	nan	nan
5144	nan	nan	nan
5145	nan	nan	nan
5146	nan	nan	nan
5147	nan	nan	nan
5148	nan	nan	nan
5149	nan	nan	nan
5150	0.39045768217418325	0.6187164550969873	2.336878451843103
5151	0.5194880523890517	0.6404283908861423	2.533327854084104
5152	0.6380816506570332	0.4182831214762114	0.5233594288806248
5153	0.6190007552344478	0.42012021769477204	0.5399814591546692
5154	0.8130838722836182	0.39388281814210735	0.3025857009628166
5155	0.7119366674958009	0.3838919325739474	0.21218825705071626
5156	0.8578040265176837	0.4159050385955846	0.5018425560916016
5157	0.8587077414207794	0.4336399739004452	0.6623080932623095
5158	0.8215383084219613	0.2965082900149595	-0.5784581649476842
5159	0.4586418274273851	0.29644363195935247	-0.5790431904607206
5160	0.5732460132751307	0.3971267531313545	0.3319367959427759
5161	0.49237878705038457	0.436075206368725	0.6843420550129888
5162	0.6198013598973182	0.25916541635085877	-0.9163361542948188
5163	0.5597861323032675	0.3395691805776112	-0.18884360947246778
5164	0.3844833763602884	0.3715704801553682	0.10070386496901816
5165	0.4269195988523718	0.30869135260551556	-0.4682259228011823
5166	0.6149368799976719	0.22751894505735232	-1.2026731455709099
5167	1.005312157496285	0.3141229373276359	-0.41908099246222696
5168	1.1194374375194827	0.36262964787695273	0.01980729389915142
5169	0.9206863619623507	0.3176484554242627	-0.3871821360268602
5170	0.7152939820260312	0.2936036159110824	-0.6047396304490968
5171	0.9835777178828853	0.38073641551358134	0.1836371667062144
5172	1.066083129049821	0.37225567994551845	0.10690354658644034
5173	0.9487301503642552	0.29450021583866837	-0.5966272022651685
5174	0.534835020847108	0.27926833183272165	-0.7344451535077806
5175	0.24229729510805023	0.2853340102963412	-0.6795629486258294
5176	0.2984726425362141	0.18305744744472371	-1.604960381198392
5177	0.3278188217704961	0.17317291509785046	-1.6943955421085954
5178	0.37092810429966455	0.21284456290464326	-1.3354468249954607
5179	0.37897149774816613	0.21633495596537328	-1.3038657795730142
5180	0.37942700857275213	0.2745470107735909	-0.7771636245304042
5181	0.4204240521762453	0.2565469666085397	-0.9400278643142275
5182	0.4317645841589066	0.14161598691044974	-1.9799223481556907
5183	0.37156429612198494	0.20682184333322018	-1.3899403382022482
5184	0.3134473819197444	0.23433540041989365	-1.1409979179736278
5185	0.37036469646977094	0.13380329306960043	-2.050611532659148
5186	0.5248862134188443	0.1534770860497503	-1.87260322845745
5187	1.0490144530030876	0.2888836516967419	-0.6474458247521058
5188	1.3854507646743621	0.468501812542532	0.9777376997592575
5189	1.4122973232693141	0.5293109855987901	1.527938557650445
5190	0.8156124660135947	0.47598189403687924	1.0454174107048138
5191	0.8076921582906236	0.41689372682249487	0.5107881983901686
5192	0.718696765518516	0.4595922864991786	0.897124387226266
5193	0.43167192660771164	0.4361937576548503	0.6854147059972392
5194	0.4838748252244745	0.45498433693314855	0.8554317004665971
5195	0.47965076987444194	0.3959507816086787	0.32129661604700216
5196	0.6035451663233884	0.35096064400729576	-0.085773749504959
5197	0.5374656952988189	0.3119973140109401	-0.43831361335837943
5198	0.5920866393312678	0.339075855548535	-0.19330720995533937
5199	0.5824263537984509	0.35427953357947367	-0.055744466124160355
5200	0.5416708557369556	0.4518027916207775	0.8266451067290579
5201	0.3204482128173593	0.3908322314681048	0.2749840198224597
5202	0.3892314110390586	0.2635973648878643	-0.8762359232830591
5203	0.8811860762671567	0.3225153218986701	-0.34314677137910415
5204	1.126910054007944	0.4431582074443678	0.7484289858557658
5205	0.7663126613396066	0.37707760277446045	0.15053226152907775
5206	0.7407467836649573	0.4170131686565717	0.5118689070443772
5207	0.6222713040729859	0.49936982613850067	1.2570312126999168
5208	0.35919057532214743	0.5473168486283589	1.6908554464687586
5209	0.43272076223062506	0.3479739582807473	-0.11279725544012514
5210	0.5776139961449251	0.3588890671698314	-0.014037447126439449
5211	0.6207960128474254	0.3367593818485123	-0.21426664342528182
5212	0.5473579744448037	0.27837029338893127	-0.7425705973735541
5213	0.43998516892516576	0.3234926199502251	-0.33430418728601874
5214	0.43280137409926067	0.32786165426569125	-0.29477320359213477
5215	0.4676455829067333	0.29205602437653055	-0.6187422249127285
5216	0.8175684811498172	0.3401109035043532	-0.18394210524123913
5217	0.8752688746520483	0.49645388374418975	1.2306477918067091
5218	0.8587490434847607	0.48560840902733493	1.1325180328650755
5219	0.819708999145937	0.4336250309230576	0.6621728893355847
5220	0.8327985703834336	0.3732883753854952	0.11624736575809491
5221	0.5119005358619133	0.2941353882221164	-0.5999281593004433
5222	0.7218195592190776	0.22717946375174422	-1.2057447694098131
5223	0.8203145382679915	0.29486912560615997	-0.5932893099644373
5224	0.4941070651318898	0.2251455588540724	-1.2241475228650003
5225	0.4740091862371938	0.30264068272519223	-0.5229723301547297
5226	0.48035277186762615	0.35546753261472364	-0.04499546140140718
5227	0.37212192894172363	0.2923297103770231	-0.6162659164103172
5228	0.3578640438493754	0.4303845541965413	0.6328530846861085
5229	0.3836469625461223	0.4008917191939186	0.3660021754478963
5230	0.3444497852156121	0.3121788220621969	-0.43667133012220977
5231	0.4426910944434328	0.2372752260236517	-1.1143984020134006
5232	0.42198718820568454	0.3857610520046955	0.22910003306430038
5233	0.43012563001445386	0.3151555644154703	-0.40973779174014935
