ID	SN	ssim	z_ssim
494	0.2785198270813901	0.26210423702627605	-0.8405873531885939
495	0.3844920764363978	0.25477631117715627	-0.8934682383366983
496	0.44061281740734237	0.148169866712249	-1.6627777621869833
497	0.44030433232401106	0.14654254014810972	-1.6745211218918368
498	0.45593438004668896	0.28565126574864697	-0.6706637285388737
499	0.8715532303529401	0.29224538902569513	-0.6230782203274455
500	1.0003448613237864	0.21709874069177443	-1.165362812397708
501	0.6452748432392008	0.33294899889782636	-0.32934668386273513
502	0.32222740039792086	0.2748458612792346	-0.7486393200624212
503	0.3855415611901442	0.18545521357171207	-1.393713611487459
504	0.41470323404373277	0.4098115686481997	0.22532059946490451
505	0.8001372394038087	0.4514310075057306	0.5256610793590909
506	1.1980097791124638	0.406696438462058	0.20284072658047317
507	0.9362505143329888	0.47911945061536204	0.7254706039309202
508	0.4329016782073118	0.6143868133760038	1.701607374650521
509	0.7668594894823474	0.44612915557657673	0.4874010548022758
510	0.9428934002293272	0.36968555373877043	-0.0642428090037459
511	0.6885875743526176	0.3886148704855312	0.0723577851381538
512	0.5108109837949728	0.3384833575034984	-0.28940880951454967
513	0.7681424708097245	0.4484246962374412	0.5039664819830869
514	0.8672198499484847	0.4940925540055513	0.8335217737967288
515	0.8132217214430149	0.45824692340870976	0.5748471210120468
516	0.6231376338688102	0.5077475789871797	0.9320612271994573
517	0.9533177276129841	0.572372149058892	1.3984148091094513
518	1.113933807825098	0.4542625781648418	0.5460946871624757
519	0.9312631978410931	0.5177935791957201	1.0045566910133372
520	0.42874514595467716	0.5523212097205493	1.2537201926389705
521	0.5321916775033982	0.16793734052833123	-1.520128732426131
522	0.6234312712209098	0.16467625279396716	-1.5436618862120024
523	0.7834589735760147	0.21220279834498643	-1.2006936509273223
524	0.7781483229879049	0.3078721462740238	-0.5103100547781942
525	0.551242583438984	0.25977233592110827	-0.8574151700986037
526	0.5585852929738333	0.2027970202740709	-1.2685690470677442
527	0.41126771900631803	0.24167050158448666	-0.9880443607091886
528	0.6106940764173336	0.2029082677590087	-1.2677662461667611
529	0.6563984996972521	0.3481400407899803	-0.21972279326679964
530	0.44532063829496704	0.5158706432835006	0.9906801104890599
531	0.8389756955370755	0.5368534719330487	1.142099567337465
532	0.9865736748905835	0.4214684750751904	0.3094409280053389
533	1.0883031596827242	0.4183447702860895	0.2868991777761291
534	1.1317431055191807	0.4130389407346599	0.24861044930076248
535	0.6577188689036163	0.23104760250913145	-1.0647029292468655
536	0.36909444449752904	0.20362530417876645	-1.2625918596703731
537	0.5988131479747519	0.11905088094208816	-1.8729105847408747
538	0.934708947354886	0.09253095872141885	-2.064287652408164
539	1.3101392606693336	0.286320472829072	-0.6658344953439844
540	1.1953484316848197	0.5579908479165165	1.294634291996057
541	0.7666054048864201	0.5452975507764974	1.203035004280456
542	0.4228771781869962	0.515823592036074	0.990340572171878
543	0.5535253308891482	0.434329305047669	0.40224919144670945
544	0.6326569071605073	0.43299496496156553	0.39262012501036936
545	0.7212556406783519	0.37775246294193965	-0.006029160577674771
546	0.7182874660749793	0.351880109611452	-0.19273314382622725
547	0.7152661739180708	0.5930078891402141	1.5473295530158193
548	0.7494420683443833	0.6319585629978999	1.8284112878913121
549	0.6245497628640106	0.6362074874071271	1.8590730178696946
550	0.6671392464605509	0.409857162984792	0.2256496242021067
551	0.7674656161735794	0.48996435384120024	0.8037312323455409
552	0.8666255768158593	0.5647269441690119	1.34324432703313
553	0.7240653468919076	0.5150621706136912	0.9848458879166918
554	0.5395921857653344	0.5634203309109032	1.333815347120166
555	0.7557872865053819	0.3714528361444063	-0.05148947881988219
556	0.9472469137984626	0.21704755004716092	-1.1657322220579858
557	0.8972613843677988	0.37840655508680654	-0.0013090020633609117
558	0.9567470950112615	0.4862995382960386	0.7772846369619428
559	0.8321012060033567	0.4721463342549935	0.6751501485975316
560	0.5823562147872103	0.33461168396685415	-0.31734816477519723
561	0.3549766946843213	0.481514810273974	0.7427563600375651
562	0.38438888082260925	0.3793008116955512	0.005144267523917918
563	0.4567115907690969	0.13141414766836768	-1.7836929123368481
564	0.4790942078457525	0.23427887238342227	-1.0413849516058353
565	1.105688123493496	0.3381163979833235	-0.29205691822087665
566	1.3979672493192101	0.7157310792580156	2.43294317073658
567	0.83583233867346	0.6691505524946271	2.096801739091385
568	0.4841582014304887	0.6064475359196202	1.6443147617100686
569	0.7526648457020818	0.497403397818189	0.8574139849086133
570	1.0681519392514798	0.501062658548534	0.8838204947986649
571	1.039068106307221	0.44998612183754594	0.5152342771991598
572	0.6567048472354411	0.36790057536320453	-0.07712383951819751
573	0.4067398018388467	0.3144307754611173	-0.4629806843788804
574	0.367830858837748	0.2594559004550878	-0.8596986794953894
575	0.6849168516160888	0.381844140814919	0.023497823199058247
576	1.210095138535972	0.4921508355050306	0.8195096515222765
577	1.4775594020413458	0.6091882152139064	1.6640924655205334
578	0.9163437028108539	0.6660789989016432	2.074636330199272
579	0.8853489967059964	0.6762373350155244	2.147942449337816
580	1.0058101745680588	0.5680974296568595	1.3675669334085245
581	0.4202890670229155	0.4451158850083013	0.4800889387071922
582	0.3892270429446322	0.5203493847590471	1.0230002810875212
583	0.555471165952254	0.4626667440406949	0.6067420981211975
584	0.5858845965079934	0.426125564920827	0.3430481230455415
585	0.5781041433510762	0.5273932956529434	1.0738316146248754
586	0.7192497018680225	0.4950859777182713	0.8406906680155559
587	0.5761928590783476	0.525480732059897	1.0600298843966036
588	0.8738729439500038	0.5442529960980586	1.1954971310652027
589	1.064821455680721	0.5134262537455664	0.9730405375629425
590	0.8914324108683488	0.39080441360332274	0.08815829684129331
591	0.3198490922918419	0.37094785047431933	-0.0551336326733923
592	0.41741094411627455	0.28163709474636145	-0.6996313955305108
593	0.5579371922779292	0.2320862559580273	-1.0572076413754221
594	0.4933336491744859	0.24790462739137148	-0.9430567206074114
595	0.40725643380422644	0.19793864669553835	-1.30362877617838
596	0.4090134169903404	0.08386573621518476	-2.1268189396468276
597	0.3727254809425651	0.14021719837739816	-1.7201670084068708
598	0.5399421227804294	0.17459858353920604	-1.4720588646552943
599	0.6351150570372888	0.18487275886744853	-1.3979168090844754
600	0.5917998922311828	0.3353594224733473	-0.31195222124399585
601	0.4929509422413932	0.37717464983018845	-0.010198862813847697
602	0.6902715779230283	0.391467682368558	0.09294467706932792
603	1.2640521172316457	0.43567536204721785	0.4119628112432984
604	1.167243303586119	0.4256138614568309	0.3393554912331283
605	0.580392409270816	0.3236657002798421	-0.39633822527853013
606	0.7665111870204399	0.38818385751252793	0.06924744423241604
607	0.911254967432188	0.39282923022105787	0.10277008429835198
608	0.6553009847167303	0.47749023930268897	0.7137136432190694
609	0.5548683182536976	0.4022221649459713	0.17055279834579998
610	0.4713699378359147	0.12673008797345844	-1.8174947312762566
611	0.3203196707506345	0.2341966870649426	-1.0419780297123646
612	0.6543397058341682	0.5036970476257719	0.9028311710933181
613	1.264430991802257	0.4831308081153568	0.7544179677024423
614	1.273773227179148	0.4966847868987483	0.8522282362698382
615	0.7509833802887945	0.6032919939410681	1.6215432631464093
616	0.6157183684984608	0.5735566732929778	1.406962751769837
617	0.4646320951643474	0.5583108403295927	1.2969434695713427
618	0.4010462768542229	0.4577703573213507	0.5714080528432356
619	0.6550795521150298	0.4507391266100826	0.5206682239546757
620	0.9529039569970672	0.55235485055113	1.2539629566809178
621	0.574349649320958	0.5139743893676819	0.9769960766166241
622	0.9760587145973671	0.5931644574929749	1.548459405207373
623	1.3529846808244563	0.5758211748753448	1.4233041900649908
624	1.0929501502383383	0.38655305244598803	0.05747898243322876
625	0.48240655397522175	0.2531087836520893	-0.9055017022867958
626	0.37762374695009143	0.34690580985523084	-0.22862943692703303
627	0.6013171125005183	0.35308811503377024	-0.18401575266927772
628	0.6229725252583265	0.37327296384850034	-0.03835479841278682
629	0.7469519290863726	0.40917105271056375	0.22069841162743833
630	1.0746593307242844	0.4736462763066882	0.6859742569465546
631	1.297665522991142	0.4836225593844894	0.7579666174731764
632	1.018519529267537	0.5095491521106428	0.9450620112397605
633	0.9425794087353216	0.5130939624740439	0.9706426071080093
634	1.02194722607934	0.44174994235697274	0.4557991150347281
635	0.6674835285870457	0.29128044918569096	-0.6300415649224539
636	0.5675613522052481	0.3962437130993416	0.1274101912869317
637	0.7559813467741663	0.3953010576776023	0.12060765887631514
638	1.233003769019979	0.30078879308902395	-0.5614260177330364
639	1.1537498806314925	0.4939938818221766	0.8328097206859596
640	0.7610136195874088	0.4387332346604114	0.4340294933829992
641	1.104316416179045	0.516032922058072	0.9918511710888498
642	1.283279547115883	0.5832562166559152	1.4769580613738726
643	0.8747563668275109	0.5311757100111714	1.1011268443226518
644	0.6865905880264016	0.4715281268969176	0.6706889473008436
645	0.49056118260641135	0.27608976674596486	-0.7396628615834966
646	0.45380611625169714	0.14275532439158503	-1.7018510001650906
647	0.40366967796656866	0.17302536125073276	-1.4834117889154637
648	0.3565664855810751	0.25838416690935834	-0.8674326849572349
649	0.45906871678697697	0.19083072865680534	-1.3549220077404227
650	0.5245414855795919	0.13377583036809568	-1.7666501809866688
651	0.834655897520266	0.19461903544869094	-1.3275842561730336
652	0.7584403747071914	0.25194707831749547	-0.9138849757586439
653	0.5751403663057686	0.3018070879298491	-0.5540776447236329
654	0.44078329066942884	0.2415354716048112	-0.9890187844402402
655	0.44950463455006895	0.19900598296628239	-1.2959265029963443
656	0.4667451231085963	0.19896632310480308	-1.2962127024780337
657	0.4780243886659855	0.14785361654960005	-1.6650599343695958
658	0.3404424457021114	0.204896498320056	-1.2534184765370613
659	0.380448871183632	0.1696053646201667	-1.5080916850759292
660	0.6206840024286717	0.2561870116151942	-0.8832881287970767
661	0.8619525105719958	0.4184536117921854	0.2876846162892512
662	1.337713804427753	0.5270270142908866	1.0711883997455738
663	1.291656053864272	0.5517943511596887	1.2499181963278978
664	0.8892979702122537	0.4167593224221422	0.2754580294719638
665	0.5473352711946499	0.3008019857675853	-0.5613308147336934
666	0.3495175455829582	0.6234830260163257	1.767248837981291
667	0.29064863430069854	0.5950748003714156	1.5622451099795436
668	0.3514427149297528	0.09247390707911976	-2.0646993570850465
669	nan	nan	nan
670	nan	nan	nan
671	nan	nan	nan
672	nan	nan	nan
673	nan	nan	nan
674	nan	nan	nan
675	nan	nan	nan
676	nan	nan	nan
677	nan	nan	nan
678	nan	nan	nan
679	nan	nan	nan
680	nan	nan	nan
681	nan	nan	nan
682	nan	nan	nan
683	0.9883811626665397	0.2752530428150388	-0.745700955172733
684	0.8734145698831624	0.2690452428774574	-0.7904986185608096
685	nan	nan	nan
686	nan	nan	nan
687	nan	nan	nan
688	nan	nan	nan
689	0.355399340925597	0.45527903406090053	0.5534297897009455
690	0.7142746523714112	0.32518779393993796	-0.38535426314771026
691	0.7299285227688896	0.4465614624734138	0.4905207331165861
692	0.6204753283607259	0.42760556683763506	0.35372833638191187
693	0.5513766363465797	0.41095734030698144	0.23358888993911417
694	0.7246882125479016	0.30526782253938267	-0.5291037690072462
695	0.628975805351083	0.4088817598439069	0.21861077275515298
696	0.7085685234849541	0.43401368337721863	0.399971554684413
697	1.201298977117606	0.3648743542103572	-0.09896211360986383
698	1.0711634195028694	0.27924383254359775	-0.7169020156595134
699	0.5800756729549166	0.27400072993510255	-0.7547380844964907
700	0.35491852147991226	0.32934983135985246	-0.3553195401829509
701	0.7017244575576309	0.27045696094883803	-0.7803111654217812
702	1.0759274574434192	0.32317031422980524	-0.3999131049041364
703	0.8120648035804483	0.35768819028520904	-0.1508199949538538
704	0.6751733952144618	0.4021211222711617	0.16982363893675584
705	0.8665423743684404	0.380881997993299	0.016554662870508868
706	0.6761151809967006	0.4785016685499775	0.7210124716955779
707	0.5759843715534667	0.2553543614520772	-0.8892968246478447
708	0.8079102669938871	0.15850033880623926	-1.5882294493934503
709	0.7335697896232315	0.17950497779111646	-1.4366526015095284
710	nan	nan	nan
711	nan	nan	nan
712	nan	nan	nan
713	nan	nan	nan
714	nan	nan	nan
715	0.4245921370214306	0.37445887528352595	-0.02979684522348894
716	0.5610486704921841	0.35164758862736145	-0.19441109686606228
717	0.47601674781325953	0.2997397014299631	-0.5689966313930116
718	0.8151845536283194	0.33266391489004554	-0.33140395013199325
719	1.265826944488178	0.46468331122183726	0.6212943547481167
720	0.9950591893636362	0.3008632918523557	-0.5608884085065599
721	0.639151404214297	0.18967563250685965	-1.363257587015919
722	0.5063690370021571	0.06920280555448881	-2.232631794220952
723	0.4334572836396582	0.11324890544597413	-1.9147796765083596
724	0.3502168111120217	0.21779881857660507	-1.160310804642075
725	0.35490659367058136	0.18880643268981612	-1.3695300379989421
726	0.4178885621250103	0.18344378634166972	-1.4082287764230346
727	0.7964539216364018	0.23688250889105208	-1.0225961966481247
728	0.7772734016633481	0.38111087444014924	0.018206315650325974
729	0.6277032149842401	0.405575877016561	0.19475436185452033
730	0.8303123031511536	0.4389652569184101	0.4357038474402944
731	0.8715540248733659	0.33643864719633765	-0.30416415681751136
732	0.6907161428456287	0.34037690217250366	-0.2757443265181093
733	0.6992003415354036	0.37583758837664033	-0.01984756759291263
734	1.0361866783656162	0.31310716688547113	-0.4725323084688265
735	1.2304789140638817	0.2321027206973099	-1.0570888260373683
736	1.171277450613281	0.24791715646105356	-0.9429663064426789
737	0.8276872920636678	0.351490182510135	-0.19554699466006933
738	0.6191301671725473	0.23013050250344144	-1.071321044804905
739	0.581783564034946	0.0012616075328743918	-2.7229193276076566
740	0.5127444676766844	0.02921480524114485	-2.521199240918889
741	0.42361966189097866	0.11129666616300526	-1.9288677204419231
742	0.3267980798174676	0.3251226651063006	-0.3858242556725146
743	0.3022489231876282	0.41517131655816497	0.2639984217416832
744	0.3526858977566898	0.25020072681261124	-0.9264872612155982
745	0.921763625268571	0.22740464301810062	-1.090991803672026
746	1.4459407316029615	0.309879010983763	-0.495827814590645
747	1.2903266120728707	0.25075785189854016	-0.9224668510355916
748	1.0433755570260448	0.1797346626340206	-1.434995115060026
749	1.0762937403697486	0.33744281758640343	-0.2969177108026988
750	0.6054389127400467	0.39199975016066024	0.09678426502156462
751	0.6915773924040273	0.3290673671672467	-0.3573579009463081
752	0.732152837021331	0.1683413977600339	-1.517212913611521
753	0.5607623185558319	0.5996857821627481	1.5955195731152134
754	0.48466622109480184	0.6142441833518381	1.7005781063306888
755	0.585232660777328	0.10474947108687856	-1.9761145782829423
756	0.6140420728328945	0.11625688260906988	-1.893073057450677
757	0.4562706282755238	0.22148349572804998	-1.1337208809357908
758	0.3720003378485019	0.3386452291655852	-0.2882406867813518
759	0.7133515117991055	0.46874237723504497	0.6505859998974455
760	0.8316074098654046	0.41011273782401975	0.2274939419528888
761	0.9471115760848208	0.45701373877831464	0.565948027851304
762	0.7960485820210728	0.641528605886014	1.897472076612255
763	0.8712313870053375	0.6575841124663007	2.0133342478388863
764	1.012274140554873	0.6575212971331515	2.0128809503456813
765	1.191095080851636	0.5682520087830012	1.368682430642544
766	0.8683143064125676	0.45373296350045134	0.542272801840895
767	0.61689011184668	0.3603747487677213	-0.13143284591843316
768	0.6405524084880391	0.5761443579485672	1.4256363925638655
769	0.76959788724627	0.5708658657475709	1.3875449400050792
770	0.793851048861284	0.27514957091577086	-0.7464476447181659
771	0.6100507505637084	0.22008239296782817	-1.1438317302633507
772	0.3711408781339437	0.16863036836682394	-1.515127600279553
773	0.41643061326076847	0.16932172076955387	-1.5101385586655445
774	0.4126697929046044	0.1576190153120066	-1.5945893890866776
775	0.43688538232394647	0.17806863903888479	-1.4470177261238364
776	0.4689995928303905	0.17663791975767107	-1.457342298662753
777	0.592873912522623	0.2456052567299032	-0.9596497864169722
778	0.7161306674171533	0.24116827811781874	-0.9916685815332488
779	0.6380551013147148	0.30405063586346515	-0.5378874153129372
780	0.4157815382994322	0.37495875983103066	-0.02618950286110898
781	0.42919509717915	0.3917793780557519	0.09519398255836214
782	0.46949046428228913	0.2722341962055239	-0.7674860119711282
783	0.4284631434289556	0.24347820268172837	-0.9749993550590803
784	0.48378242582520387	0.2642487859869847	-0.8251115351166435
785	0.8320867027547806	0.3082323124374013	-0.5077109693190959
786	0.8280408960171758	0.578350804724466	1.4415588869973652
787	0.5041676938461588	0.5528175358338655	1.257301856091178
788	0.4464835570561657	0.5524104619791607	1.2543642682661007
789	0.5038662323660578	0.49601128331717803	0.8473679980145438
790	0.74553570249356	0.4420775733468192	0.4581634152612527
791	0.807277671025691	0.4790674222570488	0.725095149034534
792	0.4974488693037749	0.45430002578626383	0.5463649223433799
793	0.3702588796017022	0.6042319840469661	1.628326561702346
794	0.6531250619091697	0.2921972530834188	-0.623425586183408
795	0.8292138817321502	0.30979347804172785	-0.4964450503238211
796	0.6429761493428208	0.48819882593293884	0.7909905632305881
797	0.7494781215810785	0.5213586767436356	1.030283686326172
798	0.817104725060587	0.5210151631069697	1.027804771345132
799	0.6639491889969044	0.26491058175984566	-0.820335784518626
800	0.5924045820355397	0.12764883431080754	-1.8108647352110763
801	0.5078671173646794	0.4258401719114933	0.34098862691261345
802	0.5816589475284285	0.45886248418302583	0.5792892236313298
803	0.6466862777740804	0.3997980642801666	0.15305963704269288
804	0.49295615974525103	0.470800165640598	0.6654357233490307
805	0.4006233253374509	0.4678293379159891	0.6439971876795246
806	0.4524879222060311	0.4813113937448585	0.7412884349609655
807	0.49371827223423354	0.3421421529478441	-0.2630056572915923
808	0.42932344977829956	0.4771177756151679	0.7110258145091203
809	0.6245469151668668	0.4744524216398873	0.6917916846410097
810	0.7421087849172902	0.5390922730279101	1.15825554189349
811	0.7180342023651184	0.5269484370266938	1.070621358625264
812	0.9273534358920879	0.5335610452029941	1.1183402603581947
813	0.8855815243776991	0.5185468387331889	1.0099924762420296
814	0.5232543846103045	0.4867961293396857	0.7808682122444128
815	0.5648012433152038	0.3722103954471568	-0.04602266497562914
816	0.510323715859374	0.3222082471912073	-0.40685571835579776
817	0.5501124771568174	0.2773069513987357	-0.7308792298775425
818	0.5944259825974466	0.1598980442098713	-1.5781431165835693
819	0.433886594414569	0.3714696190186618	-0.051368367708193
820	0.3943302755981675	0.4293590957627218	0.3663824166224385
821	0.6115179334169298	0.22007136010408035	-1.143911347280869
822	0.6447352201425212	0.2960861026586597	-0.595362282599179
823	0.49021171899733174	0.29661301587227185	-0.5915598918946675
824	0.7456245188517356	0.29335485927896326	-0.6150718935378044
825	0.7672173311741579	0.32530214130209145	-0.3845290924446315
826	0.42165821973772516	0.3546600072154951	-0.17267242692629398
827	0.5134225417445255	0.4232604735329252	0.3223726178968837
828	0.7907498335920806	0.4867055870825215	0.7802148275349148
829	0.858970881015186	0.4777695008535222	0.715728892595217
830	1.1056942689396942	0.5898912937523145	1.5248391067211937
831	1.1252642873864784	0.3600191850184381	-0.1339987187419051
832	0.6118450431430151	0.4816722028568744	0.7438921601631242
833	0.6587519250505067	0.6112926060161568	1.6792784882248835
834	0.7049126297650292	0.6503909733130123	1.9614260308002183
835	0.8054155303809529	0.5614122645615447	1.3193244354793292
836	0.9661676270306434	0.5955189987732052	1.5654506015677032
837	0.946050207716394	0.560621797778665	1.313620149707405
838	0.7972946991495795	0.31074286632914416	-0.4895939311911339
839	0.5540161986223101	0.41514912372636503	0.26383827047737085
840	0.6089582381019738	0.4815317201170194	0.7428783874006096
841	0.9002045135090739	0.4076033773487784	0.20938551593731025
842	0.9458743125369395	0.31985577127746606	-0.423832010306565
843	0.5576888760604048	0.39789041540124714	0.1392933731167051
844	0.4332190137646609	0.42913608397985964	0.36477308531655134
845	0.37072424618920435	0.5043209830201416	0.9073337079105354
846	0.37278183915531005	0.4924914008435182	0.8219672905487623
847	0.8630259997309642	0.4414294992026216	0.45348668475218434
848	1.1695970780323646	0.41084534091732844	0.23278066302977532
849	1.0233315999466288	0.4097898839724584	0.22516411523308258
850	0.5053850613259874	0.37756668316264913	-0.007369812676751638
851	0.7448448093548552	0.4208112451105146	0.3046981258818582
852	0.7182115996065683	0.35818369416711726	-0.1472442650121028
853	0.5116290295858186	0.5104684119577124	0.9516957129713348
854	0.38496751401629825	0.5344072757814382	1.1244469572529092
855	0.5791208384562687	0.4768262287966953	0.7089219103293589
856	0.6145270394185869	0.5211615350659546	1.0288610427800993
857	0.5157481979409586	0.37719246015349756	-0.010070337269136745
858	0.46005886590437134	0.3472436914969022	-0.22619116439879466
859	0.49657416372630026	0.27499197748032955	-0.7475848942661629
860	0.3524230456033964	0.21527037305837182	-1.1785569550270427
861	0.3866602001061094	0.12887242797145668	-1.8020348538546065
862	0.396767997925448	0.10323238704862069	-1.9870623892241206
863	0.40827267371433207	0.16421711366577668	-1.5469751953263076
864	0.37990702116280745	0.22646187621063707	-1.0977951398811272
865	0.35572875917116037	0.29364041336892593	-0.6130112349905157
866	0.4408698668619377	0.3458871429522401	-0.2359804948676233
867	0.5072867451829037	0.31496602052144296	-0.4591181681438709
868	0.48862513480719977	0.23505261635072888	-1.0358013435410656
869	0.3354077581261907	0.3163434431667428	-0.4491782028376925
870	0.553591124964182	0.41585804204924015	0.26895407393707
871	0.8337717631374406	0.5143178553886179	0.9794746479858433
872	0.7887359557583788	0.4804047369910006	0.7347456815738975
873	0.6127725835544195	0.40979468897986826	0.2251987898531876
874	0.7782472253443946	0.4575247504851726	0.5696356677013905
875	0.7352871737209955	0.4883121479660577	0.791808334799446
876	0.3909281398608047	0.35885046257338127	-0.14243263014597396
877	0.4207154880846787	0.3049326915041905	-0.5315221921936232
878	0.34962154361637565	0.14977373941498287	-1.651203653778717
879	0.3698559079248991	0.06350343960208589	-2.273760419503404
880	0.34554598904736644	0.1336854125735264	-1.7673026675303936
881	0.3808309828539052	0.24416253341357425	-0.9700609842868916
882	0.321805728183378	0.3500834519053006	-0.20569845648981827
883	0.4156704464002596	0.4243984810133	0.33058487933435643
884	0.4915543874757493	0.35193824397891216	-0.19231362582452863
885	0.6896540868660452	0.45547815786505647	0.5548667369674204
886	0.5690322411964962	0.4227220959432534	0.3184874962305438
887	0.5621863938927449	0.46986752883169874	0.6587054887653632
888	0.8688702980318204	0.4746119455143782	0.6929428649148037
889	0.5430627208494114	0.5325673758983761	1.111169593862025
890	0.5084423379213816	0.5738836012155366	1.4093219784160265
891	0.7544763516528971	0.4684822972647491	0.6487091715395016
892	0.9992907062658517	0.5226583964660503	1.039662920065825
893	0.8228642199902558	0.5556039385561372	1.2774095162076506
894	0.6627394854470461	0.3961520785192999	0.12674892399212667
895	0.41948190746662883	0.4073432511085263	0.2075083536791209
896	0.5944055213524819	0.42608889322228655	0.3427834871965126
897	0.5386188894140339	0.5131459355374909	0.971017662977231
898	0.5500330868799048	0.4629205350042557	0.6085735427989976
899	0.8726929133985606	0.5383999114790614	1.153259217926862
900	1.0175413111931164	0.2969002937618911	-0.5894867938039752
901	0.634114670387609	0.3470861891150016	-0.22732775687248064
902	0.3819713898963826	0.4602158790003588	0.589055795696742
903	0.8388658095701228	0.2812936885057036	-0.7021095355042597
904	1.0555153840646418	0.25530702494529234	-0.8896384214966859
905	0.8087649516198931	0.5173806220097281	1.001576647004547
906	0.37983190484352813	0.4783673707513575	0.7200433316400299
907	0.5409448983074611	0.5604169967979494	1.3121422339420943
908	1.0331970003543387	0.54173214641077	1.1773057948625922
909	0.8897992904697329	0.532192067267832	1.1084612350446004
910	0.4254885708311001	0.42755559473892063	0.3533677201765712
911	0.34883274164077255	0.2526837088857064	-0.9085691910091538
912	0.38672042310983473	0.22746162867798164	-1.0905805751474336
913	0.42509879364611014	0.23054704013532107	-1.0683151630417953
914	0.4746471309800082	0.16784349363735404	-1.5208059645332037
915	0.40750550333358715	0.18414577326788573	-1.40316299235466
916	0.4476444582548868	0.4028430474046894	0.1750333041077256
917	0.6165387276295646	0.4882181233782359	0.791129820369568
918	0.5175574850628447	0.4613028039457741	0.5968994276311481
919	0.35885516791513483	0.4611199953858891	0.5955802168942477
920	0.3236893196740349	0.48004007563327733	0.7321141572145138
921	0.350083612436246	0.2582131648630306	-0.8686666957480285
922	0.4607005776997817	0.22422659122757843	-1.113925740940171
923	0.8108733134715955	0.4301081401689923	0.3717877839848249
924	1.3245706678599314	0.496135811210221	0.8482666350020525
925	1.2067410902285844	0.4353856042245129	0.40987181708496284
926	0.5390835105536795	0.5794623126416862	1.4495799182853377
927	0.8578447808588482	0.6001455884550715	1.598837696720087
928	1.3334358375499789	0.3890910063967148	0.0757937490046837
929	1.0458880631822494	0.33813331841475497	-0.29193481444832114
930	1.1220953897676729	0.35460963252762284	-0.17303594835631303
931	1.6677972532081489	0.3394681484525189	-0.2823022123488182
932	1.2952475107779247	0.2592619431942804	-0.8610983431715208
933	0.607227142219132	0.23574924486307425	-1.030774227668072
934	0.4219533058112852	0.4513519851327218	0.5250908261773242
935	0.6563620836501783	0.46579104576253616	0.6292881560265948
936	0.9078429513263073	0.3936530402167395	0.1087149863978642
937	0.7073505942973053	0.39134563134998435	0.09206391407741285
938	0.5087196934643474	0.36815096670694364	-0.07531692769035228
939	0.4855057640831555	0.32450345089525245	-0.3902927227736719
940	0.5533205293615591	0.34847983765301027	-0.21727069982896374
941	0.5400749011681917	0.3798701995759779	0.009253170333460417
942	0.578802266824849	0.4202321637299055	0.30051927137242385
943	0.6556264043211182	0.2790236316930837	-0.7184910622908938
944	0.3440976814628286	0.3747717374542891	-0.027539121979564454
945	0.44853308058660957	0.5053994455178465	0.915116271851807
946	0.5085674306374215	0.4251020461485176	0.33566205231286306
947	0.6968745371829392	0.31575784817006436	-0.4534040618870681
948	0.49932947672744105	0.30597730114890376	-0.5239839223224401
949	0.3830025143812885	0.3506303571198428	-0.20175179648907882
950	0.688674931769788	0.3249207544494362	-0.3872813138463645
951	1.2360226412501587	0.27312828901078645	-0.7610339244472739
952	1.2906273307162264	0.5926288153728163	1.5445940236492348
953	0.852060531392327	0.5933725232433373	1.5499608806964427
954	1.0594078648225473	0.6178276875719829	1.7264379306513715
955	1.1646692889786787	0.6212060965318613	1.750817715582208
956	0.8932506784676354	0.5854362600149219	1.4926900194830512
957	0.6675662369712635	0.5222137271886577	1.0364540304740293
958	0.6598066082423094	0.3283277560181973	-0.3626951946133609
959	0.84674071328052	0.34443839220955397	-0.2464351887618606
960	1.037861830870692	0.3359188573502254	-0.3079151428017259
961	0.5641233871254632	0.3112107362605454	-0.48621761753620624
962	0.35548457668344524	0.31672753930598385	-0.4464064302729528
963	0.4143189551307124	0.31945290427636536	-0.42673923999936086
964	0.4943790313835131	0.29127403181996236	-0.6300878748861509
965	0.4273395713558294	0.4790545250062706	0.7250020779457743
966	0.5823332588330223	0.5419565339195833	1.1789250538898446
967	0.634295900468875	0.3496180479705825	-0.20905697464707562
968	0.6799946476842358	0.2531087173965635	-0.9055021804099267
969	0.7442710152272352	0.19410264888241718	-1.3313106828953272
970	0.6042471529134299	0.35693950379866896	-0.15622277944182997
971	0.28227424778943583	0.3495721754743693	-0.20938800668174032
972	0.22412859324325815	0.2793500042698995	-0.7161358432145217
973	0.5411122013264799	0.12687297086677685	-1.8164636381638577
974	0.4833865393887011	0.18859564563058653	-1.3710511514080201
