ID	SN	ssim	z_ssim
494	0.2861143692723111	0.3654293379024556	-0.7866677172856126
495	0.32786833251268455	0.4228090829353932	-0.3928131882732741
496	0.3314776191408695	0.34326287626267915	-0.9388182941833094
497	0.4161707305986312	0.3824559320561519	-0.6697971871492575
498	0.517493015949747	0.4105371812136752	-0.4770475129451329
499	0.524844101509514	0.42758020287790843	-0.3600642243881604
500	0.5095950473071986	0.4600831101462691	-0.13696429206250207
501	0.38501321009796013	0.48493310312908966	0.03360604206133406
502	0.346361497253836	0.36845320977996315	-0.765911862873472
503	0.35190524973618437	0.31317790464650996	-1.1453215179155543
504	0.38611217428095107	0.4343364872584338	-0.3136890932153439
505	0.43099983000400116	0.40081034948787003	-0.5438124789788822
506	0.43417192206149224	0.3854940620766054	-0.6489434648540977
507	0.44757074387587636	0.4916325046180475	0.07959072910697032
508	0.4646323083434582	0.5246474407967998	0.30620522750864104
509	0.5855168289599146	0.5016515274265975	0.1483612945244394
510	0.7745274296706627	0.5733139112367791	0.6402518459247429
511	0.8796603077329473	0.5899536135065488	0.7544667504455583
512	0.8476697266046219	0.6060667913948392	0.8650675919871459
513	0.8601733731481573	0.687759880150977	1.4258088949877485
514	0.8558650838615566	0.7584736683734649	1.911188286950173
515	0.8949923314336995	0.7319764457813054	1.729311369961792
516	0.8266463264215982	0.7158973268542709	1.6189443091059912
517	0.699773320587802	0.7044402973525538	1.5403032667714704
518	0.5560575349491274	0.5357207390081943	0.3822123385398672
519	0.36351369642215564	0.4528635836440318	-0.18651911682860314
520	0.2987689632097163	0.4202012288072591	-0.4107134971502055
521	0.45561213661767525	0.39224069723909544	-0.6026345659069992
522	0.6877259821485759	0.40053720224770484	-0.5456873614407078
523	0.6967964806672606	0.4510039688071253	-0.19928351174380773
524	0.7089542301188296	0.5364204990957078	0.3870154912818505
525	0.5586507758037235	0.6133398036038479	0.9149895426064067
526	0.5196967489117723	0.5580049643700538	0.5351712455420135
527	0.5122437404635828	0.49143662119515114	0.07824618543181325
528	0.4961635049384694	0.38037132762245446	-0.6841059104964883
529	0.46324633634730766	0.5464604199995826	0.45592950121073555
530	0.41305897160226257	0.6516506395329467	1.1779550931201415
531	0.4976188670937766	0.6660583673036153	1.2768497262698242
532	0.6362640161645202	0.5648771246885198	0.5823417490702715
533	0.6250494875661343	0.5528863010976359	0.5000367444881375
534	0.6422639094214163	0.5537268550985883	0.5058063065516236
535	0.4708681595694785	0.4005592940801863	-0.5455357231182995
536	0.3741328022320026	0.30388567037531145	-1.2091034073306148
537	0.434516599729382	0.2751449818236585	-1.4063794730660721
538	0.5316309867030997	0.3384384966189952	-0.9719328326192876
539	0.6963397537343567	0.4547281347577611	-0.17372083931280488
540	0.7274369821633675	0.6133340350000589	0.9149499469141105
541	0.7054929656983296	0.5332291975689007	0.3651103998762433
542	0.6350900666961871	0.5867892249744717	0.7327463898165966
543	0.7169451643521735	0.5846186592692719	0.7178476283630372
544	0.7464740713045049	0.5738835850522215	0.6441620865879408
545	0.9162966732741148	0.6686541757708669	1.2946673537390427
546	1.070105494740782	0.7127984606163268	1.597673693457262
547	0.9758488617996072	0.7808909982220662	2.065060823054454
548	0.8963929110699692	0.7629333535252065	1.9417995626533722
549	0.6818463310735428	0.7443738759140768	1.814407321557659
550	0.5840563037415838	0.6008633973885744	0.8293514992365307
551	0.6321687225005451	0.6777082143230483	1.3568142679085282
552	0.6144218105526695	0.6386928608935585	1.0890129097742094
553	0.6345005086633086	0.59260583963617	0.7726716287090731
554	0.6249458670659567	0.6165415169658082	0.9369661008410857
555	0.6437393052006439	0.512654387294606	0.22388491681686493
556	0.773443027617305	0.4069618829295167	-0.5015883578195318
557	0.8443868183273936	0.5460070247096903	0.4528173962640433
558	0.7916359988540449	0.675654687647999	1.3427188622745097
559	0.6417238582405601	0.6626068977806604	1.2531588419240758
560	0.4809546013156673	0.45017056994444327	-0.20500396094330536
561	0.31774598769876566	0.413447259225315	-0.4570727395472095
562	0.31990314452296864	0.33376618698383836	-1.0040035626251143
563	0.3162595258281397	0.19169109741743065	-1.9792068761539987
564	0.4406659264049893	0.30295413591052694	-1.2154974592330041
565	0.6344340505363487	0.451398419809883	-0.19657600034199862
566	0.6786902475033678	0.6680008746908273	1.2901830955912488
567	0.7124570899116148	0.6483836534500993	1.1555305029758127
568	0.7778187068438919	0.6374452180147895	1.0804490899435166
569	0.7951163240674921	0.5752457679234178	0.6535121088450233
570	0.769023989437143	0.6203756290352063	0.9632834433529159
571	0.7148247268182635	0.5974617025731743	0.8060022684479651
572	0.5693005208898925	0.49019081566146994	0.06969497713649375
573	0.357746048361914	0.41448003651008614	-0.4499837570005864
574	0.3720573942512113	0.4669152282809371	-0.09006863805529641
575	0.5331304339966882	0.5009853190520848	0.14378844071658167
576	0.6832741992397114	0.6046342680052896	0.855234752462217
577	0.8434764698092203	0.755919950063578	1.8936595662911093
578	0.8549446880893996	0.7598083187165195	1.9203493259537137
579	0.7426938174388721	0.7562551176046242	1.8959601560539807
580	0.6645766082885476	0.6764401160431164	1.3481100422188317
581	0.46360464302341703	0.4994996626664423	0.1335908963443384
582	0.480032196856464	0.4702492161169882	-0.06718414792472836
583	0.6253062643471701	0.6009160679516622	0.8297130299440276
584	0.703807915690756	0.6616443105358252	1.2465516437615494
585	0.8216572367912705	0.7017392697879532	1.5217634154930368
586	0.9536451368298168	0.700810186003213	1.5153861850567252
587	0.9828352987388693	0.6821757563868858	1.3874794734507536
588	0.9695206444994136	0.6711414514956315	1.31174001254118
589	0.7535949910437304	0.589570382875542	0.7518362556674503
590	0.6113166195207448	0.4764620291702742	-0.024539403554758834
591	0.3848110563496037	0.4719045336164742	-0.055822049787978216
592	0.3752873841723458	0.40616547065136643	-0.5070549311291631
593	0.46979422160682743	0.24179083416160213	-1.6353223188473904
594	0.44990682890318495	0.30483425978887874	-1.2025922902719355
595	0.38476180212483413	0.305496648928792	-1.198045651687646
596	0.3773365541362657	0.25864845088535615	-1.5196116496697316
597	0.37319144784841696	0.25106663617225017	-1.5716532204570373
598	0.4861449017913243	0.2960545875896906	-1.2628559539900126
599	0.635470251247369	0.29120334875434883	-1.2961548538983882
600	0.7291074411378995	0.40486478057700803	-0.5159828668725756
601	0.8895612665619511	0.45745394457427335	-0.15501088267491134
602	0.9096307524294234	0.5492739058267713	0.47524126592342636
603	0.8018359176176035	0.6043442773263357	0.8532442566485493
604	0.6162871593543653	0.5080325120410318	0.19216036837027803
605	0.4194295475450619	0.41449129895426273	-0.4499064515917849
606	0.38229731474169376	0.5107672836281176	0.21093183859500128
607	0.5171382034977883	0.5140643181112938	0.23356268093777213
608	0.5859142815592197	0.5661140506290125	0.5908320078442737
609	0.4719371128839834	0.6146935009528166	0.9242813202449669
610	0.4374844863470515	0.30708000664877494	-1.1871774854261206
611	0.41361972797359847	0.37786498233963445	-0.7013094627315275
612	0.5009526638600913	0.48711556840622994	0.048586482168212305
613	0.6154103990473144	0.5467595226019084	0.4579825412599336
614	0.6600588902360919	0.640948786456555	1.1044975812308504
615	0.8296844339288202	0.6568057965543019	1.2133400872407154
616	0.8134778334437542	0.6350955878447037	1.0643212301305964
617	0.6733316426777547	0.5923539221103179	0.7709424669911625
618	0.5364985992751364	0.46243053179774873	-0.12085159151972076
619	0.5210056897448166	0.5151107580527517	0.24074544395015612
620	0.5751083173552748	0.6404358837409964	1.100977017356795
621	0.6606384124455248	0.579304453544639	0.6813709240565171
622	0.6477087895640247	0.6634151072423163	1.2587063910928826
623	0.6641156865200114	0.6871560827952803	1.4216644303685644
624	0.5387351118116275	0.5893791675858864	0.7505237540555307
625	0.3855919158536244	0.454683255662612	-0.17402888938992364
626	0.3196007455761604	0.5062191211428528	0.17971325453755582
627	0.43460936563000857	0.5402220393632747	0.4131092609691253
628	0.516789685926346	0.6042124597923563	0.8523394611892593
629	0.5701541252396142	0.6694456473509249	1.30010001410049
630	0.703613348530514	0.6406647018734335	1.1025476248547679
631	0.7132440165710926	0.6396722711416079	1.0957355810188083
632	0.6876968933969724	0.6354185940863932	1.0665383447433514
633	0.7236234156700676	0.6845126787726274	1.4035201070409926
634	0.7460006077000512	0.6877217772433754	1.4255473566571264
635	0.5859899068461926	0.591892413342049	0.7677746711346758
636	0.40856750482361126	0.6136640888155008	0.9172154360680791
637	0.4232673156703565	0.6792151650750169	1.367157976796058
638	0.5358854649779862	0.5948182890278213	0.7878578797565859
639	0.6828129443843117	0.6304104136836111	1.0321621980279152
640	0.7237744334008535	0.5919223884006194	0.76798041991534
641	0.6193909639307594	0.6532854161859142	1.1891761989010279
642	0.5838328925258726	0.6287952498179807	1.0210757144053335
643	0.3789194661329698	0.5038786195995207	0.16364805361216717
644	0.35388043377116046	0.37030372436404213	-0.7532099320871899
645	0.3157791577365757	0.26743537191285105	-1.459298229999323
646	0.293518440965173	0.1660017313429507	-2.1555386665807754
647	0.2996132159105192	0.2024983670972599	-1.9050257847738414
648	0.2808649682757625	0.4147170521881123	-0.44835688155553277
649	0.30596162866099086	0.35247579015164776	-0.8755808598153443
650	0.3729434763012875	0.3073888829302297	-1.1850573588503468
651	0.4895510550503866	0.4248310023836057	-0.3789347346217373
652	0.5181206647954935	0.35632181206091007	-0.8491817681711741
653	0.5272591607053987	0.23891342763168466	-1.6550728352180564
654	0.4603202533404956	0.23358711292955908	-1.691632655537456
655	0.42266573869875645	0.2972730458214247	-1.2544924575557679
656	0.39611382397533956	0.2806429610006392	-1.36864134791361
657	0.3741394063020219	0.2961801894810342	-1.261993822697345
658	0.3388595488254533	0.23956010140211464	-1.6506340669187003
659	0.3616750347507599	0.25803318064159336	-1.5238348641844248
660	0.4300328521282287	0.4066514497202983	-0.5037191711463652
661	0.5392215350035792	0.5763060831977631	0.6607901121324579
662	0.6861773291791984	0.6790093489616611	1.3657452551406661
663	0.747982609291111	0.7272389331770401	1.6967930868224745
664	0.7404152405101515	0.6871862169051757	1.4218712708774102
665	0.49751203621811	0.47352419941320184	-0.04470466491355309
666	0.3363283399186199	0.41447437019438327	-0.4500226505875326
667	0.24762736307305083	0.3898291115819654	-0.619187688138836
668	0.3120138100013732	0.25713944534132893	-1.5299694626484872
669	nan	nan	nan
670	nan	nan	nan
671	nan	nan	nan
672	nan	nan	nan
673	nan	nan	nan
674	nan	nan	nan
675	nan	nan	nan
676	nan	nan	nan
677	nan	nan	nan
678	nan	nan	nan
679	nan	nan	nan
680	nan	nan	nan
681	nan	nan	nan
682	nan	nan	nan
683	0.4181414497860026	0.4249805437147589	-0.3779082830312778
684	0.5817065442628906	0.5232261421240092	0.29644943443154603
685	0.5237611552724899	0.5594123541695148	0.5448315681224872
686	0.5819613902308299	0.4493501811132725	-0.2106351092957817
687	0.46515940057979055	0.5574791683243506	0.5315621818590347
688	0.36539261294653014	0.38276395611912417	-0.6676829102005404
689	0.3936886646274293	0.4561523409135172	-0.1639450892747068
690	0.3988526156570981	0.3470609394931248	-0.9127483908763574
691	0.387985820006957	0.458982366671954	-0.1445197944857164
692	0.46416206554447376	0.5271911185158897	0.32366502955963056
693	0.5072392561536335	0.5641076825578952	0.5770602988340351
694	0.5192578541989645	0.4919837488429073	0.08200166921608129
695	0.5022649251357743	0.5271787190553867	0.32357991967157473
696	0.5316978594973639	0.5710292697325625	0.6245700682680325
697	0.5561983731224952	0.5725204794965577	0.6348057310253311
698	0.46337621324756784	0.5641376408722907	0.5772659326826945
699	0.4093481365974623	0.5409583208404967	0.4181630965040391
700	0.40976236072476024	0.5336778998269225	0.3681902918555206
701	0.49192504259275394	0.3590161848115033	-0.830687595531344
702	0.5427250924298039	0.5203533970309677	0.2767309141602748
703	0.5393233858744091	0.4855983215613608	0.03817210090635119
704	0.5477544227438266	0.4993736537428488	0.1327259711825975
705	0.4828948891065241	0.4533558460773352	-0.18314022783723707
706	0.4032860829807558	0.740578424572255	1.7883553462523594
707	0.4101086439475479	0.47747826848185587	-0.017563937644321796
708	0.4967435095251513	0.4172408631807726	-0.4310334447005974
709	0.5498993698029356	0.36498207517611037	-0.7897377283204882
710	nan	nan	nan
711	nan	nan	nan
712	nan	nan	nan
713	nan	nan	nan
714	nan	nan	nan
715	0.5345426630872446	0.5391155309566589	0.4055141880547072
716	0.6139824796326488	0.5592153396887608	0.543479260867001
717	0.6983670217232706	0.601395758266627	0.8330056239240772
718	0.6946119350505371	0.6563005650560882	1.209872178597048
719	0.6724656672451198	0.566861712735997	0.5959639600137663
720	0.49068602819323404	0.4401551945089818	-0.2737494907944944
721	0.48193008254432845	0.2766492810780083	-1.3960539640563083
722	0.40455446368519526	0.16691281058803087	-2.1492850192918587
723	0.3877888562492575	0.21097128488405775	-1.8468676831237913
724	0.424229349767469	0.24715734721389299	-1.5984865770811052
725	0.40239413567420407	0.28024851368091486	-1.3713488340350806
726	0.4072689373797144	0.31307615176138515	-1.146019949646533
727	0.4839689636297387	0.3544541186031267	-0.86200161473432
728	0.5321249239177203	0.5571988065556224	0.5296377788782939
729	0.5796723087244917	0.5721227404287836	0.6320756503475929
730	0.6038825763746345	0.6105084189111083	0.8955549200933307
731	0.6573145129120767	0.6053497267540385	0.860145660803732
732	0.6202442494017599	0.5202428394574519	0.27597204705445477
733	0.6609223529488617	0.5843453896445725	0.7159719058538557
734	0.700193631883079	0.5716350426362667	0.6287280930473323
735	0.6958869620045259	0.5672149176276217	0.598388358138154
736	0.6347251409686235	0.452889922514091	-0.18633832684328808
737	0.5293522803118136	0.3473178782583888	-0.910984763374702
738	0.3735856765172235	0.2991216988753438	-1.2418033043111767
739	0.36954043384458524	0.23199045246122696	-1.70259213185417
740	0.4003548761326371	0.14555563824392917	-2.2958806350408136
741	0.38496223867265983	0.22183701328495783	-1.7722853311238664
742	0.35842538674789426	0.30991962442121934	-1.167686351059818
743	0.36862024430111473	0.26491405786011785	-1.476604527860378
744	0.39156939744203695	0.26317764932786936	-1.4885232347882176
745	0.5253454447681567	0.4397617694423252	-0.2764499601716366
746	0.6206631154285339	0.5916525214419177	0.7661280533031422
747	0.6781388446942165	0.5570249154635079	0.5284441905459496
748	0.6326570689215161	0.4902457225476903	0.0700718579643788
749	0.4754672144686742	0.37092637678728185	-0.7489360462978282
750	0.3698734122585748	0.4982881005950543	0.12527473514979456
751	0.35862141412754106	0.49273260672429225	0.08714182918020705
752	0.33657779437226043	0.41593311920120835	-0.44000979844431537
753	0.3358333596220572	0.6000321006518716	0.8236454790282564
754	0.3307135362186358	0.5474807772920032	0.46293323293871586
755	0.33638932788048126	0.35370371573019055	-0.8671523795193521
756	0.3935041847272437	0.2754950269065184	-1.4039767638667942
757	0.302260121216688	0.34579599424290874	-0.9214309741723313
758	0.300765057996243	0.49592180614691317	0.10903249174417898
759	0.43248097449742895	0.5657565719754748	0.5883782746211607
760	0.4979156785485306	0.5146796602478264	0.237786388924386
761	0.5604384258899069	0.5417182418862381	0.42337919402042296
762	0.7100937846573555	0.6639604326949615	1.2624495046111932
763	0.7089188393031722	0.6514781697570804	1.1767712607015122
764	0.629434632999143	0.5794717922337025	0.682519536698989
765	0.5612937315412737	0.44597572089040227	-0.23379740186063225
766	0.4135827173260263	0.5405619587195815	0.4154424671885589
767	0.41846656574725655	0.5512984267278781	0.4891375759457757
768	0.557456328716304	0.6197666455791827	0.9591033813447842
769	0.5538140444862225	0.6325755607974666	1.0470237662743491
770	0.5038837355490619	0.41171725587725505	-0.4689474812953437
771	0.47460016401403543	0.3786417778398962	-0.6959775389713421
772	0.41240632601188953	0.29344560401226805	-1.280764015406055
773	0.36532188758521145	0.2488199085938883	-1.5870747569537016
774	0.40271225352551626	0.22666365090212914	-1.73915529395948
775	0.3776720938106765	0.2510689366612631	-1.5716374299020919
776	0.3878621266068839	0.22514191358405988	-1.7496004978261865
777	0.43769832530180947	0.22906585026255233	-1.7226665992615493
778	0.5745688256946792	0.3026665347861821	-1.2174715531455378
779	0.5778792286031615	0.40971934937520527	-0.4826611101015333
780	0.6742100937540575	0.34910176942087884	-0.8987401357067246
781	0.6881858421635713	0.47910284555173116	-0.006412841794511277
782	0.6387336143741811	0.35173170505913487	-0.8806882593600537
783	0.512232146275255	0.27288433194610173	-1.421896572214488
784	0.38460559891316903	0.26704447271011833	-1.4619813618482917
785	0.3727141030961835	0.13896767276856312	-2.3411004253685745
786	0.34125304925864264	0.2644228595102122	-1.47997611298406
787	0.34076949837568044	0.33156097324201284	-1.0191401481773796
788	0.5962630180193181	0.48663904471806974	0.04531562391229248
789	0.6656927919846047	0.5239171348483218	0.3011924079987669
790	0.6563873588722887	0.5029905802461226	0.1575525521233359
791	0.5695564241948897	0.5465246454812942	0.4563703448714313
792	0.455273983425721	0.5526699836568925	0.4985519417290408
793	0.4905400159454098	0.6808311271069722	1.3782499390317258
794	0.6672969475746369	0.5469739541175612	0.45945439903055213
795	0.8337056260065956	0.5786298101923631	0.6767401725673047
796	0.9141721513547577	0.6312167050624243	1.0376965814774568
797	0.8696651358312363	0.6095528121792119	0.8889956361666412
798	0.5801059555062783	0.446189167488087	-0.2323323045662446
799	0.4697921384439126	0.3585588511084965	-0.8338267337428474
800	0.4595687213581979	0.21629916393266468	-1.8102971251312585
801	0.4649226078567608	0.27674804213300175	-1.3953760682452188
802	0.45487518581189923	0.18909048344595777	-1.9970574886007668
803	0.4943271390644861	0.20118753220802635	-1.9140233545193268
804	0.44869617207887524	0.553624497410271	0.5051037234519623
805	0.46463421275149286	0.5184334269802189	0.26355224110027065
806	0.6486564169730645	0.5569440026547814	0.5278888050845165
807	0.7745297630472083	0.5752776885558167	0.6537312120430605
808	0.8437959770812907	0.7082599708241009	1.5665215027579416
809	1.039141542518444	0.6914638951198571	1.4512332510943415
810	1.1405326786984435	0.7341448781687494	1.7441954883237962
811	0.978957127610067	0.7165306790346868	1.623291638020985
812	0.8730856293872745	0.6588129829092998	1.227117412950927
813	0.6255632551861041	0.6285965563498748	1.01971188258186
814	0.4964949987206151	0.47719954562382244	-0.019477091143221367
815	0.4711437722186001	0.39193937564910664	-0.6047028370859345
816	0.49702120274074807	0.296520376311472	-1.2596587805356665
817	0.47573807408918145	0.1776496667941272	-2.0755872459452216
818	0.4923908467408858	0.14978490860040264	-2.2668509263281216
819	0.4765306450557958	0.37340398230901517	-0.7319297637624056
820	0.44047095341656317	0.5185859602172571	0.26459922913059275
821	0.4593256044102762	0.21046108854360482	-1.8503696704410506
822	0.4747642797598536	0.21724827166111355	-1.8037824503596014
823	0.48589163452589906	0.3727882473699993	-0.7361561679449846
824	0.5085668648889411	0.3260245383853674	-1.057142233087654
825	0.4857835709198515	0.3546194541836588	-0.86086675142738
826	0.45011607056146574	0.4644106608131421	-0.10725998736927118
827	0.47253174260194947	0.564271188954556	0.5781826066241856
828	0.73329259062435	0.5582035925053332	0.5365346289210123
829	0.9509717457534868	0.5793765226230224	0.6818656061591784
830	1.1277900798082774	0.6548789327345258	1.2001140953550211
831	1.2341552811668588	0.5916756493816515	0.766286803464992
832	1.2516839772102235	0.6780739020022885	1.3593243478782122
833	1.3638555877544132	0.686647755584012	1.4181752727526968
834	1.221866866507404	0.7149316213259682	1.6123157070479668
835	1.2047232841672233	0.7168796897921562	1.6256872476115198
836	1.0499001987357226	0.7203565698727387	1.6495525500067139
837	1.0183820889438806	0.7440777528819731	1.812374733276342
838	0.9929630616615764	0.5983416610452057	0.8120423027728543
839	0.995401225200408	0.5819028286175232	0.6992061687049684
840	1.1493968191635835	0.6045554208452422	0.8546935456118444
841	1.028413055242514	0.6111350383664242	0.8998560355880364
842	0.8619107775996551	0.5803264262035444	0.6883857436588978
843	0.7735811356749922	0.5946591931796872	0.7867658459683787
844	0.6613126472206097	0.6421497420594465	1.112740939633194
845	0.7136540234707874	0.63126331282035	1.0380164970946417
846	0.7796239361592796	0.6532536684728738	1.188958282621345
847	0.9538541826792869	0.6448463850869017	1.1312506954517865
848	1.0081132008823637	0.6380706761365176	1.084742234045303
849	0.8280973914812059	0.5339768854651206	0.37024252906302935
850	0.6929176523643608	0.5471029676006852	0.46033994748676915
851	0.4740831595952384	0.4359682635762129	-0.30248858173305276
852	0.44286348269620385	0.2287166884757187	-1.7250632455175328
853	0.44729816879583256	0.5307418148109467	0.34803700639837
854	0.4884731586293084	0.633325833465528	1.0521736373332136
855	0.49603047689251184	0.342835217216103	-0.9417537455742215
856	0.5686459476123852	0.41288588026792894	-0.46092604431062045
857	0.791095068485003	0.502654489352069	0.15524562446607917
858	0.7142589213253474	0.4190464658693767	-0.4186397891328465
859	0.6762762614024794	0.41248068829465967	-0.46370728172636605
860	0.5010635453497276	0.45736121746758396	-0.15564736146914204
861	0.3238920218188761	0.30286450788474484	-1.2161126659380959
862	0.29624348560244324	0.163155901636403	-2.175072439658335
863	0.2965623883631786	0.33185271729148036	-1.0171376172297564
864	0.4191063407085784	0.389365695606247	-0.622368575065897
865	0.4608314682327611	0.37383435850897984	-0.7289756618325712
866	0.5002602675398127	0.43021321721450667	-0.3419912158582627
867	0.5230155918417637	0.5275748283044737	0.32629881327500604
868	0.405284708579666	0.4801325762101072	0.0006552287107070672
869	0.31376727149255523	0.5067087160537874	0.18307383365728333
870	0.3573066384592746	0.5141346028957082	0.23404511564790156
871	0.4653521874629762	0.5818722137221567	0.6989960280849917
872	0.47574650205773394	0.47850090224930564	-0.010544580193363455
873	0.47466912629616126	0.397930986202673	-0.5635764265163926
874	0.4852665197384185	0.49359373984091964	0.09305264627901987
875	0.446099695656315	0.47485262720832166	-0.03558633747460262
876	0.3268891436585291	0.3549839929213497	-0.8583645577916714
877	0.2851432329384467	0.28373945489817914	-1.3473870160077237
878	0.2099781540891746	0.2618229080834851	-1.497822177724166
879	0.1959101997075479	0.23445737472703965	-1.6856591791797728
880	0.20890681519793028	0.17011287349496151	-2.127319789779327
881	0.2301234379092973	0.24431681875918407	-1.617983962369822
882	0.2964339641094503	0.34593522632756435	-0.9204752852424841
883	0.4051482508573621	0.4711514137947663	-0.06099146370744318
884	0.4230054934626474	0.3968805316640718	-0.5707867457207069
885	0.4144690035906692	0.34763133661283674	-0.9088331854531686
886	0.3989601610299729	0.3803761718610696	-0.6840726596460864
887	0.3634650632963581	0.48165885546922965	0.011131608457565688
888	0.41964941624441265	0.5339851001468348	0.37029891463246106
889	0.37869202565617416	0.5492320927602803	0.47495426106483185
890	0.3145594947076374	0.5898166185730563	0.7535264173197002
891	0.3552964879790963	0.4885567153868662	0.058478514016214095
892	0.40777848038006054	0.6158024832666787	0.9318933740569604
893	0.447146805592874	0.6471165897517772	1.1468333786535485
894	0.4699721345606918	0.5002754181864038	0.13891568168048365
895	0.5028334524907961	0.4819327972471032	0.013011944625655197
896	0.5199568246526998	0.4595332567863642	-0.14073848513301665
897	0.5110168770790589	0.4940650783315599	0.09628791334285808
898	0.47728889384072637	0.4848594866600659	0.033100738670420383
899	0.4254153071330581	0.6164956288173556	0.9366511246228114
900	0.42764265454790573	0.4624066160396433	-0.12101574926631216
901	0.3728478590220211	0.4816283068660861	0.010921922867359896
902	0.369621411406847	0.7181178003039423	1.6341856372820358
903	0.3840806861987714	0.42717702956277176	-0.3628316057359225
904	0.36454730906828575	0.2821610097194081	-1.3582214625898723
905	0.39317723017720896	0.40638698622753144	-0.5055344483722376
906	0.4231068471659434	0.42286518672532347	-0.39242809189917716
907	0.4924602691908897	0.5298118610547826	0.3416538044788246
908	0.5406654357001711	0.5651953966007799	0.5845263672491967
909	0.5038434834173399	0.6489481289365271	1.1594050623123593
910	0.37430923503281366	0.5665399594188508	0.5937554454741844
911	0.30517923561145105	0.28195333882159673	-1.3596469154844453
912	0.2885679879863342	0.24966281457922357	-1.5812890508710877
913	0.3103758409654828	0.2591315308100313	-1.5162957894110456
914	0.28509586654482094	0.27477162618986345	-1.408942185870356
915	0.2392074635029465	0.1925644394028574	-1.973212257388448
916	0.2966923851803127	0.2749766932206722	-1.4075346059170333
917	0.341831632183899	0.2277773872215227	-1.7315106086569072
918	0.3584784008352109	0.2114826800319675	-1.8433574671930033
919	0.2892237445047093	0.2763816816198047	-1.3978907665467033
920	0.2857228746678791	0.3714531846813304	-0.7453200372885277
921	0.26166888811260025	0.3494461736823613	-0.8963761451013611
922	0.3480560253571872	0.39147801247313796	-0.6078696335969764
923	0.45420596718361056	0.5094791679422538	0.20209021344525396
924	0.5768050318463692	0.6006808133499515	0.8280982425255481
925	0.567276826496524	0.5857323998935078	0.7254923432140447
926	0.49217520434357226	0.6272909342993344	1.0107500937574494
927	0.5576002522042555	0.6796153895378081	1.3699051172234222
928	0.5845359622449532	0.5801313887265507	0.6870470065558137
929	0.680578579472842	0.6205007584614964	0.9641423316457937
930	0.7214308792507594	0.624768168556291	0.99343383149514
931	0.6209512189515631	0.5973682066078257	0.8053605122084457
932	0.4520034820333294	0.46764932913420276	-0.0850297703216645
933	0.35802410673429724	0.36895308198131654	-0.7624807404396343
934	0.24225641997807718	0.40177780242251415	-0.5371718827249752
935	0.28310106879670294	0.3085935039090284	-1.176788841310389
936	0.3677402729517783	0.3225197774163534	-1.0811989098811716
937	0.3866158432656451	0.44740451919863783	-0.22399013129118803
938	0.3669927538719737	0.46936521292329086	-0.07325194521625027
939	0.34373063297192297	0.43274151190111465	-0.32463700293126596
940	0.32748135843260356	0.35054777031094775	-0.8888147866278363
941	0.3604140515529856	0.30386961774864735	-1.2092135925485967
942	0.3579744804578702	0.30953321788952504	-1.1703386452179814
943	0.309941279962034	0.24805250827496628	-1.592342192195867
944	0.3113393791228852	0.25586927044501084	-1.5386879422315785
945	0.3315184383284367	0.5214734448152579	0.28441892135340024
946	0.33330540108044737	0.41002860818540765	-0.4805383578487086
947	0.3300588821059299	0.4583442705982046	-0.14889968548117027
948	0.32280479548571767	0.39618831820165545	-0.5755380984334016
949	0.28202678092974537	0.45571129760518175	-0.16697241022879586
950	0.3248794505389309	0.39943519002087513	-0.5532515725802781
951	0.38752984103661703	0.34993574266717326	-0.8930157439385208
952	0.44252845785573586	0.5249896651775549	0.3085542554142451
953	0.5412507220181374	0.5674024859167531	0.5996758267410752
954	0.7776929837957784	0.626259120422302	1.003667724040859
955	0.7525099957109325	0.686753426365592	1.4189005969221515
956	0.7460886955037758	0.6629224119987315	1.2553245312920531
957	0.6047802235692006	0.6553029821842615	1.203024770475793
958	0.5150092264555969	0.5282744910731404	0.33110129802049454
959	0.4353186003303368	0.5074693591957862	0.188294887641863
960	0.4825310143565442	0.43319265668962925	-0.32154034542442633
961	0.3473874236584385	0.36920853215190713	-0.7607273306507563
962	0.44301401406778695	0.39642251560843	-0.5739305676002103
963	0.48478362166477834	0.44084944220672423	-0.26898417509197087
964	0.46601369027940676	0.4360874702133474	-0.30167034746071847
965	0.38699663020697755	0.525004179098993	0.3086538789606526
966	0.4162222824945647	0.5685083408324778	0.607266414094482
967	0.4978838066538347	0.5619778994445749	0.5624414690620709
968	0.4944284165203602	0.49215823821792415	0.0831993641618408
969	0.5780307631636984	0.49546348234975335	0.10588655752711496
970	0.5650518763026912	0.5494510843743926	0.4764574193480265
971	0.5026096268287955	0.4824800831186714	0.016768514458056404
972	0.5284475383100081	0.461666494232882	-0.12609594482044725
973	0.6608432590193248	0.42177732853321714	-0.39989514975449364
974	0.599147192842772	0.42816182044449524	-0.3560720018256192
