ID	SN	ssim	z_ssim
5057	0.29253067258102833	0.13506914413018367	-1.765385528755402
5058	0.3100399644769763	0.13767759087358605	-1.741224790743197
5059	0.30583061839999987	0.08136335147769763	-2.2628354342581694
5060	0.650041771527004	0.18056959229969535	-1.3439376266879997
5061	0.8137473432742874	0.2517869095396398	-0.6842872243485596
5062	0.627325107985887	0.2051022693575516	-1.1167037049558048
5063	0.5595073108690723	0.22192248901113018	-0.9609064200828268
5064	1.2945274077449478	0.2727999437348257	-0.48965399470125853
5065	1.755550289762748	0.17747410646863818	-1.3726095642592118
5066	1.395288963069666	0.2608404586000308	-0.6004287259981456
5067	0.3037174198009078	0.3643956799395258	0.3587515137011077
5068	0.24548365104083453	0.29810290315697857	-0.2552853325545756
5069	0.25117245371070945	0.2507648692922594	-0.6937538721600759
5070	0.23740245691614492	0.35100403522241613	0.23471140424478676
5071	1.1206772820362303	0.3529048482536176	0.2523176849837759
5072	1.314640838880743	0.28351942476303316	-0.3903648014660913
5073	1.0527927945019744	0.2772596867979451	-0.4483456244911658
5074	0.40333606629606433	0.4674975417588817	1.3137325108361315
5075	0.3726684520107011	0.5342862654480687	1.9323630653243458
5076	0.8154538703137537	0.546800202536897	2.0482734078564016
5077	0.7741570332616533	0.509054221476543	1.698651257540496
5078	0.8739258707579057	0.485243969252583	1.4781087958465118
5079	1.1756630029882686	0.40661552956065966	0.7498128716494645
5080	1.0856690649181908	0.3863797990621657	0.5623794175081015
5081	0.3508547187839486	0.37931725957966744	0.4969626454121834
5082	0.6353454787753792	0.4788403124734067	1.4187949248031066
5083	0.8164305260670969	0.39040488536193707	0.5996617794391115
5084	0.7610829429220424	0.424145559779433	0.9121847768965572
5085	0.6775658656517768	0.4400055666664659	1.0590880910004694
5086	0.4568746781635851	0.3609987781584852	0.32728771088722963
5087	0.6594263146471917	0.5397925117219511	1.9833646715447686
5088	0.8004708247265855	0.28936507642898973	-0.33621945279488824
5089	0.5911552174517463	0.3506548390241452	0.23147697445141566
5090	nan	nan	nan
5091	nan	nan	nan
5092	nan	nan	nan
5093	nan	nan	nan
5094	0.5401594519749431	0.31896251752714083	-0.062073154039581635
5095	0.6674439439998272	0.41556434103000983	0.8327012380607973
5096	0.6973163732997232	0.43053911276611734	0.971405061561806
5097	0.9958259921414218	0.22706640727243205	-0.9132608770860766
5098	0.6080194932818834	0.40272628837302077	0.7137887750722608
5099	0.6854114791459325	0.6274725451012175	2.795500982449335
5100	0.5915366049281171	0.6023248318155113	2.562570287644551
5101	0.9931565657907009	0.2731850089906718	-0.48608732776139046
5102	0.687591233280694	0.4327583551141499	0.9919607938542225
5103	0.5692446124785111	0.4591269360211422	1.2361997750252451
5104	0.5495472440898603	0.40563754595526985	0.740754298485255
5105	0.8037267893913322	0.21566020587727047	-1.018910817733699
5106	0.8200216380376211	0.29818002151975254	-0.25457102371786094
5107	0.4172165874992586	0.4061061536981516	0.7450947777129386
5108	0.5403183196135712	0.4887620390069183	1.5106949170154211
5109	0.6403773872379876	0.311140741884367	-0.1345223510850249
5110	0.5933000842192907	0.19723519961857028	-1.1895724385682633
5111	0.7396006409581775	0.4646216394736907	1.287094465862835
5112	0.49924719334332246	0.3976637790387468	0.6668972822637118
5113	nan	nan	nan
5114	nan	nan	nan
5115	0.48138939935044683	0.32598290082055553	0.0029531463541188443
5116	1.193150731625588	0.4908563925374414	1.5300938666331936
5117	1.2642282241023417	0.4374920134477693	1.035806304262723
5118	nan	nan	nan
5119	nan	nan	nan
5120	nan	nan	nan
5121	nan	nan	nan
5122	nan	nan	nan
5123	nan	nan	nan
5124	nan	nan	nan
5125	nan	nan	nan
5126	nan	nan	nan
5127	nan	nan	nan
5128	nan	nan	nan
5129	nan	nan	nan
5130	nan	nan	nan
5131	nan	nan	nan
5132	nan	nan	nan
5133	nan	nan	nan
5134	nan	nan	nan
5135	nan	nan	nan
5136	nan	nan	nan
5137	nan	nan	nan
5138	nan	nan	nan
5139	nan	nan	nan
5140	nan	nan	nan
5141	nan	nan	nan
5142	nan	nan	nan
5143	nan	nan	nan
5144	nan	nan	nan
5145	nan	nan	nan
5146	nan	nan	nan
5147	nan	nan	nan
5148	nan	nan	nan
5149	nan	nan	nan
5150	0.40759986351638056	0.6062854684171415	2.5992556842452568
5151	0.5655896163550067	0.6150471156175167	2.6804104416115178
5152	0.7054168178297221	0.39460491878294773	0.6385645890840503
5153	0.568857854863762	0.36351262926350214	0.35057225679702403
5154	0.7091811254756445	0.3640316165722559	0.35537937675459064
5155	0.6095065228244089	0.3508544869011667	0.23332621291626485
5156	0.9655189649626874	0.3372918845046383	0.10770260795095662
5157	1.0049099700562711	0.38375507957498756	0.5380679532063528
5158	0.7887319986552184	0.2885928163255409	-0.34337251201831254
5159	0.3862699951638129	0.2799610590646065	-0.42332416381794163
5160	0.5144150823313633	0.29688882091171354	-0.2665307693752855
5161	0.5322050932885382	0.34859282087922355	0.21237753134341467
5162	0.6197262651975577	0.19327139528781206	-1.2262871762600802
5163	0.538960888352212	0.2894073662308967	-0.33582774350389105
5164	0.2706660372282158	0.4126376464883481	0.8055927298109391
5165	0.3597560764942264	0.3189965564854332	-0.06175786818772749
5166	0.6183148688173955	0.16784539188812775	-1.4617955332510746
5167	1.3437669439417836	0.24250690805072825	-0.7702432383226108
5168	1.4947979589662699	0.2691700687804097	-0.5232757115381201
5169	1.30004791874225	0.22928001275073118	-0.8927573562996771
5170	0.9107965996559908	0.21422421925955756	-1.0322116438085833
5171	1.3340625286714336	0.2738158465810868	-0.48024419456773054
5172	1.4925688376469117	0.24438041247363756	-0.7528899035684664
5173	1.3110915743157312	0.29835882036171374	-0.25291489944066925
5174	0.6268032001930987	0.29562632711755543	-0.27822461816857225
5175	0.26900733612692956	0.26711598276264664	-0.5423016833181586
5176	0.281906705683215	0.21844439929238074	-0.9931222261713338
5177	0.29891195214677374	0.19030003895298242	-1.253809364370037
5178	0.38935467113171357	0.20957282291370338	-1.0752952025537865
5179	0.39898038909295974	0.20979630949100378	-1.0732251581271344
5180	0.39079967545596844	0.29617610572034647	-0.2731322938493782
5181	0.37980316462085284	0.3179264177016885	-0.07167002869326645
5182	0.3698006113995946	0.11304364948782276	-1.969396673314628
5183	0.31809817564428405	0.20060887671523242	-1.1583237543938991
5184	0.2796464567061871	0.2269690365260318	-0.9141627736265293
5185	0.3366968335354298	0.17232601238899903	-1.4202937857733935
5186	0.5267065542586622	0.1535088582448716	-1.594587676404461
5187	1.7908557225580255	0.27077060724033425	-0.5084507240215055
5188	2.463188162749942	0.3895985598934916	0.5921931897717342
5189	2.318489181036625	0.4199105485974072	0.8729579857395254
5190	1.2301970954437063	0.33571008422091164	0.0930511827917441
5191	1.02669808036297	0.339753702551428	0.13050519765789487
5192	0.8715281863501346	0.3957862085563081	0.6495062856330964
5193	0.5292667427459206	0.37430393612186696	0.45052673678544025
5194	0.5894353845789236	0.3964328249611829	0.6554955700960009
5195	0.6545386780922081	0.32474571484462217	-0.0085062887723621
5196	0.7354870865309516	0.25375903691277607	-0.666020394515993
5197	0.7018140970156693	0.24240632539087126	-0.7711748852115197
5198	0.7829691351261094	0.227622660651647	-0.9081085801501285
5199	0.7670540570274565	0.24424298268310995	-0.7541628470059386
5200	0.637968321399885	0.41341038717112566	0.8127502404004052
5201	0.26164480669957285	0.37264010685031956	0.43511551812492055
5202	0.3860341220027059	0.2342904899860485	-0.8463478108087402
5203	1.1173907791955489	0.26073604265166006	-0.6013958787219886
5204	1.406927235161678	0.3152722649310799	-0.09625411878337031
5205	0.9480172380462893	0.30225688073012175	-0.21680911520141763
5206	0.9308601291240224	0.3332595600526957	0.07035320263531783
5207	0.8160449031269621	0.4268551951468287	0.9372827745404954
5208	0.43538909084780086	0.5040838258338446	1.6526129678019823
5209	0.45785158363287626	0.33767864571000983	0.11128498362333744
5210	0.6079322560751114	0.29267249272734697	-0.3055845092661298
5211	0.6677965421904866	0.28476611576548283	-0.37881732603131557
5212	0.5328381559718968	0.2388590483590326	-0.80403153878888
5213	0.3574317846500497	0.26479099971688486	-0.5638368388253774
5214	0.36601112128999247	0.2737935828351651	-0.48045041251476966
5215	0.39604704016722125	0.30619286848239025	-0.18035202856841026
5216	0.8658152680692853	0.34079512293872627	0.14015135401578258
5217	1.0648126707265748	0.46303693274339364	1.2724161197422073
5218	1.108590522908032	0.46319976137191887	1.2739243199171333
5219	1.040531535229757	0.41153486596073274	0.7953782251521542
5220	1.0479926031194726	0.36710314714772374	0.3838294287704341
5221	0.39347474526314763	0.2883021823326224	-0.34606450938345173
5222	0.689189218005038	0.18507461111482565	-1.302209889824013
5223	0.9221132871438761	0.23295544725308337	-0.8587136441491579
5224	0.6177375150144262	0.1687786713439652	-1.4531510322729753
5225	0.5580393122041782	0.23544534374100373	-0.835650977880693
5226	0.5966408056954644	0.29301375223966575	-0.3024235930265472
5227	0.5243631652409472	0.2237683102017454	-0.9438095012683525
5228	0.5062875298450545	0.38565918233482055	0.5557047050568561
5229	0.5286091881010727	0.34639047069082646	0.1919782626799547
5230	0.5215099724609606	0.29501576119285355	-0.28387998505816414
5231	0.698296549389262	0.18938610832236127	-1.2622746468541888
5232	0.6162641854344639	0.32520796017269704	-0.004224741411952793
5233	0.5571649154080461	0.3002839645293586	-0.2350832515498933
