ID	SN	ssim	z_ssim
494	0.2738655853430518	0.2717648271316535	-0.4283687449660177
495	0.37789030324969297	0.231059402836595	-0.7397661168269389
496	0.3990002963995337	0.10478617035007452	-1.7057590628201105
497	0.3811256997071473	0.13622788371471595	-1.465229278937172
498	0.4766411878167288	0.2485196920578635	-0.6061945285289483
499	1.0943940802110972	0.25618254170855115	-0.5475735637923349
500	1.2994867238548238	0.1851178176692389	-1.0912202320460767
501	0.7255864273213529	0.35026304363536875	0.17214430061336372
502	0.26186283499268437	0.3027815399748055	-0.1910902242187244
503	0.36584318838114016	0.1616796833512389	-1.2705224639806665
504	0.4046522334376978	0.40412446492329995	0.5841853325942478
505	1.0868876824055342	0.4573204608786312	0.9911358464604132
506	1.5868556850558742	0.3801384320095467	0.4006916646110585
507	1.164568457425283	0.46212639610676953	1.0279013543821123
508	0.3492675262007042	0.585846000039499	1.974358986983254
509	0.8717837940369606	0.43657639006877785	0.8324432583409137
510	1.2656652181897718	0.32183549964589003	-0.045327022682952765
511	0.9279792598207692	0.33947377354587643	0.08960615223756072
512	0.6716321115991911	0.29646986754259685	-0.23937465415587653
513	1.0698769087768722	0.390969732425549	0.48355134588917903
514	1.5155599611025254	0.43064125413665655	0.7870393407327079
515	1.275394672697978	0.4039474436321958	0.5828311159077029
516	0.8683019729162856	0.4867351362663893	1.2161587461971923
517	1.2018899814176014	0.5301580256340271	1.5483447843447287
518	1.4865570223063087	0.4383215178822951	0.8457935236704571
519	1.1654448300684632	0.5175289194808713	1.4517318504875887
520	0.22876455685142702	0.5517010838315544	1.7131496431745932
521	0.439306808260467	0.1298172158448387	-1.5142710261029264
522	0.7381756973826546	0.11644954256930862	-1.6165340143406115
523	0.8714771627416827	0.14938816580259856	-1.3645528377481657
524	0.8196034889843855	0.2215362484468726	-0.812618452851977
525	0.5312434611887362	0.18976978584549797	-1.0556325753847118
526	0.6462404588863322	0.1372400236435978	-1.4574863866994028
527	0.5093209082192458	0.2057388490314016	-0.933468898349289
528	0.8259650342422638	0.18224888186728014	-1.11316765267218
529	0.7565030952150265	0.2937356841043105	-0.2602912162999391
530	0.48585569416278473	0.4167988964447318	0.6811450064941269
531	1.1216750462136136	0.4165256028319633	0.6790543044750152
532	1.4134708271909386	0.315535935654099	-0.09351882279032975
533	1.4851868098208236	0.35004534225476525	0.1704788803666902
534	1.4210590925356876	0.27705618847803976	-0.3878897167930778
535	0.8414921308127891	0.23269598436090455	-0.7272462329458121
536	0.4175869535524729	0.1978234943780944	-0.9940215317899923
537	0.6504159094580985	0.12535649050849984	-1.5483956709232478
538	1.1790984341450301	0.06386760127559613	-2.0187869968305905
539	1.823618655449869	0.21441088878898168	-0.8671276075766073
540	1.6909346545790198	0.4951823467488913	1.2807800881770735
541	0.9688987751873154	0.46809501783548535	1.0735614390548993
542	0.5326996476653663	0.45575946736118095	0.9791942124584565
543	0.7230115991695168	0.3327201155539795	0.03794052325701439
544	0.8295160156372674	0.3478354182873036	0.15357291445679636
545	0.8119330829459673	0.2790403981875167	-0.37271046981426553
546	0.9517439270396457	0.25850813128927363	-0.5297827534518065
547	0.9474243785620976	0.5262821791922274	1.5186944756545562
548	1.0192609143623905	0.5577507397439685	1.7594296410965737
549	0.9158118403181722	0.5715464470181908	1.8649670986357876
550	0.9963896521993112	0.3923254072281672	0.49392228730409593
551	1.0529762471352924	0.4536763205294089	0.963258094364904
552	1.118711698557545	0.563921672198717	1.8066374071773523
553	0.9365353535179267	0.4827984713420311	1.186043174806599
554	0.6856139860840349	0.5124523080287041	1.4128956636269634
555	0.9848261088727236	0.29597041253838574	-0.24319549568664534
556	1.275161158542123	0.180376633603896	-1.127490392178909
557	1.1240941223907124	0.3019580005739954	-0.19739031835795467
558	1.3099035052674106	0.3952332849527338	0.5161676144762014
559	0.9610363091046679	0.3706927477961224	0.3284319771019025
560	0.7081350268848277	0.2861328129775644	-0.3184533440376282
561	0.4012391460778158	0.47016967449370084	1.089432607138031
562	0.401045503068959	0.3786379010797534	0.3892125707058665
563	0.5101914360679735	0.08019572678860702	-1.8938764852655725
564	0.6762493710171592	0.2000276179716425	-0.9771599388653646
565	1.8015207344619508	0.30494846975546913	-0.17451316476309472
566	2.305359694607719	0.6221054708294369	2.2517447188505715
567	1.450530536850543	0.5949415692316027	2.0439402870446335
568	0.5121404959825889	0.5272773150444183	1.5263072863397023
569	1.0705893737654975	0.42894331254301243	0.7740500510006683
570	1.4459044910624306	0.4049659110573005	0.5906224136277481
571	1.373065978561986	0.3581356382641113	0.23236981894592773
572	0.8461124803410581	0.32654105270955125	-0.009329440479784542
573	0.4887186266207081	0.30449811122586623	-0.1779584172065269
574	0.4120859174892839	0.24946671179006275	-0.5989498071972246
575	0.9096401673314333	0.328680243524855	0.0070354152938836585
576	1.7971426095580285	0.398481601248837	0.5410173040469927
577	2.158353812345352	0.5335713670866632	1.5744569199144307
578	1.5166606003207943	0.6222302500630513	2.2526992826730416
579	1.3701355146545096	0.6120875789730402	2.1751076305584456
580	1.4825300008307902	0.5005734891034718	1.322022443210043
581	0.5566537174504775	0.3656669432791744	0.28998446438909814
582	0.48455231250225217	0.4484110366780848	0.9229785595903918
583	0.6409681557008426	0.46052633749353006	1.015660871556665
584	0.5649721717041944	0.419037943355495	0.6982737635470198
585	0.5573665785873798	0.4852784351624916	1.2050149514033441
586	0.7537743212340373	0.45171714376751065	0.9482703499737917
587	0.7038737453606401	0.4575471017161149	0.9928696537446023
588	1.4235145839258365	0.48506680348740366	1.2033959645344883
589	1.7736661612196472	0.4296885175019594	0.7797508849738443
590	1.4067838457157642	0.32971038563573946	0.014916024611390043
591	0.32203862776257125	0.34003076790073045	0.09386717103902704
592	0.5225109404929603	0.23122254987885926	-0.7385180384426009
593	0.6743114733371297	0.16848102023396921	-1.218492090459168
594	0.6296313369194665	0.15475065980103714	-1.3235296432562107
595	0.3943469512890692	0.1695273453267847	-1.2104876809816225
596	0.38152463012979043	0.13641867082672804	-1.463769753424433
597	0.36212867745014976	0.12236157763818475	-1.571306818833375
598	0.6577928268162501	0.1687876187236406	-1.2161466054150094
599	0.949747608013537	0.12798792118154506	-1.5282651696445775
600	0.896520429379847	0.22453223069238132	-0.7896991241986052
601	0.5237686806201871	0.2906812311334751	-0.2836578472603832
602	1.0637786630237072	0.30679656919001136	-0.16037516431670296
603	1.8780221448414431	0.32241540516960754	-0.04089073294661941
604	1.7550248451170523	0.3254800740537088	-0.01744595002983908
605	0.7069252284508696	0.27434486360945975	-0.40863141038695755
606	0.8583052766213528	0.3172179215582689	-0.08065159442614325
607	1.0626121559387331	0.37232016458160927	0.34088175053380565
608	0.817601311553035	0.4651669674243773	1.051161790396624
609	0.5307722681207274	0.4071283733476873	0.6071652966866171
610	0.5544539491306689	0.12562179532443082	-1.5463660833718662
611	0.3017026536978403	0.22167245124310125	-0.8115764985296668
612	0.7444814278877192	0.4925225077779928	1.2604322628084628
613	1.7489370083585554	0.46418824180908613	1.0436745183769183
614	1.936150686474294	0.42892927030429334	0.7739426275722703
615	1.205651987546437	0.5346011001153443	1.5823343997442778
616	0.7660629561576842	0.4880690041897653	1.2263628645166096
617	0.5122652529189227	0.455570945195118	0.9777520138309713
618	0.47898696726218093	0.3975200440967726	0.5336613711404468
619	0.8461844733001294	0.34117928059656827	0.10265331787882835
620	1.1140778491522492	0.4416687943736475	0.8714002608645834
621	0.6443926701010563	0.40098388469258395	0.5601598262422097
622	1.1955778007986972	0.5499128948996347	1.699469959362572
623	1.7950380941493966	0.5208747334596959	1.4773273994294036
624	1.3048087224783331	0.3363763450260475	0.06591075740245815
625	0.5027055213744575	0.21937183889166045	-0.8291762325286662
626	0.31241192119431266	0.36919719532814194	0.31699096853671815
627	0.7249473143782924	0.3501610188049996	0.17136380846540783
628	0.8261822685777943	0.29127589825680766	-0.2791086309693167
629	0.8959227961336239	0.319015250435843	-0.06690198983316861
630	1.1830481796912127	0.35963221717786203	0.24381867984334424
631	1.2854721692147815	0.38136212484227183	0.4100529411159665
632	1.0495469281815273	0.4349792880054826	0.8202253931861663
633	1.0637291919605836	0.3860778115872023	0.44612804619892693
634	1.3570035137189185	0.35339292998223126	0.19608799852378406
635	0.9730519111254011	0.24004515509070623	-0.6710249187045239
636	0.6798461584303896	0.38954797778755434	0.472674892311557
637	1.0072385728893374	0.3750398489978571	0.3616873948472463
638	1.809836960820859	0.1711660213879486	-1.1979517738484844
639	1.6793541785524144	0.3924471277001695	0.4948534515344066
640	1.067298188760459	0.3468688938787058	0.14617898193087203
641	1.5078996961678701	0.40520573099003987	0.5924570412742647
642	2.0565520419280356	0.49246208219159937	1.2599700057721606
643	1.2196693971819559	0.43140891260536257	0.7929119445387528
644	0.8638759093906268	0.3780621560672216	0.3848081089696402
645	0.6018245258571516	0.25638536578959403	-0.546021955207468
646	0.5113813313616374	0.13455885491576725	-1.477997385167572
647	0.44591440335337423	0.18617191615990744	-1.0831563559076673
648	0.3444898825653651	0.20967813864166684	-0.9033332480550224
649	0.47194880058493616	0.1626597177085979	-1.263025180055977
650	0.5220969364317918	0.16041295004993014	-1.2802130009964947
651	1.0864029153605401	0.1793490815989675	-1.1353511871301116
652	1.0139337050618655	0.22940004485333312	-0.7524602411092135
653	0.7816721095289278	0.2959970872816551	-0.24299143332657935
654	0.36191194535113325	0.2603223106431807	-0.5159042423522531
655	0.35290438522273626	0.20588857449687456	-0.9323234953162443
656	0.3653550846754395	0.17695533227149668	-1.153663421000101
657	0.3890417893889894	0.14580319635771724	-1.3919779311520752
658	0.3678760534922773	0.17896698034304023	-1.13827426996099
659	0.431017039723038	0.20489647856276555	-0.9399130505626432
660	0.9323435149545695	0.24606939480135842	-0.6249393552729932
661	1.3077561575644898	0.34306925480482947	0.11711166124533909
662	1.8357670757398075	0.4156359214924284	0.6722482230811281
663	1.657446246917828	0.44545738338650054	0.900383048345485
664	1.11782963913522	0.3117397427834529	-0.12255977994698722
665	0.7098295646027329	0.29295799638746256	-0.26624054407010483
666	0.45640614213230574	0.5119168827827563	1.4087996489728087
667	0.4043647666229982	0.4975330664690256	1.2987631446249173
668	0.5477143259161165	0.10740594123463588	-1.6857177591742671
669	nan	nan	nan
670	nan	nan	nan
671	nan	nan	nan
672	nan	nan	nan
673	nan	nan	nan
674	nan	nan	nan
675	nan	nan	nan
676	nan	nan	nan
677	nan	nan	nan
678	nan	nan	nan
679	nan	nan	nan
680	nan	nan	nan
681	nan	nan	nan
682	nan	nan	nan
683	1.0165993265871802	0.19568369113605164	-1.010391072641394
684	0.9626082040310647	0.2540763586771407	-0.5636859093088735
685	nan	nan	nan
686	nan	nan	nan
687	0.7165149830228807	0.4264116062018309	0.7546824430068788
688	0.4582457789226079	0.38057033701640297	0.40399574720834847
689	0.4447324424464813	0.40843939392627304	0.6171946323267014
690	0.8365210405867035	0.24071290634090545	-0.6659166072701158
691	0.7574619970868716	0.3394946597454595	0.08976593211385402
692	0.6024696897480665	0.34624693498095505	0.14142098297817207
693	0.5188805503673086	0.3072625260625419	-0.15681058421418922
694	0.6628021087279466	0.19142500757231964	-1.0429700935532196
695	0.6034333477031882	0.3254379749555105	-0.017768009037052453
696	0.7910833534556919	0.37577491446997313	0.36731066152795827
697	1.5006682578746973	0.28855059206757677	-0.2999572819670617
698	1.3234916911908834	0.2175384497504842	-0.8432016989142346
699	0.644394600448817	0.29650237353347264	-0.23912598262612947
700	0.3570064931513814	0.34805867479472025	0.15528083154314004
701	0.8403673458120755	0.1819348284584705	-1.1155701680081807
702	1.4726436881009	0.23833641441325323	-0.6840968216601039
703	1.1946442479044617	0.31118769201983787	-0.12678298016908646
704	0.8420218786148316	0.35705320782144534	0.2240892027650184
705	1.0637153934899086	0.3241503422839487	-0.027618426685082992
706	0.7831421311705807	0.5158098048958107	1.4385805869155583
707	0.7165095984749094	0.3327488764288711	0.03816054456888514
708	1.0179010337672458	0.10328923319681904	-1.7172106642574483
709	1.09944445999319	0.12570237403141776	-1.545749654529317
710	0.8130244862557419	0.2129898085786746	-0.8779989017679053
711	nan	nan	nan
712	nan	nan	nan
713	nan	nan	nan
714	nan	nan	nan
715	0.6754757214838637	0.2955889038582179	-0.24611404530021164
716	0.8657570536872264	0.27910585708908214	-0.37220970780857726
717	0.8007614194100999	0.22975811546005315	-0.7497209932619235
718	1.2660541909144445	0.3189756025308406	-0.06720529715968214
719	1.728531268545542	0.33702566972996634	0.07087810536127152
720	1.3975371177268918	0.22490676256132752	-0.7868339473410293
721	0.9720514893719305	0.16169992667946903	-1.2703676020840582
722	0.5863066598699365	0.08880669546876077	-1.8280023895494866
723	0.46401322572115705	0.18199980078234576	-1.1150731283322939
724	0.32653217645269517	0.2294191184103457	-0.7523143279875935
725	0.32858712450851213	0.21282642219381034	-0.8792488111282842
726	0.42030999210798753	0.18750301749233378	-1.0729734020685533
727	1.028140417767315	0.1747523989723266	-1.170515908147121
728	1.1327220806072082	0.29302182655351755	-0.26575224192612296
729	0.9052151624228679	0.3262505254093354	-0.011551980578747303
730	0.9881188552478699	0.3335630070609931	0.04438866142516986
731	1.0938513257301208	0.26859005745847464	-0.4526558012886727
732	0.8939138744034716	0.32971417135408265	0.014944985438186295
733	0.8207714657605335	0.3252970438859162	-0.018846134752365386
734	1.3455564747980027	0.26032491708744787	-0.515884302997517
735	1.7256694839541131	0.23594442111244646	-0.7023956218883227
736	1.4430877934036959	0.2447844774570195	-0.634769000609333
737	0.9288935939509474	0.36889470394734963	0.3146769029638717
738	0.42182423299993344	0.2399766372441762	-0.6715490817050214
739	0.46102143260617856	0.018384170003873077	-2.3667362248884043
740	0.47364538955274754	0.05946606105069678	-2.052458874274702
741	0.45036112993402355	0.09862149257591489	-1.7529189804597796
742	0.3279900438578086	0.3460933071344555	0.14024572664629267
743	0.36863631458935514	0.4106619222112742	0.6341970215370242
744	0.41453371398864375	0.2208225810483649	-0.8180780238090865
745	1.3016405218859193	0.17671028937260724	-1.155538004450067
746	2.3148302349109833	0.22187638078642685	-0.810016433134547
747	2.1852184613827017	0.17847907952973852	-1.1420067216826493
748	1.6043925620832205	0.08598990688031768	-1.8495508828699576
749	1.5286854262625718	0.3087272805471482	-0.14560518088460705
750	0.5560160278108577	0.38735545696673074	0.45590206084796986
751	0.7231234634577718	0.26734372763013675	-0.46219025129717944
752	0.840942110201658	0.10043815698510866	-1.739021458633803
753	0.7769540199943393	0.7443992741766142	3.187294946288205
754	0.6334870008642425	0.763693875059992	3.334899058276755
755	0.748442969595959	0.06648380065784346	-1.99877301525431
756	0.7469710971187469	0.045303721501318846	-2.1608010766089905
757	0.5874551434199841	0.21986596724601246	-0.8253961399839521
758	0.43659999641099634	0.3210513151181056	-0.051326051196597784
759	1.0977572456022064	0.46739192334488255	1.0681827510707973
760	1.203513538421414	0.41154753129126703	0.6409719500577772
761	1.3128613282158126	0.41271285554600723	0.6498867056849759
762	1.0828288982995387	0.5274941004616032	1.527965699446511
763	1.127840725049692	0.590020338063177	2.0062927626985028
764	1.336179204404103	0.5687974319942638	1.84393707454239
765	1.5125117386649662	0.4953995339020376	1.282441574572633
766	1.10446824488851	0.38716014550190386	0.4544079239388312
767	0.728486294892156	0.2875399334551775	-0.3076888421018605
768	0.7606185953016222	0.5697712404946839	1.8513867305275125
769	1.0244293632699812	0.5453312705890555	1.664420434787498
770	1.0449231191164499	0.21432603343733908	-0.8677767528428083
771	0.779117915248593	0.22805176539062533	-0.7627746080146638
772	0.3983250907359108	0.1682771537072055	-1.2200516737762332
773	0.40813318374490876	0.14447519440380166	-1.4021371746788815
774	0.38948812230437846	0.12718632778354239	-1.5343973763900405
775	0.43702447076672835	0.18529858582305236	-1.0898373517791708
776	0.5446183498880975	0.16554167941033351	-1.2409781110162559
777	0.801011661880479	0.16362849832772697	-1.2556139874709336
778	1.0072093273899694	0.14929289772404863	-1.3652816405992956
779	0.867588371471153	0.2461593448951832	-0.6242512351194568
780	0.461962652529573	0.360379829179424	0.24953792774432598
781	0.41481297885068946	0.38762862905370754	0.45799183319216
782	0.4495113670082969	0.2312206701103233	-0.7385324187123548
783	0.33435430846082576	0.23577548899966166	-0.7036879561866409
784	0.4952008314538564	0.2287184119536545	-0.75767474746088
785	1.1055918324215666	0.23380975064787698	-0.7187258968815934
786	1.0673789238035756	0.564959150351094	1.814574137370152
787	0.7003658759287369	0.5260613127747353	1.5170048428075715
788	0.4611421703578985	0.5175833814990372	1.4521484860986107
789	0.566756434870765	0.4629180967158883	1.033957881079715
790	0.8625188650845653	0.325244204190708	-0.019250359557848172
791	1.003935341750438	0.3922280827422138	0.49317775289207455
792	0.6336431744894658	0.40334073639790635	0.5781897925087062
793	0.4195644528888913	0.5048854405873825	1.3550089648575916
794	0.9269469039678776	0.21810384654021625	-0.8388764013051261
795	1.144593472904611	0.22037657802576466	-0.8214899565302154
796	0.9897968390574643	0.46534459424735963	1.0525206394150683
797	1.2941753917332048	0.47240507936342657	1.1065335024986083
798	1.3698724710434198	0.46403185865712415	1.0424781838989554
799	0.9092779526524662	0.24396197241425435	-0.6410611818872595
800	0.5232122949620754	0.10949366665621493	-1.669746614770157
801	0.5067155329613422	0.3475543480444325	0.15142272105004242
802	0.6633627836968585	0.3703365947710695	0.3257073987956337
803	0.8049290874124665	0.34342162522934006	0.11980730257605564
804	0.6867076089720595	0.4651922784333382	1.051355420159882
805	0.5421253584281551	0.43761853557964714	0.8404156939266237
806	0.6059268852187972	0.4353650465646568	0.8231764544655912
807	0.7167113882105229	0.2185540089380088	-0.835432649274264
808	0.5163736941265483	0.397920217084952	0.536722703111968
809	0.8862064581254435	0.40278296406314135	0.5739228221441781
810	0.9113948080145395	0.44437609613875045	0.8921111776302845
811	1.028809958285884	0.4380053380817764	0.8433747413921209
812	1.1659971455732059	0.4040437468717859	0.5835678377630672
813	1.1350269269448372	0.4204629391365977	0.7091750119391697
814	0.6364476291525232	0.38860946831535265	0.46549527465196006
815	0.750232733467549	0.2531807561129494	-0.57053728819881
816	0.777480268290899	0.24542349588217943	-0.6298804959048221
817	0.8200329235470741	0.187925540729377	-1.069741090212234
818	0.8314714603058653	0.11861709218240332	-1.599952213153545
819	0.49907524929900104	0.34921059088135137	0.16409301439575297
820	0.5162404235369645	0.42560169606667597	0.7484866130432202
821	0.8092416137685429	0.17219920459726484	-1.1900479000625288
822	0.8803347908662772	0.17735578553476788	-1.150599944918096
823	0.6699293264228526	0.2390785746278011	-0.6784192800471056
824	1.0168994287895472	0.20069397279955298	-0.9720623100915171
825	1.033852036782259	0.23328245462752475	-0.7227597227849961
826	0.504783140012034	0.27006164114735637	-0.44139815439941527
827	0.7838791014801071	0.3721788430823572	0.3398006380232089
828	1.1416207653526564	0.4387277140110194	0.8489009327967679
829	1.1475841906304327	0.4687680561872445	1.0787101969300221
830	1.427802271274914	0.534431012788088	1.5810332280303918
831	1.4904268557971196	0.2366337388369561	-0.6971223264613172
832	0.7095268700598347	0.4286593086261749	0.7718774149249364
833	1.0128327578326795	0.5447579442174829	1.6600344757066603
834	1.104302237035607	0.5804566314463511	1.9331302012634157
835	1.2177963656962667	0.5482310275703268	1.6866036380986318
836	1.098852462740241	0.5340062587767266	1.5777838507025304
837	1.104680751050824	0.48606315718610393	1.2110180917716398
838	0.9044928671718062	0.2643304276145833	-0.4852420612640817
839	0.5646907006163733	0.40488470553904365	0.5900011896654945
840	0.7185479425049978	0.4421046533818244	0.8747345916570691
841	1.1238915710059967	0.3291058575014548	0.010291371374325684
842	1.2443229629473078	0.19543983697842068	-1.01225656219515
843	0.7414104872368565	0.31223175131412023	-0.11879590409908063
844	0.5016511172379023	0.3910447201786911	0.4841250038144947
845	0.48583237636113696	0.39988865823062103	0.5517813202383013
846	0.4461482920974126	0.40347283284817914	0.5792003331960832
847	0.9595410662453853	0.3046776820973725	-0.1765846961750373
848	1.5115093376578352	0.24579489516358038	-0.6270392834093824
849	1.3142756017317152	0.2831080254823717	-0.3415930334709878
850	0.6605047180223846	0.3141004518925562	-0.10450030445855348
851	0.8453023325144265	0.3358100622651473	0.06157868209484669
852	0.8401870602848175	0.3121448036577716	-0.11946105554131045
853	0.7732274606028892	0.45588996669559034	0.9801925351751077
854	0.5602796083807078	0.44630905003214233	0.9068983165129919
855	0.8428926676129584	0.39784072739761367	0.5361146052931667
856	0.7599456850152368	0.42638186891557533	0.7544549521270607
857	0.7021685551708446	0.2760042560094557	-0.39593702281592663
858	0.6079005965722435	0.2542722468840921	-0.5621873603100702
859	0.5859977978640692	0.23394373655026118	-0.717700901844902
860	0.3542190619577788	0.24530427800941054	-0.6307925151971401
861	0.3621106821524725	0.16983087968580624	-1.208165636602877
862	0.46239759682527504	0.07664705094237385	-1.9210239318587652
863	0.45906187923468605	0.12237377233401847	-1.5712135291478102
864	0.4222432279180015	0.18140583205613633	-1.1196170018703384
865	0.4168939245063628	0.24478035797057826	-0.6348005147692621
866	0.5769524452245818	0.23690384624127045	-0.6950559990054485
867	0.5670032013237526	0.23549137670716075	-0.7058614213385299
868	0.5207890827371832	0.17383666647600043	-1.177521281451097
869	0.39125133128389467	0.23446035199065485	-0.7137487826080343
870	1.020996255561722	0.29299916186343267	-0.2659256272930292
871	1.4845134121956516	0.39501455636224864	0.5144943360518272
872	1.3118372136499625	0.4080178623750748	0.6139699068884379
873	0.8411499844839824	0.3146716682803464	-0.10013048679905932
874	1.2031031177412796	0.35279701802860497	0.19152925925418107
875	1.0894520947617818	0.4113388029302752	0.6393751736042373
876	0.559772913286998	0.3011985611441802	-0.20320004633960656
877	0.571782679971527	0.23947054513675844	-0.6754206972181552
878	0.4586447913828648	0.1027045404133472	-1.7216835766339267
879	0.39960045956627627	0.0824312371418274	-1.8767747829539911
880	0.3491981012597582	0.09349586045180984	-1.7921301765156818
881	0.34589041399129217	0.17784394974265738	-1.1468654782221717
882	0.28750120119182976	0.3108796187985334	-0.12913974694197558
883	0.4184374794553467	0.38780510609493724	0.4593418863554528
884	0.6189739596091411	0.28742737860711887	-0.30854988911175274
885	0.8595258505150437	0.34133812933620483	0.10386851415556267
886	0.6995379480917754	0.3325306472658483	0.03649108677534604
887	0.6833585326578148	0.39590868166330256	0.5213344138469712
888	1.0088192443690442	0.3900490502967352	0.476508107790154
889	0.6898489731440097	0.45477727959878417	0.9716804549388857
890	0.5679690725555839	0.4965053302364589	1.2909009403283174
891	0.9856853629304173	0.3854991202597339	0.4417010450900294
892	1.3981868989839144	0.4096106315869003	0.6261546256361961
893	1.1002939607296183	0.45448107185556585	0.9694144593287076
894	0.9149460734234848	0.2670613725346507	-0.46435027385408906
895	0.6113282270894004	0.3357172869138453	0.06086894866080818
896	0.8595471477489454	0.3334367841791401	0.043423053662606355
897	0.7279647156813204	0.377013717078602	0.37678752814370087
898	0.6079990209172291	0.3810137213720995	0.40738764707130865
899	1.1982367151619788	0.4500384567611668	0.9354283582489687
900	1.4921150307617388	0.2605007121462119	-0.5145394670147632
901	0.81551566142094	0.31479663323095425	-0.09917450223759275
902	0.2657462530308294	0.4528005628391525	0.9565585291876421
903	0.9182843530766996	0.22989266405262637	-0.7486916936331767
904	1.2385983596854997	0.10230190960491051	-1.7247637109833098
905	1.0432185792950588	0.43207236983479747	0.7979874066219041
906	0.5235916339320685	0.4568900952388994	0.9878435400547532
907	0.8324207227520253	0.5229917676291547	1.4935227563855342
908	1.559357916956032	0.45285698645377603	0.9569901710537803
909	1.2439097995704262	0.5280617680670984	1.5323083688450767
910	0.5594478241488818	0.43747763470278156	0.8393377991863357
911	0.3825223757550393	0.22799462671714008	-0.7632117200964824
912	0.525655682421286	0.16832655094202154	-1.2196737838668341
913	0.5664791524891712	0.18959872954454107	-1.0569411597682603
914	0.6905202788891666	0.12100553560358454	-1.5816805695808571
915	0.5127412144218223	0.14929090791989397	-1.3652968626439004
916	0.7407629627311776	0.352766115683269	0.19129285564732487
917	1.0419145163266432	0.3724347741048638	0.3417585158531646
918	0.9830342195372588	0.3782642072687329	0.38635380500945754
919	0.43344934986466777	0.424043710876176	0.7365679928071739
920	0.34771860753441486	0.42221525932147136	0.7225802990643733
921	0.27465147932268563	0.24691645911824261	-0.6184592950195266
922	0.3657394324847272	0.3088653832380148	-0.14454869232742953
923	0.9255011040235405	0.4227171208861953	0.7264195508348557
924	1.928665020927874	0.41379537532775984	0.6581680053118205
925	2.0167547792975657	0.441464484186734	0.8698372835378247
926	0.7037887558109867	0.6406083805552198	2.39329237644588
927	1.2304984890354218	0.6515811345261863	2.4772341804636366
928	2.066617230476262	0.3260051026832806	-0.01342946971470239
929	1.5155930455618623	0.25161192630643164	-0.5825388699807743
930	1.482730255846311	0.2590538601498569	-0.5256079159239513
931	2.3508791563922546	0.23125164183794086	-0.7382954843295513
932	1.9912840139450858	0.23507337509070297	-0.7090591427000628
933	0.5555278390874849	0.24442318778321864	-0.6375328743890675
934	0.36578908432183593	0.48446252428101527	1.1987732156011872
935	0.7148318886428087	0.454703555784689	0.9711164661744797
936	1.038885585437505	0.3207699014617254	-0.05347887172408701
937	0.8641045732369619	0.2847777740554448	-0.328819420953046
938	0.6345999276945945	0.31963883489451195	-0.06213155530446138
939	0.6327957300029736	0.27663708837450185	-0.3910958416044138
940	0.6732455589919712	0.2836932877475375	-0.3371157645472948
941	0.7346097777158269	0.2720503715106218	-0.42618432432183406
942	0.790382968224476	0.32346570826343035	-0.03285589167575904
943	0.8573173321025912	0.2332750133300355	-0.7228166488709299
944	0.3710085886356046	0.3438563531458068	0.12313298049261667
945	0.4778012336350247	0.4174071240702858	0.6857979609190171
946	0.5457079054865216	0.28944553024095215	-0.293110985681165
947	0.781977805193497	0.18948282828298943	-1.057827806913391
948	0.5973416784191149	0.28688132597215343	-0.31272720352059946
949	0.41653412098976544	0.3779774240965945	0.38415990757086316
950	0.8893565562687519	0.3596248494137522	0.24376231628934575
951	1.8134136015534903	0.2348236860478945	-0.7109692692509969
952	1.9281351722071083	0.5503500560689394	1.702814251715708
953	1.045191361346005	0.5309842892419668	1.5546657187271269
954	1.303291575303566	0.5350028481133202	1.5854077805746372
955	1.6047039057896244	0.5732032135635718	1.8776413983625047
956	1.3043142299405406	0.5047345817093662	1.353854891194199
957	0.83681917820748	0.470540669706413	1.0922707284993056
958	0.8221789794362937	0.24412432496388506	-0.639819181388666
959	1.107074929719	0.24258290595513482	-0.6516110699778132
960	1.2953983027760472	0.26394744488425753	-0.4881718873930786
961	0.6424544247939843	0.28504841407611714	-0.32674901897057645
962	0.46026041048023125	0.32823068028248736	0.0035962468149165084
963	0.4977018353748228	0.30865805016271797	-0.1461347948153754
964	0.6530707810181096	0.28461436274900814	-0.33006952096399006
965	0.599049613678262	0.45438767884174824	0.9687000007631325
966	0.7858722881499667	0.48314395893242135	1.1886861623081726
967	0.7949473095726105	0.20149801783306334	-0.9659113482816596
968	0.7130518467568902	0.186086877520818	-1.083806903326781
969	0.8263771126594668	0.13577819943164335	-1.468669373380137
970	0.7204845689584072	0.3483964547009204	0.1578648550947856
971	0.4316151814887767	0.3610245208304346	0.2544698327486856
972	0.43199924602873435	0.3081587746198885	-0.1499542634627125
973	0.7397806512402058	0.15631595064370313	-1.3115551346238727
974	0.5005120169711826	0.1884307919708217	-1.06587590734189
