ID	SN	ssim	z_ssim
5057	nan	nan	nan
5058	nan	nan	nan
5059	nan	nan	nan
5060	nan	nan	nan
5061	nan	nan	nan
5062	nan	nan	nan
5063	0.34991240588231	0.21428582981599237	-1.0785243293839157
5064	0.5829682159339389	0.32006165831157113	0.3684476978903936
5065	0.6506969237209125	0.3665530047990873	1.0044311624922848
5066	0.7133573112408108	0.34745471134967676	0.743173966183694
5067	0.6154448718470489	0.2923536208125983	-0.010587434822909594
5068	0.5873803453177492	0.1950876154865854	-1.3411484043107296
5069	0.7042812375323657	0.2631290775915496	-0.4103677736031828
5070	0.5292133782525426	0.37402131377122466	1.1065947127799214
5071	0.822899220344227	0.3694740623460466	1.0443900890317752
5072	0.8426537931858371	0.2788331793558392	-0.19554179408040379
5073	0.7549851726744439	0.29638688784584166	0.04458608315974292
5074	0.694671147416836	0.27430520633355693	-0.25748269680534897
5075	0.6678643983391005	0.2907437852911849	-0.03260935609857353
5076	0.704721657919741	0.3135185589581819	0.27894065388339223
5077	0.5789916163961256	0.30586424502879683	0.17423262841744874
5078	0.5863965910134936	0.3131696759541315	0.27416807063037113
5079	0.763471841148915	0.22634413248419302	-0.9135714577737178
5080	0.9069140576635621	0.23638217979634266	-0.7762548905038742
5081	0.7931231274442102	0.26227972449170944	-0.4219865923279046
5082	0.9368752477139448	0.33771701518388353	0.6099660853058048
5083	0.9672792190679518	0.29581489326362187	0.03676142064472334
5084	nan	nan	nan
5085	nan	nan	nan
5086	nan	nan	nan
5087	nan	nan	nan
5088	nan	nan	nan
5089	nan	nan	nan
5090	nan	nan	nan
5091	nan	nan	nan
5092	nan	nan	nan
5093	nan	nan	nan
5094	nan	nan	nan
5095	0.49946462074870845	0.3582438407572261	0.8907650432133489
5096	0.46127474245710576	0.25041946681540267	-0.5842302857875934
5097	nan	nan	nan
5098	nan	nan	nan
5099	nan	nan	nan
5100	nan	nan	nan
5101	0.5386808067521359	0.25725266475176933	-0.4907548064519305
5102	0.5185282297708782	0.29917160184060654	0.08267988314876872
5103	0.47315947764239114	0.3359496665479196	0.5857894461335752
5104	0.5512526046263377	0.26991109322565393	-0.31759244817525456
5105	0.6605091815524206	0.2840272143880421	-0.12448942316378533
5106	0.709085033878893	0.4320264670484364	1.9000825580052823
5107	0.5191904009230726	0.41602359815573037	1.6811695608373924
5108	0.4412308370717097	0.30491941454777444	0.1613077164030495
5109	0.47989177974164926	0.20521938716405458	-1.2025497243236398
5110	0.4469638181393212	0.2356528784102169	-0.786231448666408
5111	nan	nan	nan
5112	nan	nan	nan
5113	nan	nan	nan
5114	nan	nan	nan
5115	nan	nan	nan
5116	nan	nan	nan
5117	nan	nan	nan
5118	nan	nan	nan
5119	nan	nan	nan
5120	nan	nan	nan
5121	nan	nan	nan
5122	nan	nan	nan
5123	nan	nan	nan
5124	nan	nan	nan
5125	nan	nan	nan
5126	nan	nan	nan
5127	nan	nan	nan
5128	nan	nan	nan
5129	nan	nan	nan
5130	nan	nan	nan
5131	nan	nan	nan
5132	nan	nan	nan
5133	nan	nan	nan
5134	nan	nan	nan
5135	nan	nan	nan
5136	nan	nan	nan
5137	nan	nan	nan
5138	nan	nan	nan
5139	nan	nan	nan
5140	nan	nan	nan
5141	nan	nan	nan
5142	nan	nan	nan
5143	nan	nan	nan
5144	nan	nan	nan
5145	nan	nan	nan
5146	nan	nan	nan
5147	nan	nan	nan
5148	nan	nan	nan
5149	nan	nan	nan
5150	0.6116888027813451	0.38683384168241475	1.2818650911815268
5151	0.7749078051828966	0.37944115245591264	1.1807359894838945
5152	0.8518667266383387	0.3119754047915762	0.25783090750174503
5153	0.7418222078480161	0.2974393109991717	0.058982820915269366
5154	0.5972196657049665	0.27004494354865566	-0.315761428026514
5155	0.6179957958229212	0.23586292075266813	-0.7833581514453629
5156	0.6130901261545426	0.20492745992058836	-1.206543175013677
5157	0.61281856537116	0.3052655920148792	0.16604328896719328
5158	0.6725852315311402	0.23531370632123413	-0.7908711903935151
5159	0.6797370850601767	0.23858223067365886	-0.7461590536446062
5160	0.8050137867336008	0.221320912830659	-0.9822871410153016
5161	1.0001068095785832	0.32307321334109507	0.4096445946511742
5162	0.9981235896699948	0.28889332175938687	-0.05792297458859439
5163	0.7850238164418273	0.26645659803830546	-0.36484859332240316
5164	0.616134374379063	0.3608976675659591	0.9270683576102463
5165	0.634095648467548	0.22011029728366793	-0.9988478889403597
5166	0.8522968695462206	0.182442529400128	-1.5141282439377404
5167	0.9448000706260106	0.26717866236373883	-0.35497103532399477
5168	0.8269184223668556	0.22997411349372215	-0.8639147351081501
5169	0.599085118534574	0.2671251604195875	-0.3557029210269273
5170	0.3158099322588719	0.20696330876923363	-1.178693557784052
5171	0.43496575068447413	0.18446160926188138	-1.4865080199003355
5172	0.7499913609553156	0.2022095948689257	-1.243722507566262
5173	0.8366391276570722	0.2539846152334689	-0.535460447655447
5174	0.7760259207352079	0.35202738605033573	0.8057263704123692
5175	0.6129499563555656	0.49629667909658765	2.77927396064743
5176	0.5842942868888713	0.15731851812610212	-1.857814906982496
5177	0.5813274762131607	0.11668052505454102	-2.4137267826486264
5178	0.836567587843625	0.19926175014552028	-1.2840478722188688
5179	1.0011304641858454	0.17499001515136742	-1.6160757285775844
5180	0.9064473437543742	0.13740405730674138	-2.130236954190282
5181	0.7025694672445053	0.13342346657437987	-2.184689880947506
5182	0.4645620408501228	0.13804508093250248	-2.1214680013161664
5183	0.4728121696422893	0.28654417064847854	-0.09005844441823324
5184	0.438213349378965	0.3038761280578416	0.14703596463483593
5185	0.5832609390116223	0.23819596956276398	-0.7514429548027252
5186	0.7008892044050019	0.30785002063831163	0.2013972632898818
5187	0.7999151487192813	0.39762788325602716	1.4295233647246732
5188	0.744364246893253	0.3781917785244605	1.1636450419949553
5189	0.5159902096550288	0.3002602005823543	0.09757148882691165
5190	0.38710651325948864	0.2581731335536675	-0.47816315269446535
5191	0.38883952693428375	0.2959689474230942	0.03886882138657664
5192	0.3861060905938983	0.3154612204392983	0.30551550431584407
5193	0.3912349913706453	0.3452587412780179	0.7131339531522224
5194	0.29620663073567677	0.24410282151227547	-0.6706395268196383
5195	0.3020412088547585	0.28428863480781374	-0.12091329390866301
5196	0.3315079260237806	0.23797606084795891	-0.7544512201446514
5197	0.4085491901650159	0.2108843701496297	-1.1250549693148928
5198	0.65321985872014	0.3008929282310535	0.10622695597448463
5199	0.8226636226151139	0.24032948396053266	-0.7222573110004901
5200	0.7364457851074423	0.27244507221774567	-0.28292860510820883
5201	0.5890988848267696	0.4595474912182602	2.276559421406449
5202	0.5895237593717978	0.4006764103302636	1.4712260246191582
5203	0.6746618500163858	0.3751202293530896	1.1216274488020352
5204	0.7025898797869965	0.4855134650407146	2.6317638033187007
5205	0.6278754637660412	0.39780701083671755	1.4319737600773614
5206	0.5971028312832738	0.34095291217852103	0.654231892541502
5207	0.6923387819636645	0.4160577604996172	1.6816368883610187
5208	0.8187359440338904	0.3621735041943811	0.944521304459779
5209	0.8062313279243667	0.23553070143886845	-0.7879027819230952
5210	0.868598621369321	0.2799057109683852	-0.18086998045536243
5211	0.7441464456183788	0.2816465194285361	-0.15705640052404474
5212	0.6308762220845224	0.35282391764179627	0.8166226115297985
5213	0.6448435507848551	0.3480542034173088	0.7513747835611033
5214	0.6216826598798283	0.31421617256336365	0.28848373557701495
5215	0.7831993693946637	0.36816931946175185	1.0265417158900931
5216	0.862670673654532	0.3288129501954067	0.4881619533920844
5217	0.6693193125212288	0.22769095503689152	-0.8951474512008138
5218	0.5833683961121863	0.21998948575839258	-1.0005005434279874
5219	0.7344644035169721	0.2357181699563064	-0.7853382858129216
5220	0.8455920057674909	0.2648441153314517	-0.38690672706113804
5221	0.6993555161774683	0.32709133917357036	0.46461098692011366
5222	0.7625709734031412	0.33502565734931566	0.5731493611317366
5223	0.6096937540991904	0.37031394936633333	1.055879415484808
5224	0.38864470182209315	0.3206405481357856	0.37636668462323736
5225	0.2645270901597733	0.3065844743773165	0.18408508464825507
5226	0.28334688939316904	0.3169201505383013	0.32547309834304766
5227	0.33326202304176067	0.33037194281174503	0.509488363580997
5228	0.3527618845594151	0.3224992787986961	0.401793394238478
5229	0.36944490549902054	0.34929774523748214	0.7683859500452477
5230	0.30640397106316924	0.40541713070607177	1.536077228060316
5231	0.24299861154456195	0.3431073878239981	0.6837042780268057
5232	nan	nan	nan
5233	nan	nan	nan
