ID	SN	ssim	z_ssim
494	0.40522647882825436	0.24618987402757825	-0.25036119320271827
495	0.5588351159554972	0.16945530922866886	-1.084412806292156
496	0.5408779711805385	0.17244790690287895	-1.0518853406833577
497	0.49126896849013474	0.24183828376819888	-0.2976599676839574
498	0.531440380211337	0.1864354601563286	-0.8998503172908762
499	0.6068545867694064	0.21799911381782794	-0.5567752464885716
500	0.6094701297086219	0.26027467473292243	-0.0972691573109277
501	0.488442048139174	0.2749958079902335	0.06273937302922697
502	0.34696889165518174	0.24581239707623315	-0.2544641064204907
503	0.3618761803664948	0.2278339680828207	-0.4498771871105984
504	0.4462909209783065	0.4895862335230715	2.395188785340955
505	0.6461732742215269	0.40845266954489845	1.513323095621788
506	0.8174090022339888	0.22928552631671678	-0.4340997536991106
507	0.7167254345307917	0.2721641267734445	0.03196095794591761
508	0.5667472712539944	0.2719428439556485	0.02955576686136034
509	0.6549429397322453	0.2484568133400608	-0.22572113177398886
510	0.6270630718939267	0.2700068128184714	0.00851244828406002
511	0.5206697966077896	0.3025660244223934	0.362408544917131
512	0.4511425218564839	0.2859367854610032	0.18166022613088395
513	0.40171884000478125	0.3117288511257375	0.46200212979521654
514	0.4780766896287157	0.39085076248010575	1.3220025477133783
515	0.6818434416130463	0.3246016310431015	0.6019203385341207
516	0.7695284875017657	0.3556549882723582	0.939448840282686
517	0.7744078045681886	0.3049340979700277	0.3881478654892193
518	0.7133728146778853	0.19095953097980045	-0.8506767984478892
519	0.5765083919605916	0.22460692542307387	-0.48495290745805414
520	0.27116785320953085	0.31424485783664935	0.48934938147090074
521	0.3940713012789591	0.16219465044499204	-1.163331142331298
522	0.6386325620426948	0.19350758424772502	-0.8229812228761816
523	0.6491087073600523	0.25570991565276646	-0.14688492934463906
524	0.6748202415359359	0.22336006687441362	-0.49850539695909857
525	0.7155668906454651	0.10762538553546405	-1.7564612857310757
526	0.6657652002253943	0.12112709585725062	-1.6097070387647536
527	0.5351047547606822	0.17087692955955333	-1.068960777167052
528	0.7263845492085983	0.21436824963101792	-0.5962402273593643
529	0.7456878824836085	0.4606841626189958	2.0810432770899947
530	0.7043421381151888	0.41973233163629237	1.635925216153585
531	0.7434336241271942	0.3912435502577386	1.3262718790166184
532	0.593590247379499	0.2194558667253061	-0.540941350570364
533	0.6189690117719203	0.23878719471543025	-0.3308231940971131
534	0.6820758289273161	0.24619933377193676	-0.2502583723284186
535	0.6385228218538924	0.2040405457463766	-0.7084952210127274
536	0.6051713391040542	0.18828343615119092	-0.8797640971695444
537	0.6400181863808033	0.05020196090852278	-2.380614169959082
538	0.7570677841937967	0.06578877602111027	-2.211196276971107
539	0.7526218442686524	0.05641368301506821	-2.3130970496547625
540	0.5073476565976063	0.1922170116438007	-0.8370088539044273
541	0.36856760429748503	0.19006059090043495	-0.8604476549742848
542	0.3715625864736252	0.17346355785311157	-1.040845917763618
543	0.35614442660136547	0.1643498373106513	-1.1399057526581708
544	0.31661128497471475	0.1515731854238703	-1.278779116232696
545	0.27747009106946396	0.26838685844142274	-0.009095334660294729
546	0.44842315994113274	0.4121837951678271	1.5538778489144947
547	0.5763737432231407	0.47795830289894525	2.2688012268872138
548	0.6463170022537948	0.42440229516066297	1.6866844876862686
549	0.9182511166149943	0.4480943335814883	1.9442005485911604
550	1.1223069331794946	0.430231307773383	1.7500418206573796
551	1.0790018240603516	0.35460783770210813	0.9280670382935385
552	1.2601586280867156	0.3002894758257031	0.33766403721943405
553	1.0740302875776753	0.36036728423597475	0.9906682361326393
554	0.9114074737994783	0.3395256545926957	0.7641341459355628
555	1.0598747514591875	0.2874599891798905	0.19821639637998983
556	0.9373277446664978	0.2570585004723021	-0.1322267456816541
557	0.7480453711759628	0.33977051807757724	0.7667956425516884
558	0.9922750306709562	0.3210535740782552	0.5633554148570484
559	1.1959542731384247	0.21736901431969916	-0.5636239919554726
560	1.2591150106597875	0.14317532383168355	-1.3700580597677319
561	0.738693596934851	0.2104081976990419	-0.6392832511966414
562	0.4994972640860585	0.24343639736199293	-0.2802895789380629
563	0.6018844619054574	0.16543399801566785	-1.1281216761179975
564	0.719111841126882	0.0969045959870327	-1.8729888485040471
565	1.1794335823198931	0.2081956113472212	-0.6633325335594438
566	1.1459433481696226	0.43202451786137064	1.769532773273242
567	0.9034942020556943	0.3938034605747265	1.354096332505646
568	0.7500070006182251	0.3205199995414645	0.5575558289171272
569	0.7598153627526258	0.2748520683604879	0.06117702273287303
570	0.8169026355800607	0.3194935817514284	0.5463993779002124
571	0.990639993081106	0.28321962782524024	0.15212660311412063
572	1.0792609435906564	0.2838527395468976	0.1590080893660849
573	1.152300922333763	0.43938500377717926	1.849536161150533
574	1.1436141922670706	0.31090306183775335	0.4530263717451109
575	1.266655736038426	0.2925807877399887	0.25387593273819503
576	1.2650945557721696	0.3737182152084494	1.1357836159229535
577	0.9423058877960473	0.353621892565015	0.9173504970038964
578	0.7847595516467314	0.312301159213461	0.4682227226271539
579	0.8021547806936994	0.33228419458467123	0.6854244873007193
580	0.9035862796606825	0.4559796142666474	2.029908092412578
581	0.6792158478141102	0.4310388314774595	1.7588190444516114
582	0.6199419462370577	0.4120519186537426	1.5524444424751793
583	0.7734262875705872	0.36035945496778055	0.9905831374058296
584	0.7452615217407933	0.30068298837368124	0.34194124627473027
585	0.7031070272690133	0.2911200005343552	0.23799818679108664
586	0.7876525084971252	0.31503897420731525	0.4979808768298741
587	0.8235014634983157	0.36974434404462203	1.0925903865994333
588	0.8248967516097102	0.32241809361046736	0.5781867978187692
589	0.8155889926762121	0.228568297121584	-0.44189553867193215
590	0.732042244543647	0.1761014315216058	-1.012174056600407
591	0.7329393014757086	0.2096427363515671	-0.6476032862850276
592	1.2638275899011047	0.20018539620577058	-0.7503980284564095
593	1.4559296255856509	0.1435828194711659	-1.3656288641851693
594	1.345752380553377	0.21022257616350615	-0.6413008288234051
595	0.7551422175658682	0.35951722523412954	0.9814286830893898
596	0.7708702143260695	0.3667764361288838	1.0603312815779948
597	0.7285469618381403	0.3650890237635973	1.0419902769876588
598	0.8939610219763405	0.3078992665464144	0.42037719578774235
599	1.0906489708615188	0.2765036141461479	0.07912818242512593
600	1.1312446458585772	0.30618935196749686	0.40179160770851463
601	1.0389468563684523	0.30487198844342916	0.3874727779197065
602	0.8204726620943138	0.3425434149137246	0.7969351121007769
603	1.3481577847858848	0.3718403789356577	1.1153728352461596
604	1.3976737550902947	0.32553247139630337	0.6120379289596519
605	1.1140250529677407	0.37484451390351076	1.1480257032521544
606	1.1682320043228775	0.4176620056253497	1.6134222052409295
607	1.3516123977909311	0.21804805830216	-0.556243253817264
608	1.3326400865299468	0.25167055007991407	-0.19079003756704685
609	1.1256152968921216	0.30006213123857706	0.3351929588974741
610	0.7454993241758464	0.12041942448763641	-1.6173989367889452
611	0.6675012417621116	0.18045648620520754	-0.9648376262255208
612	0.976085805595773	0.29732777043174313	0.3054723493170991
613	1.0791882769991028	0.36614746959087874	1.0534948506035424
614	1.047470579082057	0.341333121316296	0.7837800583138365
615	0.7834570116278766	0.28230780057147054	0.14221567192087636
616	0.761568214071037	0.22163622131619404	-0.5172424051420204
617	0.7028387466505694	0.17508980628997428	-1.0231697227450622
618	0.6414496300008459	0.2181626431548994	-0.5549977957695987
619	0.8416334372046936	0.1915758700783999	-0.8439776190006075
620	0.8650574135799475	0.161346396664916	-1.1725510738632703
621	0.7162771912822258	0.2186218861114037	-0.5500061426641675
622	1.0209147986000142	0.277127533907134	0.08590975842614418
623	1.0661456928680495	0.3282711996814238	0.6418060100063675
624	0.9289203901226432	0.2564045723873571	-0.1393344913960161
625	0.7482730732213	0.34088644373339266	0.778924982123234
626	0.8164824288100297	0.360141080951399	0.9882095629795312
627	0.8315220294433354	0.24519607400512441	-0.26116311166004064
628	0.9056880188127002	0.2290091606724125	-0.4371036569862217
629	0.9563307847178052	0.2336262828883477	-0.3869187339059444
630	0.7722645316299013	0.2341267055989482	-0.3814794853730738
631	0.7357932759609752	0.2995559614443946	0.3296912435434956
632	0.49018505320700045	0.41865860331064303	1.6242545323571171
633	0.5496731983385225	0.4208337921417903	1.6478973295521862
634	0.6664245487649408	0.4169407159484601	1.6055822856415798
635	0.6299121504407205	0.24913481342754537	-0.21835174005171623
636	0.5986490008853766	0.28774451004546714	0.20130894127828522
637	0.6171612135521516	0.31821711707539757	0.532525090284388
638	0.8347145312544996	0.2487038788865057	-0.22303570027266753
639	0.8290938741777063	0.28883719647793404	0.21318568657537876
640	0.7397566455915283	0.2405879626507213	-0.3112500929116799
641	0.8541364333120715	0.26296993834376753	-0.06797350719265703
642	0.9908296368341765	0.32949701636743706	0.6551297890230411
643	0.8867741646899853	0.3058579939349052	0.3981899752197207
644	0.6847364221507348	0.28987524498150835	0.22446855539909732
645	0.5986547767246243	0.2915395526621024	0.24255842805706204
646	0.48786153455521636	0.12946382463188771	-1.519092566647828
647	0.5359558740463227	0.10705665796499639	-1.762642960818438
648	0.5157806262436885	0.5093924348235059	2.61046848604809
649	0.8388456603176686	0.42454293254177566	1.68821311868698
650	1.000447745200181	0.1778193396659376	-0.9935015839972939
651	1.3062291296174176	0.14556114554613483	-1.3441258289054518
652	1.3855358856986706	0.08860919201518812	-1.9631541486145891
653	1.1486617781582618	0.14533257581935585	-1.3466102236475477
654	0.5489142717584115	0.3453778577306325	0.8277435438661374
655	0.6400860980355738	0.44345470969084966	1.8937710478797618
656	0.5353038881505123	0.41756358766218776	1.6123524700942284
657	0.5695462931295348	0.24636978151794506	-0.24840572329237814
658	0.5290820415140891	0.2596627387879212	-0.10392047752592105
659	0.5643418030690437	0.2609556762167361	-0.08986714248775683
660	0.7185060363081174	0.2821916381815395	0.14095306713571568
661	0.8820045192393657	0.37936464926586017	1.1971564463563846
662	0.8086615889970775	0.49196376374261286	2.4210308933919222
663	0.6484614545312253	0.5638845100497157	3.202759631011451
664	0.503453178525554	0.47625987904310524	2.2503405350153667
665	nan	nan	nan
666	nan	nan	nan
667	nan	nan	nan
668	nan	nan	nan
669	nan	nan	nan
670	nan	nan	nan
671	nan	nan	nan
672	nan	nan	nan
673	nan	nan	nan
674	nan	nan	nan
675	nan	nan	nan
676	nan	nan	nan
677	nan	nan	nan
678	nan	nan	nan
679	nan	nan	nan
680	nan	nan	nan
681	nan	nan	nan
682	nan	nan	nan
683	nan	nan	nan
684	nan	nan	nan
685	nan	nan	nan
686	nan	nan	nan
687	nan	nan	nan
688	nan	nan	nan
689	0.6337585436679841	0.24138443839435614	-0.3025929528014034
690	0.7659219432897145	0.29793530396435486	0.3120758183562294
691	0.7331668102188772	0.31823274220518943	0.5326949246314229
692	0.8675448648051517	0.27406926160506273	0.05266845506443465
693	0.9998459441542934	0.29771641072135807	0.3096966002959682
694	1.0042057522467795	0.2984094918503042	0.3172299125016767
695	0.7846044693929584	0.34734215354167025	0.8490940798869546
696	0.9886450213031788	0.3832296980827863	1.2391668520825987
697	1.0760196250630307	0.3327022609716761	0.6899685795930736
698	0.9696544660844527	0.21769064567121393	-0.560128081758366
699	0.6484543766748	0.26386556527277655	-0.05823866231767927
700	0.5057400398015285	0.285012595172325	0.17161491730436423
701	0.8164081977556225	0.18532956039196183	-0.9118706823610698
702	1.1089477484704355	0.14264897410597185	-1.3757791170113542
703	1.0566921068975905	0.2292053732670154	-0.434970961877233
704	0.8674380712334637	0.25598669427877324	-0.14387653723223717
705	0.7776859070053634	0.2332151492390662	-0.39138747213723823
706	0.6588602484985242	0.5739590470157929	3.3122628754711796
707	0.8426500908832103	0.3263413332765166	0.6208296978023676
708	0.8097721640121264	0.21484971168385986	-0.5910070680540824
709	0.7723305736466677	0.2132477301218138	-0.6084194989379419
710	nan	nan	nan
711	nan	nan	nan
712	nan	nan	nan
713	nan	nan	nan
714	nan	nan	nan
715	nan	nan	nan
716	0.524504848527196	0.39758293134206607	1.3951765640595073
717	0.5839516312158043	0.32161059981484685	0.5694098991087558
718	0.661473772291012	0.34413207482755614	0.8142027458881594
719	1.020350672974487	0.3650489723573205	1.0415549459201112
720	0.8544709970046468	0.28201993917512064	0.13908681776498205
721	0.811125849911236	0.20070760926474737	-0.7447219339173009
722	0.5298208432490643	0.1683257347598935	-1.096690499014538
723	0.413360148419716	0.21494328154783257	-0.5899900283903075
724	0.4379715886173567	0.21100372498346545	-0.6328102817660609
725	0.38031961194111147	0.19212885118006082	-0.8379670971313962
726	0.4881901815456812	0.22357051949572737	-0.49621792261496667
727	0.8988511436405949	0.2405107429668252	-0.3120894174336157
728	1.0579144378485568	0.2611482488647493	-0.08777401107907258
729	1.1029804769939446	0.26547089195014945	-0.04078987234529641
730	0.9339604798131279	0.2917742773658645	0.24510972313924223
731	0.8040407612635289	0.2873248063590512	0.19674705267447112
732	0.6297655397357474	0.2250636510209139	-0.479988616299096
733	0.58842038399687	0.2834043036912149	0.15413390196723192
734	0.5841087971642082	0.34918665179451835	0.8691424993594591
735	0.8350078295478415	0.36615649967177966	1.0535930013334187
736	0.9046003774928579	0.22547385590902927	-0.4755299730589033
737	0.6267580405821261	0.23568188059283374	-0.36457580949134083
738	0.36042528995334744	0.24537459194048344	-0.2592227452509552
739	0.6680324164474434	0.10287520767629643	-1.8080924315684572
740	0.8777573664493932	0.09931199027272584	-1.8468221387222616
741	0.9709199644330485	0.08448581557857375	-2.007972396784051
742	0.8387136526274803	0.17630054912153384	-1.010009786094023
743	0.869071257855778	0.2372594582334823	-0.34742863234366433
744	0.7188630311759848	0.330999641547047	0.6714622847921481
745	0.8693227244694924	0.3143594411190604	0.49059482245018377
746	0.832382398937734	0.24929909113528295	-0.21656615506153312
747	0.8073158013096928	0.21279456312921988	-0.6133451105207057
748	0.8241300119437622	0.23331479679006678	-0.39030437222170145
749	0.7475160058459439	0.22317282323489435	-0.5005406057335414
750	0.5033144484168437	0.2886815346337095	0.211493750058736
751	0.37051318478121686	0.20105287889475212	-0.7409690919925318
752	nan	nan	nan
753	nan	nan	nan
754	nan	nan	nan
755	nan	nan	nan
756	nan	nan	nan
757	0.9403410408665045	0.14630860316914007	-1.336001481842075
758	1.0424069577517845	0.2839471422954347	0.16003418190865412
759	1.142181867483245	0.25457666810525903	-0.1592025458907833
760	0.8387114203747233	0.2604134791947589	-0.09576044887422659
761	0.7322616373559534	0.28597374490186456	0.18206194967424508
762	0.5123086257333241	0.3222064647740767	0.5758865388307837
763	0.6096911130147898	0.32085884384588864	0.5612388319996592
764	0.8923048179198733	0.2034718881272247	-0.7146761357776988
765	0.9227418881553144	0.17297838488741152	-1.0461194121234278
766	0.945351843401205	0.46732986061353876	2.1532774149518485
767	0.91397763265061	0.4429968940538703	1.8887949087497513
768	0.8959679596359535	0.3235189575085525	0.5901524265076918
769	1.0406788859737868	0.29418734774559996	0.2713381281349701
770	0.9054657271597237	0.20443583227029338	-0.7041987300667072
771	0.9053877264831598	0.23190346690347305	-0.40564455133915134
772	nan	nan	nan
773	nan	nan	nan
774	nan	nan	nan
775	nan	nan	nan
776	0.8929933746307533	0.19527674153397762	-0.8037517075687737
777	1.064385102466517	0.20035633280852416	-0.7485400658858746
778	1.200849411217287	0.21817268934215378	-0.5548886006668847
779	0.8237933679137143	0.2927011814999365	0.25518452958700144
780	0.49596736415876747	0.3131437680085233	0.4773812970787942
781	0.47429237184268	0.3319938263930716	0.6822683860153574
782	0.4726349795244758	0.3423658779952193	0.7950054086659517
783	0.5131614894373467	0.31150909884995714	0.45961357464311525
784	0.8069599760359071	0.14884724539709418	-1.308408197761676
785	1.1302331144050166	0.06236724602299591	-2.2483859400862842
786	1.205695792548876	0.08028970867323035	-2.0535811748134685
787	1.0869289117934522	0.15339017288594592	-1.2590297200162859
788	0.9073253569083398	0.192753053789726	-0.8311824467609901
789	0.8404717789464254	0.2639547075153045	-0.057269747834751424
790	0.9212905046248109	0.26788445187370513	-0.014556146347045218
791	1.0762253617023825	0.24629370933467543	-0.2492325752766638
792	1.0655890249327324	0.25888893586689743	-0.11233117974576798
793	0.8772369175730415	0.321456120375417	0.5677308145139154
794	0.6547855298784089	0.2844383970346629	0.1653737809376554
795	0.884032167477563	0.2957307726398216	0.28811408856533754
796	0.9427553753955895	0.3488504733540201	0.8654884723728167
797	0.9312659140906925	0.29712421554175616	0.30325984853872384
798	0.8380634971491081	0.41953581706482257	1.6337892387650446
799	0.6862631274667541	0.39815875402622336	1.4014353581223062
800	0.5956146684009824	0.20989214077822832	-0.6448924327744413
801	0.6736187294585021	0.10533121653823382	-1.781397314987957
802	0.9381441590179176	0.059653028818330595	-2.277887602652023
803	0.9002523111494716	0.09735939572474611	-1.8680454901118209
804	0.8402119024505015	0.1888903806020675	-0.8731670310411849
805	0.8198643136149114	0.2931324330276314	0.25987193523351576
806	0.8521319762105856	0.2492368862852044	-0.21724227873130253
807	0.8062327540327796	0.26599107330863764	-0.03513586098440448
808	0.7772884052422616	0.23358277038786768	-0.38739168467213453
809	0.7778053371652129	0.18487791718361485	-0.9167797314636464
810	0.8608898425403894	0.1261740515779953	-1.5548501229653446
811	0.8909018559035362	0.09652623915215977	-1.8771013254468194
812	0.872221195826675	0.16061240735196933	-1.1805290297174265
813	1.0877947820720621	0.19265406761897613	-0.8322583579309278
814	1.2020497738662403	0.21687682620439383	-0.5689737361364637
815	1.044510588784217	0.3111877676960184	0.4561209273859004
816	0.7475060277354254	0.28972480491928737	0.22283337603895495
817	0.763956964734943	0.2900632964556708	0.22651254477702717
818	0.7878205827800232	0.2687756732995886	-0.004869186242091829
819	0.7692552861334474	0.3413378296211468	0.783831234329052
820	0.9213318492729698	0.3774591472218029	1.1764449578927951
821	1.000653243437397	0.17700566475479934	-1.0023456671551738
822	0.9635929849523512	0.11241471417836661	-1.7044045979698765
823	0.6929267807815092	0.1456414583090234	-1.3432528847555187
824	0.7714094072695363	0.12883895044252255	-1.5258845166247876
825	0.6927636149931609	0.17822219463842967	-0.9891228292532143
826	0.5780918609960718	0.2876234065264234	0.19999262983931432
827	0.4666888492892248	0.2716144728617601	0.025986600329077507
828	0.5193645055436241	0.11631077055129317	-1.662057161569573
829	0.6393138847768185	0.11572882722872689	-1.6683824827359208
830	0.808350552307515	0.18147421115225792	-0.9537756603957388
831	0.7396506828377664	0.29810013019577686	0.3138673654192411
832	0.598170107227212	0.3032773854566644	0.3701405470426077
833	0.6139931620183914	0.3239161631568638	0.5944697770076974
834	0.7672768327757697	0.3822372138703106	1.2283792355690966
835	0.754249346517819	0.33648288476219973	0.7310613437109637
836	0.6027427801861681	0.23766312175359824	-0.34304108924649085
837	0.606294650018692	0.1969063970643581	-0.7860384798016528
838	0.5489498433011891	0.23332462089696832	-0.39019759097872625
839	0.4874892546803686	0.25061735088943926	-0.2022375838719226
840	0.54708380174515	0.33940846911182626	0.7628604208599605
841	0.7621713197955593	0.2982885476290497	0.31591533251942894
842	0.7741073279229491	0.33026542913918067	0.6634819040506146
843	0.583640591432572	0.34198145940166635	0.7908270446015354
844	0.6204152004338441	0.2800863933569127	0.11807051288484309
845	0.6146304710658079	0.27430860358044873	0.0552699366936566
846	0.7360749952110837	0.29665487216930436	0.29815841090221523
847	0.8252176486411108	0.28045602100984385	0.12208810966117953
848	1.0021092301496326	0.2783461869451654	0.09915567354705529
849	0.8747952904458406	0.2615343510687065	-0.08357734733475103
850	0.5327002310145228	0.41530128603712446	1.5877628171181066
851	0.6680540284612047	0.41367140889916687	1.5700471806299925
852	0.7362712275778932	0.18240696427099354	-0.9436372795326379
853	0.8915338949625875	0.2163534599267097	-0.5746623653648042
854	0.7299772542622727	0.29759051987376123	0.30832825390882823
855	0.7635655283022531	0.13699015641859555	-1.4372865489320776
856	0.8061314401669424	0.14843479414385935	-1.3128912574360583
857	0.9620007576984071	0.14878921582697605	-1.3090389390278936
858	1.1289254369857438	0.18072032851963638	-0.9619698428670396
859	0.9466395945174273	0.347400288466454	0.8497259662854737
860	0.6409710580844592	0.4137458152247903	1.570855925894567
861	0.5442920940367776	0.21054145876127336	-0.6378347956771837
862	0.5321081226906919	0.09748735737422902	-1.866654635541335
863	0.5003197273261396	0.24272724941805623	-0.28799752630323605
864	0.5622057661151139	0.2439519237280796	-0.2746861641229594
865	0.7065006780152464	0.16694236108049548	-1.111726813507636
866	0.7660805574764576	0.12511495216005977	-1.566361800659303
867	0.6159397750673414	0.19496059110982364	-0.8071880438786954
868	0.6272666945484532	0.17963082564119426	-0.9738119851351501
869	0.6423376012655971	0.25370109585079714	-0.16871941033282511
870	0.7279961107905583	0.2025548739815407	-0.7246434448963196
871	0.5778574300012171	0.24273577464651092	-0.28790486297005347
872	0.6149655970886613	0.22229425277753223	-0.5100900585661196
873	0.5834179012922074	0.16202801328227376	-1.1651423729641952
874	0.764566321727793	0.1608943697113332	-1.1774642940109787
875	0.8610516476147032	0.23663495981870397	-0.35421649791093035
876	0.6238505326941355	0.15886014711482713	-1.1995748857950737
877	0.40231278156504807	0.23324657138242166	-0.3910459351855263
878	0.3557718590513301	0.30597129179670696	0.3994214445665916
879	0.35177098445554594	0.21944342033075329	-0.541076634265282
880	0.3487284942132305	0.27327336678435354	0.04401762918431627
881	0.39694827455987225	0.3066115328858474	0.4063804221090215
882	0.41088872319673253	0.3518016579893809	0.8975658069103606
883	0.6618833109692875	0.34868168965496243	0.8636539103754802
884	0.7591487624639717	0.2828660044938376	0.14828296223656612
885	0.6522131708239985	0.3050740969529563	0.3896695575434908
886	0.5261596104591375	0.3304143990197739	0.6651011035539428
887	0.8049361865012366	0.37403221884321947	1.139196618118017
888	0.8019988469856417	0.2775374935738993	0.09036573627997363
889	0.6129418352733215	0.19947672313018658	-0.7581008143312346
890	0.4938273608646105	0.3237041678996423	0.5921655352788722
891	0.5436718305974666	0.3373482262255072	0.7404670065336585
892	0.5849558956522772	0.2940229351437246	0.2695510769388663
893	0.566694459916781	0.31256147447675287	0.4710521693807693
894	0.663932581803305	0.2128722124215605	-0.6125011164523002
895	0.5417852185676832	0.22138183052230237	-0.5200074570134485
896	0.5507594050830198	0.2382512805334643	-0.33664821036087317
897	0.5467126449381028	0.20931446463072428	-0.6511713727010789
898	0.6655320287800659	0.12478226912032206	-1.5699778350587668
899	1.0365584339640688	0.10280631653137673	-1.8088412306357151
900	0.9439234971249846	0.17908210812977213	-0.9797761647292013
901	0.8839016304088321	0.48853765257618265	2.3837914361476753
902	0.7088663472495501	0.4885360670605538	2.38377420269009
903	0.8336089871095664	0.30652937941577896	0.4054874707459551
904	1.0318226935903658	0.17862647863126235	-0.9847285420470252
905	0.8795667604776845	0.2927531842165259	0.255749763126412
906	0.6723690619094584	0.2884263850856709	0.2087204510548478
907	0.7716011455793622	0.33607598441118725	0.726638618502083
908	0.925996325151348	0.36270877281560476	1.0161185965013824
909	0.9665411239901641	0.31532506172495867	0.5010904501518907
910	0.7784688884869669	0.3542823691988087	0.9245294209121395
911	0.6277684126986972	0.2943321483141996	0.2729120101024161
912	0.7247720798729599	0.29049515531708436	0.23120655172074112
913	0.8331394727966903	0.20146638726724603	-0.7364745421634119
914	0.8899207218203314	0.18327324654093563	-0.9342213907929359
915	0.7631049442602542	0.32492556882453866	0.6054413180282547
916	0.8855033195309457	0.2943688098621936	0.2733104957564739
917	1.096118966029736	0.24108449279461722	-0.3058531538849298
918	1.051598013408531	0.14031210219110687	-1.4011792974291917
919	0.683324607912148	0.24453619259995077	-0.26833556584512813
920	0.5569490455867798	0.3103966956350317	0.44752252156624117
921	0.4468506590592999	0.31324079644385044	0.4784359290195922
922	0.5578104227631009	0.28633165443694814	0.18595217861942562
923	0.7707304927254153	0.28339436105228927	0.1540258323631883
924	0.9948042506884056	0.38150016521220464	1.220368026750363
925	0.9483449912642347	0.27349561556800445	0.04643331964919313
926	0.7823425466122517	0.2954080768102954	0.2846066082289482
927	0.8544547067692412	0.32589062469313645	0.6159308074263475
928	0.8072000235492838	0.42302581616073687	1.6717231135873771
929	0.6450439540929095	0.4236808637579887	1.6788430276257247
930	0.5908756444554025	0.42166534706709674	1.6569357560897167
931	0.5805870312079624	0.41385972927914216	1.5720940928280043
932	0.49137524938700267	0.4045333360323012	1.4707226528228514
933	0.5610864387287368	0.43364316492568006	1.7871263466328833
934	0.5710717145419761	0.2320324494538649	-0.404242600282328
935	0.7919186144229887	0.15830355530255624	-1.2056246535897235
936	0.9095615011360161	0.27915768345552394	0.10797607899608212
937	0.8953023544771671	0.30391193381031706	0.37703764849010013
938	0.742660849063353	0.36736900345712054	1.0667720783333443
939	0.5527502684818971	0.3163221392000565	0.5119279922512014
940	0.5844743713593897	0.2547946157732286	-0.1568336055766567
941	0.6819981704352526	0.16948325946001397	-1.084109006621164
942	0.801129683249732	0.08006286103216562	-2.0560468516756676
943	0.8894958988049219	0.0847970867044914	-2.004589095069105
944	0.8165628359449011	0.2961192108213459	0.2923361427691357
945	0.888496181689409	0.30436405433163366	0.3819518856543188
946	0.8490482802427392	0.22275464083940028	-0.5050859589578864
947	0.8890420458265115	0.14648179762288302	-1.3341189779938938
948	0.6746790924618181	0.17794718212867855	-0.9921120249042067
949	0.6339977354983451	0.21814308552833142	-0.5552103736349969
950	0.5493597998736495	0.19648555984731852	-0.7906126890988551
951	0.5173972211859321	0.23908499849212017	-0.3275862731478216
952	0.5630560876259448	0.2651263834462728	-0.04453444135581114
953	0.5740244299195141	0.267631643903639	-0.017303994018926426
954	0.648079136555429	0.3056472264362605	0.3958990783769211
955	0.5645057485760514	0.42727293325186233	1.7178863370332378
956	0.43033155454390487	0.3901427965150076	1.314307447640159
957	0.38105814389354925	0.38518089944356904	1.2603750604915203
958	0.4066596208002305	0.36025364397648346	0.989433045159849
959	0.5129784599581603	0.2837704725603499	0.15811390415745102
960	0.5019259000758463	0.28297806839247774	0.14950101925786877
961	0.5085158500164252	0.13782632668604344	-1.4281979568196446
962	0.5066326876728012	0.13939150920337065	-1.4111855060840839
963	0.5668385439930201	0.14737300172113105	-1.324432206228346
964	0.6169886911693535	0.21680220167537675	-0.5697848531209132
965	0.7485044084352127	0.2919105652740497	0.24659107837940478
966	0.7328762106097575	0.2925631354905362	0.25368406500337315
967	0.6830135616066159	0.25074244181498473	-0.20087793208387295
968	0.4479287384587424	0.3241954558138125	0.5975054948965335
969	0.3183156784231495	0.22772920335836036	-0.4510159071601614
970	0.3053877743192212	0.24500304277075105	-0.2632612275850825
971	0.26784312141953964	0.2655714950811099	-0.03969638593693149
972	nan	nan	nan
973	nan	nan	nan
974	nan	nan	nan
