ID	SN	ssim	z_ssim
245	0.6484446305845646	0.3418653283741816	-1.1344092059968913
246	0.7310112870167481	0.35174927308379017	-1.0577181225456995
247	0.9654896413266871	0.3596189952510708	-0.9966557089850598
248	0.8181651043189941	0.6177047683770517	1.0058724461075639
249	0.8462239946930274	0.6248657958073112	1.0614359856037345
250	0.7264894081282453	0.6751820860262389	1.451848004843671
251	0.7474119166218136	0.6186941144665985	1.0135489382111453
252	0.7525205491452102	0.6270909387968084	1.0787012204580408
253	0.7286266569134038	0.3967501714004028	-0.7085490661037992
254	0.7249748854404353	0.5132631364865511	0.19549337758581764
255	0.6586374742999128	0.599739795173031	0.866479390028587
256	0.7440672658895999	0.5414934308871306	0.41453667733453703
257	0.7871804531748563	0.5065155623055747	0.14313788695834526
258	0.8454836963817723	0.48974780883577934	0.013034247326389716
259	0.854269640285019	0.4487397571936655	-0.3051536830045848
260	0.8162111149479486	0.4900399311095166	0.015300870049537608
261	0.8213316648202948	0.5583151718285462	0.5450592142603348
262	0.7813040402507423	0.550992766166237	0.48824351564905955
263	0.7816255299369114	0.5684182974581525	0.6234509569847536
264	0.8829417027992927	0.5780964991858029	0.6985456482400726
265	0.7394292004129142	0.44933626557888084	-0.30052528051004085
266	0.7762287290557767	0.40048972544280004	-0.6795332774119698
267	0.8006173819394619	0.28219425258732667	-1.5974064795797087
268	0.721320582061389	0.29112808285448283	-1.5280874837043879
269	0.7203446529082607	0.30851164411683035	-1.3932056944372364
270	0.8272412397703078	0.3443869126698554	-1.1148438363666122
271	0.8178376427193373	0.4890158498421753	0.00735486223161385
272	0.798524207563571	0.5517953669642925	0.4944710216287146
273	0.9346795410599062	0.5262877942376807	0.29655374810205964
274	1.100462327303944	0.40185598676839784	-0.6689322406380898
275	1.1367626487868687	0.34822744128845573	-1.0850445700373053
276	1.0580269395105102	0.4343806714627369	-0.4165680903517777
277	1.0052390730592884	0.5748420629517478	0.6732939650158769
278	1.031973426867076	0.4519481589286055	-0.2802591887081898
279	1.2009956013235301	0.47022236145751833	-0.13846677360226448
280	1.0678285459733268	0.514806267018469	0.20746677038356878
281	1.0861430900325553	0.4428673020689552	-0.3507189870673158
282	0.9613361756352955	0.5294697024970092	0.32124267534919143
283	1.1703042946780462	0.5504178794452594	0.4837828790521535
284	1.2449500214714029	0.5047139379974988	0.1291588002457264
285	1.1017553876137254	0.5545965678247665	0.5162059802171938
286	0.9832948881362152	0.5650378010694138	0.5972211531693616
287	0.7240082615948847	0.5533613324810396	0.5066215946696369
288	0.5739300012235831	0.498118835212913	0.07798635919289867
289	0.7561616001324479	0.5584013990977331	0.5457282652203786
290	0.7603660134793843	0.5321928321191831	0.3423718669056285
291	0.7886101206021013	0.5134956773991105	0.19729769914516163
292	0.8427985626377343	0.6221553382769399	1.0404051188031003
293	1.0951444695870074	0.6239746690265466	1.0545215925838336
294	1.4166140050653349	0.6027945176018242	0.8901814623883266
295	1.350968070652016	0.5298677870993422	0.3243314764660652
296	1.2833848933182088	0.472208953640047	-0.12305249202441608
297	1.1293922580686242	0.5103234419634544	0.1726838248601073
298	1.0404709403181194	0.5186169318400626	0.23703431880917433
299	1.0326209936435062	0.6370093607933028	1.1556598186074039
300	0.9708517758693881	0.6405025249849192	1.1827638296474023
301	0.9027223049888825	0.645524257097699	1.2217282398950975
302	0.9482136696141782	0.698872455031263	1.6356653085349406
303	1.0285923718875036	0.674691794904903	1.448043758825865
304	0.9286315796748457	0.6077342903733457	0.9285099372008573
305	0.7007636292542005	0.46049709667809124	-0.21392663448745516
306	0.7512419112354012	0.4130168560655215	-0.5823332982318798
307	0.8860844626961698	0.41161385525262617	-0.5932194024731599
308	0.9287950914284704	0.45798094291695157	-0.23344986774512427
309	0.8790389681000402	0.5446723035501082	0.4392020509115589
310	0.9766997104126003	0.495520420840878	0.057824852901509814
311	1.261443786928898	0.39858859568496785	-0.6942844425786178
312	1.0732237981158657	0.35055313953484835	-1.0669991111100618
313	1.0951412820676205	0.3620675176404892	-0.9776572381906563
314	0.9212834128487961	0.4855517794491603	-0.019523405443563856
315	0.7423942376175322	0.48203817136340454	-0.046786043877540574
316	0.7777975382492834	0.47640859216330916	-0.09046683539490898
317	0.9270406240087031	0.44927450216732373	-0.30100451254635047
318	0.9291067163830801	0.48711707460485554	-0.0073780338396058215
319	1.0587103701530307	0.48969112404659454	0.0125944211208102
320	1.01182855698285	0.5938861606968098	0.821060118341217
321	1.0991943885077868	0.6900037815098992	1.5668518741106168
322	1.2051376707216646	0.6677499841931447	1.394181156369146
323	1.225056898033392	0.5807015008291072	0.7187582662065544
324	1.324223192603717	0.6924292543819341	1.5856715000699777
325	1.4390270539495114	0.6297693900765785	1.0994837457201567
326	1.3134285226904632	0.5717944088457658	0.6496467368858962
327	1.2428078857593021	0.5908852182985782	0.7977753337074802
328	1.0284584991309613	0.4341706939358916	-0.41819733904825357
329	0.5464845319755333	0.1723165748486733	-2.449964683864923
330	0.4791319009772036	0.15540740959885946	-2.581165559766506
331	0.34210872239766715	0.2309119335052416	-1.995314068891849
332	nan	nan	nan
333	nan	nan	nan
334	nan	nan	nan
335	nan	nan	nan
336	nan	nan	nan
337	0.16711791330332054	0.23267624806913545	-1.9816244743595974
338	0.3050149298682786	0.13158852962621315	-2.7659800002924975
339	0.3675879943965483	0.11029950786365245	-2.9311648725833743
340	0.4514145431978307	0.11440544151874565	-2.8993062867819286
341	0.5404274773403841	0.06563390832244362	-3.2777322930265846
342	0.6062284531469657	0.06522919130699487	-3.280872556081246
343	0.8531466236811649	0.40879936016601065	-0.6150575130557461
344	0.8701529572894969	0.4054455181353243	-0.6410805015096817
345	0.8803000222761923	0.4718361310598114	-0.12594528113376224
346	1.0506244551647093	0.6454520168014448	1.2211677160606023
347	0.8686260152585977	0.6148998732380887	0.9841088230305413
348	0.8293442114985801	0.42522093339368283	-0.4876399404362875
349	0.7984975091899988	0.4933422656170369	0.04092420352021027
350	0.7880576269928742	0.49404788428233726	0.046399209859800526
351	0.7369553997917417	0.3646104124639874	-0.957926516819166
352	0.6423146520946823	0.27912840619455115	-1.6211948645277052
353	0.5640023242745767	0.1491093029169744	-2.6300335612897645
354	0.42642878179764626	0.12821520537051698	-2.7921541543981983
355	0.46676221822426145	0.04982918118112618	-3.400363659725731
356	0.6787940705335529	0.4403043403004226	-0.3706054110253199
357	0.9477080075857356	0.45146730023209203	-0.283990247056452
358	1.0842766490221907	0.406044832964277	-0.636430323376242
359	1.2741534047036833	0.47728686787731006	-0.08365215582571646
360	1.1386998211618309	0.588737411347758	0.7811101613555678
361	0.879981431797375	0.5640380507361227	0.589463932900186
362	0.7859436500550799	0.5110257554814421	0.17813318604122963
363	0.9073256786452126	0.4679322864907842	-0.15623582589295118
364	1.0875241515601788	0.40645576349723433	-0.6332418486607737
365	1.1316205400194677	0.5780713224238685	0.6983502977795766
366	1.2022667370707982	0.45953734324293277	-0.22137351252560855
367	1.2282285918226483	0.35315053666687773	-1.046845497744064
368	1.1465810562493268	0.46861996923492694	-0.15089998719003697
369	1.129795102482168	0.6039391129940188	0.8990625582786456
370	0.9531391660661126	0.5138863862152512	0.20032927037548545
371	0.9012913908455918	0.39867147651495194	-0.693641357167321
372	0.634078590669142	0.20179363603345168	-2.2212475243061403
373	0.46513072939630457	0.5763427843252087	0.6849382984748847
374	0.3350761040306509	0.6075697964050543	0.9272336025976101
375	0.2912345223207319	0.48726096033349	-0.006261601813087895
376	0.4058510681602801	0.3046733156983097	-1.4229878890676542
377	0.5700288516364461	0.4679760878223848	-0.15589596446355766
378	0.6921040239808849	0.4569886141165448	-0.24114950317196301
379	0.6894674961555629	0.5768522645715574	0.6888914359354247
380	0.7043324984116421	0.6311528063873383	1.1102178907253466
381	0.8782797210900776	0.6505675523345769	1.2608599618182683
382	0.9170492153188747	0.5922075704943577	0.80803567262862
383	0.8066967565053161	0.6925860509686663	1.5868881094775809
384	0.7340026341368059	0.7002882705532743	1.6466508441222147
385	0.7422037484005455	0.7523792900412177	2.0508332672314733
386	0.86454775175189	0.5028553412225965	0.11473765519140598
387	0.9877104103465641	0.6159918162148741	0.9925813805383935
388	0.9484270605439766	0.5583345714416692	0.5452097389134616
389	0.9561566449740195	0.4715407891658598	-0.1282368853971551
390	0.8133166257183714	0.4603019033284678	-0.21544117042476518
391	0.6603131083327141	0.5445999194768822	0.4386404114888987
392	0.676322573401662	0.5121422379125351	0.1867961490393433
393	0.6697791444750962	0.47307197338321133	-0.11635618593534017
394	0.7885337027053606	0.49544194035671596	0.05721591046637969
395	0.7713092476252429	0.5468519770715216	0.4561144810028118
396	0.7346923939409662	0.6326933662950007	1.1221713376446971
397	0.7168726945287021	0.5887873388858814	0.7814975569860807
398	0.668719962863909	0.5565627525692761	0.5314619172698422
399	0.6597228097719543	0.5817602730452841	0.7269734465593631
400	0.6653316785473603	0.5689459114735511	0.6275447972149215
401	0.7439721531799932	0.3889309919745505	-0.7692193105746052
402	0.6643087804009565	0.4225588782942185	-0.5082952451534639
403	0.7132824038611169	0.4670744665393506	-0.16289178597916454
404	0.6528430275930112	0.475338607153685	-0.09876901757778182
405	0.7059405471543312	0.512979151096642	0.19328989022562826
406	0.6628424220053551	0.6698985234747764	1.410852010991147
407	0.7457769993513815	0.6693219617628032	1.4063783778753414
408	0.8093342084719368	0.6954777887429106	1.6093255582370762
409	0.9023822535350994	0.43298588474193944	-0.4273904601589767
410	0.7630959523364035	0.45020415415373893	-0.293791196389146
411	0.7515747247107291	0.46157772988639556	-0.20554183125422487
412	0.6393165971465986	0.40508960168010255	-0.6438421133327961
413	0.7009161004516359	0.4395551786165306	-0.37641827450299026
414	0.6724335353930496	0.459356724201481	-0.22277496411076225
415	0.6413925782099793	0.4636942665262374	-0.18911929016940687
416	0.6249933326476659	0.4263282388303275	-0.4790481831832223
417	0.6418417076277066	0.4688220202115866	-0.1493322418446653
418	0.5632549646498782	0.5901774755396065	0.7922838461906078
419	0.6114952861971575	0.5226138821220111	0.26804728545650736
420	0.6572744708926382	0.5344338797982471	0.3597605087508337
421	0.6108129994243231	0.529038721834701	0.31789862852274625
422	0.6654134580062881	0.553293089285148	0.5060920849662882
423	0.6227653890436323	0.5896414014835107	0.7881243631724465
424	0.6248337029928185	0.491027117323948	0.022960603341977495
425	0.8095156121911464	0.5483977276511386	0.468108203163246
426	0.7984393634046444	0.5676110873452355	0.6171876866052474
427	0.862128104757619	0.5687138155597122	0.6257439284707252
428	0.8836800922371786	0.5338152148965464	0.35496019035583826
429	0.8648851644082913	0.4293308825581179	-0.45575019766552594
430	0.8169142194519112	0.5272930413505708	0.304353618749735
431	0.7472122522711363	0.5396148152200975	0.39996020254374837
432	0.6948641093494377	0.5697446344592392	0.6337422146377689
433	0.7963576132941302	0.41263158636556213	-0.5853226665032419
434	0.8353849738400094	0.3828843417624263	-0.816136221751514
435	0.8004611814298159	0.46473214857417977	-0.18106619992155645
436	0.741852358240182	0.37199964473521513	-0.9005923000259392
437	0.7842849636500469	0.3480446910538566	-1.0864625578856937
438	0.6746545958151466	0.45945980648636314	-0.22197513242973807
439	0.7986855531157474	0.4386127074084679	-0.3837310570196321
440	0.7721961810499842	0.37821868771030714	-0.8523377662540461
441	0.8360378622114564	0.5713231361929141	0.6459900581599437
442	0.7571163712988174	0.5818315603443034	0.727526575938242
443	0.6859689511330437	0.7067802869487513	1.697023421648678
444	0.7147366987998315	0.4841086817658563	-0.030720627616498235
445	0.7852088314912009	0.3644354144652882	-0.9592843538484428
446	0.8041303178265855	0.36924773247626685	-0.9219448205935818
447	0.8078288747917048	0.7391817546628595	1.948431511982095
448	0.8093289701005343	0.7166167418887266	1.7733460244989532
449	0.7282168807797729	0.744306532805629	1.9881954726033946
450	0.666820323677841	0.4385298832954081	-0.3843737023553822
451	0.642769139064483	0.5222413188549975	0.265156508399285
452	0.7209954945297102	0.5677361376896533	0.6181579719195736
453	0.7854241360642423	0.5654796667049068	0.6006496582168315
454	0.8152399262584317	0.5431863566469262	0.4276723548940174
455	0.726175248387189	0.4837332902090409	-0.0336333498196706
456	0.7063314598560834	0.47650614181084744	-0.08970993231827405
457	0.6419416920353737	0.5547362780248685	0.5172900136602973
458	0.7665779651210843	0.5332552044234519	0.3506149809088569
459	0.6575744930264514	0.6125440855551336	0.9658298954267514
460	0.7283940266872478	0.5785092294305202	0.7017480872024918
461	0.726375314862674	0.5230900329077574	0.27174181438376016
462	0.8203274272627528	0.48299911416361185	-0.03932993736868099
463	0.7351241754215784	0.6861294157408218	1.5367900600023383
464	0.6153564779268054	0.6072325983712505	0.9246172299539146
465	0.7998405454691055	0.5020964072039319	0.1088489666293615
466	0.8183157098901063	0.4514707616520833	-0.2839633893536615
467	0.7773040826383195	0.3728513358327886	-0.8939838946819525
468	0.718874387276482	0.41749692261093485	-0.5475717564188042
469	0.7165939566505716	0.45747148135554655	-0.23740286022624413
470	0.835524572091625	0.5331528598516516	0.3498208732598047
471	0.7882540268059934	0.40697135380932614	-0.6292413022379655
472	0.7875245356067001	0.3158007521869849	-1.3366483570869434
473	0.7264716200994341	0.3333448118185466	-1.200521235698982
474	0.7028417608551207	0.4687551641716795	-0.1498509883862911
475	0.7721754024690529	0.4695619552739943	-0.1435909691760305
476	0.5992893266229903	0.4361180273305152	-0.4030876725879394
477	0.5351959981737759	0.35842155712216434	-1.0059468199908035
478	0.4572693462372388	0.3573495254018374	-1.0142648829243197
479	0.44065944272790264	0.5458061930430415	0.44800007804362457
480	0.5528419826254882	0.5703721962509263	0.6386115654031842
481	0.5401395484459209	0.5482561020853663	0.4670093080962893
482	0.5234243562057036	0.3996997685559519	-0.6856626772934988
483	0.5139103168244096	0.3412996940420236	-1.1387980518519494
