ID	SN	ssim	z_ssim
245	0.47937259695000456	0.32383202685156204	-1.2063967749503328
246	0.5136802487792665	0.38380750395189034	-0.7378942525565931
247	0.6080474507958205	0.36282148300160844	-0.9018279839009515
248	0.5110879048200646	0.6064709491457682	1.0014564081093635
249	0.6176602961222006	0.5695227492289138	0.7128330290906797
250	0.6321943738000713	0.6212109569160927	1.1165989822809426
251	0.6515927362070124	0.6318495843050145	1.1997033443884626
252	0.5661165132573123	0.636098931455769	1.2328974089446285
253	0.532561395344989	0.46763117408942606	-0.08309994670985713
254	0.5286130334173634	0.5790719560350642	0.7874273081500532
255	0.49119876530549333	0.5930883203944405	0.8969170925526444
256	0.47544697962863863	0.5063582003513432	0.21941885540263903
257	0.5214228110669054	0.5050785068652099	0.20942244261643764
258	0.5363849341889784	0.5317800845329844	0.4180036343644932
259	0.7608693195435121	0.420520347301327	-0.4511093773869524
260	0.6930029361476735	0.42326994754503655	-0.4296306878952881
261	0.6939984645471982	0.5200472948651242	0.3263521491264106
262	0.6703237386056625	0.5245121861901385	0.36122995167367306
263	0.7032657372235414	0.47965375639836316	0.010815273472568927
264	0.743606764922251	0.4309407961600911	-0.3697093317209673
265	0.7962670981225329	0.34081097160637774	-1.0737645921015269
266	0.7948749360699927	0.22494662575458244	-1.9788468175627993
267	0.7770002302028984	0.22958101215568233	-1.9426449926897689
268	0.5250999450191786	0.31763199093621236	-1.2548287775905786
269	0.5373563556108318	0.35682800542687554	-0.9486464420013424
270	0.6075645251713613	0.431980122292794	-0.36159056487987196
271	0.6273017121721114	0.509834639643892	0.24657529760622948
272	0.673029348424493	0.5511817408950618	0.5695609938673497
273	0.8154062165812712	0.45688010178458616	-0.16708267993312315
274	0.9992337000404578	0.3141252580189241	-1.2822218605061577
275	0.948333974484379	0.3556586552985433	-0.9577809001361007
276	0.9645577463197463	0.37271252613146355	-0.8245634271273461
277	0.9086609087982638	0.572750619230352	0.7380477553546014
278	1.0159783118954044	0.47172050235272855	-0.05115588058682594
279	1.0482853541790222	0.4725248000646667	-0.04487305425485393
280	0.880968785089953	0.5260547173806167	0.37327953908089184
281	0.8388564841847361	0.5329924959335759	0.42747446855903976
282	0.8064996915703326	0.5617982484527441	0.6524925654072636
283	1.06552061241761	0.5542470715548615	0.5935060329986713
284	1.0842130195008979	0.5422334616154386	0.49966090109152844
285	0.9059863332746987	0.5709829384993443	0.724239396983754
286	0.7610417498933824	0.5885890280122152	0.8617705638050153
287	0.6239942829370873	0.6006594630737959	0.9560595890224474
288	0.5568094201697501	0.566043220032928	0.6856524498960359
289	0.7155860554463379	0.5773756068149463	0.7741761607326437
290	0.7127221117341278	0.5533936999204794	0.5868398623806619
291	0.7629603266615925	0.49395792488098766	0.12255325937711004
292	0.7981643566510743	0.5642877019410107	0.6719391008084543
293	0.8904353958173814	0.591128197561642	0.8816054596025397
294	1.1233499059202388	0.6193930518213209	1.1023982928733649
295	1.1660307541399881	0.633154825276957	1.209899323099291
296	0.9933513046126571	0.5381522915797041	0.4677805635185424
297	0.8788530351591592	0.547198197949	0.5384432769516222
298	0.9099984905952134	0.5717419178258228	0.7301682156625124
299	0.8819244579038167	0.6833803776887388	1.6022396450308019
300	0.8565947603274089	0.6771056270379119	1.5532240031479283
301	0.7289889500197723	0.6291927372827357	1.1789492030004805
302	0.7539321221811037	0.6287032644387157	1.1751256525569718
303	0.7610193777934964	0.6142684550265629	1.0623671561376165
304	0.8058021729914097	0.5647507820642648	0.6755564827169298
305	0.7399674876309373	0.4798370093320795	0.01224676623983017
306	0.7435191333076948	0.40432459272453103	-0.5776236168419533
307	0.8889796753901118	0.37822351516908015	-0.7815139610816063
308	0.8868646226208804	0.4098991028429261	-0.5340779515493097
309	0.918533810565592	0.5001653150568792	0.1710427103242438
310	0.9688212927038734	0.5053421997708629	0.21148229770069304
311	0.9838418529405095	0.46370181515444175	-0.11379440153430151
312	0.785106984812251	0.43398722475260954	-0.3459119473750331
313	0.7342987267590881	0.4365100106727935	-0.32620503341270757
314	0.6790318373575316	0.5192454117573616	0.32008818463933747
315	0.6382600750266314	0.4995808163253426	0.16647685869120465
316	0.680054879754021	0.5413371547343322	0.4926593388707766
317	0.7387148254629845	0.45603676646960645	-0.1736704511588655
318	0.7832474991639115	0.45300174509028573	-0.19737872728232292
319	0.7238108786650267	0.47452478590571634	-0.029250028701991764
320	0.7097044115562285	0.6394179043262007	1.2588237914718152
321	0.7790878425945575	0.6711539741321753	1.5067322612967513
322	0.9474668417744014	0.5661659236635272	0.6866109576599088
323	0.9594986651759732	0.49501574080454636	0.13081646047822804
324	0.8524838869050988	0.6015279572391762	0.9628438903208638
325	0.7889877927013135	0.6148851093108333	1.0671841930599288
326	0.7388512543457219	0.5765145992118847	0.7674503412254522
327	0.7472714858105525	0.5858580368726252	0.8404372405970553
328	0.6709551701180158	0.4956740845063872	0.13595915712403414
329	0.40374902221250325	0.06671463288471559	-3.2148868020202985
330	0.38540898538588736	0.3076850787319557	-1.3325297594423395
331	0.3605746512670803	0.024192829510110737	-3.5470487638902766
332	nan	nan	nan
333	nan	nan	nan
334	nan	nan	nan
335	nan	nan	nan
336	nan	nan	nan
337	0.15230113470255377	0.17972773937800565	-2.3320772269153274
338	0.2741846266379748	0.1479086997050142	-2.5806338215049083
339	0.3165397141636981	0.07701601777824085	-3.1344168326244413
340	0.37816938019476254	0.08341121477437155	-3.084460315915453
341	0.39288146982793803	0.0796936656534231	-3.113500203957918
342	0.4214704731173224	0.09318150155239704	-3.0081390556050436
343	0.5513839509472017	0.42410004270961515	-0.42314634300577
344	0.571755460018727	0.4525070348281276	-0.2012431901741719
345	0.6240528383402184	0.49413730583249804	0.12395450589177162
346	0.6700196874977692	0.6569263509310695	1.3955922140698618
347	0.6474951725469502	0.5881671176077161	0.8584747819573554
348	0.734653772948394	0.4716347197048694	-0.051825977580508685
349	0.7401808066405345	0.5840283800939947	0.8261447521109824
350	0.6891333083979179	0.6027597610041007	0.9724662092895956
351	0.6408994992607565	0.15063235190475335	-2.559357826925216
352	0.5109141276803477	0.2164982449698942	-2.04484191921323
353	0.4531662401425077	0.06303862309169676	-3.243602202774717
354	0.29988385056869793	0.06746837068180742	-3.2089989279051774
355	0.35332963276539836	0.11422252158502921	-2.8437756951846653
356	0.5297242172937534	0.4201704945480454	-0.4538422759865689
357	0.5774032999905028	0.42115031103940315	-0.44618837276015205
358	0.5489640655129518	0.36290837673770104	-0.9011492075658921
359	0.5310247661004509	0.4973250142881924	0.1488555075069884
360	0.5645028773084451	0.5576407087527925	0.620015661003134
361	0.623609306777392	0.4927941437408665	0.11346230377288952
362	0.6440328661128412	0.5025032318741184	0.18930550670335416
363	0.7811940779221337	0.47411734104000824	-0.03243281200859719
364	0.9008457266568399	0.4184827530061115	-0.4670261839398481
365	0.8169912109875773	0.5762337767426149	0.7652566773888531
366	0.7444209712942947	0.47672018377115943	-0.01210052881727486
367	0.7320806605497245	0.3334199486432846	-1.131500071145515
368	0.8089488551203927	0.4930690594279999	0.1156098263787063
369	0.8021875659300622	0.5932418928006096	0.8981167338583723
370	0.7628194114402401	0.46448636866282145	-0.10766580839257672
371	0.7095093359718179	0.3983395986542104	-0.6243758054700856
372	0.5742457895591149	0.3284047910639613	-1.1706763159994669
373	0.4668763211109232	0.5220966208186912	0.3423605983271897
374	0.32209626911074357	0.5134457053538746	0.27478338323473256
375	0.2539354531096343	0.48865253309198675	0.08110983023562919
376	0.39881819988356754	0.3354202892663574	-1.115874274188726
377	0.5061762646163279	0.4593146108600272	-0.14806534655323872
378	0.5881231301117589	0.4526951092055958	-0.19977403437080765
379	0.5519143767816707	0.5725595312434533	0.7365550585360096
380	0.588822621507081	0.6006648968774764	0.956102035549821
381	0.7056020119687605	0.6126099093512197	1.0494113136838137
382	nan	nan	nan
383	nan	nan	nan
384	nan	nan	nan
385	nan	nan	nan
386	0.7327428126033015	0.4683134809055862	-0.07777006056517938
387	0.837524973341933	0.6234638951941398	1.1341979630159649
388	0.8924993011388024	0.5981129290111281	0.9361671648283777
389	1.044923669805154	0.458712917774279	-0.15276551305476266
390	0.8170388419993999	0.4473814731838202	-0.2412818638978607
391	0.6638783776065924	0.488716105329194	0.08160642909445934
392	0.6350045241867409	0.4575999697677969	-0.16145938217493205
393	0.6334525098852744	0.44581408083194163	-0.25352565595986254
394	0.678806886992868	0.5453204310510245	0.5237749729930329
395	0.6396664654905277	0.5479494055507254	0.5443113862733858
396	0.5644557487144118	0.6059261267357503	0.9972004907629618
397	0.5268257522293288	0.624130178991039	1.1394026842548663
398	0.6425876761072387	0.5582759973913649	0.6249782614526708
399	0.67000434966673	0.5632546392026627	0.6638692608987626
400	0.6954835487406166	0.5439103692771267	0.5127601794517157
401	0.6846008254417493	0.4265688932880832	-0.40386074863708127
402	0.7021202796879709	0.4032624981744417	-0.5859202407254966
403	0.7675551732567609	0.42531053900969645	-0.4136904687492354
404	0.6903627314341729	0.4445635172745106	-0.2632945183248927
405	0.6577614717270296	0.5220062588136514	0.34165472937313507
406	0.694174863216817	0.6286179389428571	1.1744591266372633
407	0.614973036406121	0.6480211233967563	1.3260284229334158
408	0.642482868812441	0.6867358812812697	1.6284513897806134
409	0.6780616498096629	0.4215803265242505	-0.44282927752557255
410	0.5683462651986971	0.43019095358892195	-0.37556677801361277
411	0.6144699411483814	0.47124029826686026	-0.05490702749503195
412	0.5589084723978427	0.37838416946565395	-0.7802589991068594
413	0.6158449368184347	0.419626919407479	-0.45808845020273864
414	0.641775147143523	0.45380915163227614	-0.1910716161127539
415	0.5929680249572072	0.45100164570553886	-0.21300263978950582
416	0.6053201438261915	0.4265422713011474	-0.4040687081004078
417	0.5744934229832088	0.4589118202925978	-0.15121177249198348
418	0.6173502989903071	0.5315748678530795	0.4164005702986269
419	0.7396713317043868	0.4061401052981644	-0.5634416167761275
420	0.7898632953621681	0.3706026665747863	-0.8410447386898416
421	0.6150752684274338	0.5215872783848474	0.3383818352300856
422	0.6155902137033152	0.5560221131790094	0.6073718914874003
423	0.5538614147003643	0.5562466194878943	0.6091256378032479
424	0.6245028396614071	0.46378683281172134	-0.11313028031661013
425	0.6922525544786271	0.5304883324205814	0.4079130247982549
426	0.7506914569944295	0.5598703874124776	0.6374329476458487
427	0.8637442363751058	0.5640873199199448	0.6703738030092434
428	0.7271754998109534	0.5651946579220485	0.6790238491982915
429	0.7268170598419883	0.39850338283662234	-0.6230963941790371
430	0.7990695624644069	0.4719215128854106	-0.04958567312633803
431	0.7189020767252268	0.49300528972385704	0.11511168499346566
432	0.5966005992956454	0.516304762540565	0.2971171030881273
433	0.6020835643098172	0.4310282272721827	-0.3690263576367082
434	0.6369877617073281	0.39884883564253476	-0.6203978660678355
435	0.6240540595287399	0.4553799807071001	-0.1788009778554981
436	0.6372366729729089	0.48395376604655826	0.0444050915765052
437	0.7594412498886537	0.4012842053696414	-0.6013738096488737
438	0.6142028473256622	0.4517759453611052	-0.20695414531709658
439	0.5566903162262749	0.4753006712563392	-0.023189147464697496
440	0.6673170870035173	0.4324317516351118	-0.3580626315262283
441	0.6691356104159882	0.56780301824228	0.6993992334123423
442	0.709713395542814	0.5678044884023401	0.699410717667738
443	0.6853886691962017	0.6685399192105732	1.486312393316416
444	0.6048751116230942	0.47047523718984796	-0.060883354182120035
445	0.5932155686393438	0.39069413930269914	-0.6840988316837818
446	0.6986866550529675	0.3661211424018285	-0.8760524698611497
447	0.6368293692022549	0.6563859993238071	1.3913712207035487
448	0.6869976616541936	0.6557442152216407	1.3863578804979477
449	0.580703393867561	0.6746053677764937	1.5336930577141268
450	0.5646278490840366	0.46855355841635027	-0.07589467874579323
451	0.6264310482993288	0.5408916904473795	0.489179564266824
452	0.686783611500835	0.5994135731875525	0.9463272353580746
453	0.8316732266841116	0.5807195347230378	0.8002974812354055
454	0.808291600661733	0.5053496901130592	0.2115408090186885
455	0.7253932170345814	0.4822730649741326	0.031276180730092175
456	0.7586487252442524	0.47725542561118456	-0.007919450745599715
457	0.6492664523254933	0.4854875370052565	0.056386247836793586
458	0.6956524587344874	0.5123255285593471	0.266033045944624
459	0.6114078520263785	0.5592334298506865	0.6324573102889715
460	0.5816067037662563	0.5803278953203708	0.797238163379353
461	0.5980214815389361	0.5375515640413728	0.46308793945639803
462	0.7091945943383696	0.483597827804994	0.041624655770879246
463	0.6497807017392319	0.7058242654179454	1.7775616019677252
464	0.5713549264390498	0.651035774028942	1.3495775715788232
465	0.6411667597408959	0.5304368496492595	0.4075108636252183
466	0.6591075608579046	0.4627038286943636	-0.12159024070835708
467	0.7008519447452936	0.39011301359139366	-0.6886383347396563
468	0.6985651884146893	0.41577973992784895	-0.48814095461705104
469	0.7480201928285111	0.44588631454233735	-0.252961397413563
470	0.7779688786427862	0.480823220389073	0.019950621051041208
471	0.6206977111418377	0.41989572325557845	-0.4559886706436186
472	0.571143801328645	0.3397678044329248	-1.0819133634939329
473	0.6194975517668042	0.3453558678670905	-1.0382618255524612
474	0.5203832470908383	0.4883044003592304	0.07839036769344149
475	0.550246026866696	0.5186679784286836	0.31557752488172847
476	0.4818664526781194	0.4710111332129988	-0.056697165914422656
477	0.48828999986028393	0.3801261778718897	-0.7666511818486942
478	0.4668058625172407	0.3950265988811745	-0.6502555287403275
479	0.45820902991228474	0.5226345866135362	0.34656295475738225
480	0.42977207546180834	0.5806566899396745	0.7998065649318006
481	0.42628337009338607	0.5642456866888337	0.6716108958057491
482	0.41376155053851116	0.4503030092218472	-0.21846008624380087
483	0.37922812110145465	0.36000627351260406	-0.9238191844787977
