ID	SN	ssim	z_ssim
245	0.5394264236170103	0.1975364307691156	-1.1877594681932888
246	0.621177330710797	0.21798363476378463	-0.9954888151996316
247	0.7151614566785577	0.22501628177764965	-0.929358911375996
248	0.7244437602922568	0.38024228045483394	0.5302736200466883
249	0.7781041741639797	0.40224177803042915	0.737140914249596
250	0.6991199246773457	0.3620877790484965	0.3595618767158726
251	0.7389645603786238	0.3302545411555492	0.060225232049190607
252	0.8500903646436552	0.36659637594789407	0.40195744679764817
253	0.8932713534638443	0.3568516281351308	0.31032491720059463
254	0.7811978406833991	0.44740028756610817	1.1617787336262222
255	0.7125119519682286	0.37704378276073164	0.5001972712019225
256	0.7499257488418816	0.26701385013148504	-0.5344442866848667
257	0.7828199174186711	0.2409809539671655	-0.7792387312521913
258	0.7469082465630272	0.243019446020515	-0.7600702327952837
259	0.6960375384111746	0.2629122154230491	-0.5730130799505883
260	0.6955832758332646	0.25260735081261576	-0.6699125410297566
261	0.582003573136372	0.34999451835618967	0.24584563801944373
262	0.5235418451110483	0.4250527305536881	0.9516385413186949
263	0.6029928034060136	0.43222618834157994	1.0190925273727294
264	0.6835378913626988	0.4339658711853721	1.035451241085616
265	0.7076277216051977	0.38190302658353864	0.5458900702325422
266	0.7052078242890244	0.2319947724868786	-0.8637382541006324
267	0.7069786238693405	0.18314788257270537	-1.3230589232227283
268	0.7253685230686022	0.2618997803731633	-0.5825332837009866
269	0.7987485379215055	0.3161101557801148	-0.07277829317791337
270	0.945378916851748	0.3817713435960664	0.544651819076245
271	0.9933174260029591	0.4629021147944484	1.307546655957555
272	1.0343145345917872	0.3747212663787801	0.47835801428138164
273	0.8930704532146823	0.3516817210098882	0.2617108661476429
274	0.7704754985272936	0.31329284210833747	-0.09927026437856339
275	0.7343381605858847	0.3183499552973712	-0.05171684556531841
276	0.8609577438282066	0.3168032165835278	-0.06626125283972031
277	0.9067285583519258	0.2103789886121179	-1.0669973834003437
278	0.8604689050460967	0.3296258839035496	0.0543137959241009
279	0.8481289958186438	0.3426977346427013	0.177231984548208
280	0.8753606838204512	0.406365231568987	0.7759148759440277
281	0.9902392701943973	0.40848045724926524	0.7958049216873029
282	0.905382543690763	0.40859402870461314	0.7968728651521833
283	0.9916494305264462	0.48755904495000535	1.539402515715395
284	0.9810807640383357	0.4552205004533999	1.2353143348155589
285	0.9812801734074958	0.41704658902716574	0.8763546022693548
286	0.985806820786864	0.4649755986001584	1.3270441914347564
287	0.9087753170006454	0.44719299281744207	1.159829484393976
288	0.9476116774517591	0.3806028622162497	0.5336642689952239
289	0.9568373685412042	0.4003396097714856	0.7192543057261891
290	1.0308381280032493	0.39364788004496953	0.6563301404217419
291	0.8543271641171063	0.3957530462284018	0.6761255939641536
292	0.9081921017894004	0.2979331213289781	-0.243701920893441
293	0.9323246361318985	0.23704263453010965	-0.8162718263422469
294	0.9418766827759663	0.3450477914138253	0.1993302112824832
295	0.899687961842083	0.34480870270771274	0.19708199477035496
296	0.8843029819229509	0.40349013980936044	0.748879601576725
297	0.7851661255265481	0.37371828487368686	0.46892670479891546
298	0.7756616468858879	0.3817810824498337	0.5447433961825203
299	0.7855871617491081	0.3974658401578999	0.692231463859814
300	0.8601453614384675	0.358701989717076	0.3277243733672046
301	0.8790011667957219	0.29153053213342195	-0.3039072186838218
302	1.037090559037702	0.25453086926620294	-0.6518251707852488
303	0.9668711676475877	0.3142131792444538	-0.0906160825069718
304	0.9692085977268939	0.39600133336551424	0.6784603058394292
305	0.8252050720155395	0.3081726494872845	-0.1474168363480035
306	0.8281738069648857	0.23231597045117489	-0.8607179417708107
307	0.9704052336862429	0.25108800623342376	-0.6841993537616969
308	0.9831711345844764	0.34407840000716283	0.19021475868495316
309	0.8132339652457208	0.5231801625398341	1.8743576294388096
310	0.8419073176446361	0.467073499262436	1.3467713252940903
311	0.9079608138761454	0.4501694474405994	1.187817901497344
312	0.8593593642655654	0.36316721269367325	0.36971208658689314
313	0.9440577777092326	0.38224725864142484	0.5491269784459285
314	0.7870039700142965	0.4342077555012536	1.037725745481209
315	0.7339362935421225	0.37536478505022364	0.48440919639920643
316	0.7452859116135733	0.3984743652006772	0.7017149007436935
317	0.9359432431380443	0.3227937219578634	-0.00993089195586484
318	0.837753460456042	0.32712190045090717	0.030768154493106735
319	0.8352239677016287	0.29948698077724745	-0.2290905554051813
320	0.8583221535208356	0.4010181797063763	0.7256350844633368
321	0.7444243314597239	0.44592624074063114	1.14791786806477
322	1.0230739638036068	0.3951050924621136	0.670032707436176
323	1.0678568268070905	0.17401050371140522	-1.4089801964085713
324	1.1159169209878217	0.42359965229898955	0.9379748489647373
325	0.9577970458448124	0.49587012372850237	1.617553863168082
326	0.9805570094609738	0.486860884757095	1.5328375244226955
327	1.0348716991938718	0.46725071054331097	1.3484376914486291
328	0.9275287319554556	0.3076044420600172	-0.15275984623361022
329	0.6691092979354637	0.3908694189988697	0.6302035110894214
330	0.44606310740653976	0.3947904285656354	0.6670738367336013
331	0.31424072750946447	0.4177579496979717	0.8830437212670196
332	nan	nan	nan
333	nan	nan	nan
334	nan	nan	nan
335	nan	nan	nan
336	nan	nan	nan
337	0.15076319163854215	0.11185544217008421	-1.993441244115949
338	0.32734026977655295	0.11074745041598354	-2.0038599936979486
339	0.39184858402045347	0.105092352823235	-2.057036423452555
340	0.5042270931552951	0.049828060112735134	-2.5767016867056984
341	0.585969019440745	0.011060435725085409	-2.941244264652767
342	0.6342710261736766	0.005708250614210928	-2.9915723254712074
343	0.7291334610055835	0.31889282227112725	-0.046612118896577806
344	0.7638176053180311	0.3542751972629068	0.2860980328635144
345	0.9019502025622371	0.36170352719757354	0.35594865144017046
346	0.9778526859777996	0.29101424857107683	-0.30876197426252433
347	0.9354130123770006	0.28379567475057993	-0.37664019871373605
348	0.8186276800600646	0.19794777793788743	-1.1838914582312678
349	0.742569172996113	0.5742666502312486	2.3547378491569466
350	0.6294673383579742	0.5750695827004544	2.362288042826666
351	0.6214992112936026	0.5357579456748107	1.9926299652166042
352	0.5050838026736212	0.023707827268557035	-2.822317381966814
353	0.3982785254451847	0.023431054585171272	-2.8249199512266143
354	0.3547378461396859	0.021732898072227665	-2.8408881814899902
355	0.46456857373286176	0.08214250581669066	-2.272840113345963
356	0.606195375376927	0.372646923750497	0.45885240306057345
357	0.6713303541502981	0.2952773211788411	-0.26867513626414036
358	0.7985749352417861	0.23056757370346553	-0.8771585947061318
359	0.9950958240597823	0.346139733052706	0.20959803724016896
360	1.163708333323317	0.38638643154582125	0.5880487536377562
361	1.0160204889623738	0.29361829732593736	-0.2842753914194671
362	0.9798810816596302	0.28878815117999	-0.3296945770341957
363	0.7954555420955759	0.30122763917500817	-0.2127226682914418
364	0.8689876444344574	0.3093641226671403	-0.13621308808124638
365	0.9252189065958347	0.3826721676082828	0.5531225137055144
366	0.838984525810244	0.28651104412677597	-0.35110683761378764
367	0.920562755799653	0.09962124561527516	-2.108482741283932
368	0.7892422206155919	0.24022711373725167	-0.7863272971654679
369	0.8118061833221043	0.45170873493901875	1.2022922429546516
370	0.7037910051281372	0.450851459363457	1.194231046188984
371	0.8009880883932068	0.3117199804885867	-0.11406031248377084
372	0.6026742886656923	0.18938689013155324	-1.2643918283140654
373	0.3858912867930288	0.5704400129801578	2.318754932214909
374	0.31576091435318904	0.6234710733292714	2.8174205006187107
375	0.3277784313135213	0.573540495745182	2.3479096198671767
376	0.4829848979431105	0.25053661467329125	-0.6893842394482441
377	0.5898083689032423	0.3107076785028293	-0.12357926499576653
378	0.630844266286348	0.26834029003425763	-0.5219714093990812
379	0.5214981784358059	0.3941850388616583	0.6613811917279729
380	0.6032083738392927	0.3484724053408961	0.23153279292546683
381	0.7139841796665308	0.3396591195275554	0.14865905533315132
382	nan	nan	nan
383	nan	nan	nan
384	nan	nan	nan
385	nan	nan	nan
386	0.8143796854481998	0.31517753164396123	-0.081548013072264
387	0.8195446587228241	0.47623485686487543	1.4329180771428358
388	0.7579547544487562	0.34759779436730975	0.22330858666965292
389	0.8803666854322972	0.1698251992498597	-1.4483357592526858
390	0.8951965060634199	0.10138741386184506	-2.0918749780829975
391	1.0519229577582958	0.11482796734793929	-1.9654897766617536
392	1.0884625679973055	0.16214791180606108	-1.5205273933961128
393	0.9483801600939203	0.30849597711048826	-0.14437649825285465
394	0.9511524202255915	0.4028785929731601	0.7431290593723677
395	0.7625544448286035	0.3979753394627222	0.6970224252090302
396	0.7319696186579415	0.40001153112828164	0.7161692924902209
397	0.6643649383752026	0.3142318861791985	-0.09044017608182868
398	0.7124667599992591	0.1336413753596728	-1.7885821542604126
399	0.7654552832055674	0.24091834024177428	-0.7798275052415582
400	0.6845669672385236	0.25206060312448436	-0.6750537591174327
401	0.6259765225395613	0.2156550557757923	-1.017385080463348
402	0.6759942326612693	0.273813193904344	-0.4705081970622078
403	0.767605028868138	0.28321752062101513	-0.38207674016220916
404	0.7892238133634737	0.2684003973095773	-0.5214062042454377
405	0.7703554678586457	0.2943886076714711	-0.2770319525032142
406	0.7748814780591453	0.3244095454999474	0.005263138858324454
407	0.8672528468485774	0.30002340157529217	-0.22404644389016304
408	0.8530951439543684	0.29551419171314275	-0.266447777828385
409	0.8213895494403485	0.18912207914866208	-1.2668819184316995
410	0.6312995431846883	0.21443541332056326	-1.0288537121328327
411	0.5715627834217183	0.26828378305974687	-0.5225027599392682
412	0.568308881128743	0.24081728240245842	-0.780777779751484
413	0.5432043362726037	0.3298446588849436	0.05637099692538529
414	0.5897022085691713	0.348207229607772	0.22903927296160628
415	0.6639684370162512	0.36266691531220535	0.36500765344038916
416	0.6579142368542095	0.28537319015332135	-0.36180638981391167
417	0.6331787372386009	0.36496011541835405	0.38657124139937316
418	0.5487105428868654	0.3468751404463464	0.21651327415121369
419	0.5029161512528703	0.30719408393801567	-0.15661855591827192
420	0.5219219286538143	0.30414847388333066	-0.18525726046345117
421	0.47949068222649444	0.39001997794514964	0.6222159844759563
422	0.6177195626094335	0.3804654674594593	0.532372308509434
423	0.5955512868380086	0.3455626245558376	0.20417132816199818
424	0.6132746138442992	0.283069405825078	-0.383469504108824
425	0.6962433685159647	0.29202251558399345	-0.29928096370401547
426	0.725817935687952	0.36343692911495185	0.3722483038836868
427	0.7188428156020464	0.4064509870765421	0.7767212584420805
428	0.6647673931016932	0.3268507186641565	0.028218157963892637
429	0.6896682553721603	0.17357831396184006	-1.4130441948597887
430	0.7003766163492202	0.10651854818896878	-2.043625518258003
431	0.7424811859113651	0.23599227170236436	-0.8261486753639276
432	0.6717591981358519	0.2838443928580435	-0.3761820890212283
433	0.6735789706585597	0.2830821291617362	-0.3833498630934477
434	0.6186446421754114	0.27006580021619914	-0.505745965102854
435	0.5673628512716156	0.35592899399201605	0.3016491359437944
436	0.5084905563504393	0.28831744542774	-0.3341207519956512
437	0.47222949716719703	0.2709480849821312	-0.49744960007825995
438	0.5302732868805036	0.3373004802976709	0.12648012539120995
439	0.6596730026738995	0.34906080553620755	0.23706568093321737
440	0.6425111408226308	0.3199217429474193	-0.03693689629103578
441	0.583539105194516	0.3421932586636994	0.17248825890593406
442	0.5872983812787148	0.34419984119752395	0.19135670342112082
443	0.6745041510115922	0.3709303747706906	0.4427112233995778
444	0.6443888435195805	0.32060003275703663	-0.030558751648469176
445	0.5601235414011739	0.3152303251310832	-0.08105158146990918
446	0.6215808161801956	0.29602511960326067	-0.26164338310080976
447	0.5788999323504112	0.5048408227691434	1.7019078004009338
448	0.708366174656193	0.4788867162308229	1.4578542362417033
449	0.7415343490273927	0.5011232524473791	1.6669504696332735
450	0.7825530224857014	0.32321805629674977	-0.005940760080299398
451	0.6374175087317486	0.2702437091305592	-0.5040730389098002
452	0.566092853955556	0.43738590882161743	1.0676107906140118
453	0.5799079893508292	0.4029638224210462	0.743930495187437
454	0.6458375902295549	0.34088860342505894	0.16022022877670997
455	0.7307344291705834	0.28301172351046794	-0.38401190669350765
456	0.7159503060238684	0.226142848648427	-0.9187654948902089
457	0.6208223094648266	0.30444875723269427	-0.18243361397954483
458	0.6045579610427281	0.38455803278158074	0.5708558198544882
459	0.582938593659422	0.34463155505633314	0.19541622694136818
460	0.6858379570750072	0.3534561236747491	0.27839605983649335
461	0.8216076300746677	0.35155531060195033	0.2605221944991502
462	0.8114274827974823	0.5367934703291395	2.0023672868343048
463	0.6754761428670722	0.4410899059960323	1.1024404893638793
464	0.5475065098856624	0.3653615280786352	0.3903458344602288
465	0.6641662270582451	0.21689321713609494	-1.0057423104631578
466	0.6835329896080973	0.26030575843422915	-0.5975223080763972
467	0.723539537829349	0.24993606363415133	-0.6950313851646734
468	0.6990063052563172	0.2966926229939336	-0.25536666610646525
469	0.7986522678097407	0.31491264041978484	-0.08403885772065516
470	0.8285519157827941	0.30872759711272024	-0.14219851200656172
471	0.7603659454758622	0.2940155558114521	-0.2805398612004158
472	0.6038099894777856	0.2801198015291144	-0.41120544024002675
473	0.6144707117319499	0.32933582127790006	0.051586257701406645
474	0.7640172700108663	0.40735192832503514	0.7851930554761318
475	0.8345204436225617	0.3985496665098062	0.702422979553945
476	0.7267658942652002	0.3554208812571417	0.296871212891129
477	0.7255639868568972	0.2395000335699679	-0.7931642308889655
478	0.6835854259129018	0.2429929099272317	-0.7603197589400229
479	0.6501271522997177	0.2595923090768167	-0.604231067565634
480	0.6462657578044911	0.3071910287596064	-0.15664728459667285
481	0.7046208554299072	0.2929162518689974	-0.2908769169127458
482	0.5765525681952285	0.2589422834214161	-0.6103434366337512
483	0.5327290131292997	0.2710307026457097	-0.49667272358555237
