ID	SN	ssim	z_ssim
5057	0.27684518385680656	0.12981967782470544	-1.7083025297351202
5058	0.28581499335837535	0.1519416841817509	-1.4818729073671568
5059	0.2977734567771215	0.08230151732760582	-2.1946742883957815
5060	0.6580791238846967	0.20222175034479667	-0.9672316849488851
5061	0.781129248180275	0.28549252328692015	-0.11491434233278651
5062	0.6178185184068475	0.20105381665016536	-0.9791860611097962
5063	0.5303548887925493	0.20644750320288963	-0.9239790247500241
5064	1.3376653822898794	0.26281636856193613	-0.34701594596967245
5065	1.9271654313103403	0.170413436431313	-1.2928054322549436
5066	1.5879914944738798	0.24627460156605463	-0.5163290721718714
5067	0.3995098670546781	0.31959473411343703	0.23413856881519549
5068	0.3265273962119727	0.25057434952441826	-0.47231903570519135
5069	0.33949618885234506	0.2373483804464008	-0.6076933383543757
5070	0.3292191276305486	0.26834464146510256	-0.29043135207670695
5071	1.2464800677433276	0.3029099253284773	0.06336133950403511
5072	1.4584358341984451	0.2699897867727958	-0.2735924801973141
5073	1.0787335952342547	0.28906531765866167	-0.07834503359401707
5074	0.409395902774538	0.4559534550993915	1.6298371867931616
5075	0.3827941106423126	0.5029477922552992	2.1108473557580565
5076	0.709862151587662	0.5001833715046227	2.0825521488704366
5077	0.7269873018126635	0.4748044641173157	1.8227865415800626
5078	0.7798717857768493	0.43584012500619373	1.423967354551905
5079	1.1287539775870201	0.3702987379427656	0.7531190018879925
5080	1.1233780301800331	0.36271628584541626	0.6755088729821587
5081	0.3533483280160322	0.39329099595580386	0.9884560782477494
5082	0.6049544293031341	0.48080914851415596	1.8842474415757957
5083	0.7651729721312902	0.36501840238717514	0.6990721687693643
5084	0.7207971375425044	0.37214471060802934	0.7720134406089242
5085	0.5890941217114052	0.40357299139154545	1.0936973617971784
5086	0.4184969266603067	0.22712695810355013	-0.7123146264871328
5087	0.673858994950503	0.3815657846654945	0.8684427701508654
5088	0.8398862923297482	0.2609252642995623	-0.36637232879845577
5089	0.5875071107870607	0.29457306383900794	-0.0219705408113037
5090	nan	nan	nan
5091	nan	nan	nan
5092	nan	nan	nan
5093	nan	nan	nan
5094	0.518519576457526	0.2914838804449637	-0.053589853185113175
5095	0.6447402557551472	0.39535431986982195	1.0095752139686878
5096	0.6657047001285926	0.40876063526310485	1.146795449911712
5097	0.906288547899375	0.18900995020307498	-1.102460961561867
5098	0.536590673128289	0.3103827081125963	0.13984894901541106
5099	0.6526602250716169	0.5196372325533299	2.2816719908848895
5100	0.5989967164696466	0.48939447456225105	1.9721224789300313
5101	0.9637311700700121	0.27374817115010264	-0.23512356641381307
5102	0.6309103414171414	0.4224392079213447	1.2868023729524687
5103	0.48689377727420896	0.424421718475472	1.3070943441627825
5104	0.5365104152070476	0.39571316083389474	1.0132481278388747
5105	0.8410716902741845	0.21304694873633373	-0.856430451810582
5106	0.8814782118802266	0.26437752841025824	-0.33103670660022794
5107	0.49503485156453464	0.3997962972369043	1.0550410384315385
5108	0.6022938616357615	0.46141792942973603	1.6857687708949478
5109	0.6942675869973908	0.30135881161426364	0.04748492726137629
5110	0.5978080588933983	0.18609024909845945	-1.1323455392929853
5111	0.6736901283082917	0.2500621417844087	-0.47756173400625984
5112	0.4966280326415989	0.17770351453466438	-1.2181878950689868
5113	nan	nan	nan
5114	nan	nan	nan
5115	0.47909308102151776	0.25311243314204795	-0.44634050076569776
5116	1.1430733059416218	0.3673522570196092	0.7229603195344717
5117	1.213706743306377	0.4105019289691283	1.164618447967267
5118	nan	nan	nan
5119	nan	nan	nan
5120	nan	nan	nan
5121	nan	nan	nan
5122	nan	nan	nan
5123	nan	nan	nan
5124	nan	nan	nan
5125	nan	nan	nan
5126	nan	nan	nan
5127	nan	nan	nan
5128	nan	nan	nan
5129	nan	nan	nan
5130	nan	nan	nan
5131	nan	nan	nan
5132	nan	nan	nan
5133	nan	nan	nan
5134	nan	nan	nan
5135	nan	nan	nan
5136	nan	nan	nan
5137	nan	nan	nan
5138	nan	nan	nan
5139	nan	nan	nan
5140	nan	nan	nan
5141	nan	nan	nan
5142	nan	nan	nan
5143	nan	nan	nan
5144	nan	nan	nan
5145	nan	nan	nan
5146	nan	nan	nan
5147	nan	nan	nan
5148	nan	nan	nan
5149	nan	nan	nan
5150	0.4026057331886445	0.5818796710575116	2.9187539814736176
5151	0.5735441793893725	0.5800539107581537	2.9000664262652105
5152	0.702564766912972	0.35023306583252944	0.5477369725571345
5153	0.6144617548593303	0.33623217873677164	0.4044310026219404
5154	0.7187047096903112	0.34384935229625774	0.4823965227808463
5155	0.6208163155710722	0.34781607413015514	0.522997872965437
5156	0.9083173683841724	0.3545902226213369	0.5923346166570542
5157	0.9967263602860754	0.36117334943174934	0.6597161594350388
5158	0.9370790658878434	0.25278668702869367	-0.4496746725512127
5159	0.5211879552751507	0.22663491134601635	-0.7173509672103725
5160	0.6129818445431728	0.2540803353781781	-0.4364335450276503
5161	0.6019276806817916	0.3152693210943242	0.18986583782073638
5162	0.6885459494549119	0.21496208205623962	-0.8368281197521027
5163	0.6282883364040134	0.2461418699223416	-0.5176876458689017
5164	0.4034389481245478	0.3846080422473067	0.8995817737420302
5165	0.46482428633374284	0.2926583226869176	-0.04156885883918614
5166	0.7096562656936465	0.17171311024957941	-1.2795026310929745
5167	1.3466320406590662	0.22911388117904305	-0.6919774909490278
5168	1.5069234609178563	0.24641640685153787	-0.5148776252857472
5169	1.2342706368991603	0.2096885188711094	-0.8908056343260614
5170	0.8014103841501736	0.17752425973166572	-1.2200226561975906
5171	1.2791576976272419	0.25265624987040625	-0.4510097610606853
5172	1.6947940746579524	0.22058359248464995	-0.7792891939015941
5173	1.5043004040478374	0.2566367276465249	-0.4102676120374992
5174	0.8270078159453916	0.2861160261241388	-0.1085324839381114
5175	0.3827315025770956	0.24076502432246266	-0.5727223067880587
5176	0.4044441680842754	0.1844406165916143	-1.1492303398640649
5177	0.41770270964342127	0.17102181000854	-1.2865784292821194
5178	0.47689786988764693	0.1861660224938513	-1.1315699612994166
5179	0.49490019682097935	0.19711684507550573	-1.0194829027495544
5180	0.5051408493011497	0.26509122220449144	-0.32373169937319973
5181	0.5168504441221069	0.25961807820340493	-0.37975202182179224
5182	0.5210140003028653	0.0969981974845913	-2.0442465340456826
5183	0.43501010736090306	0.17865144786978468	-1.208485330860432
5184	0.38574467867362655	0.22922170283213517	-0.6908738832654073
5185	0.4634892516929745	0.1665857275784164	-1.3319839161640155
5186	0.6798326739012611	0.14392807174802238	-1.5638961745105764
5187	2.0025747614792255	0.210115432847645	-0.8864359596713132
5188	2.6953063167393156	0.3567783080964981	0.6147307483574587
5189	2.5047655241216744	0.39933434260601874	1.0503127054343266
5190	1.2812897141248212	0.32386020028436646	0.2777977143157696
5191	1.013396420053874	0.298772532195938	0.02101308458228767
5192	0.8574176146666168	0.35386993893707946	0.5849621586624262
5193	0.454244622274893	0.33325513358951253	0.3739594803926029
5194	0.4749880457938773	0.3573874636795001	0.6209657555442527
5195	0.57102177050044	0.28529014789540524	-0.11698575406360791
5196	0.6596662866423909	0.22020954674919974	-0.7831177360898286
5197	0.667199143626695	0.24712740124730492	-0.5076002477305239
5198	0.7627465782915137	0.20922762472378958	-0.8955231127520629
5199	0.7117261798654982	0.2123728882148933	-0.8633297929851359
5200	0.6031690800704397	0.40040307240712586	1.061251680922009
5201	0.2892206639523271	0.3483178916953842	0.5281342227141221
5202	0.4172350073057986	0.2009097172739659	-0.9806609891434334
5203	1.1325546798098507	0.2391625566708665	-0.5891243518535705
5204	1.521873608572484	0.3033827576782704	0.06820101130771407
5205	0.9356310553987344	0.26264638260691003	-0.3487558358776309
5206	0.9146965874079882	0.2721684110109728	-0.25129318891377284
5207	0.7637095853428941	0.41163203954406336	1.1761856858835102
5208	0.4603589154759553	0.47883989716877956	1.8640911848925417
5209	0.5324677078581428	0.305244569408443	0.0872575706531539
5210	0.7316167425674831	0.2388089853503184	-0.5927433283288372
5211	0.7666970357242987	0.2239873489612047	-0.7444500712117417
5212	0.6477188634991251	0.22496640420878147	-0.7344289589126045
5213	0.4818895659508311	0.26108507630475586	-0.3647365742741236
5214	0.5099382360420962	0.3066990653902524	0.10214505285442012
5215	0.5161801421851235	0.290101482169172	-0.06773937988253928
5216	0.9321168720095118	0.29261780460518344	-0.04198358134663263
5217	1.0791585221806042	0.4344327826545354	1.4095625129618043
5218	1.0137237864490662	0.4304250123530046	1.3685410115090604
5219	1.0024524110792654	0.39797391951759903	1.0363881055947
5220	1.0718482524733048	0.37461536156305353	0.7973017690597931
5221	0.5150785494054378	0.30158848242269126	0.049835721017687094
5222	0.7744351957039021	0.189077743187673	-1.101767067000317
5223	0.9822252039883418	0.23303500738346913	-0.651842834471879
5224	0.6017380514673996	0.16962254689824818	-1.3009005758606504
5225	0.4877859520478296	0.22146864188795812	-0.7702302776833445
5226	0.5304184329369884	0.2781034263149129	-0.1905453863713849
5227	0.47030727251503357	0.22222286639778396	-0.7625104186351105
5228	0.43174016531071446	0.3598654775936311	0.6463294475052461
5229	0.43342567990602426	0.31461785470161846	0.18319775867343963
5230	0.42651938629507574	0.27638178325938795	-0.20816725034805766
5231	0.5919636323642351	0.17724275570080142	-1.2229039884951631
5232	0.5130846429060908	0.3130662658655601	0.16731648332486998
5233	0.49635210401722396	0.305135793686246	0.08614419760270128
