ID	SN	ssim	z_ssim
245	0.4976928237115078	0.25212415810212513	0.7250030429117736
246	0.6457253552880801	0.27435984907670485	0.9610586727172014
247	0.8063826136497496	0.20374459481299836	0.21140226050378644
248	0.741733744857125	0.37148993649693984	1.9921983834305619
249	0.9480368969830287	0.30265203501065757	1.2614104709521425
250	1.0031034161951913	0.16641110488702757	-0.18493264482407445
251	0.9115087106428854	0.07539617129358854	-1.1511534605234843
252	0.6518711469017596	0.15613951626524447	-0.2939765384448843
253	0.6650909312396758	0.13797500147900504	-0.48681228089505996
254	0.5630767422702715	0.2147477393923324	0.3282124026524708
255	0.6500482618037434	0.207919228206419	0.2557204566874472
256	0.7119388891018721	0.18963772537883353	0.061642761117343015
257	0.7956556691284095	0.14019041793568904	-0.4632932669115634
258	0.7490329313459148	0.2449980852105484	0.6493521613455746
259	0.8786653258057892	0.1796976227854579	-0.04388205395102251
260	0.876339095224371	0.029619209585608416	-1.637124844948179
261	0.8075777643327399	0.09343258669796103	-0.9596776299509675
262	0.717278250958106	0.2026203645011975	0.19946735393389867
263	0.7955753017510382	0.17590599837009133	-0.0841342003933441
264	0.8297913966640701	0.1876392873495946	0.04042720509264291
265	0.8419940651422084	0.1817902368871122	-0.021666718242748417
266	0.8831640105552613	0.11047756057851268	-0.778727011011781
267	0.7394436861608779	0.03534769561580291	-1.5763108419457508
268	0.5195550080088275	0.07527715643379514	-1.1524169304879146
269	0.5922191496782632	0.09785713742041191	-0.9127062941562658
270	0.7346107258877794	0.08347031742910738	-1.0654377679758644
271	0.7828773489739259	0.12878871041117473	-0.5843345807899318
272	0.7422013943917548	0.15501531104121016	-0.30591117868131107
273	0.7842680477430299	0.15518786049057517	-0.30407938181972477
274	0.9056868359832033	0.0853421922291955	-1.0455658159255836
275	0.7565434282495179	0.12374701510304584	-0.6378575660935144
276	0.7792203942867498	0.22458311539522952	0.43262543300944395
277	0.7452937949379994	0.3444277441608722	1.70490428210899
278	1.0255799693939327	0.20313821588189288	0.20496489992675343
279	1.1831483796395814	0.14456196563216306	-0.41688461489821416
280	0.9595024814434396	0.1001701483211241	-0.8881512108202619
281	0.9374390319761515	0.09914979872143655	-0.8989833125818539
282	0.7824090048622035	0.13687577120932168	-0.49848178529264936
283	0.8544409596051844	0.2990689267964688	1.2233719468906108
284	0.8150269758733047	0.3353570044478632	1.6086086833707587
285	0.719538720167271	0.3104660664183429	1.3443647675993333
286	0.8366209915624238	0.1723739501517888	-0.12163066801504796
287	0.7368764874850359	0.15672362617511587	-0.2877755873339917
288	0.6287960085874099	0.167634604759868	-0.1719438857438918
289	0.6408016211825626	0.17685660403370362	-0.07404250506994979
290	0.6085251351976042	0.13383613441182804	-0.5307507792911899
291	0.7477556645036181	0.18404759035361834	0.002297501930968997
292	0.9790196212399042	0.20013513154913487	0.17308394941622393
293	1.1300738552319458	0.1752192218792991	-0.09142506701200954
294	1.271053861418845	0.18995485851313984	0.06500946835555876
295	1.2473032284577268	0.10600365883740043	-0.8262222606261598
296	0.9608313637795439	0.2069088452228091	0.2449941612099023
297	0.8024218085125547	0.09603663037598933	-0.9320329225676643
298	0.7341023571165924	0.14235364880668547	-0.44032825870689896
299	0.8641599855048929	0.2532164351594237	0.7365987315268656
300	1.0003715930005443	0.2542377868157624	0.7474414711910152
301	1.130112884764979	0.2966574403718918	1.1977714405977533
302	1.008649244598907	0.21046320091156687	0.28272744647733145
303	0.9307545820135681	0.2626709241201963	0.8369682387607564
304	0.887337046535136	0.2195729224200459	0.3794368786462911
305	0.6582546624315253	0.16629319387766617	-0.1861843962361452
306	0.6389701457928862	0.11482908639839748	-0.7325309126219535
307	0.7507513675582251	0.06623051153425924	-1.2484567370236037
308	0.8160000146820688	0.09046782666407029	-0.9911517270600757
309	0.5951634095254447	0.2363025158852511	0.5570393973326899
310	0.6749930476212785	0.24082872518963655	0.6050899476483671
311	0.7413944210592248	0.13852101976252112	-0.48101571311814595
312	0.6761780209244556	0.07650823562092916	-1.139347708884165
313	0.7719972507490499	0.09813878027187856	-0.9097163542097555
314	0.7059828450606078	0.1389714296347731	-0.4762341308328654
315	0.6853859927003657	0.19126045244284479	0.07886974360848327
316	0.7054962644872321	0.16245201151944683	-0.22696265321963893
317	0.820509613248789	0.08349815986261369	-1.0651421907804375
318	0.7929516059611308	0.14606133805532512	-0.400967173786668
319	0.952065043754422	0.23680153760298814	0.5623370463241995
320	0.8414085990656823	0.29766362625198345	1.2084531793347189
321	0.9699004665873119	0.3185984582119881	1.4306988000729834
322	1.3936722444437561	0.22963758224749697	0.48628400190692805
323	1.4776078473598837	0.06390283065436031	-1.273167557870986
324	1.4038797395522098	0.2501559807111434	0.7041087359110094
325	1.1493577846118397	0.3199831189577	1.4453984541008047
326	1.0613791055607347	0.33214849583396117	1.5745469345158818
327	0.9318096466274096	0.3623088894571253	1.8947317544989803
328	0.8906377370130666	0.18530630604167994	0.015660114535678914
329	0.5449938301556695	0.04087819484969226	-1.5175986804353812
330	0.3551286301063497	0.03425381670765607	-1.5879235359199868
331	0.28793887429576664	0.05937313959780374	-1.3212550707079773
332	nan	nan	nan
333	nan	nan	nan
334	nan	nan	nan
335	nan	nan	nan
336	nan	nan	nan
337	0.1206629516355093	0.10223657903710072	-0.8662138397411803
338	0.22916912729860436	0.10906828827222448	-0.7936879430650516
339	0.3249981694540476	0.24720300670483425	0.6727597600840263
340	0.42641623178727	0.2581601385460886	0.7890814278300535
341	0.4492981691517866	0.23846453633782785	0.5799915556518835
342	0.5388806308299169	0.07576487626398276	-1.1472392631145394
343	0.7147502616152537	0.1466018700945719	-0.3952288483575063
344	0.736239653121704	0.16252481104224273	-0.22618980846195783
345	0.9479162372586063	0.15634596878862717	-0.2917848242099754
346	1.0386136845494778	0.23437537487427698	0.5365807353738854
347	0.9577632097608801	0.20197633700785972	0.19263031362219168
348	0.7748403866622389	0.171486652392223	-0.13105028226039347
349	0.7717831101892533	0.5112497536213982	3.475898246435561
350	0.6741894770178424	0.5184378989015148	3.552208092761931
351	0.5821144582037991	0.43382190159036854	2.6539188262070135
352	0.42963605060571497	0.3365500053684288	1.6212736634689489
353	0.47529079816146447	0.24984900186070166	0.700849827251017
354	0.38592094442168495	0.23155521562838802	0.5066417302086771
355	0.43292159026512167	0.08140194988412985	-1.0873957005652746
356	0.6613379204865367	0.09784208045396489	-0.9128661399511041
357	0.7854592415376435	0.1622649611404503	-0.2289483929508596
358	0.8956091540390239	0.18579027768134027	0.020797990859764796
359	0.9614176344314419	0.22487013079355941	0.4356724082841981
360	0.9496010452512847	0.23812385385112436	0.5763748468635482
361	0.8582312144828808	0.16924133899070679	-0.1548866842733286
362	0.663772316527801	0.10199187766983978	-0.8688116063421403
363	0.7744281330393883	0.11851507143279333	-0.6934002411378783
364	0.9363829363271344	0.09330693929356815	-0.9610115114665583
365	0.9391503000694758	0.21558979533343525	0.33715172663100934
366	1.0891871358135958	0.12814728237741044	-0.5911440250594256
367	1.0103487644800055	0.09192844681803151	-0.975645682712545
368	1.0140968410710298	0.09171725139531481	-0.9778877478940773
369	0.7906548548055499	0.26833234385521926	0.8970702613455965
370	0.684090949551665	0.24042489330617617	0.6008028405063074
371	0.5962671019894752	0.17073306253407292	-0.13905044419752263
372	0.5049532087225659	0.313733252215945	1.3790494374855091
373	0.4603954998115246	0.5324672852200154	3.7011450260456016
374	0.350196594086538	0.5284002843814735	3.657969464491938
375	0.2846162678337464	0.5172314930160906	3.5394008046317644
376	0.38456262177534006	0.1905203098210558	0.07101233846051752
377	0.5054310470443064	0.1994215302908446	0.16550830921470164
378	0.6392929610005126	0.10831158754575942	-0.8017211301948844
379	0.6124716275365674	0.21815551186588367	0.3643895503919935
380	0.786185212761477	0.21495012734337976	0.33036096710698354
381	0.9467521508893078	0.19915855674009694	0.1627165638529372
382	nan	nan	nan
383	nan	nan	nan
384	nan	nan	nan
385	nan	nan	nan
386	0.9104612405496048	0.11138606757271574	-0.7690822380679398
387	0.9048282893757389	0.20270562449891805	0.20037247995324037
388	0.6500230104376291	0.25161451420605585	0.7195926281420838
389	0.6106749089878903	0.17559538179958506	-0.08743172734056975
390	0.6305982887171931	0.16915673066302028	-0.15578489211861904
391	0.600598838133421	0.17463449730071043	-0.09763254348842104
392	0.644974025812642	0.15670816975486984	-0.2879396737579254
393	0.5844294740749892	0.12924171045994398	-0.5795255010120035
394	0.6838870309061061	0.16915821002467848	-0.1557691871131692
395	0.6681518096013385	0.18638949582913833	0.0271593320670617
396	0.6931547907794449	0.2728588648491169	0.9451241205786443
397	0.7868220880844976	0.23061124369247435	0.49662045899630536
398	0.8204656394062607	0.17310264530438535	-0.11389478998998508
399	0.7845729705205067	0.2931063420471686	1.1600727357316962
400	0.7486430892781041	0.24551004083766803	0.6547871176116208
401	0.6880975814299987	0.05056174649960665	-1.4147974278866224
402	0.6915766268972426	0.08597418148583047	-1.0388565743654368
403	0.6698329339358202	0.21964666778731504	0.3802197645541701
404	0.661768869879203	0.1246640591662853	-0.628122163035665
405	0.8031423811422357	0.10778245255639764	-0.8073384637559903
406	0.7636689977166867	0.2114638401157351	0.2933503013199343
407	0.7283798665545416	0.22241166464561013	0.4095731620060887
408	0.705893334782486	0.23765248321864152	0.5713707437012168
409	0.7397980608351371	0.16854809978953875	-0.16224615947131604
410	0.6390106771088001	0.157072786427646	-0.28406887799861524
411	0.6650574393450939	0.23732207190006524	0.5678630743425028
412	0.5714346207263344	0.1375621050210357	-0.49119561818562635
413	0.4983859478139607	0.1764778171610856	-0.07806373264862486
414	0.49277887099683115	0.1130437844994314	-0.7514838007797828
415	0.5400876669603408	0.07279749910530463	-1.1787411438009905
416	0.5583555441207103	0.0698768006242205	-1.209747480424946
417	0.5336125935452176	0.1069980708356388	-0.8156655142314295
418	0.5525021879183899	0.12334952622366441	-0.64207733546656
419	0.5569397116567721	0.19964722156365644	0.16790426334115946
420	0.6723640504101368	0.14546353120408712	-0.4073135325722939
421	0.5516764066428995	0.239990764143721	0.5961940953597135
422	0.6434771306905421	0.25302759202643565	0.7345939597955581
423	0.6825375751594589	0.1347285117131683	-0.5212772402798427
424	0.733230506766644	0.07304561829232781	-1.1761070933895807
425	0.7426241006066411	0.09339471215208268	-0.9600797087436225
426	0.8367663256579593	0.10072454226202401	-0.8822657264865817
427	0.9931954572187495	0.051414515414647394	-1.4057443742374884
428	0.8394652717553934	0.057002049892723824	-1.3464267226389957
429	0.7010544638056792	0.08355455343580265	-1.0645435127159097
430	0.6787928700032954	0.07948063940717642	-1.1077924651725675
431	0.6066536530621432	0.12081895406084014	-0.6689420641744052
432	0.5675080004078725	0.15898220155873033	-0.2637983952039314
433	0.623430965746164	0.0589711301879501	-1.3255228303444644
434	0.6336808547569521	0.10569914840625039	-0.8294549643766131
435	0.7028308521008271	0.2637086956862988	0.8479852933200476
436	0.7582779723209915	0.30499218997559446	1.2862537175470874
437	0.7163708176517076	0.3338265629605973	1.592361410930702
438	0.7603516559851741	0.26049733464180214	0.8138932628651405
439	0.6226855386696336	0.1977328894998725	0.14758158204963356
440	0.7153572040267998	0.09998032366693395	-0.8901664024483827
441	0.7486528680058885	0.1407758380740768	-0.4570784063243262
442	0.7287235130166863	0.16366117359342033	-0.2141261052016366
443	0.71714552957672	0.14626265560464663	-0.398829972790742
444	0.6230269690937363	0.08195170416108076	-1.0815594712242464
445	0.6471794004934509	0.05291809462164595	-1.3897822736184364
446	0.7316342879257323	0.09885321953481695	-0.9021318176930604
447	0.8027164405525195	0.3322543605301181	1.5756708014356935
448	0.8914593263089837	0.32914397051701205	1.5426506864177416
449	0.7333463438966576	0.3340699171784704	1.5949448761007978
450	0.719565985556326	0.1671642881216282	-0.17693679963060605
451	0.6809380645594351	0.2709522859092408	0.9248837469855441
452	0.6620101145498353	0.3868754696277764	2.1555322648576736
453	0.8129627038613378	0.2965773632644216	1.196921336498965
454	0.8650020246645425	0.18592421013277322	0.022219827006459466
455	0.7266885059024092	0.21737694498480117	0.35612423065582327
456	0.7537641031320994	0.16423668539409741	-0.208016432211281
457	0.6066722113399418	0.23174486821318369	0.508655095136232
458	0.6959821194438045	0.2590995526758132	0.7990543130574014
459	0.6666646438977507	0.16633398176315564	-0.18575138922913756
460	0.6983580905732408	0.1977227739841927	0.14747419503713488
461	0.6804019078206192	0.18380981191510612	-0.00022677038066373247
462	0.8201055167431335	0.2224282063132869	0.40974876949163697
463	0.7427102879344816	0.4033206180758212	2.3301150956131873
464	0.7507611494333557	0.3025542306994184	1.260372173634841
465	0.8093516798921507	0.21557017092952227	0.336943392604847
466	0.6699355734195559	0.07775362293582325	-1.126126591208753
467	0.7051272973437528	0.05755630415668135	-1.3405427211253744
468	0.7176026008925318	0.07652815956986905	-1.1391361948673264
469	0.7354341290273655	0.1453151020546872	-0.40888926666498016
470	0.8409839826744269	0.120178113758718	-0.6757452690442284
471	0.7105715502975971	0.14972380543277147	-0.3620861673716527
472	0.6586303566613837	0.186956044739591	0.0331738543962923
473	0.6545489148413222	0.14424469614457086	-0.42025276967232217
474	0.6242444762313071	0.15779192567483022	-0.27643444612483437
475	0.6972382698634948	0.08673696839049473	-1.030758775947852
476	0.5478534545907691	0.10748210682277817	-0.8105269547900655
477	0.466315713664182	0.12245231813991675	-0.6516021583973022
478	0.4931871941009597	0.1468637618531599	-0.3924485873759601
479	0.5606067918479813	0.11541822022540577	-0.72627662726005
480	0.6598025904868163	0.11266589970142932	-0.7554954518720854
481	0.674987444341607	0.1132171501811162	-0.7496433387395639
482	0.5842161476863683	0.12343438859403992	-0.6411764306865523
483	0.5076982598404914	0.09227714595698364	-0.9719438685907328
