ID	SN	ssim	z_ssim
5057	0.278698084321647	0.05590109911309757	-1.959262665685439
5058	0.3200840581796524	0.09486078285271142	-1.5330710196387676
5059	0.33818295914223356	0.05176766101707596	-2.0044795826848
5060	0.4912502139359085	0.1302104482355052	-1.146370445337821
5061	0.4927163408754693	0.20061632163088558	-0.3761795147779692
5062	0.3952825704419881	0.13218262186684185	-1.1247962474606814
5063	0.4362280768137092	0.15072117206669372	-0.9219974958640385
5064	0.7704749219176543	0.17846691860261032	-0.6184784666550699
5065	1.038223770706598	0.1650662598827497	-0.7650722849236699
5066	0.8364860145756985	0.19997425954264972	-0.38320322421252934
5067	0.3227800266931341	0.2432306180356296	0.08999103350581462
5068	0.3111935736467269	0.14680177244910741	-0.9648729818586883
5069	0.3505204850518857	0.1158798002739165	-1.3031376943864756
5070	0.3401475695704194	0.2310094780394905	-0.04369967626309767
5071	0.730452607928633	0.28651922283186704	0.5635380431909383
5072	0.8496371809499991	0.27756788588850023	0.46561668808679413
5073	0.7917565561267753	0.2536849242511275	0.20435381950883974
5074	0.4972449759125324	0.3526293694347009	1.2867367321063683
5075	0.4412217960117693	0.3878627676761381	1.6721654253343807
5076	0.7174883822808205	0.34885389099314223	1.2454356429503104
5077	0.6278354186227736	0.3832252415991286	1.621434138972952
5078	0.5059765750926887	0.35613654930167904	1.325102822818992
5079	0.5482993480096573	0.29664255620885627	0.6742802182109918
5080	0.6199610026185365	0.27384224307933047	0.42486076583562077
5081	0.4414678251315853	0.22488473169169715	-0.11070011048197835
5082	0.5578891527661667	0.2518425441764967	0.18419947221232694
5083	0.5678593032237073	0.26684435904196097	0.34830881698862026
5084	0.3886240368991056	0.247436276556156	0.13599799135364857
5085	0.3532837948839729	0.2722483667058363	0.4074248749348001
5086	0.25525996971627984	0.1106892012956804	-1.3599192108199185
5087	0.3475718818850779	0.08252778078197212	-1.6679854221363657
5088	0.45141140171936156	0.20377201012957605	-0.3416584933893913
5089	0.40715225665495425	0.12009320361396	-1.2570460136389285
5090	nan	nan	nan
5091	nan	nan	nan
5092	nan	nan	nan
5093	nan	nan	nan
5094	0.3617759073813742	0.28051700127847784	0.4978779443853953
5095	0.3967773072583716	0.32035280871410315	0.9336537698786764
5096	0.34590669275303576	0.33253149598747733	1.0668800766017308
5097	0.5050801375537557	0.1650111386074655	-0.7656752730588554
5098	0.3889701626886115	0.20941070143472867	-0.2799751608204326
5099	0.4800080923281779	0.4156915982076147	1.9765933352484524
5100	0.4916399099023597	0.44236828335442785	2.268417581815136
5101	0.7565601174784288	0.16822217609227805	-0.7305487725380534
5102	0.5199674577192831	0.2716639529999728	0.40103179841654957
5103	0.45147047412509933	0.2894067875599274	0.5951259783688367
5104	0.5246337247723387	0.2624513779850366	0.30025268182552195
5105	0.5838566070137872	0.15118696401323	-0.9169020582897407
5106	0.5256241822176242	0.24026512865146196	0.05755065718193692
5107	0.2726575934525341	0.28068944809359675	0.49976439173138093
5108	0.31368556533481834	0.3291562745492618	1.0299575186533854
5109	0.4552791470753395	0.13568959688270074	-1.0864323976757893
5110	0.486759220691107	0.06982126031854977	-1.8069858541733779
5111	0.5126673651736816	0.15516986908836614	-0.873331867079643
5112	0.3729069292314087	0.18233361239355517	-0.5761795454796498
5113	nan	nan	nan
5114	nan	nan	nan
5115	0.35617493279836265	0.1923514499015314	-0.4665914213591432
5116	0.6693218933937568	0.33068713759117163	1.0467040878520513
5117	0.6779375659706511	0.3366596403065263	1.112039083389683
5118	nan	nan	nan
5119	nan	nan	nan
5120	nan	nan	nan
5121	nan	nan	nan
5122	nan	nan	nan
5123	nan	nan	nan
5124	nan	nan	nan
5125	nan	nan	nan
5126	nan	nan	nan
5127	nan	nan	nan
5128	nan	nan	nan
5129	nan	nan	nan
5130	nan	nan	nan
5131	nan	nan	nan
5132	nan	nan	nan
5133	nan	nan	nan
5134	nan	nan	nan
5135	nan	nan	nan
5136	nan	nan	nan
5137	nan	nan	nan
5138	nan	nan	nan
5139	nan	nan	nan
5140	nan	nan	nan
5141	nan	nan	nan
5142	nan	nan	nan
5143	nan	nan	nan
5144	nan	nan	nan
5145	nan	nan	nan
5146	nan	nan	nan
5147	nan	nan	nan
5148	nan	nan	nan
5149	nan	nan	nan
5150	0.4201474081515343	0.49964510004133045	2.8949858298341438
5151	0.5277238503323903	0.5135443014203223	3.047033355528596
5152	0.5627872545096874	0.24906931465644397	0.15386228410998296
5153	0.5060068493080625	0.23642170949935198	0.015506344249809166
5154	0.572247350121177	0.2113534269062613	-0.25872310518099195
5155	0.6010439725958427	0.20637221555913318	-0.313214067621231
5156	0.7134576618171852	0.1869331739661324	-0.5258635641998403
5157	0.7448489284664223	0.21734036091104408	-0.19323024144717418
5158	0.415194114752672	0.19627679925425245	-0.4236508494303374
5159	0.24741956491930786	0.23420116014115397	-0.00878491007410676
5160	0.4386681215761376	0.24187262831039644	0.07513557728138168
5161	0.7407407824948926	0.2798376314276881	0.4904461141652705
5162	0.7947173493505221	0.1086891741986587	-1.3817981060982936
5163	0.5613876468604333	0.31840136537794267	0.9123063469076991
5164	0.29640594948595733	0.40584413391352075	1.86886897472911
5165	0.42556392393741627	0.23353388601906389	-0.016084421496186364
5166	0.5141800503167455	0.1352664102626061	-1.0910617628269152
5167	0.4776438359922662	0.186591984845406	-0.5295959341530322
5168	0.5331689732438761	0.16494045974177443	-0.7664484503338792
5169	0.6881907473308947	0.046300743217763625	-2.064283833439579
5170	0.6374444233887343	0.052519150744452965	-1.9962588115399789
5171	0.8074695677660412	0.21154462664793558	-0.2566315139562664
5172	1.1151773134919667	0.2149389944143987	-0.21949950859027464
5173	1.037840966168042	0.293429565635325	0.6391323522678866
5174	0.5209989479208157	0.334760351252576	1.0912621917282541
5175	0.26835355343079825	0.21377370570494342	-0.2322469507030394
5176	0.29916481267950074	0.19605424377478026	-0.42608545045961926
5177	0.28778219625353113	0.21852666857077574	-0.1802528667436746
5178	0.36040515951736796	0.25687002579463164	0.23919659900172285
5179	0.41950783004053704	0.19463397405692082	-0.44162220617176295
5180	0.42073603597987064	0.2003971122714576	-0.37857751159816555
5181	0.3944222974405244	0.21082131085088957	-0.26454408204113394
5182	0.32407220907403156	0.16851091935853135	-0.7273901234906983
5183	0.28489782723824614	0.26159795810929565	0.29091686626701035
5184	0.25892682504817344	0.2534502309863902	0.2017864396121505
5185	0.2945755589610016	0.18058980407191108	-0.5952555868551012
5186	0.3790935761883929	0.1817866922993515	-0.5821624681533176
5187	1.122908665752351	0.2635179668797957	0.3119204171118397
5188	1.5703068790186154	0.3606325376009537	1.3742857850494097
5189	1.4151389991257843	0.38069565348291096	1.5937622171402115
5190	0.7399680460959454	0.2613389576037659	0.2880835821850248
5191	0.6430965235035763	0.23597620036281725	0.010632786407359046
5192	0.5380390789721873	0.27503334451398553	0.4378905810783978
5193	0.39341459591412076	0.2410898639776573	0.06657268386401273
5194	0.3888268423706414	0.21565926825411524	-0.21162021738748135
5195	0.4091706706896433	0.1714471560391384	-0.6952697512501474
5196	0.37565680778846455	0.18365637270418406	-0.561709474370245
5197	0.37552698973313947	0.20666436320758266	-0.31001817701766465
5198	0.584388035421751	0.19639687659177046	-0.42233728748071436
5199	0.6101026769513632	0.17698318520593107	-0.6347094705526242
5200	0.6057922767353398	0.34533727804957537	1.2069663609883554
5201	0.3962292179204702	0.3688982326965901	1.464706698680884
5202	0.4438532511651458	0.2120377336771075	-0.2512372685141179
5203	0.8377454841215122	0.1959308556500559	-0.42743523010183465
5204	0.9991737593491463	0.2372309555318107	0.02435892890977224
5205	0.8226089616258833	0.22435069244548161	-0.11654212570261777
5206	0.8234896428684598	0.27078017726689935	0.39136391104528473
5207	0.7204609542080002	0.4187787807573472	2.010364949548782
5208	0.508285404656358	0.5023784603862224	2.924886877091457
5209	0.5415233755292472	0.3318077116625306	1.058962383149867
5210	0.7260826075096819	0.19930837524734438	-0.39048753190325763
5211	0.6507838961055593	0.2094660577257136	-0.27936960177812653
5212	0.5272965093701326	0.17558998859521013	-0.6499500654393342
5213	0.4517023606359443	0.18088842141462708	-0.591988922328746
5214	0.4712461349122043	0.30990776560794014	0.8193923158022997
5215	0.5173884147826869	0.27801763061561646	0.47053658032286944
5216	0.7695862869909909	0.20396334531071214	-0.3395654205518386
5217	0.7986172691646908	0.3021095873436794	0.7340857087768594
5218	0.812248759625261	0.2966427300503454	0.6742821199150946
5219	0.9129079263525176	0.22553536353103826	-0.10358265397405472
5220	0.7483056485328539	0.37621349238895213	1.544730514848996
5221	0.3867581444234146	0.3083775889754453	0.802653255441755
5222	0.7283296848412995	0.16870073203069547	-0.7253137058346718
5223	0.9112566689570473	0.15319863453857344	-0.8948957920625862
5224	0.6587757938730391	0.06419346211560914	-1.86855002383554
5225	0.5650153741748801	0.12997796256039923	-1.1489136757505192
5226	0.6418049742895607	0.14512055044644975	-0.9832643727506528
5227	0.5125045264507204	0.13833542402542	-1.0574889023269314
5228	0.40797950602111455	0.29029912394779495	0.6048875133061937
5229	0.340110049214797	0.28654556808924714	0.5638262418499261
5230	0.33231375189776274	0.23546655157791865	0.005057585746251991
5231	0.4241633804785515	0.11339742240754262	-1.330293169160106
5232	0.37154900538475644	0.21414518368042096	-0.22818324189839428
5233	0.41441852714649596	0.21129160842689837	-0.2593993560369249
