ID	SN	ssim	z_ssim
494	0.3672971196902244	0.1833705501556689	-0.5245552502927174
495	0.5506416457979801	0.14450006114884303	-0.9801127634163103
496	0.4831381258587081	0.08772073355783348	-1.6455597370740858
497	0.4558653663018598	0.132626688027343	-1.1192672857756563
498	0.5942450849985207	0.15146123102256018	-0.8985286795231394
499	1.008822675509998	0.12749355086339503	-1.1794270434910734
500	1.0644212481879654	0.19961433880322713	-0.3341799771983295
501	0.5626936163669075	0.2853156924042759	0.670229705195002
502	0.261455391332975	0.26522746993159235	0.4347981244108713
503	0.30802674376995237	0.16256999603152056	-0.7683352734029412
504	0.4934664192821949	0.23030167203209703	0.025471922413327963
505	0.6628681143825516	0.2500461236017833	0.25687454905627993
506	0.7102404350681827	0.21319962609479176	-0.1749620241510206
507	0.635453644019059	0.24488146014879744	0.19634530697884223
508	0.6198867268389965	0.1802419733354395	-0.5612217989329863
509	0.7851219391638256	0.08042859951209089	-1.7310226817429586
510	0.8648799673965639	0.1508932536058859	-0.9051853073675964
511	0.6413573805542334	0.20776367451936736	-0.2386707307928575
512	0.6937455617205391	0.19135292803173415	-0.431002729937378
513	0.8668163865195675	0.297923883503051	0.8179962069474335
514	1.1440520065457482	0.3664867940857412	1.621545373310653
515	1.0363656684324454	0.3362756173567266	1.2674739713071848
516	0.8745227670219144	0.34700045924232337	1.3931678440338238
517	0.8948643576083097	0.36411451117964	1.593742499491924
518	0.9025624047614197	0.24373306152666138	0.18288621156373194
519	0.660676046534965	0.3134620575024043	1.0001017601959155
520	0.3014888525209182	0.2991098733896409	0.8318958675158856
521	0.529445925712452	0.18745933099446083	-0.4766352246326246
522	0.7647074351273168	0.09947967555980101	-1.5077463338405892
523	0.8135600320797818	0.14870567330726053	-0.9308234885704347
524	0.74683992155949	0.18559483280040517	-0.49848692195390776
525	0.6881662363190418	0.14725175334898993	-0.9478632577473597
526	0.6447494030097632	0.12619982274446412	-1.194589383342644
527	0.5210585641777525	0.15262447407329732	-0.8848956091684274
528	0.7287623575466523	0.11065552248109913	-1.3767667356775077
529	0.6840718113304383	0.2841059243357464	0.6560513671592016
530	0.5067191480116032	0.3713654819922667	1.6787230159591062
531	0.9912503460667941	0.330308807867617	1.1975436729859135
532	1.2102644603550101	0.1997996975985734	-0.332007594138556
533	1.2340632513656669	0.1814107107515339	-0.5475243352690495
534	1.1476872688919488	0.19418447431574007	-0.3978173438927216
535	0.6905210777042021	0.20136749380185642	-0.3136332088992348
536	0.3508656221731225	0.19594903277664955	-0.3771369283704997
537	0.44394226322862024	0.17326960792379295	-0.6429370932005959
538	1.057960855911216	0.060484439156105026	-1.964765871634796
539	1.4479530697357472	0.07668217292749434	-1.7749303562175247
540	1.2108744483778466	0.3336305020826824	1.2364735345502094
541	0.7311303150273829	0.28793039346608285	0.700873690997939
542	0.7118733863044693	0.252362772683859	0.2840254010670464
543	0.848142427411828	0.1836862815907607	-0.5208549153841417
544	0.6480864464036239	0.18019539493695874	-0.5617676922294007
545	0.6892398916407924	0.18319091575559043	-0.5266605441200428
546	0.9199315754027101	0.17482255725282891	-0.6247367115635565
547	0.8328457270880537	0.37331908394296975	1.7016189987222607
548	0.7601423094486972	0.4261440459116631	2.320721277087743
549	0.7382815631578562	0.4119587797116347	2.154471642514164
550	0.8070651982765282	0.23271322855219437	0.05373507832216172
551	0.8402416883765127	0.3114777600010085	0.9768460292254489
552	0.8004125102729338	0.3945595970327503	1.9505552886400526
553	0.8033502614184792	0.3353055117962869	1.2561044493929203
554	0.7389283032580113	0.3237654388251787	1.1208561651982023
555	0.9294610306883387	0.20275358926818304	-0.2973883347099557
556	0.9894712815802233	0.10845605450001192	-1.4025442391064744
557	0.7699587620590451	0.2813728983463812	0.62402062726296
558	1.0219632026274141	0.3712792493363818	1.6777123794770676
559	1.0374739524144012	0.3120194778887451	0.9831948985105387
560	0.8493166962777312	0.21177789301643604	-0.1916245669193286
561	0.3582368380610845	0.29551702470691377	0.7897881078052957
562	0.30053284980161554	0.2483053753525367	0.23647318638595757
563	0.2852411633239087	0.14632042951249397	-0.9587782624644942
564	0.49419258564990715	0.15927979384710955	-0.806896052109401
565	1.313138152182838	0.1935039680780024	-0.4057927961509739
566	1.4222291844848376	0.4609196943721262	2.7282877454984407
567	1.026212033146214	0.4041523780928268	2.062981542986895
568	0.7075631742446692	0.32072154974699285	1.0851821468332954
569	0.9585488757930986	0.27669426707016365	0.5691876245538446
570	1.1251828258803718	0.32164739318951474	1.0960329219841558
571	1.3438475490804662	0.31547622258079977	1.0237075356203795
572	1.0552568441292265	0.22726122790459796	-0.010161721538809558
573	0.5629104294518084	0.30190329636693136	0.8646344529351037
574	0.4142640168218851	0.33028544272129273	1.1972698362469059
575	0.892923768256451	0.29143988074599936	0.7420044649713998
576	1.4599420981057734	0.2624737495070659	0.40252484819315737
577	1.500959614166036	0.4311393734110742	2.3792659219073644
578	1.0826458426732204	0.4150099746640924	2.1902312848575574
579	0.9814107020096347	0.4156501600505297	2.1977341815289173
580	1.0618206143791509	0.34815689135807365	1.406721091039668
581	0.5469711255731547	0.20252833931623837	-0.3000282373857647
582	0.44817693927134256	0.28090254607721205	0.6185081545488375
583	0.6130175095128148	0.2726657183347501	0.5219735119894284
584	0.5658611645239607	0.2881551748492659	0.7035081021035304
585	0.5819843494145736	0.38512911486796575	1.8400311580639948
586	0.7461988019736561	0.362618213217804	1.5762060651479621
587	0.8635172550778044	0.3280431592025498	1.1709905398033449
588	1.1777010571771667	0.3459394724460486	1.3807332048327832
589	1.304867409507515	0.2982307600963143	0.8215927641617847
590	1.0323052881680437	0.24886488125875833	0.24303052913437356
591	0.3197646562180868	0.30712195303861306	0.9257964891209535
592	0.4647867885556836	0.2013055852860724	-0.3143587693491378
593	0.5464823547900359	0.10818409159550635	-1.405731612036531
594	0.5016029999134852	0.18379430959638626	-0.519588839992555
595	0.28158921009877497	0.19844466297218732	-0.3478884389739375
596	0.3235018312411177	0.15983545398740173	-0.8003837812807794
597	0.3260701283743441	0.15834226678022792	-0.8178837579496762
598	0.5039880827113455	0.20017862995952873	-0.3275665518874914
599	0.7595258864617843	0.10737857926767354	-1.41517212081926
600	0.8505953270999876	0.15109541862932213	-0.9028159573112847
601	0.6373194000071599	0.1836696672579778	-0.5210496333904797
602	0.8973454202382564	0.23744910252141033	0.1092389585924593
603	1.3567479462990009	0.28266820546211224	0.6392014727694345
604	1.3274499334918408	0.2695550582839572	0.4855169457583403
605	0.5572259956581727	0.26235909858860273	0.4011811530499536
606	0.5861356542930526	0.3529948569082743	1.4634214725100425
607	0.929170923729613	0.24782237828553358	0.2308125181434951
608	0.9146055033814978	0.1750388605858989	-0.6222016621980493
609	0.545211226258813	0.2472482627883381	0.22408395272456885
610	0.4365388215529913	0.0634655116533273	-1.929828056135813
611	0.4268064739397112	0.12191085644577876	-1.2448555588095103
612	0.7379109851140242	0.31044970088614415	0.9647972985385412
613	1.2987320141682972	0.26401465087899334	0.4205840292042508
614	1.354437593622484	0.28990192176528384	0.723979768435737
615	0.852284974107626	0.38289439283715787	1.8138404813606848
616	0.6996453023864467	0.33135980872491305	1.20986127816851
617	0.5970010871625309	0.2958872534175948	0.7941271443091893
618	0.5471095377362439	0.25814303005965666	0.3517693307837599
619	0.7858434515298947	0.22987438916179184	0.02046421793699989
620	0.9956216348743934	0.31709631590332926	1.0426948368840725
621	0.6495194904166618	0.2613487466532662	0.3893399484033977
622	0.87859987376872	0.38384252187215795	1.8249524410077336
623	1.0789699900498602	0.37202031132621427	1.6863975379555014
624	0.7909782703597814	0.24677791383641257	0.218571518888147
625	0.39478368730000285	0.1892450167778589	-0.45570719940088306
626	0.3414343871002105	0.2488123570727978	0.24241495191508994
627	0.682822164775105	0.26754469450213664	0.46195572107811844
628	0.9631818121724862	0.18370735772845193	-0.5206079055543662
629	1.03555968326542	0.23235999708942656	0.04959524754444105
630	0.7627000519905011	0.2715549570607657	0.5089555218231233
631	0.7216117025153551	0.2879250611518809	0.7008111969090014
632	0.5986865356298007	0.30006231549594536	0.8430583758462044
633	0.7542072753127981	0.3037493566635844	0.8862700602893556
634	0.9554415965216098	0.2530779381312441	0.29240705514465426
635	0.7888711010479564	0.1566921459728174	-0.8372229777687382
636	0.4095595164325483	0.37559914653638704	1.7283410614326349
637	0.64341546980712	0.3858448992085455	1.8484200654963157
638	1.115406363896004	0.1575774622527694	-0.8268471761483381
639	1.1250543635008945	0.25760601466691624	0.3454755741813421
640	0.8116117748696086	0.1911320358173658	-0.4335915604465167
641	1.144935087262313	0.2809854174507457	0.6194793972010585
642	1.5615514803175505	0.29294452676445804	0.759638737547183
643	1.131222674990438	0.25685941131734713	0.33672547162514016
644	0.7659082846908128	0.21569345758681327	-0.14573461534597276
645	0.43479778705300776	0.18258525392813468	-0.5337588287817352
646	0.3291408698522255	0.12925575551741875	-1.158774214305907
647	0.3849552737068212	0.13283915847336158	-1.1167771573910228
648	0.3483369841987463	0.22242835856147983	-0.06680237606763548
649	0.5326288123102649	0.1798995139048289	-0.5652353827736037
650	0.5796843161254369	0.10662239837601385	-1.4240344710308968
651	1.0364310376283696	0.12754344597731482	-1.1788422786837585
652	0.8726637517746889	0.14640326659727657	-0.9578074216723615
653	0.7561540221013519	0.11854586766291604	-1.2842928275647485
654	0.47212347145511535	0.12139873023427554	-1.250857617164805
655	0.2819965942281105	0.17636264360747964	-0.6066870824581172
656	0.31170087815064496	0.17295273676092232	-0.6466507855833333
657	0.2799084730607977	0.1990434238613038	-0.34087103248971046
658	0.299842041094123	0.16039646307419025	-0.793808821434706
659	0.3226993051043958	0.17437563568437886	-0.6299745792489527
660	0.6023697747544868	0.20730048497333192	-0.2440992572428257
661	1.0896512138280416	0.21176802291621055	-0.19174024332134698
662	1.4105659515678124	0.3033751374436817	0.8818842554914801
663	1.2770412222785847	0.330645477246445	1.2014893981075296
664	0.8375908131945893	0.23683277357642135	0.10201565658059214
665	0.46007530470990726	0.18535873730941177	-0.5012539330588558
666	0.2746987654152894	0.22179351054489535	-0.07424271939843029
667	0.27514023496214013	0.20769220037246477	-0.23950839930301843
668	0.32498844132429683	0.06997592871445363	-1.8535267416541945
669	nan	nan	nan
670	nan	nan	nan
671	nan	nan	nan
672	nan	nan	nan
673	nan	nan	nan
674	nan	nan	nan
675	nan	nan	nan
676	nan	nan	nan
677	nan	nan	nan
678	nan	nan	nan
679	nan	nan	nan
680	nan	nan	nan
681	nan	nan	nan
682	nan	nan	nan
683	0.7122702433116288	0.12832593800521627	-1.1696715650812817
684	0.7160669422245571	0.1666199902445729	-0.7208698223884433
685	nan	nan	nan
686	nan	nan	nan
687	0.6292445783837356	0.22756782393085878	-0.006568452536394193
688	0.4071058789201552	0.18402420984757978	-0.5168944363620317
689	0.3956664722799871	0.25184641184443374	0.27797371337560345
690	0.4036897056114161	0.16100097379029057	-0.7867240276613406
691	0.3270908982311789	0.28566610879466636	0.6743365436589069
692	0.470926294585977	0.24506598475042046	0.198507913387286
693	0.5893466092196517	0.2036789382389076	-0.28654335470981407
694	0.6118798578043685	0.12535437022288703	-1.2044979864509324
695	0.5524748755129055	0.21826920829682314	-0.11554712303857292
696	0.7288942122900994	0.23071896204618766	0.03036251180202989
697	1.2073664076951953	0.20277372308407077	-0.29715236877976403
698	0.9707526476314263	0.2168388142212041	-0.13231117166583103
699	0.5293362138353277	0.32713090956204527	1.1602990823971067
700	0.34323942343160385	0.3312979468426121	1.2091362642574883
701	0.7540688372621923	0.13765963348739743	-1.060281762926524
702	1.2098474403490893	0.13574843286778326	-1.0826808071268377
703	1.00375615529435	0.1614806463328562	-0.7811023224503131
704	0.8106856769679268	0.15916824446946554	-0.8082033975626848
705	0.9496532693822399	0.14028281391538355	-1.0295383999593644
706	0.5868607828736646	0.3861402731295361	1.8518818127582144
707	0.48011123269052725	0.2646987902052859	0.42860206082873503
708	0.6394895414770647	0.13573118947452967	-1.082882897647156
709	0.5813060740678752	0.09913446785329062	-1.5117921271482413
710	nan	nan	nan
711	nan	nan	nan
712	nan	nan	nan
713	nan	nan	nan
714	nan	nan	nan
715	0.578701041315401	0.2413162868410781	0.15456189937535067
716	0.6008482879550568	0.19278334939174935	-0.4142383615402384
717	0.5774810783376488	0.17225112765744585	-0.6548735609209033
718	0.9579869931417626	0.20799881684404622	-0.23591489068387428
719	1.2667715080178146	0.23355056422096693	0.06354855287990968
720	0.9788431906324665	0.16195771502452105	-0.77551113406249
721	0.5393252397798627	0.16344790915085816	-0.7580462359454041
722	0.38097702540874856	0.1153674823579926	-1.3215431257280987
723	0.32731671766770487	0.15931732135716398	-0.806456234150046
724	0.2978296415900685	0.1559491495536797	-0.8459308075288079
725	0.3034374620942367	0.16723639423202913	-0.7136456408877756
726	0.3555154997122956	0.19457555650448516	-0.39323390710342987
727	0.8127018864637999	0.20321220475333968	-0.29201341571006256
728	0.9548614838811134	0.1884043619276211	-0.4655595743710658
729	0.7488421473255701	0.22561525849948366	-0.029452287416170026
730	0.8302293771819649	0.20281787660379305	-0.29663489477430954
731	0.8470676955301992	0.19506356794045984	-0.3875144710523563
732	0.6501843827099595	0.21654117862264644	-0.1357994255201155
733	0.6260622352975662	0.2073558107462287	-0.24345084575749382
734	0.7842319402014496	0.1743096982624891	-0.6307473579997579
735	0.9047523585429338	0.21398609047115769	-0.1657447550964779
736	1.0015507641685355	0.1538162251532752	-0.870928428097931
737	0.8083117864420422	0.17525100081153544	-0.6197154039570613
738	0.3032979716935714	0.14729418342841027	-0.9473659822574895
739	0.29487845671836127	0.14234215483706195	-1.005403169018773
740	0.33710599873350505	0.1172055671141594	-1.3000009907608054
741	0.3065854275681859	0.1404104417571218	-1.0280426168171095
742	0.31102678843251824	0.20083876007557755	-0.3198299053546325
743	0.3525357188121149	0.17446836573148888	-0.6288877941136832
744	0.4137232418222585	0.08867288888769681	-1.6344005897295866
745	0.9790321596536424	0.16521382194201206	-0.7373499478336198
746	1.6775810419283843	0.20394262831007137	-0.28345293840366315
747	1.5358664829611086	0.07243863827243799	-1.8246640782185983
748	1.0965427057681025	0.0377286060628018	-2.2314615319651905
749	0.963086912940355	0.12072273435668843	-1.2587802085379496
750	0.472701368460303	0.24461321184351292	0.19320146871034052
751	0.6200525672389101	0.1938732692777284	-0.4014646299652799
752	0.5902456061243113	0.14709549537110955	-0.9496945826837763
753	0.6538796430885683	0.050799214994298035	-2.0782755481511503
754	0.6095762561531226	0.053497200428234415	-2.046655479401516
755	0.7190536622139599	0.09193673649946622	-1.5961486834834124
756	0.6469235813498786	0.06789038781921347	-1.877969033172223
757	0.479289264297562	0.20123084614195513	-0.31523470323875435
758	0.37158595536808525	0.28879938078812484	0.7110581191716073
759	0.9374338128508429	0.3384777238845703	1.2932823981906627
760	1.1810640556582204	0.23379964777555534	0.06646778254713503
761	1.1509477488439577	0.272476697535522	0.5197582106792269
762	0.8875231084073831	0.39618618488626844	1.9696187050353453
763	0.939337688773377	0.4100486167068939	2.132084759036892
764	1.024147607037914	0.30531768536596715	0.9046506863548621
765	1.006667295947475	0.20479639696405053	-0.27344687121162653
766	0.6594318851299156	0.3124033114135407	0.987693381819525
767	0.9002307452499201	0.20034606947869407	-0.3256041806156461
768	0.9453234811244527	0.3557568806043849	1.4957920620842462
769	1.0596877466114205	0.34014859236149636	1.3128647782315048
770	0.896879398033805	0.20050480669171342	-0.32374379933794817
771	0.6898118639845512	0.23470960275696637	0.07713234682141616
772	0.29419136624970865	0.21307105768153936	-0.17646883067967592
773	0.3115356165895519	0.17238714622665835	-0.6532794394495167
774	0.3652713031705759	0.18372229839306317	-0.5204328027401588
775	0.33841606051120493	0.16453196555413638	-0.7453412236910842
776	0.3243568130292973	0.1557538012264735	-0.8482202667151659
777	0.6092017603976635	0.1353100600017502	-1.0878184850355417
778	1.0007316480893784	0.07328835374849824	-1.8147055137902306
779	1.0081107128901496	0.12171936362005156	-1.24709983197659
780	0.5962995307023049	0.14753598785926456	-0.9445320630556265
781	0.41635706843574694	0.2362081393189724	0.09469501729341255
782	0.4200055231625188	0.2126468732334206	-0.1814402220160893
783	0.38477060156062265	0.16007801348412898	-0.7975410127965915
784	0.5085608206546074	0.18232902328530926	-0.5367618214739833
785	0.6814840836519639	0.044301646558103945	-2.1544262782750536
786	0.5231832138447039	0.23208672459637186	0.04639252639217508
787	0.643713464234881	0.23468702460744117	0.07686773359139419
788	0.8011331712753101	0.20551912168295472	-0.26497662336989947
789	0.8919818838781086	0.2423590472128847	0.16678292704702818
790	1.0359619723186029	0.1603120754102367	-0.7947978348305045
791	0.8656681481138794	0.279777718476016	0.6053253086987722
792	0.35922391542272253	0.34107465784759394	1.3237181557066922
793	0.47203014495935863	0.4113990386714641	2.1479115440238017
794	1.1471280773983425	0.16196404397308917	-0.7754369595371869
795	1.2961897280295114	0.13615533724445344	-1.0779119361748304
796	1.1413308688679857	0.2706719937587849	0.49860729682499866
797	1.0139555833888374	0.2805344240304975	0.6141938078963475
798	0.7041825042631218	0.32726450230761095	1.161864773503554
799	0.5394235451712817	0.25316562733507963	0.2934347621956281
800	0.29019041440521465	0.14261544036973936	-1.002200295043678
801	0.3381295212574073	0.20078921218056187	-0.320410600797643
802	0.42797000655940315	0.18592285915971002	-0.4946424919942625
803	0.5232869156486888	0.2079437157707418	-0.23656066871667944
804	0.48534197710330884	0.3326134520426891	1.2245538289128493
805	0.46715069905864953	0.2835501678508169	0.6495379671828768
806	0.8505094250635264	0.20920125395924508	-0.22182247055015014
807	1.0617043011069442	0.07144731920453942	-1.8362822199199946
808	0.8127301293239114	0.3033323334948685	0.8813825982967429
809	1.0052556935217687	0.36321106109013446	1.583154171777957
810	1.0838768244006045	0.37431102168053726	1.7132443911586754
811	1.260017727679575	0.2827821319966983	0.6405366782196595
812	1.3586315683216799	0.2621646375850817	0.3989020931917663
813	1.1767860974280262	0.3225262587311929	1.106333121718371
814	0.4774788479983829	0.2757494409939118	0.5581143751909147
815	0.5234919084236078	0.176164327219607	-0.6090113269628633
816	0.5897877745971468	0.09899086472619806	-1.5134751387368932
817	0.5862676135129152	0.09811361338366878	-1.5237564202488596
818	0.45034453800520985	0.1064976443614108	-1.425496573260554
819	0.36267450643480176	0.25103911587675454	0.26851230054578135
820	0.36718508274680955	0.3533077282108309	1.4670882870051054
821	0.6098633007613724	0.13015505979674027	-1.1482344749947504
822	0.6761913984292885	0.09474741305038564	-1.563207888231086
823	0.6131518777213012	0.15395792381356746	-0.869267736633917
824	0.7728384981037997	0.14352004136137547	-0.9915984788934743
825	0.8151868150458427	0.1347797788987421	-1.0940333165623686
826	0.5694515903883836	0.20291501028858036	-0.2954964995286396
827	0.6362662371553572	0.3438592475788694	1.3563532165320542
828	1.086258250296063	0.1733957099420911	-0.6414591925277825
829	0.9492260481904089	0.15862427130043966	-0.8145786984765445
830	1.0108357694929637	0.23520601143611564	0.08295019756485539
831	0.9918740084529227	0.1936002004862332	-0.4046649637594696
832	0.5817277479551669	0.3564089046874652	1.5034337068737578
833	0.6634777602833681	0.38643643762239616	1.855352825428499
834	0.7585589813184305	0.3763476296266939	1.737113194326959
835	0.869320201817877	0.34777191312472017	1.402209191882381
836	0.9102844976507677	0.39530634893882943	1.9593071322609028
837	1.105961702014372	0.3954434367808586	1.9609137854826648
838	0.9607315301614223	0.18851982169110465	-0.464206399660319
839	0.6433157793496155	0.26745255485259445	0.4608758553322013
840	0.8345791093993816	0.30545364932884345	0.9062441678464759
841	1.2054470212705757	0.24394692889094938	0.1853927116645212
842	1.189572096381326	0.21553152301866915	-0.14763246924586898
843	0.7006387342325117	0.3144969685106589	1.0122307942593125
844	0.6714246442874012	0.3409371363721998	1.3221064203534105
845	0.8331739328682588	0.32214154992057453	1.1018243801635306
846	0.7560166911722374	0.3029217592275083	0.8765707166618527
847	1.0556238702179137	0.24908714754332592	0.2456354635829999
848	1.327206320191229	0.23760862618862627	0.11110855701990613
849	1.2712021269689575	0.1418426736840089	-1.011257028791337
850	0.8875906990624368	0.16966753305494636	-0.6851529827163821
851	0.7736929934653716	0.21492025928102654	-0.15479640762941238
852	0.7048603742354891	0.12125067164058288	-1.2525928462926752
853	0.6148356774002987	0.2004595985193663	-0.3242736337468671
854	0.5445907801073246	0.25868666726628736	0.35814069425826234
855	0.5741082295011948	0.14745690594125546	-0.945458893739309
856	0.6800668945298378	0.16733781050698593	-0.7124570541941153
857	0.9936681954273671	0.13370569344864594	-1.106621470430001
858	1.018226918396948	0.14884421173242107	-0.9291998346867105
859	0.9061194448037304	0.14456766559260534	-0.9793204473672106
860	0.5885196870300937	0.20981274276614967	-0.21465589438159588
861	0.3156072955875304	0.19200424683764564	-0.42336935091249456
862	0.3346516882769632	0.10850205522105505	-1.4020051161209977
863	0.31400777277873493	0.19900557239073993	-0.34131464722774785
864	0.4816539679041547	0.18035677191946803	-0.5598763731669004
865	0.6580849957555392	0.21436383527500183	-0.16131763087366768
866	0.781939371314437	0.19936342482756242	-0.33712065918310447
867	0.8542314712533592	0.12572701955420207	-1.200130580560792
868	0.7841680999839656	0.06497421252429358	-1.9121462611703806
869	0.5417171930846754	0.17600562437131312	-0.6108713054900616
870	0.7482294892958844	0.29116163558461167	0.7387434647370527
871	1.05096833010759	0.3230156684540962	1.1120689455261232
872	0.8448507484900694	0.2799458967136239	0.6072963376630003
873	0.6424583549664785	0.2088909936720184	-0.22545868425575008
874	0.774378201114464	0.2697985699428404	0.4883708734698736
875	0.6709424026597979	0.31896201294963133	1.0645605846112534
876	0.49320211377405015	0.2363853943427525	0.09677242511320477
877	0.43186479138114753	0.19119189403818349	-0.43289002921003233
878	0.2829472712450659	0.152422791506418	-0.8872593048912107
879	0.24132422505589737	0.15642725603276716	-0.840327456395687
880	0.2293970795861447	0.10939751992990608	-1.3915103761195924
881	0.2818879653409978	0.1573671205966909	-0.8293123553677865
882	0.29337834802566476	0.18291848584717293	-0.5298533902804647
883	0.45513639487336577	0.2560325587903967	0.3270348582440905
884	0.5404250626681247	0.2261260327844728	-0.023466073479003695
885	0.5802960446990649	0.1898588250460911	-0.4485134394211344
886	0.5603847152848654	0.16843303162613082	-0.69962119279627
887	0.5781436584160167	0.19497985353334596	-0.38849559395798067
888	0.817565929587511	0.23954342196987433	0.13378413371132883
889	0.80327189287549	0.25576530013373766	0.3239026185399034
890	0.6570195006192534	0.3472905811267587	1.3965680380512668
891	0.8715918487241089	0.20316939958289804	-0.29251508722213954
892	0.9039907777179172	0.3618620472029668	1.5673438892909168
893	0.7889718337363437	0.3855633532884994	1.845120380762641
894	0.6540737236440887	0.22438463645204015	-0.0438750316072704
895	0.5255347647571506	0.22019314483267444	-0.0929988154130598
896	0.5779816715521535	0.22779642284036145	-0.0038893004758808456
897	0.485008949325876	0.31603531278944796	1.030260006442622
898	0.4326970152957331	0.3235643287121797	1.1184991785668856
899	0.8786347297600529	0.38277285588457244	1.8124160827156686
900	1.0533491023376105	0.22188736171581963	-0.07314279482525358
901	0.6908675759426681	0.28522422787377777	0.6691577517640732
902	0.37996848836001484	0.4358189053741207	2.4341094805591084
903	0.5785332492157402	0.19423861473417323	-0.39718282462087634
904	0.7722052076376014	0.0840553375922331	-1.6885177423209181
905	0.6985579986383683	0.2341218469598446	0.07024391870789914
906	0.5469542788444819	0.23641579085242465	0.09712866859528321
907	0.7386851225948547	0.3210886497030931	1.089484514705216
908	1.015806556334756	0.31426034504035505	1.0094575952995732
909	0.8352054509215613	0.42489572220522165	2.306091071556245
910	0.4917439155962717	0.33218653062297165	1.219550360594467
911	0.4278181997528759	0.127699491212734	-1.1770134470637121
912	0.509376358648669	0.1539579272738086	-0.8692676960803017
913	0.4610943654120986	0.1916787855259023	-0.4271837188194611
914	0.3551068514584537	0.20533797856039432	-0.2670995992454684
915	0.22383155330107485	0.16344839916992643	-0.7580404929801411
916	0.28986197102322553	0.25536455291529375	0.3192059087508023
917	0.39702039900938646	0.22805047493095892	-0.0009118401569197615
918	0.45507373738527207	0.18159418471348038	-0.5453740422327927
919	0.37943059105713617	0.1943273760479449	-0.39614255256882414
920	0.2684843737527329	0.2649419955775831	0.43145239889786857
921	0.3849173210185347	0.14141878371769812	-1.016224968835947
922	0.44433618992042	0.18269772043556023	-0.532440734676372
923	0.6615900603748535	0.26544256383403875	0.43731899939315727
924	1.025131823580541	0.3341456716209702	1.2425112603338546
925	1.0261670948496744	0.29359038076560046	0.767208069709423
926	0.5367646769995489	0.3461048066386656	1.3826709019276067
927	0.8202438456759691	0.34554182564531355	1.3760728315708826
928	1.0793692703461313	0.2492892753914595	0.24800437794918115
929	0.8832647998206622	0.17413654542318704	-0.6327766887048304
930	0.9759343026333227	0.16269534015251114	-0.7668662551965301
931	1.2468503224871839	0.18467291110344453	-0.5092917347127162
932	1.0379982879613048	0.22394520739077442	-0.04902508799861909
933	0.3993497630278982	0.23915522825435864	0.12923454948511862
934	0.23732432551826366	0.355188553190079	1.4891313323091289
935	0.2918705343508263	0.27704175964492506	0.5732601962459432
936	0.5846214070117657	0.18985461679025417	-0.44856275967957854
937	0.6739840618785746	0.2051580771222549	-0.26920802272714267
938	0.6181455893030575	0.22659706750962696	-0.017945602461816187
939	0.5458400858175046	0.20663995719602823	-0.2518405643183472
940	0.5638263096460864	0.1528615665504465	-0.8821169135041813
941	0.5744302438055715	0.131690038868638	-1.1302447026364018
942	0.48740631432358045	0.15351514777351247	-0.8744570192190355
943	0.49765808041885967	0.12828112961003435	-1.1701967141493201
944	0.37653004251911004	0.22995197563377115	0.02137352217088076
945	0.49446511444001773	0.35099938051824964	1.4400347262929611
946	0.5713278809651129	0.2534983144443275	0.297333815590882
947	0.6235479829376913	0.21212724537769878	-0.18753019875038787
948	0.524517232725805	0.2303936955926268	0.02655042760981143
949	0.41698179278076153	0.3092472007967323	0.9507041403545222
950	0.5253793663440091	0.3080904584298621	0.9371472572424125
951	0.8150929446371209	0.2029278612776775	-0.295345887463192
952	0.8399668690227685	0.3490085707333026	1.4167026721329703
953	0.647937189037057	0.3009951157326013	0.8539906837978087
954	0.8552792560056353	0.3312270051175479	1.2083048356680184
955	0.7841430429467182	0.4716533622735568	2.8540850580820716
956	0.6827400989039143	0.4003861659485368	2.01884198410336
957	0.5653630445449429	0.36722759910845487	1.6302275201649838
958	0.573852108941121	0.1883246927966688	-0.4664932871206785
959	0.5134459806074336	0.17877295041298627	-0.5784385730558133
960	0.5063012504348446	0.18914436223121295	-0.4568868587292379
961	0.3044295154305218	0.18584854576782886	-0.49551343611825377
962	0.3622221193674146	0.18070982969183363	-0.5557385780200581
963	0.38553816121099005	0.2158596729264108	-0.14378659131322255
964	0.4086851753375987	0.19170488237537445	-0.4268778668441026
965	0.4475452800021401	0.29529046501566997	0.7871328551405055
966	0.47760009384953933	0.3264859367322782	1.1527400774586978
967	0.5271812942555975	0.1940817399769876	-0.39902137813747346
968	0.43162379549652174	0.1260522125728447	-1.196319357017091
969	0.4470253455061177	0.13734100718775602	-1.0640160253036945
970	0.3955918489265592	0.2229271033818187	-0.06095714602700098
971	0.29295740607309295	0.2098485501192285	-0.21423623645763018
972	0.288839651620934	0.19843864665351094	-0.3479589495140517
973	0.363847396849561	0.1108755445869176	-1.3741881027371998
974	0.27664700501329853	0.11864532570241304	-1.2831271911580275
