ID	SN	ssim	z_ssim
245	0.5259502327634552	0.28308102522150963	0.6575565884556777
246	0.848838786019946	0.26594070427443106	0.4357973927481407
247	1.0001192496186493	0.1813899849401729	-0.6581085833388797
248	0.9845402647297994	0.2884124562117956	0.7265339344474148
249	1.1395882035313036	0.31761687525534743	1.1043768288832838
250	1.1659959836788563	0.15237172860383652	-1.03354292939632
251	1.0229842900679358	0.08883064346602482	-1.8556290489066387
252	0.794257284574004	0.12925031289402225	-1.3326847346903419
253	0.7002130671530159	0.17313679967387147	-0.764887198064425
254	0.6206819925794205	0.2511365365121381	0.24426303664000182
255	0.8672178832295959	0.2698258282836956	0.4860626111287449
256	0.9854714020404317	0.265780817009137	0.4337287925471902
257	1.0267417563106211	0.16772239305498388	-0.8349380717175654
258	0.9931944598715655	0.1736183452671637	-0.7586570251409015
259	0.8888169605199261	0.19195876005406398	-0.5213711747392006
260	0.8736404490074569	0.10065192314680263	-1.702686902587614
261	0.8230793125604956	0.1853288166543111	-0.6071485018064794
262	0.8008368458299282	0.3246048313907623	1.1947860771706253
263	0.8933549470293063	0.21948811882217983	-0.16519998765287414
264	0.9579555064904278	0.24046018852281972	0.10613386446667963
265	0.8427399525138287	0.252559486309407	0.26267297211022084
266	0.8798520548988213	0.18683484983981516	-0.5876636444950321
267	0.8142409974633094	0.13123242342382482	-1.3070404519345178
268	0.6636576410039627	0.12685382546415785	-1.3636901707385234
269	0.6792186612642458	0.13042681484678326	-1.3174633086973184
270	0.7335215768541987	0.149333132542649	-1.072855881626884
271	0.9278421122283999	0.21522133192290063	-0.2204031098091651
272	0.9206046479608299	0.2915458856591612	0.7670738284318697
273	0.8170351613918387	0.3532272185307136	1.5650987201475466
274	0.7737361715816404	0.2865392386114666	0.7022984939491449
275	0.7575281057969806	0.27351369437159123	0.5337757327239518
276	0.9694110920747644	0.41461899194270385	2.3593773300368635
277	0.990534634277769	0.44304479410336867	2.727146582663665
278	1.1311668545164677	0.2996669742454559	0.8721433938575586
279	1.271687048535729	0.47458547963664627	3.1352157826231988
280	1.20578248838056	0.26192109742271164	0.3837922532148735
281	1.1908438566587776	0.22267044411855022	-0.12402748566870747
282	0.9400287127908549	0.2896080439672911	0.742002290021098
283	0.8912644067429636	0.40586262368658205	2.2460886006255545
284	0.8761415152612281	0.3654065383310986	1.7226731419764796
285	0.9167498657211303	0.38095853397576396	1.9238827958946536
286	0.9784731938235867	0.24952083782351628	0.2233593416158103
287	0.8485576602208681	0.17812263712966334	-0.7003810953176519
288	0.7530925025261651	0.17231210363241728	-0.7755570059064562
289	0.8790304365255142	0.1660253166061822	-0.8568946213937608
290	0.944305940949044	0.20714823489489295	-0.3248517668283342
291	0.9865787005638671	0.32806774285597895	1.2395887657377693
292	1.0376333854748687	0.33997185512376127	1.393602589065014
293	1.3103066755250836	0.18362912702833847	-0.6291388604218109
294	1.614156339345709	0.14547378960608295	-1.12278754791335
295	1.5216255583021756	0.11000971062948511	-1.5816170911080674
296	1.1918993268885734	0.33303288893966626	1.3038271662606367
297	1.0348723936404156	0.22745607975536813	-0.06211156746351482
298	0.9211764782681325	0.2673598439832047	0.4541580337994925
299	1.027366045872482	0.3154039317859675	1.075746060216167
300	1.1399703495826194	0.2894454170752049	0.7398982448926077
301	1.3402897721428149	0.2798213423846088	0.6153832448873361
302	1.2539811989889458	0.19324600019754368	-0.5047170327437343
303	0.9711220399411442	0.23520108719321103	0.0380923100174183
304	0.9110542167723762	0.28551921668759866	0.6891015857850912
305	0.6667874827040342	0.19397775808940293	-0.4952496463364215
306	0.6032612792515208	0.16863057863789432	-0.8231880872778792
307	0.8230959323704258	0.14027714396028032	-1.19002105902136
308	0.9358097044842688	0.1957826897357875	-0.47189768044003355
309	0.9317655189226948	0.20675484260721444	-0.3299414239930097
310	0.9934846921715276	0.22157030770799385	-0.13826090442013048
311	0.8711746755480718	0.19974255021324827	-0.420665531560964
312	0.775902707047289	0.17153134718652063	-0.78565832909755
313	0.7338335844683438	0.17207972588529083	-0.7785634783326258
314	0.7532036936114038	0.1700785820209842	-0.8044540118421136
315	0.8363974375100551	0.21418964098442486	-0.23375099013424944
316	0.8795748241688408	0.19228281987859194	-0.51717853177351
317	0.9891110410302352	0.15302376326330014	-1.0251069915803053
318	0.9999086031549205	0.21774550809918256	-0.18774565372040897
319	1.1064556692179663	0.33968756704727376	1.3899245076926896
320	1.1638099613635973	0.2599640641478166	0.3584724166520941
321	1.2066837579477987	0.275414567274724	0.5583689738565122
322	1.60549705889824	0.22233182353469372	-0.12840851380452153
323	1.684719899535515	0.10405015322315143	-1.658721053238176
324	1.7426100756742506	0.25187121518512134	0.25376821172553715
325	1.6300892386390877	0.2968367428680069	0.8355262362286459
326	1.424395904105291	0.31114096674612274	1.020592384769591
327	1.2455221387306674	0.412737212922249	2.335031123022198
328	1.0695236505852626	0.2744282120917468	0.5456076415142334
329	nan	nan	nan
330	nan	nan	nan
331	nan	nan	nan
332	nan	nan	nan
333	nan	nan	nan
334	nan	nan	nan
335	nan	nan	nan
336	nan	nan	nan
337	nan	nan	nan
338	nan	nan	nan
339	nan	nan	nan
340	nan	nan	nan
341	0.6820738698600131	0.3288046132303259	1.2491222967644298
342	0.6890519312177142	0.2879672496437558	0.7207739110057855
343	0.8204952283012825	0.21477691478766825	-0.22615291967399023
344	0.8660557055064735	0.26468969371436063	0.419611984290539
345	1.196013445379126	0.265443149355689	0.42936009329842595
346	1.226861446025292	0.22527855867244176	-0.09028404599976195
347	1.2341176378733212	0.16585207576497268	-0.8591359883861838
348	1.0536615749547438	0.18098645292583032	-0.6633294269403002
349	0.9586698459217274	0.17072052711564423	-0.7961486114753561
350	0.7497712176375649	0.28145883016458134	0.6365688442812331
351	0.8691252718361564	0.32132090223804427	1.152299037988818
352	nan	nan	nan
353	nan	nan	nan
354	nan	nan	nan
355	nan	nan	nan
356	0.8858341294952496	0.15468117866389175	-1.0036635712777744
357	0.9569964283429709	0.25079752201491723	0.23987691210540238
358	1.1543173314815292	0.33806962511750543	1.3689917899125084
359	1.2993012077725166	0.18290067373151853	-0.6385634924174463
360	1.4471298715568042	0.2777119441421295	0.5880921306122074
361	1.2163542492618273	0.29356881097219467	0.7932461674318104
362	0.8998505315971589	0.2045469762730152	-0.3585065053595415
363	0.664784539374363	0.20985596064537948	-0.2898195707289477
364	0.7710156183821454	0.22189686554013976	-0.13403594256368304
365	0.9899969096819725	0.29438602210097115	0.8038191364678194
366	1.1377448680186821	0.24421584052454656	0.1547239912112023
367	1.0989592016177911	0.09305941516795894	-1.800917762324135
368	1.1635581432295146	0.09669229277287093	-1.7539160744177882
369	1.1030992767756675	0.28154031877959657	0.6376231331583719
370	1.1170434479734568	0.2273584533716804	-0.06337464464819952
371	0.9256278752865563	0.22477419904749965	-0.09680938383444118
372	nan	nan	nan
373	nan	nan	nan
374	nan	nan	nan
375	nan	nan	nan
376	0.4957925918443599	0.25261200414511364	0.2633524408927812
377	0.6142697929011852	0.22018718535927378	-0.15615555765120429
378	0.7016192948713875	0.18005872951620686	-0.675332189186839
379	0.6080648893357489	0.2803698635057669	0.6224799382941973
380	0.768490928262531	0.2627906307776244	0.39504216026280375
381	0.9082929251860011	0.29062318180860613	0.7551360085738227
382	nan	nan	nan
383	nan	nan	nan
384	nan	nan	nan
385	nan	nan	nan
386	1.1928387384523447	0.16706576981197718	-0.8434333760179704
387	1.2052291516642155	0.274847516465463	0.5510325458062275
388	0.9379341641258547	0.26926519351132205	0.47880919291148394
389	0.7854818003774457	0.25084535983293327	0.24049583144071673
390	0.8041783433369267	0.2125336517334699	-0.2551759591022131
391	0.7777707691619712	0.19925305529171633	-0.4269985518373637
392	0.885818150967033	0.15851923578030297	-0.9540072981051295
393	0.7752924491035781	0.13187605164539676	-1.2987132754953394
394	0.8505469999258243	0.1853472770825531	-0.6069096632379367
395	0.9254501987090654	0.25075763057365585	0.23936080193704265
396	0.8767243850906516	0.31660361868110337	1.0912674499140391
397	0.8636045604972058	0.26970590675640194	0.48451108233749446
398	0.8687548738445868	0.19256391920281482	-0.5135417060544314
399	0.8933250739542364	0.28937090974028906	0.7389342788900889
400	0.8204920841763338	0.27731337150942936	0.5829354508317343
401	0.7646699380745068	0.1922956900422254	-0.5170120193059318
402	0.8316698529569407	0.16290743369831498	-0.897233376315194
403	0.829757148089037	0.30216390443416696	0.904448344978139
404	0.8243200131301766	0.20086579380304714	-0.40613315519376997
405	0.9275610392096939	0.18992518080081175	-0.5476813530025552
406	0.8705668485144571	0.25999291618793974	0.3588457005148634
407	0.9461788311694681	0.23204220332789569	-0.0027769098454246805
408	0.988831276691893	0.23938435426155485	0.0922148636947966
409	0.9898562061741143	0.30329023593953686	0.9190206723868307
410	0.8383309516063727	0.20934679465709466	-0.2964070926541378
411	0.7614707464718268	0.32338376259243373	1.178988051249351
412	0.6811562462470064	0.22054412012279093	-0.15153758309156734
413	0.6312035354543478	0.28348276050945753	0.6627541862496586
414	0.6685699123240838	0.259896805546515	0.3576022338022453
415	0.8499142951655141	0.1693332246120795	-0.8140973469945706
416	0.7412872150913963	0.10540878175229976	-1.6411432977912688
417	0.6838039746835187	0.15933794912689953	-0.9434148935745
418	0.6641634338609649	0.21742548976759035	-0.19188600838731798
419	0.566653103953813	0.3086336090683407	0.9881525241804675
420	0.6526071260877431	0.2718492164398639	0.5122409383316856
421	0.6267331783696932	0.3034402776887376	0.9209618926083214
422	0.7375166673970568	0.2720348045283583	0.5146420523694265
423	0.735540188265264	0.1416685811381091	-1.1720188296357157
424	0.6996976382657774	0.07634625356688846	-2.017150427151522
425	0.9136426098374281	0.04886143326161745	-2.372745381521494
426	1.053817601773818	0.09911544593909592	-1.722565640614516
427	1.0923957429452467	0.08572833014705225	-1.8957663665550222
428	0.986066523306522	0.061624805999846134	-2.2076145603610238
429	1.0031664092421928	0.10103636267413006	-1.6977130750471878
430	0.932247575516862	0.09796007161904371	-1.7375137201018835
431	0.7621359342749524	0.19984093198147046	-0.41939268131150836
432	0.7401018108834745	0.18381362323297074	-0.6267518730324461
433	0.8575478014419727	0.10774051103022354	-1.6109756941112323
434	0.8772914307934262	0.11858499056663432	-1.4706712583141193
435	0.8749641349369535	0.2729970430582677	0.5270913666576681
436	0.725845508889764	0.30595652757694025	0.9535167994347368
437	0.6870983712618178	0.2966604004651223	0.8332447416432438
438	0.7313945824552829	0.3555670752748922	1.5953714759064366
439	0.6506819305417924	0.3176476898834859	1.1047755044491099
440	0.7402608402614211	0.22039217591312626	-0.15350341709384113
441	0.7386677068647972	0.29379094274300027	0.7961200787772883
442	0.7704638631676347	0.3083501889920518	0.9844856728794185
443	0.8788946792976949	0.24931778848862393	0.2207323162915061
444	0.8198337424064729	0.13202470967285385	-1.296789957681972
445	0.7552324224057237	0.12803552564806206	-1.3484014907214372
446	0.8230388893440568	0.17999046508019612	-0.6762153853925524
447	0.8440782707594985	0.31807902249998965	1.1103560285486076
448	1.011131808384056	0.2944991832933209	0.805283200943524
449	0.8677454021149623	0.3132089360626329	1.0473474971034311
450	1.0156942526252513	0.2745519773069624	0.5472088994292705
451	0.8090374388116329	0.330879708855522	1.2759696083334786
452	0.805405692407889	0.4079945380809486	2.2736710258830364
453	0.8776984175480865	0.3618945981154911	1.6772361259491444
454	0.9658541253952628	0.23378586143288618	0.019782307111217305
455	0.8842538868929259	0.27128404722815513	0.5049288541406036
456	0.9231905294635692	0.2351450588736279	0.03736742306075276
457	0.8121463306132657	0.22626944130547752	-0.07746413810999578
458	0.9279835961619451	0.2568592602600587	0.3183028763555817
459	0.8826188754749347	0.21170860214532103	-0.2658503410844195
460	0.8542510207892416	0.2863000148472079	0.6992034486626578
461	0.6617402969332666	0.23910345688454468	0.08858065074193178
462	0.8723289804723031	0.2510824105305872	0.24356276188011497
463	0.8058348670561456	0.3279730313446377	1.238363400784328
464	0.8106736771647935	0.2853030927390703	0.6863054028462321
465	0.8846636652712765	0.3225711721818663	1.1684748644517724
466	0.9072397657294534	0.20851640417301182	-0.30715057443852
467	0.8144739137223729	0.18848985378693495	-0.5662514232572123
468	0.7213249805697831	0.2263178386488316	-0.07683797971017829
469	0.7083647522125328	0.20708304242660802	-0.3256952183236529
470	0.9650238040597274	0.15241632682459985	-1.0329659235399538
471	0.8548722263552608	0.30649846721666624	0.9605283425090309
472	0.55287796652625	0.3512668827119577	1.5397361557109643
473	0.612143588984851	0.3038080698112464	0.9257203382364368
474	0.6778409105466027	0.2445424775956403	0.15894997825063156
475	0.6475444800653711	0.15425109954540317	-1.009227877786451
476	0.6157902278790539	0.1631192992409315	-0.8944922880663893
477	0.5676448595126969	0.17953734979166505	-0.682077730809402
478	0.5942637042973969	0.14941324150722257	-1.0718194424839036
479	0.6065241218413455	0.13835619039796057	-1.2148741010552178
480	0.7065067374182631	0.1427134208803704	-1.1585008318337768
481	0.6937215214768602	0.11464083121824553	-1.521700268070797
482	0.6085329732323346	0.11846126805999375	-1.472271963671285
483	nan	nan	nan
