ID	SN	ssim	z_ssim
494	0.7044730614759351	0.3560002037739778	-0.3137782335559498
495	0.8941800334526218	0.29421872852352354	-0.7585451710448093
496	0.7885371660779756	0.1761743920024117	-1.6083503566536337
497	0.7912392292895788	0.2789169147257379	-0.8687034479923296
498	0.7308367266592026	0.3391714117465711	-0.43492927861150743
499	1.1369527347722603	0.29761256643597506	-0.7341128167098658
500	1.373932086779193	0.32570865522719145	-0.5318481197853211
501	0.666092423466813	0.4863245964564453	0.624431493202727
502	0.23289393795268068	0.4317587474632688	0.2316100940731189
503	0.5168513858493131	0.20927002855669966	-1.3700937456740054
504	0.8307888316042642	0.39594295214885783	-0.026229032155924915
505	1.0303263840110537	0.4002946812015676	0.005099213013176671
506	1.316898310202064	0.3438338992289766	-0.40136387295838827
507	1.357986480888951	0.4717999391478839	0.5198679922015662
508	1.4489160747123	0.32086443767522255	-0.5667218063780209
509	1.7212108368461188	0.24954529766202926	-1.080150716248119
510	1.750571935082388	0.46932189329182533	0.502028455966989
511	1.3369029030221684	0.5050532968592407	0.7592600431447492
512	1.121472570310823	0.47025633733919403	0.5087555503835279
513	1.314953930947624	0.6143945304339187	1.5464112952169635
514	1.69656670903759	0.6667477035431818	1.9233035655494024
515	1.563289128597424	0.5961983920303382	1.415416677185009
516	1.085909202775402	0.5696550962061466	1.2243305895393481
517	1.078405827485946	0.6039368257704131	1.4711259243595212
518	1.1282506023215029	0.44751041558417254	0.34500688756298853
519	0.8561074828532937	0.47730051233706794	0.5594668053064498
520	0.6586665785379676	0.40560076358661423	0.04329788021712032
521	0.9363967421056723	0.2444949382580781	-1.1165084250306865
522	1.195568748820896	0.2303863095176059	-1.2180769222481593
523	1.2055665186880284	0.2880716946877761	-0.8027978762882907
524	1.2122202400090105	0.3591211099518231	-0.2913107240430538
525	1.2126555158740677	0.2834472323319717	-0.8360895377642524
526	1.1102828459209868	0.242996200030049	-1.1272978924086623
527	0.9527713567698192	0.2420558806776657	-1.1340672833454373
528	1.0445596680629101	0.1893569428015366	-1.513448725971466
529	1.0760669923113861	0.47223350044230294	0.5229892146772477
530	0.7845993356472104	0.5567639607973759	1.131526868144382
531	1.2239459016808227	0.5868511728440335	1.3481257289731619
532	1.419520409970159	0.4989402319976598	0.7152518816993633
533	1.2975286296973374	0.49750654838847963	0.7049307447307482
534	1.6510125646716702	0.4534805505313579	0.387986091702911
535	0.8570324847967312	0.3476673424708129	-0.3737667849348817
536	0.5931602108766885	0.3033736133983515	-0.6926388440700358
537	0.7086055843375871	0.27209995829723954	-0.9177789487214241
538	1.352496597744689	0.1552382780043577	-1.759070151998172
539	1.9987469103375297	0.30153715224885136	-0.7058595902236241
540	1.8097429950874044	0.6032936237632038	1.4664954912762478
541	1.2612957230761488	0.5515084208013774	1.093692057314848
542	1.3736295391531537	0.46933520688870733	0.5021243010028701
543	1.533320961899892	0.4262729342601552	0.19211753860898173
544	1.280980975249019	0.44414719660058755	0.32079495993630897
545	1.2969300088854216	0.49042956865920995	0.6539833274329576
546	1.4548987273938496	0.4405144248997026	0.29464251314786954
547	1.2745755719620642	0.6608227873477184	1.8806498927380682
548	1.0448483460232882	0.6987321274078641	2.1535605186566484
549	1.05317636660028	0.6980373007139594	2.1485584377014644
550	1.0307307416984566	0.48959632617201837	0.6479847864834021
551	1.0076129052104341	0.5903872509318422	1.373582075158818
552	0.9199394973985531	0.6535300005240013	1.828148872841819
553	0.8890560988702084	0.5855992832083471	1.339113332990691
554	1.0442349017657002	0.5387349981066364	1.0017357537439182
555	1.307829133330373	0.451384095734432	0.3728936424560682
556	1.2553554693811892	0.308774352995051	-0.6537587363862816
557	0.8991696279563837	0.4365270775964535	0.2659374645620067
558	1.487750228373317	0.5163435686796125	0.8405390932258107
559	1.626773000238103	0.4532116598508989	0.3860503385668419
560	1.2077503726431738	0.28758386665745583	-0.8063097668377992
561	0.5135485247116128	0.49131834817329256	0.6603816813242959
562	0.4485102101401912	0.4273586900490264	0.1999339313888462
563	0.5941446336084448	0.1932212333759728	-1.4856295669534652
564	0.8314603998965295	0.22672288412134198	-1.2444500460301662
565	1.7332956791214147	0.33822556366269624	-0.4417384710739623
566	1.6860828578380598	0.669059359076898	1.9399452522053477
567	1.403488758028154	0.6193253004861364	1.5819080761969637
568	1.4657063919439628	0.5502259490798936	1.0844594998586192
569	1.428962259128261	0.5547673644500553	1.117153303265924
570	1.3812203454763028	0.5865880220569903	1.3462312975246327
571	1.4355317279048754	0.4953323574288205	0.6892786702096488
572	1.0957054503531294	0.3898991316768704	-0.06973870089013919
573	0.6023000519878607	0.38814141798626156	-0.08239254141410089
574	0.6334913411409852	0.3973396933169724	-0.01617384507454559
575	1.2270393386053606	0.4344940963465116	0.2513019635344996
576	1.8184602203637155	0.4979697006994691	0.7082649939391816
577	1.8325188815675455	0.701858992513598	2.176070926693689
578	1.3074825352120951	0.6927856300149082	2.1107514820719966
579	1.3648290839633415	0.7046274223092452	2.1960009467663952
580	1.5638084222711672	0.6333125795337806	1.6826029728565746
581	0.927470923253731	0.43369594366195197	0.2455560352652084
582	1.1021574249344404	0.4739885146836711	0.5356236217744934
583	1.2922986314546234	0.5097032348834841	0.7927351048225704
584	1.2261512728845565	0.5228655384880125	0.8874909752635507
585	0.9626287066128129	0.6394442648570137	1.7267451836374623
586	1.1520783900699718	0.6543457743572333	1.8340216563585487
587	1.2980510940139016	0.6075758862284512	1.4973236441241766
588	1.6250586994191591	0.6026003463337656	1.4615045635285466
589	1.6713523300866244	0.5422977195278159	1.0273839061909145
590	1.3340766356379816	0.39369358499063656	-0.04242230268231524
591	0.5418497172952677	0.4174349499868365	0.12849258982160602
592	0.559514719942021	0.37933898420873075	-0.14576156097554444
593	0.5623382971550653	0.21422565697370105	-1.3344180084821151
594	0.48099897209890313	0.29444648981039645	-0.7569055098092962
595	0.35980620025675736	0.3012785078855134	-0.7077215797749294
596	0.265303283425164	0.283088879332856	-0.8386693331691134
597	0.32956296958350856	0.27558671115111577	-0.8926776965691833
598	0.4975090712444101	0.24171387314201234	-1.1365294072039889
599	0.7414722067777988	0.20727674490920722	-1.384443462313951
600	0.9685962558128438	0.3665465488090626	-0.23785473765462725
601	1.0284525586137778	0.36355031439570895	-0.2594247309029876
602	1.0729173605070503	0.4794453238342744	0.5749073760800718
603	1.5860211125241381	0.5200992040782849	0.8675760399452077
604	1.693598849388534	0.4299434412469716	0.21854164300175885
605	0.8110130149827528	0.3898640944888643	-0.0699909347959262
606	0.8226665581096395	0.5145858366092002	0.8278851203850199
607	1.3671408282513695	0.3633604026207894	-0.2607919122171539
608	1.3536294711438637	0.28523117753110594	-0.8232468557199928
609	1.1282133439511235	0.305771216037629	-0.6753784212836954
610	0.8436725632288394	0.05986930697756911	-2.4456346117022427
611	0.6654429206511264	0.24458870106493402	-1.1158334234013694
612	1.1767838980595338	0.509403458521675	0.7905770046180529
613	1.8455462054893461	0.5133144029946358	0.8187320266351902
614	1.9939185112883564	0.5630800464767047	1.1769965833482394
615	1.3763291572238314	0.627056751673482	1.6375670557373558
616	1.313233727406965	0.6109758981219232	1.5218004451580618
617	0.9819099492291204	0.5747609308946697	1.2610876667786475
618	0.7629947160390538	0.4705102727018618	0.5105836396791625
619	0.9185770298542656	0.48881199675383774	0.6423383723780016
620	1.527333445895125	0.6275392636986019	1.6410406761849765
621	1.1843472366798793	0.5677754034894987	1.2107986178663757
622	1.3791021916692043	0.6459506435331144	1.7735848245845416
623	1.9665329808876515	0.6228428863242135	1.6072312960490862
624	1.4007322635585056	0.41754121920950343	0.12925762556287454
625	0.9105519878732387	0.2553154979311475	-1.0386108486423475
626	0.9011624389427573	0.4477029047480936	0.34639262358806555
627	1.1973024486653603	0.428885677917666	0.21092676888850595
628	1.5614857090687821	0.3262338218261619	-0.528067427612649
629	1.7353448171714965	0.37009510470953605	-0.21230856327204023
630	1.3971761706832582	0.5003297531854345	0.725255091897195
631	1.3831079056251239	0.5611848241986093	1.1633528138352578
632	1.2155081474145166	0.5103465653468036	0.7973664626657415
633	1.3480134604640188	0.5751575843578951	1.2639431885247359
634	2.0286701706266537	0.4679477245511749	0.49213576855714075
635	1.4278124519902895	0.3160469579835602	-0.6014030062067623
636	0.9695880890527937	0.5401950435126308	1.0122466701826456
637	1.0619826741109357	0.5662223139498703	1.1996178735512513
638	1.8542827635368397	0.3868799630832163	-0.0914737980809788
639	1.7198168016827606	0.5422021837086157	1.0266961405855466
640	1.0621562095933383	0.5073303876226737	0.7756528968461311
641	1.4734564950811975	0.592668306087356	1.3900034686533604
642	1.8978797307524007	0.5670716394579427	1.2057321967140628
643	1.3200057469155204	0.4852061276055134	0.6163795979786482
644	0.8952302566165681	0.4434907209470513	0.31606896942255575
645	0.5051872071865813	0.34215784518412645	-0.4134298429206116
646	0.3880215863740253	0.21793095755080957	-1.307743423851763
647	0.37741000169707306	0.20105704679530817	-1.4292192801624213
648	0.432589699057673	0.33839664144703935	-0.44050687629727225
649	0.614378754988306	0.3027411124888989	-0.6971922395873125
650	0.684202693086214	0.20051563385171745	-1.4331169303214941
651	1.203821835440686	0.255014621193987	-1.0407768704863718
652	1.1233812456021632	0.20922020352997783	-1.3704524377326772
653	1.0304319244236684	0.14920391969191613	-1.8025117023246244
654	0.9530346969522341	0.12778418691839377	-1.9567130856501098
655	0.4300696409195929	0.3283832309451894	-0.5125937584034719
656	0.3424408344444453	0.32034282254013513	-0.5704769314416454
657	0.35668416297573	0.2833956529291963	-0.8364608596356862
658	0.40809623871373346	0.2090498606678903	-1.3716787417791025
659	0.5527128443163687	0.22446456815245913	-1.2607077393482748
660	0.8247167361291892	0.29961577853011284	-0.719691624845501
661	1.5847158516025917	0.3583234949202105	-0.297052781730529
662	2.3398464420042693	0.5598512435299942	1.1537523213337466
663	1.9469144322862053	0.638648281203262	1.721014870294585
664	1.2587969974395663	0.546472229910209	1.0574363481367515
665	0.9225309115265623	0.4143160962991995	0.10603985625539133
666	0.672639087226405	0.48897804606381523	0.6435337669970429
667	0.5389667161430753	0.48537191813451847	0.6175731296246847
668	0.6400274285747757	0.12582506172045904	-1.9708168944521873
669	nan	nan	nan
670	nan	nan	nan
671	nan	nan	nan
672	nan	nan	nan
673	nan	nan	nan
674	nan	nan	nan
675	nan	nan	nan
676	nan	nan	nan
677	nan	nan	nan
678	nan	nan	nan
679	nan	nan	nan
680	nan	nan	nan
681	nan	nan	nan
682	nan	nan	nan
683	1.4080849790057024	0.43265848686316355	0.23808734855444993
684	1.2559906579486668	0.47767181888938626	0.5621398537805221
685	nan	nan	nan
686	nan	nan	nan
687	1.3079506951780477	0.47915756868573683	0.5728358169979542
688	0.9089832627732257	0.3544828912191277	-0.3247014181432119
689	0.7707845368380785	0.4053358349764446	0.041390650159556064
690	0.9696055738972091	0.3355023304639598	-0.4613431193113173
691	0.9757004704552713	0.46318631819198025	0.45785824255223345
692	1.0726167048264783	0.40510340594177807	0.039717385649230816
693	1.1668986503406165	0.40700085350364823	0.053377175055643364
694	1.139154510391013	0.3882147984127984	-0.08186427323257722
695	0.9749051289894828	0.4554340057940063	0.4020490824483972
696	1.1962792019527329	0.4040601844478985	0.03220719870282951
697	1.7314653417890153	0.4122827320426207	0.09140159795010405
698	1.506218185794336	0.3411219657289814	-0.4208871742809388
699	0.7686234560772368	0.41359443840921406	0.10084461660884136
700	0.7055770604794543	0.48956215440382167	0.6477387827641997
701	1.1598908419278902	0.30128639801680324	-0.7076647784519449
702	1.6383813215715468	0.28629093168915476	-0.8156176495630388
703	1.3865210830019004	0.2863612561604647	-0.8151113813069273
704	1.3710337019445407	0.25581296685206234	-1.0350295529941904
705	1.4976277973442758	0.2785390019811018	-0.8714240546691433
706	0.8763657362573016	0.6671102601747854	1.9259136230472347
707	0.9042112721803482	0.40319361887457295	0.025968763725049592
708	1.1997146023899519	0.26299682735157365	-0.9833126974033822
709	0.81724288597041	0.2920562835625404	-0.7741126857227245
710	nan	nan	nan
711	nan	nan	nan
712	nan	nan	nan
713	nan	nan	nan
714	nan	nan	nan
715	0.9714442819561566	0.47541804218327305	0.5459148387691765
716	1.1964475725142776	0.4405567700618915	0.29494735740786604
717	1.0620895650848587	0.40747424658703896	0.05678514793221455
718	1.3733736309800946	0.46262083595646286	0.4537873167435531
719	1.6556491262533968	0.4806684765459541	0.5837128939711484
720	1.3797228128298906	0.28849080673343386	-0.799780674444919
721	0.9733355145733503	0.17441927960897474	-1.6209854703509543
722	0.7932789046130979	0.20482215697051653	-1.4021141242051225
723	0.527154849631525	0.2820376866182407	-0.8462369052041726
724	0.28514687925600557	0.3079820315546178	-0.6594626853311663
725	0.30084121376473233	0.3386810056095688	-0.43845972903853325
726	0.3882811066739207	0.30745689629188094	-0.6632431519132289
727	0.8429262118091634	0.3041900605428803	-0.6867612133624247
728	1.3195249523838555	0.3356697951194757	-0.4601375355717011
729	1.28865825817413	0.3904289364646938	-0.06592461823847234
730	1.4932775798894893	0.4126178342145951	0.09381400986112916
731	1.4340182762796645	0.39890410046678637	-0.004911624899521111
732	1.0424435657194726	0.37952006603009625	-0.14445794679674498
733	1.0807675623609672	0.4072468829643219	0.055148349494457835
734	1.3698822925477487	0.39033949067776713	-0.06656854149477816
735	1.4266067976244852	0.4398219724665696	0.28965752457657445
736	1.6038524868067106	0.31282700844792205	-0.6245835322144174
737	1.3728603338477734	0.306321443028764	-0.6714173184971604
738	0.8675949901402213	0.2011595792122421	-1.42848114581247
739	0.47534279458906376	0.23392421978359335	-1.192607386149601
740	0.31533883968433934	0.16182113193496064	-1.7116799630979926
741	0.436557585247872	0.1910965928117251	-1.5009249264960183
742	0.6206123212923089	0.30445053938437594	-0.684886017340591
743	0.696119847724569	0.2531723808280236	-1.054039221415453
744	0.746570569784416	0.17881821247877733	-1.5893174033002766
745	1.3368463336999181	0.3122718009842881	-0.6285804895915338
746	2.286435741999486	0.412568380754069	0.09345799272011317
747	2.11301740794321	0.3764618323159641	-0.1664742751159646
748	1.8817646443017313	0.29518909738618937	-0.7515594526634851
749	1.7225040248730903	0.3549344018117681	-0.3214509780603493
750	1.103684616970639	0.49401995998781034	0.6798306764827265
751	1.111142485615053	0.46218694617479783	0.4506637294770375
752	1.0596758307139198	0.24746498259719574	-1.0951269750157686
753	1.016075305012071	0.3091121217800562	-0.6513271274375299
754	0.951329909343584	0.2997313680835571	-0.7188594917265896
755	1.1290862465493015	0.12251302491287054	-1.9946603598564987
756	1.1173948563444578	0.09910261793829878	-2.163192674328409
757	0.6863220469304048	0.24977708177443714	-1.0784820945550255
758	0.637553190512181	0.4775300594118068	0.5611193224894283
759	1.0454537713723169	0.5793118164110681	1.293849646090173
760	1.2290037643033715	0.45727986578581215	0.41533749118678626
761	1.2421546355420316	0.5121020521177453	0.8100042715194272
762	0.9874432150941834	0.6823711608494507	2.035777365032623
763	0.9101613827428937	0.665672241406907	1.915561277123995
764	1.4133771355288374	0.5826004201165178	1.3175244157967547
765	1.467506803710844	0.38785680090060337	-0.08444150947502894
766	1.1324570165495984	0.45489044876799345	0.3981359969671873
767	1.1964206919415203	0.38834679428819924	-0.08091403044499068
768	1.2509091379658845	0.5672268720542365	1.2068497214441238
769	1.1366499614996723	0.573950968943225	1.2552567231961866
770	0.942364567698664	0.3667365788650598	-0.23648670483096834
771	0.7464911630572051	0.3397240395245228	-0.4309508924791848
772	0.49919150542943413	0.3248407980640075	-0.5380958529623344
773	0.45107910299366977	0.2333068199923934	-1.197052068203972
774	0.37524683719435004	0.20927138834714504	-1.3700839564964313
775	0.44170456490784704	0.2474628916755688	-1.095142027631537
776	0.5635304002076463	0.16690554312595335	-1.6750771143446315
777	0.8797670897316309	0.20008846131600558	-1.4361921599063772
778	1.364902732661606	0.1857843179212041	-1.5391681737570755
779	1.5285149644733809	0.26182898047445846	-0.9917200667140823
780	1.3827288252952008	0.23250086594091002	-1.2028541587785633
781	1.20732601055617	0.34515153610072336	-0.39187816039174167
782	1.033931696075376	0.2943357435802195	-0.7577027756796003
783	0.7665558653640696	0.2124929957832127	-1.346891495207307
784	0.8377916147298763	0.2130607250531535	-1.3428043929215374
785	1.1131765761366983	0.07125300741626776	-2.363682965826429
786	0.7766944762124528	0.4129759766577887	0.09639228946675939
787	0.8597957706334803	0.4224498874366307	0.16459529475380585
788	0.9814087039649229	0.39792541011975346	-0.011957249929275231
789	1.0337190359061605	0.4164341184536999	0.12128756964151273
790	1.3406510256755155	0.36483398957843843	-0.2501835096883996
791	1.0719197174961104	0.4346843343610236	0.25267149345856604
792	0.6576889324942556	0.5346795399257085	0.9725403726376346
793	0.5386142478474444	0.6603003151994142	1.8768885980072054
794	1.3571799126611523	0.33132026653110813	-0.49144993952330895
795	1.571655055106788	0.36604769268669923	-0.24144601981310082
796	1.297804695625536	0.5093163555839001	0.7899499476123181
797	1.175660207292441	0.4422187951092201	0.30691233214071983
798	0.7059273369546635	0.506226966930347	0.7677093338266582
799	0.5004245010663231	0.3660789274489932	-0.24122115969908847
800	0.5863084974079904	0.21679952916648992	-1.315888615196609
801	0.6845765551476041	0.25626466775249235	-1.0317777428790906
802	0.620012135886242	0.28786956136423303	-0.8042530409458558
803	0.673228803695418	0.24306390175140766	-1.1268105054184787
804	0.715268160174865	0.48661019423258034	0.626487521287687
805	0.8225087812617964	0.45064668836475197	0.36758502177058383
806	1.2315301199247581	0.35645757297973535	-0.31048561711838735
807	1.5631802069127863	0.16512531863661517	-1.6878930108727705
808	1.1702155684410749	0.4378542113444568	0.275491545463194
809	0.8798960662660158	0.5434734535970889	1.0358480556656877
810	1.1434081404368337	0.6264391302662645	1.6331207782617523
811	1.1760419839617973	0.5537659064272041	1.10994377296511
812	1.5359476297266645	0.5491968581100096	1.0770510390341201
813	1.239305628673378	0.5602739212974299	1.156795192929236
814	0.680547529971809	0.46354944034028017	0.4604723712239593
815	0.7421225471722969	0.2797867064994335	-0.8624417874885727
816	0.864547351698481	0.2105155740886493	-1.3611270211096855
817	0.6529569821503718	0.15197340491208866	-1.7825740842149347
818	0.6092909505303655	0.16303316929814557	-1.7029544649780386
819	0.5402081556368752	0.4181996545064594	0.13399772361612589
820	0.579114824803742	0.5043409611578898	0.7541319142506195
821	0.6780674221706591	0.2176546265662772	-1.3097327399894159
822	0.7989317582286446	0.1992703033824618	-1.4420821066421796
823	0.7963018407281865	0.22526206092249496	-1.2549665618260413
824	0.7944463108400928	0.2545934188498381	-1.0438091204595359
825	0.8884697735709711	0.22420009000364277	-1.262611726519266
826	0.8398395288562935	0.3237304143263736	-0.546089543181333
827	0.9185043822246908	0.5035140986916181	0.7481793032882347
828	1.439977147795032	0.24081312552236694	-1.1430139198935287
829	1.6727178937151077	0.2140317886954904	-1.335813672797777
830	2.1197837736557794	0.3877321369962268	-0.08533896915432942
831	1.700457157485809	0.37193529508057527	-0.19906097032600445
832	1.0497612344650833	0.5543446132880762	1.1141099033006259
833	0.9075882689286316	0.6080369691628331	1.500642995820168
834	1.0315587657881276	0.5975593138578392	1.4252139996174304
835	1.1280855368732299	0.5623550118607983	1.171777034537162
836	1.3142084120840298	0.6346412239167086	1.6921679288698632
837	1.1564968215572553	0.6677337067738065	1.9304018362763682
838	1.0277786345274131	0.42536849812437927	0.185606472166612
839	0.7807369652413633	0.47480071556201825	0.5414706834677243
840	0.9318361097391721	0.5076484755409434	0.7779428225671908
841	1.3435487123464025	0.4308060717598744	0.2247517493459806
842	1.3762639446211953	0.36648900001381235	-0.23826903338511726
843	0.7984456062028555	0.4557175151727142	0.4040900760893893
844	0.8245055599119107	0.5109374126449686	0.8016199924214348
845	1.084499305929775	0.4898182801819898	0.6495826409353747
846	0.9749803239082285	0.44433641696263054	0.32215716374570696
847	1.1881929744049449	0.46897141940140435	0.49950538253307647
848	1.3595780448040222	0.4570455876979141	0.4136509152794815
849	1.4403061920090083	0.21787675433085446	-1.308133634672138
850	1.1642800202885983	0.2633871593379129	-0.9805026841839782
851	0.8279709074147076	0.3445876079821523	-0.39593789805977103
852	0.6555815227091318	0.22971471787917352	-1.222911733250289
853	0.930794605520401	0.3020621621771558	-0.7020800259283947
854	1.0194359345398336	0.3463836796926232	-0.3830079168487667
855	1.031591642204611	0.25129499551098744	-1.0675545820402967
856	1.0535826312811414	0.26423697203445873	-0.9743848537348089
857	1.28336781987447	0.19440811498248212	-1.4770851659797264
858	1.235688224819518	0.2550660324440718	-1.0404067591518658
859	1.1398672366385343	0.22971860750915238	-1.2228837316720385
860	0.9418203177983195	0.3051284195360874	-0.680005935117903
861	0.6397130111126867	0.2723590602788193	-0.9159136647608622
862	0.47871723749460854	0.16007766414830799	-1.7242312468757992
863	0.49174710651515907	0.26603770185562226	-0.9614213386268092
864	0.6342133574156604	0.2751132471989578	-0.8960861796324155
865	0.6598523944567032	0.3025689970359408	-0.6984313045755852
866	0.8506227372188022	0.305686802813263	-0.6759861149512979
867	1.1650030227390902	0.2524958308993135	-1.0589097273176005
868	1.112526403676084	0.14303011416164502	-1.846957137905742
869	0.7877571984532711	0.26661521992638115	-0.957263766431671
870	0.932107634042375	0.39823202560100657	-0.009749914671727901
871	1.2285281485971644	0.47703096514569615	0.5575263259260343
872	1.2256028286836815	0.483842187738772	0.6065605485792885
873	1.0329878206618885	0.39246025756309544	-0.05130106869825695
874	1.1351996135715827	0.49307615449202563	0.6730361886812681
875	0.9879560703985439	0.5389716069588646	1.0034391089027532
876	0.6174408048672076	0.3997334345638711	0.00105877941698569
877	0.5169199516031744	0.2969969042119637	-0.7385449899590649
878	0.4031805682292898	0.2179924219896967	-1.3073009392698152
879	0.3982509434275026	0.19133981178501303	-1.4991739848512953
880	0.3450744522110598	0.13286257200459617	-1.920153619029689
881	0.3985867638530987	0.20955905504442496	-1.36801303417792
882	0.56721434589559	0.33989930711748984	-0.4296891351279888
883	0.7819232683349613	0.4400907613392335	0.29159254479487084
884	0.912240835068638	0.3597793040062808	-0.2865723627027367
885	1.0454915182088667	0.36053941568026154	-0.28110029295989786
886	0.9854623442023288	0.3405825718791766	-0.42477028891530866
887	1.107921643120833	0.33017243686378933	-0.4997132042612044
888	1.3269455205440197	0.4082238132321614	0.06218130365435317
889	1.236376666931083	0.43928906978490184	0.28582114008196435
890	0.9665340280281282	0.5562642920204754	1.1279297356583107
891	1.1743821300579007	0.33535888245850465	-0.46237580637190495
892	1.315944337156634	0.5800700071566356	1.299307887004159
893	1.3852912643241388	0.6395684345493093	1.7276390854672163
894	1.1345205252654944	0.49559102721078113	0.6911408427504818
895	0.977174236444597	0.472291991242251	0.5234102919315334
896	1.117762651750161	0.49691286181209415	0.7006567749147673
897	0.9088122982731852	0.5788777087737108	1.2907244904731339
898	0.8841955604105982	0.4873846531172023	0.6320628770869453
899	1.4408286845414824	0.5875595035907775	1.3532250260631284
900	1.5121437718413013	0.3780100610542602	-0.15532852387463036
901	1.0385290794769384	0.38940079897058416	-0.0733262149585061
902	0.8347075521419463	0.5418612233730108	1.0242415555556905
903	0.9523775562669975	0.3805485138120712	-0.13705411630383593
904	1.1175541118068173	0.21297904942261137	-1.3433923785582744
905	1.0604212116084322	0.445771109114185	0.33248556124510925
906	0.8119717480130155	0.4272466093411424	0.19912705856823032
907	1.0009858422975184	0.5658090087984913	1.196642475736906
908	1.4777226944775577	0.5470401494322058	1.06152482005353
909	1.3161134605805995	0.5656836862006153	1.1957402741007441
910	0.7557578310080373	0.4143709887750105	0.10643502905206956
911	0.6635881067337621	0.18228297143370523	-1.5643744859731439
912	0.665739930672564	0.23096128416659462	-1.2139376602326806
913	0.6027706509060535	0.2539509220965238	-1.0484344763960798
914	0.6122791215570855	0.2144877637190818	-1.3325310931249539
915	0.476933203639908	0.21231117741894387	-1.3482004117834694
916	0.5501195183243506	0.3244181299298986	-0.5411386552071766
917	0.5624466541152815	0.3142335009279604	-0.6144581451074924
918	0.5939187849266324	0.2630697964800752	-0.9827873901703756
919	0.5712696044781417	0.27230577496692915	-0.9162972675299195
920	0.5098224209834201	0.39068377587561687	-0.06409002066876004
921	0.7427774904119374	0.24974073914902536	-1.0787437263490085
922	0.8043652224610713	0.35561374408673424	-0.31656036996271925
923	1.0483870871395446	0.5667025956978309	1.2030754381578952
924	1.2814116254304009	0.6360998297437026	1.7026684817304998
925	1.2244829476748094	0.5536113824172152	1.1088313493719104
926	0.9787448384935018	0.5181932751087889	0.8538551925973966
927	1.2506693440299366	0.5669793483726646	1.205067790058342
928	1.580938512047382	0.5150474026352811	0.8312079498745507
929	1.6353700453347984	0.4922892979528705	0.6673715817461896
930	1.7284451168489818	0.44477681436906424	0.32532759962383234
931	1.9568350073993546	0.5110783584626871	0.8026346661475703
932	1.5640179330102768	0.4125402848055767	0.09325572903320535
933	0.8067650147000779	0.36384171983717634	-0.2573268932381597
934	0.6295009944805051	0.4888323311378525	0.6424847602987709
935	0.7658002584434164	0.4319240260310133	0.23279994009266228
936	1.204375414769328	0.2716877042077396	-0.9207467799056237
937	1.1993768463938566	0.34549012820454506	-0.38944062434288246
938	1.1807935171585737	0.32464303814607776	-0.5395195333244348
939	0.9978216265741682	0.32997199460937854	-0.5011561948546832
940	1.1070231978916498	0.2598540772997706	-1.005937461706386
941	1.115974564471732	0.26699195970881867	-0.9545516039495405
942	0.9202914164031949	0.29611593417778903	-0.7448871231394544
943	0.8320605780625918	0.22293971309456878	-1.2716852226709525
944	0.47343463849071965	0.3418021852391922	-0.4159902509370048
945	0.5955191578745933	0.543654317723014	1.0371501026476222
946	0.7521544543244494	0.4111319553811604	0.0831171177013484
947	0.8339790435133577	0.3813305358244434	-0.1314243132911751
948	0.7644759598391428	0.38658925271956823	-0.0935666318569913
949	0.6342964478826907	0.4700604505076966	0.5073453544342356
950	0.7220253560744875	0.4408259770206877	0.2968853874424209
951	1.253528060359931	0.37109801346269167	-0.20508858911451935
952	1.3873331302400702	0.593990261505978	1.3995202705855545
953	1.3315321032714365	0.5881490464623205	1.3574691652072912
954	1.606548348117677	0.6300399224901225	1.6590430037095372
955	1.6650842629432898	0.740133980016599	2.45161386096522
956	1.2684722162473103	0.7025759402861239	2.181232258044764
957	1.1231065111496996	0.6295758593133726	1.655702197147575
958	1.0725300509160285	0.4630377350613377	0.4567885875511108
959	1.1786407059610957	0.4663541583227058	0.48066363118507877
960	1.4933268682416831	0.42288176827068025	0.16770441953824422
961	1.0099017251960918	0.330551893663666	-0.4969814818783009
962	1.0587661726942685	0.2152003283261168	-1.327401316331034
963	1.0472075175898354	0.28305740296050463	-0.8388959326421305
964	1.0059697241972818	0.3065373110389248	-0.669863277364413
965	0.9409657415063183	0.4966420615679942	0.698707274765227
966	1.01859880061576	0.6013913869594334	1.4528012239548251
967	1.2468391443056828	0.4215837567211799	0.15835999033262754
968	0.9973835466358092	0.3708645696789842	-0.20676915883763597
969	1.0309877774928027	0.42450560319619157	0.17939446228777878
970	1.0201377676883001	0.5464565008870979	1.0573231143654551
971	0.7078882797327313	0.45162023872184187	0.3745936438382622
972	0.773469246181044	0.37621212832798934	-0.16827190260155087
973	1.2055241952154088	0.33942745664962687	-0.4330860026630118
974	0.792947508934017	0.440406120716722	0.29386282765822674
