ID	SN	ssim	z_ssim
494	0.4271221382022914	0.21388447128074387	-0.49777517638108376
495	0.6250295858129717	0.1331793168834407	-1.2685092175004968
496	0.5548200785993801	0.09307342585624394	-1.6515203856833196
497	0.5238828658992993	0.15326882318234666	-1.0766544779924698
498	0.678681028042506	0.2051291060283369	-0.5813888946480004
499	1.568168016703645	0.1333424925947011	-1.266950889828721
500	1.783327369410619	0.18436689434808332	-0.7796679690194045
501	0.8975042677027218	0.36797298289851044	0.9737697594552001
502	0.2696364103330325	0.30946081172566714	0.4149786577034226
503	0.35629585556774707	0.22312513140254436	-0.4095268932141254
504	0.543640440961655	0.2863729792517291	0.19448991003650906
505	0.7927411246698273	0.28697831844628136	0.20027089796905695
506	1.0086628309169687	0.2534453589708511	-0.1199687888291326
507	0.8323729181484848	0.311135213498031	0.43096919082499296
508	0.6794134303932137	0.2148752762146306	-0.4883129915137305
509	0.9565982299271366	0.07338548252584019	-1.8395401997545648
510	1.334821953076132	0.18887384070075378	-0.7366266415918941
511	0.9944528226892659	0.2430748889356772	-0.21900675410170062
512	1.0066402255431994	0.21564724555234757	-0.48094068609256935
513	1.6413916858280158	0.36737377182709224	0.9680472950846584
514	2.2022192892144536	0.3973086289906709	1.2539251129801203
515	1.6625120215387843	0.3641005631397468	0.9367881595577556
516	1.1587330651786458	0.3733719494674541	1.0253298779213091
517	1.152794804637192	0.40484117853153284	1.3258609439802123
518	1.2156633720308303	0.28642386871327963	0.19497590427868763
519	0.825781949920231	0.32142047727251055	0.5291934365015319
520	0.34514323021796117	0.3254318013925955	0.5675015727339823
521	0.7439495711992342	0.1446995573699016	-1.1584909470305977
522	1.0208872916029446	0.0895272748203737	-1.6853861200184663
523	1.1280244049178059	0.15893450103689508	-1.0225472673548457
524	1.051678392828759	0.18839203851371275	-0.7412278513834054
525	0.832294391806179	0.1151081152012924	-1.4410891525043945
526	0.7680574512206584	0.12323291588676719	-1.3634973244189381
527	0.6051882563314508	0.19142487583678097	-0.7122642618391883
528	0.9165870923091259	0.11358267897246081	-1.4556570650237044
529	0.904727468361111	0.29167553725440826	0.2451293269138473
530	0.6009982137741268	0.40883323580540487	1.3639850818751067
531	1.4833644612313208	0.3763416476177107	1.0536904885086373
532	1.7637402977290042	0.22256850851655674	-0.41484264051057224
533	1.8255597201974085	0.26037376388402317	-0.05380253765076718
534	1.6508001968323065	0.24692106415648585	-0.1822757894820943
535	0.8507359325579791	0.26744357837284727	0.013714174653770063
536	0.3120338019877552	0.29346835165665924	0.2622507003817873
537	0.434044768026359	0.2157113451665932	-0.4803285349221679
538	1.482583470186854	0.0693969378140714	-1.8776307926893545
539	2.2754342324223686	0.07639527913055671	-1.8107966490182545
540	1.9290614623776268	0.3822660552059547	1.1102685675151795
541	0.9366492102170786	0.3665902006891185	0.9605641924974064
542	0.9147749221199283	0.30241672628627814	0.3477076577625301
543	1.146461101735338	0.2021948363380869	-0.6094111635227645
544	0.9599848130296751	0.22309347874916347	-0.40982917598199314
545	1.0853054287604171	0.21676529837256298	-0.4702632841999045
546	1.5362399146468158	0.18107257212195843	-0.8111287387936778
547	1.3806935938719094	0.4296080673702298	1.5623846761154925
548	1.2750057215994455	0.4905839573408197	2.144704286787793
549	1.056723265528085	0.4867258016314356	2.1078589085295123
550	1.1105602540420554	0.28778781680642807	0.20800160546915014
551	1.2816821621573167	0.3848309997338485	1.134763781928607
552	1.2683813686004377	0.4789376686913205	2.0334822566472788
553	1.1350966250227286	0.4069962590686308	1.3464419582128149
554	0.9632204231615432	0.3979904155513756	1.2604361730857239
555	1.321624293680611	0.2482342342646888	-0.1697350179324856
556	1.3875013132900964	0.1470091731547974	-1.1364341215326539
557	0.9305675053083161	0.3607333549054709	0.9046313285712487
558	1.5302004085166316	0.4215687593583682	1.4856093028687893
559	1.6285734644695706	0.35217706397375	0.8229187696145555
560	1.2183243847003384	0.24676178215933647	-0.183796932192957
561	0.444549691743716	0.35495703313996907	0.8494674688354196
562	0.34538029852626656	0.29687057743069106	0.29474194879339793
563	0.3421495968087126	0.19182137090680967	-0.7084777348213135
564	0.7119115995023139	0.1879570781537292	-0.7453817218329498
565	2.0882480333843696	0.2055852325369339	-0.5770328875272904
566	2.192837774186865	0.5557009916693391	2.7665718166689865
567	1.162557119822536	0.5006719347043666	2.2410444476881906
568	0.8904865448215117	0.41478843887594835	1.4208572576676368
569	1.2447549410459895	0.35405901436460935	0.8408913915711744
570	1.6516419338550474	0.40328524810271343	1.311001811920306
571	1.8775391533725765	0.3508943669249749	0.8106690157132431
572	1.2938445909012355	0.28411386116586035	0.1729153374495348
573	0.5834459714731	0.35012633233019574	0.803334287078198
574	0.4441182400813469	0.37570627835627013	1.047622713505539
575	1.270502872526174	0.30858355624739386	0.40660086987917554
576	2.491152153352056	0.3017322365890507	0.3411707827092764
577	2.687589855440084	0.464129292591561	1.8920622985415405
578	1.7774891718745511	0.49650975891445137	2.20129567835162
579	1.6245419864012203	0.4918093871664217	2.1564071388379222
580	1.884527574924383	0.40857158760969187	1.3614863422005534
581	0.6827014850084424	0.24087498263	-0.2400158543223838
582	0.5457937053490123	0.3188142536939739	0.5043040072482579
583	0.800564301983004	0.32460761435959956	0.5596305884415541
584	0.7610749809319741	0.3222675539013585	0.5372830163823384
585	0.8327115504603594	0.446197867899665	1.720817233476957
586	1.1509649231032228	0.4153457442024356	1.4261795222693043
587	1.2315874193449767	0.37637230602001337	1.053983276180967
588	1.8274279320666416	0.37956559378003035	1.0844791670334761
589	2.3685480058685293	0.34132368065538193	0.7192689835847382
590	1.8778749469694032	0.2900436189061917	0.22954451039635473
591	0.3719434199116035	0.3888706841048628	1.173342758492994
592	0.5186637047746446	0.26439873837857447	-0.015364040373178728
593	0.6408047686917416	0.14933522908049177	-1.1142202927274383
594	0.6117660619630295	0.1937049004833057	-0.6904900316454526
595	0.39581104648891446	0.24033671492753295	-0.24515630965791518
596	0.4420919298529958	0.24262273274363166	-0.22332484470836525
597	0.369677222401711	0.21313407985832125	-0.5049414127602121
598	0.6150678668271911	0.2521039682162716	-0.13277906748751514
599	0.9940343518492	0.13229294630832955	-1.2769740544788346
600	1.0304269811429094	0.19101017885755744	-0.7162246170485161
601	0.7923749902276884	0.21299291328875658	-0.5062895531788021
602	1.1126399802301767	0.2676570776021999	0.015753091808984005
603	2.110487643035004	0.30238884490948814	0.34744139067753654
604	2.1859888140089305	0.26323131819763396	-0.026512900448597977
605	0.7082205783243883	0.33508928986692554	0.6597305657204983
606	0.7952004277038318	0.43844951264147214	1.6468204583666999
607	1.3732539937149562	0.31391660400834376	0.4575314638787219
608	1.2886217870952243	0.2388647236112326	-0.25921382338398724
609	0.7048188274919636	0.2940112061924093	0.2674349599647491
610	0.5450378967180614	0.0681203728370077	-1.8898219853197562
611	0.47462653323139037	0.14965788647299366	-1.1111389153621736
612	1.018670774299184	0.34458882962429666	0.7504511488189407
613	2.1800155178459257	0.2660053524317621	-2.0879815717263797e-05
614	2.4147305448320306	0.31110867018940513	0.43071570228792627
615	1.4260272271721723	0.46846921981221085	1.9335085936377479
616	1.0141141515670156	0.4130773859844002	1.4045167064411337
617	0.7215012363727794	0.3828986902562276	1.116310230807839
618	0.5946141321251371	0.32320762151049404	0.5462606599136007
619	0.9653804111295783	0.2774626124943561	0.1093959277493547
620	1.4109121501214705	0.38492080761374003	1.1356214469775137
621	0.8439939076638973	0.32481850276002566	0.5616445721864517
622	1.186653144567921	0.4831910638958269	2.0741021711859307
623	1.7561004667303177	0.4619185350319648	1.8709495688705864
624	1.1836717405508776	0.2995670141954836	0.32049291377043726
625	0.4612168971939278	0.20523398846260815	-0.5803872676390193
626	0.33256550127232715	0.3128066997124764	0.4469318803750659
627	0.906008119015382	0.30519614524529914	0.3742511025059027
628	1.424116408513069	0.22733666345454306	-0.3693067716868025
629	1.5161649400836228	0.2606766205888591	-0.05091025680772222
630	1.2773204660371915	0.33021339038039926	0.6131657367029846
631	1.1317362096951866	0.348909125980133	0.7917099692007836
632	0.8501372064825525	0.3840032234725747	1.1268585205142805
633	1.0830950724025592	0.3340363455185977	0.6496749495864227
634	1.624238055754231	0.28740171158244815	0.2043143014574339
635	1.239594197515511	0.18152208190657051	-0.8068359213719895
636	0.6343520954731292	0.44116792385523823	1.672781279281507
637	0.9163567924907864	0.4241450977719533	1.5102133288646802
638	1.9896075149254704	0.18496815785090412	-0.7739259039336313
639	1.9894845601056017	0.28448407788089913	0.17645090623696444
640	1.244972027029955	0.2279706479444557	-0.3632522212486494
641	1.872016200038466	0.30588979647024783	0.38087547012807776
642	2.5433934280596424	0.31485974116520477	0.4665384215837882
643	1.5403133947558658	0.27661989512259333	0.10134797876380686
644	1.0095336863331774	0.2770613969746378	0.10556432044766952
645	0.5291818462329353	0.25727120625440675	-0.08343195596410401
646	0.4002152496342973	0.17000379753292905	-0.9168355109689078
647	0.4225447610866368	0.14060968541504612	-1.1975492149066336
648	0.4245319780868854	0.22935379650812943	-0.35004315560829696
649	0.6162465533113889	0.2279195714239408	-0.363740001903513
650	0.6428620266125005	0.12198988832783506	-1.3753682347823855
651	1.2794164070291854	0.13465084620234402	-1.2544561158485168
652	1.0778261060675387	0.12450272505590358	-1.351370649738892
653	0.9266444999795097	0.11015593565404148	-1.4883824559285084
654	0.5947958978447027	0.11132869749732999	-1.4771825829898027
655	0.33823494890687955	0.24371718081615823	-0.2128728681024951
656	0.37056286893579804	0.19553102247615686	-0.6730505707629609
657	0.33374444641725176	0.21379444542957798	-0.498634923055165
658	0.35234014927791063	0.15704450857856586	-1.0405966910375288
659	0.41378295130488424	0.19508058054932506	-0.6773522901407296
660	0.8822567074613307	0.22051493445337333	-0.4344542681479298
661	1.8794884374575715	0.25336918214230625	-0.12069627736864993
662	2.5561649899392664	0.32387671228461	0.5526504752861287
663	2.204444027127107	0.35865768392330577	0.8848086754078232
664	1.2878984327699592	0.23899546589098347	-0.25796523490943346
665	0.7091401867916357	0.21634678550776693	-0.47426008110777956
666	0.44964810685487366	0.35143348326109863	0.8158175754982676
667	0.4397540866692257	0.34654424830365366	0.7691253927637806
668	0.4949224990765608	0.07899204802171787	-1.7859975120079334
669	nan	nan	nan
670	nan	nan	nan
671	nan	nan	nan
672	nan	nan	nan
673	nan	nan	nan
674	nan	nan	nan
675	nan	nan	nan
676	nan	nan	nan
677	nan	nan	nan
678	nan	nan	nan
679	nan	nan	nan
680	nan	nan	nan
681	nan	nan	nan
682	nan	nan	nan
683	1.1870198136339412	0.1755498566866474	-0.863870658652418
684	1.2064456683093758	0.22362205972852878	-0.4047812288300737
685	nan	nan	nan
686	nan	nan	nan
687	0.9865078875879897	0.22603043176751245	-0.38178128132998057
688	0.6105549800009422	0.19119086296987917	-0.7144990841863864
689	0.5333120710526782	0.29127196486799034	0.2412752115405363
690	0.5891597683197072	0.19298888797793368	-0.6973279494448621
691	0.4798955497538702	0.33470229850389144	0.6560347990828279
692	0.7083378928822467	0.2619465562965406	-0.03878237368485777
693	0.7905705720416578	0.20261273420880865	-0.6054202398069016
694	0.8008634282200516	0.12883642601095502	-1.3099838154650025
695	0.7105182849972402	0.27046435711087596	0.04256260473825865
696	1.0037719465168171	0.24549638319523498	-0.19588148942494038
697	1.7976656180917145	0.20727718238509826	-0.5608747703216974
698	1.3568884442674616	0.21237686991169125	-0.5121727660300284
699	0.5889922902358284	0.37612577948874104	1.0516289483674635
700	0.3196093594614775	0.4229893115932546	1.499175573484236
701	1.0472193513174324	0.1618689350546307	-0.9945234291529671
702	1.8826410690431774	0.13766424549498973	-1.2256781594506683
703	1.5010404600982536	0.1439826190858436	-1.1653377060143548
704	1.11622489472183	0.16088588399286446	-1.0039115645591876
705	1.3676477921779482	0.16780039127015295	-0.9378780357719332
706	0.891945600258547	0.6283793082783504	3.460649575148454
707	0.6136275009773751	0.3277156502226619	0.5893123238718522
708	0.9010068159673841	0.1485270050787071	-1.1219388301080697
709	0.8412849988121923	0.12326232951451319	-1.3632164243407963
710	nan	nan	nan
711	nan	nan	nan
712	nan	nan	nan
713	nan	nan	nan
714	nan	nan	nan
715	0.9127365207803814	0.25651797624072276	-0.09062530088332882
716	0.9588083275523777	0.23568257065838671	-0.28960337685331233
717	0.9659095732753893	0.20920891305563322	-0.5424267468072852
718	1.5825107111558334	0.23634687638452492	-0.28325925867809976
719	2.209264970590178	0.25173245349816853	-0.1363270322012597
720	1.6081828172733372	0.16513235122677977	-0.9633578121239394
721	0.6364287364381782	0.13276670607564994	-1.2724496497773818
722	0.33547872222591457	0.15008663772065484	-1.1070443419212
723	0.3503073035009291	0.2035257042173058	-0.5967013783001658
724	0.3782130280133407	0.18452360176703694	-0.7781714135244613
725	0.3737846291148439	0.19310458986376008	-0.6962229966981128
726	0.40370725869516144	0.239454484606883	-0.2535816072155557
727	1.0356869342711048	0.20230972947382064	-0.6083139343375626
728	1.2691428465211376	0.18264872915621144	-0.7960764426978387
729	1.0796364414562336	0.24357092627207044	-0.21426959866622008
730	1.232313533669597	0.23604942678779503	-0.28609990165101784
731	1.299146928975422	0.2029117569647613	-0.6025645731669808
732	1.0072224491117245	0.2521734733349033	-0.13211529376250913
733	0.9291208071766741	0.24280030047707407	-0.22162907325745215
734	1.272445760056029	0.21682860510330362	-0.4696587050651742
735	1.3665713329353204	0.24380981122295906	-0.2119882479280181
736	1.448116856432453	0.16365581583288108	-0.9774587217807508
737	1.2353379375657259	0.21686300643538253	-0.4693301724219859
738	0.42789829779948535	0.20902199590198164	-0.5442118051999525
739	0.41148605767167873	0.1865460992161525	-0.7588565674808406
740	0.4504828403776415	0.16719041322805547	-0.9437033246879978
741	0.44424400931007646	0.2071318153334572	-0.5622630253345727
742	0.4303110242953558	0.22934083335762445	-0.3501669536661651
743	0.5046170620472153	0.17254119924714015	-0.8926033303635684
744	0.5423959661145807	0.11439344442743776	-1.4479142567708616
745	1.52465884221818	0.191762610142702	-0.7090388999850282
746	3.075577173214077	0.19408682424294046	-0.6868426606087316
747	2.8303010931794086	0.08238066147072659	-1.7536362612693643
748	1.7270373805112973	0.04733473055706278	-2.0883248218649744
749	1.5390328809273814	0.15206548252593555	-1.0881463785270165
750	0.5960442039645764	0.30812565373099904	0.40222790188803165
751	1.0851789858387968	0.2191810537964213	-0.44719282539103455
752	1.0887585595543894	0.12335826773144534	-1.3623002145870808
753	1.1514413421148606	0.20566081890958174	-0.5763110378402476
754	0.9165791376946663	0.2023570722886276	-0.6078618105637267
755	1.061690980390093	0.03484375475124895	-2.2076136124290304
756	0.9520241710335979	0.01963616156605716	-2.3528460927935635
757	0.6564420555520281	0.22800072861498533	-0.36296495091343955
758	0.4397065235284609	0.32753823513662844	0.5876180102033476
759	1.2777079234340012	0.4157832034201092	1.4303572568041112
760	1.4599731717311795	0.26528172665054783	-0.006931504382121661
761	1.5184157903208546	0.308895264699004	0.40957768488380186
762	1.137291536669509	0.48002773898547774	2.0438924254796693
763	1.1253075258974308	0.5133021574857018	2.361663046552086
764	1.2837797476105968	0.3825699716580497	1.1131709689421405
765	1.3079181152565826	0.2653337968119827	-0.0064342344587301654
766	0.7213666976713475	0.35696849542563447	0.8686769290931647
767	1.100200414779022	0.2255616772826628	-0.3862578855952106
768	1.2006274689548575	0.430846286908271	1.574209669890356
769	1.4729927450216413	0.4269323735636798	1.5368318063425384
770	1.280000607351949	0.24661431311858356	-0.18520526119707442
771	0.9647014602548252	0.32263009655538893	0.5407452979045748
772	0.33535599085918577	0.2846623448480634	0.17815335536833263
773	0.4099047970506998	0.1888518174917853	-0.7368369631875027
774	0.41659605727308147	0.21419076984914323	-0.49485002574882847
775	0.41032443033378985	0.2621708797453007	-0.036640085258897476
776	0.3680919242029813	0.20328199752306578	-0.5990287766764179
777	0.7577177040740282	0.1839694218065509	-0.7834638308879187
778	1.323926047191592	0.06736587767433926	-1.8970274124089077
779	1.2581400040873838	0.12752669222675214	-1.3224917701282184
780	0.7088044847406303	0.17158684291023074	-0.9017174312126052
781	0.5389693049104973	0.24046547198960735	-0.24392668000766093
782	0.5286452487834283	0.21447812095545624	-0.49210582333644626
783	0.4952407984339773	0.2020965366608566	-0.6103499252169615
784	0.5884378269603556	0.16845941429500588	-0.9315843673819918
785	0.9381784881567815	0.00029138564568924666	-2.537588658878697
786	0.6197531761609395	0.2907396861306311	0.23619195080817687
787	0.6824931764730718	0.28818377007537954	0.2117829582879685
788	0.8052613136801974	0.24533769216840623	-0.19739698837058392
789	0.9125032791402279	0.3162565839309568	0.47987826682287316
790	1.1602334580225877	0.20527528729445593	-0.5799928638887105
791	0.9885182755731798	0.32935578493633383	0.6049756066607743
792	0.40566418553645023	0.4013306641341407	1.2923355394615592
793	0.49980394722817123	0.469188371107501	1.9403764868737436
794	1.4207060376089984	0.14865313040645214	-1.120734333514681
795	1.583688801792581	0.2003961952156999	-0.6265881821547643
796	1.2895779737891246	0.32801355662224	0.5921573293109328
797	1.2640859581850898	0.3198707223501564	0.5143932805143372
798	0.8602402013872519	0.3886212454898917	1.1709606202867837
799	0.6819482672074075	0.2832595125217393	0.16475630983939366
800	0.33467159417043313	0.19023407818231203	-0.7236363767336867
801	0.37267567049917105	0.2086247764710226	-0.5480052498630662
802	0.46592890391135117	0.17679021123178304	-0.8520252755646538
803	0.6082428888086565	0.17242619339482546	-0.8937016359918623
804	0.5503484048169576	0.3822187517468183	1.109816819587908
805	0.5583146627487072	0.3289746467611895	0.6013357379541518
806	1.0043972256662672	0.2405551013747842	-0.24307071958287418
807	1.2527136634608014	0.05164108445430559	-2.0471991519310206
808	0.9105340878125995	0.3528664540741638	0.8295024435071042
809	1.1522255162258788	0.4207081117593507	1.4773901202536992
810	1.190098285029552	0.47209391710656096	1.9681244445629078
811	1.4184104475087673	0.3681513646107432	0.9754733044017118
812	1.6028169450916485	0.32569704278620526	0.5700346274402854
813	1.418795239965981	0.386261024600981	1.1484205161604806
814	0.5227998870567312	0.3405300462373807	0.711689776696089
815	0.5908287728571714	0.26333164837399003	-0.025554747492363406
816	0.7149943759350418	0.13602875271203896	-1.2412971118117508
817	0.6595341629036937	0.11481550557275838	-1.443883573792039
818	0.5487289486109922	0.17304735297186202	-0.8877695634425355
819	0.42249060326070653	0.33151027298204583	0.6255509626019875
820	0.4358385506872672	0.4192731602222747	1.4636863363350594
821	0.6351360691653049	0.17983277603967335	-0.8229687885624881
822	0.7278848522645833	0.11310164060589532	-1.4602509803314099
823	0.6400163142946511	0.19392766436276718	-0.6883626371027501
824	0.8777205795734817	0.20628976617216369	-0.5703045929116574
825	0.9159327883324744	0.13321887479861544	-1.26813143950046
826	0.6533944543119946	0.2246016485580107	-0.3954261577343015
827	0.7632721512025344	0.40814158185960436	1.3573797882642586
828	1.4407974821028682	0.1962570597435919	-0.6661169165086275
829	1.2743660697064902	0.18392399976856647	-0.783897611247464
830	1.4947250258524343	0.2828652527049239	0.16099112948462702
831	1.4523821850225425	0.21208413620498334	-0.5149683722639516
832	0.7558140720067619	0.4131534040261799	1.405242678567405
833	0.9222976064583835	0.4762756833597618	2.0080603027793438
834	0.9730286345453041	0.4575156619464021	1.8289021409074842
835	1.1037989932343928	0.42847563435826086	1.5515699434242556
836	1.1338836787045876	0.4796858455359315	2.0406273438133384
837	1.3211246388924907	0.47512055036331585	1.9970287852879292
838	1.114340949083535	0.2387679190168933	-0.2601383070399723
839	0.6184800541181247	0.3252433938930179	0.5657022815411077
840	0.8938876924390659	0.38213906753799937	1.1090558355747422
841	1.5470832960423766	0.30536862825680033	0.3758983148738305
842	1.5044090870100735	0.2143915449578688	-0.49293262391669196
843	0.6940237504985382	0.39315879687332134	1.214294225688505
844	0.687144417057612	0.4352056347161435	1.615841431550413
845	0.9069273325385541	0.40654108988527915	1.342095093546023
846	0.7649990231783292	0.35651100976947314	0.8643079421163036
847	1.1933396926520194	0.2717453716974455	0.054796291129330696
848	1.6270631524328036	0.2613716277180599	-0.04427294030302046
849	1.5640813284004564	0.11640573224084579	-1.4286969127250502
850	0.9751965993011743	0.20550397007622834	-0.5778089438423873
851	0.7545474862370944	0.269768631705361	0.03591842869638828
852	0.7132930643226308	0.12391185496203679	-1.3570134577927702
853	0.7702458419443491	0.25931139794193797	-0.06394812998381794
854	0.6756082345420954	0.3098660486472009	0.41884866938330795
855	0.6725890043574191	0.1779355049021042	-0.8410877236153745
856	0.7569912635311006	0.23403067682100223	-0.30537895924697095
857	1.0299151090537637	0.1703132435772533	-0.9138803019487213
858	1.0351044675479175	0.1797113912071535	-0.8241280134372474
859	0.9477193621429427	0.16053954781242744	-1.007219074295431
860	0.6452048050883562	0.2671393982700663	0.010809255363356718
861	0.3951728994784574	0.23062616423483456	-0.3378920467092829
862	0.4243997210626398	0.12640019930697885	-1.3332497749524839
863	0.3865742958722096	0.1994889271182792	-0.6352525904236759
864	0.4928109750612225	0.21915192556223184	-0.44747099996136
865	0.6541507362956405	0.246536486139733	-0.1859485086682621
866	0.8204052935917927	0.21001500198469125	-0.5347285993663421
867	1.002478330511304	0.145730394914324	-1.1486464508235892
868	0.979321514560134	0.08859786629085134	-1.6942619693636423
869	0.6492989634958195	0.22605076814837338	-0.3815870689389661
870	1.1068926162959938	0.30272350117336294	0.35063735723714906
871	1.7532847037434311	0.33989057124168937	0.7055827919402247
872	1.4003835494981058	0.3238769118066274	0.5526523807209416
873	0.9568259059805952	0.2253924160405259	-0.3878743300730298
874	1.315434268910402	0.30738977271331075	0.39520023984114616
875	1.0698586542577342	0.4006637173010847	1.2859661987212827
876	0.5374911321151247	0.28472661009595646	0.17876708833969046
877	0.4803873400075268	0.23556615229806352	-0.29071517192987795
878	0.3215762677822259	0.21801343060257522	-0.45834362423924074
879	0.27214505295873453	0.16809108508201676	-0.9351019105291359
880	0.2880796595604859	0.12058231841367119	-1.3888105242644297
881	0.3614182079319954	0.18414998500348398	-0.7817394527674759
882	0.38798910669947534	0.2529783304567511	-0.12442891007762487
883	0.6168077094849485	0.32183310586690367	0.533134038640429
884	0.7601692609082571	0.2306281621322983	-0.3378729667930437
885	0.8465684401947877	0.21963120213439918	-0.44289390978615384
886	0.7582491674540236	0.1857330002387213	-0.7666216608678196
887	0.8195439786342206	0.2391785454984546	-0.25621682507406984
888	1.2143223943973243	0.2950729330679551	0.2775744492138011
889	1.1433018121358516	0.32073690662035254	0.5226653383266031
890	0.8721392195965427	0.43710891073235025	1.6340177131806446
891	1.2135305937008827	0.21606675041981802	-0.4769344155614078
892	1.501852832421959	0.3962238931207474	1.243565887887042
893	1.3028039358225316	0.4306571256359475	1.572403180169471
894	1.1034993041755088	0.2440582259463979	-0.20961588788361457
895	0.8832450249365732	0.24183154674802465	-0.23088066916871294
896	1.0641983956877272	0.25408596316723686	-0.11385102020920206
897	0.8189343785576164	0.35850067884606784	0.8833092772769412
898	0.6225588495427943	0.38403513826567304	1.1271633067158542
899	1.6271088385141792	0.4219570396552905	1.4893173788221636
900	1.9362502859859787	0.22515143580661656	-0.3901756907593189
901	1.115871245012176	0.28574247036634126	0.18846855161367068
902	0.5272997834091343	0.4999563402718873	2.234210522483957
903	0.902762833678467	0.23319492530407515	-0.3133603843346654
904	1.2031024639254662	0.05307200310058631	-2.0335338821103126
905	1.0292124720543263	0.2581165286672437	-0.07535912884221672
906	0.7489936462410952	0.2876677197420753	0.2068546787774605
907	1.1602239917562716	0.3816818245230691	1.1046891658210862
908	2.049858261824803	0.3553608296577503	0.8533237246627409
909	1.6047713031596782	0.4624029078187869	1.8755753278841663
910	0.7335548982658292	0.3762114806641955	1.052447394398327
911	0.504096139996271	0.14035447565078396	-1.1999864675754606
912	0.6195067806569741	0.15593624465141545	-1.051180609023665
913	0.5654960223835551	0.17094114519740192	-0.9078838429029935
914	0.453755904359213	0.1926503226814448	-0.7005612472570572
915	0.2847989334690595	0.1491736056151032	-1.1157637964546652
916	0.4057708950208648	0.28193684416034803	0.15212482999341798
917	0.5500822826502819	0.22712148881207017	-0.37136168903350786
918	0.6014790268097223	0.18286626763866912	-0.7939989506846497
919	0.4084837008930072	0.1855516684611916	-0.768353378931214
920	0.30096678332848414	0.320850308247095	0.5237483236043271
921	0.4517913956935017	0.15300177608025964	-1.079204777210628
922	0.4910461091965167	0.19293239882052732	-0.6978674207697405
923	0.9402523482247716	0.3257075042525344	0.5701345344199588
924	1.7503674601057446	0.38034776921151614	1.0919489406269394
925	1.8951030216098979	0.3644203380248391	0.9398420089838079
926	0.8036409241556223	0.4166046477006552	1.4382020478168744
927	1.5876614659629782	0.42886672592670505	1.555304867014276
928	2.305928800026268	0.2721733351609208	0.058883341233119266
929	1.845991702521019	0.16514563022823503	-0.9632309976902137
930	1.942616304709647	0.15022612252505207	-1.1057122623561377
931	2.8200682579375584	0.19443190519133585	-0.6835471383356339
932	2.159020362796312	0.20688099330641882	-0.5646583751228821
933	0.7099410590319217	0.2502294605168238	-0.1506806117580647
934	0.25872143300434425	0.36789359519151155	0.9730116070337421
935	0.3633518551447405	0.3148543766566275	0.46648719053906457
936	0.8687758896928615	0.21659444046465184	-0.47189497683223974
937	0.9002499248575643	0.23045179724489107	-0.33955725106705403
938	0.8019955310364836	0.25275389164634343	-0.12657230020705784
939	0.7068044444919727	0.23002106104822437	-0.34367078076652047
940	0.7083790104297324	0.18975152066533607	-0.7282447999243604
941	0.7622216326056068	0.16170510315963627	-0.9960880233779121
942	0.6464770898539756	0.2124741464731945	-0.5112437750887001
943	0.6189051644574336	0.17683624892822716	-0.8515856156682173
944	0.440220285879369	0.2601037525889136	-0.05638114490555528
945	0.5912188965663586	0.37927335752016955	1.0816883114158122
946	0.7623920245310083	0.26503370358363165	-0.009300124107623686
947	0.9712776748389038	0.21221971195646971	-0.5136736241453063
948	0.7716585975362861	0.23563030113484026	-0.2901025506844163
949	0.5156464715215184	0.3693289632159705	0.9867193684059424
950	0.8011447549931878	0.3204733988450927	0.5201488396716027
951	1.6337614926436652	0.23081827001756083	-0.3360574369207417
952	1.6547290231625684	0.4237595677070732	1.50653151762106
953	1.0474830169659786	0.38404090757687775	1.1272184036247503
954	1.6415693925451351	0.38968430477989224	1.1811128340908508
955	1.6902272869533392	0.5315460900197497	2.5358925607991525
956	1.394136193623799	0.4508761106761927	1.7654944413630917
957	1.1058166710878263	0.4254529705250367	1.5227035106849338
958	1.127240414417114	0.2212179975919198	-0.4277400167722814
959	1.1070879451431976	0.21363727631849022	-0.5001358877089401
960	1.1532096681411352	0.21979448874902668	-0.4413345229874741
961	0.47283777470961724	0.23635119343502264	-0.2832180308556555
962	0.5182256024609064	0.16012692269241446	-1.0111596432540055
963	0.5800364067648747	0.21637366001686142	-0.47400342960699027
964	0.6620236074236665	0.22708652384230155	-0.3716956044153523
965	0.6442959395805985	0.37264136505436857	1.0183527984363452
966	0.7858854823565948	0.41285973274840565	1.4024381185319283
967	0.8781254423715543	0.16935109681618188	-0.9230688013308043
968	0.6946661947746628	0.14713996611086344	-1.1351850490994053
969	0.8386001029430281	0.15672836493731018	-1.0436158620931926
970	0.6971419536243016	0.25611810359065035	-0.09444408378294662
971	0.48758565443114193	0.2444588887383895	-0.20578955913046376
972	0.4909659417168126	0.21328928426299612	-0.503459211048216
973	0.7517329053295103	0.12598445944706624	-1.3372200896700228
974	0.4836818900690096	0.15817193837473387	-1.0298297390458226
