ID	SN	ssim	z_ssim
5057	nan	nan	nan
5058	nan	nan	nan
5059	nan	nan	nan
5060	nan	nan	nan
5061	nan	nan	nan
5062	nan	nan	nan
5063	0.2251058779786216	0.1085387504403274	-0.3223340004279834
5064	0.34204785136839805	0.1774831123476064	0.9370953527580258
5065	0.40920852660229484	0.12728438388984345	0.020098656242865446
5066	0.37611484218495816	0.14578797211624434	0.3581097931497101
5067	0.44429698491207176	0.19511856067199684	1.259247892311625
5068	0.5327126521308726	0.11888976017475175	-0.13324869839588505
5069	0.5918656504824863	0.10579773033428831	-0.3724051169590393
5070	0.44061616152296423	0.16473297975286558	0.7041844837238617
5071	0.40869722067430514	0.2646209539559939	2.5288709883417946
5072	0.42827545076347745	0.20203005299065815	1.3855023975335043
5073	0.3715532557923301	0.1619092281497748	0.6526020837036633
5074	0.3710091993479472	0.1487292358277844	0.4118388255360887
5075	0.4036215353126862	0.27398445840815855	2.699917206328461
5076	0.43235018980617723	0.16841796390464916	0.7714993022005776
5077	0.4065726274178053	0.08287307066308265	-0.7911774212200451
5078	0.3844467910943206	0.08588715941612128	-0.7361180698289941
5079	0.40250072003412274	0.07204969549007506	-0.9888915782059741
5080	0.5232544732413569	0.05281505031802356	-1.3402571729790203
5081	0.5223288903358423	0.07349423102649702	-0.9625037720683698
5082	0.44439946195300917	0.18438431260311494	1.0631618494744834
5083	0.380770909965242	0.1298059457534696	0.06616085682129885
5084	nan	nan	nan
5085	nan	nan	nan
5086	nan	nan	nan
5087	nan	nan	nan
5088	nan	nan	nan
5089	nan	nan	nan
5090	nan	nan	nan
5091	nan	nan	nan
5092	nan	nan	nan
5093	nan	nan	nan
5094	nan	nan	nan
5095	0.38360236060401637	0.14772987818368793	0.39358323049557475
5096	0.3032989391426402	0.17072826784090395	0.8137023846805281
5097	nan	nan	nan
5098	nan	nan	nan
5099	nan	nan	nan
5100	nan	nan	nan
5101	0.43745196923509105	0.06527387696130019	-1.11266768564863
5102	0.4660133147417128	0.044381151550208255	-1.4943219779339338
5103	0.41486684191319273	0.0900414116980126	-0.6602309759519022
5104	0.3847438346892777	0.11453136830012654	-0.21286487740951457
5105	0.5045945909723555	0.13274642410828016	0.11987554283778576
5106	0.5116115207664158	0.20064590733334156	1.360217753195888
5107	0.4459116371855631	0.1798476618248462	0.9802893563910053
5108	0.46596387798611644	0.06538421855788963	-1.1106520393828911
5109	0.3928864609814195	0.06442860523358276	-1.128108542534611
5110	0.3000007153919409	0.009319168047144475	-2.134810771840953
5111	nan	nan	nan
5112	nan	nan	nan
5113	nan	nan	nan
5114	nan	nan	nan
5115	nan	nan	nan
5116	nan	nan	nan
5117	nan	nan	nan
5118	nan	nan	nan
5119	nan	nan	nan
5120	nan	nan	nan
5121	nan	nan	nan
5122	nan	nan	nan
5123	nan	nan	nan
5124	nan	nan	nan
5125	nan	nan	nan
5126	nan	nan	nan
5127	nan	nan	nan
5128	nan	nan	nan
5129	nan	nan	nan
5130	nan	nan	nan
5131	nan	nan	nan
5132	nan	nan	nan
5133	nan	nan	nan
5134	nan	nan	nan
5135	nan	nan	nan
5136	nan	nan	nan
5137	nan	nan	nan
5138	nan	nan	nan
5139	nan	nan	nan
5140	nan	nan	nan
5141	nan	nan	nan
5142	nan	nan	nan
5143	nan	nan	nan
5144	nan	nan	nan
5145	nan	nan	nan
5146	nan	nan	nan
5147	nan	nan	nan
5148	nan	nan	nan
5149	nan	nan	nan
5150	0.4261907001604891	0.1697348303387025	0.7955549348207277
5151	0.45550759227470755	0.18570003497465248	1.0871965831280694
5152	0.46892337418413377	0.13379577105893067	0.13904430899596457
5153	0.40747350849938185	0.11947997573203792	-0.12246703653130903
5154	0.34044229174086865	0.11093831599397287	-0.2785003466011564
5155	0.28534258927086853	0.1801650301747935	0.986086828506758
5156	0.2949664332989279	0.15810119036562453	0.5830394040192801
5157	0.3247535062167546	0.135009103509117	0.16120865225281927
5158	0.4492616018288392	0.09838147441765953	-0.5078803049766338
5159	0.5216563889435877	0.11087032956763754	-0.2797422770299287
5160	0.5342568933611215	0.1808211276920189	0.9980719778197278
5161	0.5619680997462451	0.2160905727193706	1.6423505396804525
5162	0.513896127386246	0.16071504615895973	0.6307875681918474
5163	0.4585962149894346	0.20299997942597908	1.4032203629955253
5164	0.41569889645902613	0.1314684179584461	0.09652978382100214
5165	0.4221416029707216	0.09800997873330809	-0.5146665389268928
5166	0.46044388520569396	0.04434710480341349	-1.4949439210647075
5167	0.45773401208044967	0.12502750708367816	-0.021128455265279043
5168	0.3887783404320376	0.05259382190922504	-1.3442984251436887
5169	0.3593716683276001	0.03602984833028183	-1.646877982827812
5170	0.2630250533917209	0.021655148946732743	-1.909465348147313
5171	0.26176658272862435	0.06787313739416921	-1.0651861397300129
5172	0.4158948534018098	0.12175322771187648	-0.08094079433550411
5173	0.5083908954829518	0.13978067566742888	0.2483725315139696
5174	0.6153958663842506	0.18102645567377898	1.0018227716497852
5175	0.6229039463490919	0.22766160326051454	1.853722363379787
5176	0.5947610291302908	0.08180376817384219	-0.8107107217703563
5177	0.6023393524994117	0.06814832673733812	-1.0601591654150282
5178	0.6357296450556774	0.21908962948980892	1.6971352968973075
5179	0.6440017064909617	0.2251218203081515	1.807327312175611
5180	0.5788860034903862	0.14685221419093997	0.3775506534418081
5181	0.5578413264188008	0.12056626431804868	-0.10262344536002817
5182	0.5058267735912176	0.12998747540708955	0.06947691875759064
5183	0.5294207289210847	0.1430383591681769	0.30788170834484013
5184	0.5821772331505685	0.17790000774704565	0.9447109182478932
5185	0.5933816004651411	0.08731653793829543	-0.7100071418598471
5186	0.617344473048325	0.0614878353708772	-1.1818285536217705
5187	0.5487397935531533	0.11874768448872103	-0.1358440417192706
5188	0.4950019020084209	0.09656821830467177	-0.5410036512571024
5189	0.3923852381410286	0.08528371751311825	-0.7471413417044598
5190	0.28614205586656344	0.10997710271168008	-0.29605914602872785
5191	0.27150530704172793	0.13113889915372995	0.09051035534845463
5192	0.29497097878039497	0.08487094258934058	-0.7546816371090914
5193	0.37549966566870385	0.05627193811186986	-1.2771090657545943
5194	0.3184211942669367	0.06141079108956339	-1.183235946868984
5195	0.2769148709331999	0.07495218839727878	-0.9358707848644866
5196	nan	nan	nan
5197	0.23301983781746724	0.08390223550269618	-0.7723773283274687
5198	0.36239241700107866	0.1220557521012011	-0.07541448173459103
5199	0.42619822106244126	0.0462901276270112	-1.459450083566576
5200	0.46645875318796115	0.08281713462362209	-0.7921992232651833
5201	0.5517253140748655	0.14366081293456706	0.31925227618688146
5202	0.47854864461558977	0.12978109564084048	0.06570691163405955
5203	0.4289813115458821	0.12609398377788247	-0.0016467744430523333
5204	0.44795208971650674	0.12841085340019723	0.040676245585364465
5205	0.39985513798432165	0.09378432081863983	-0.5918580230023168
5206	0.38996320190465644	0.09534638348123892	-0.5633233101647543
5207	0.4459362252434238	0.22705478019960557	1.8426373267798868
5208	0.44064037070697654	0.22179663750131373	1.7465851033018382
5209	0.4781746702641786	0.1700994201515491	0.8022150169430211
5210	0.5235778952401038	0.11765462524335533	-0.15581131475366733
5211	0.472472871463727	0.10289293957446306	-0.42546788593074203
5212	0.46787485370010123	0.1933302457860291	1.2265801556349658
5213	0.5584159366097904	0.04138977888462965	-1.5489663670779605
5214	0.5077154587661402	0.06199817491951779	-1.1725060130996894
5215	0.5726932043013759	0.1936382948720391	1.23220738968878
5216	0.53213319002298	0.17092362930388938	0.8172711168314778
5217	0.4367162600843883	0.15926918110236943	0.6043754752716933
5218	0.4288397309028679	0.1323835063988596	0.11324600557917727
5219	0.4609661566092645	0.17863826660869553	0.9581969358842881
5220	0.5301080267396194	0.1433200864509354	0.31302811335438385
5221	0.4862987477538973	0.19035148503851837	1.1721661525497156
5222	0.441343327958688	0.1997006960541619	1.3429512676265194
5223	0.3502107156021065	0.17263606660091185	0.8485527726144565
5224	0.2988377414926197	0.07615448145963555	-0.9139081017389192
5225	0.24573488394593537	0.06943854896311893	-1.0365902513177931
5226	0.30061608806309664	0.049812316223858594	-1.395109105078844
5227	0.3011895928315466	0.06886085930763235	-1.0471430984110797
5228	0.3007530274664211	0.11036370364957615	-0.28899697943981434
5229	0.28718506169529573	0.09523426109318257	-0.5653714867343973
5230	0.2593078158009037	0.08082467947867684	-0.8285960572488711
5231	0.22819096856257845	0.0848257494454287	-0.7555071951450325
5232	nan	nan	nan
5233	nan	nan	nan
