ID	SN	ssim	z_ssim
494	0.24704130397387897	0.1522296080231525	0.27234840112134984
495	0.26284697264706225	0.16180021476473141	0.44135126857630114
496	0.32384332439388724	0.14983355279564153	0.23003758269951033
497	0.3152980200651622	0.13747182915551645	0.011747687578175974
498	0.3417683416033808	0.10572505737265846	-0.5488537046440891
499	0.3998323327925043	0.12048826053082637	-0.28815720609181955
500	0.41195120018396847	0.08303309685838468	-0.9495604203871828
501	0.435570738894233	0.17622142456020962	0.6960086663164955
502	0.46667933860551086	0.13565381354950307	-0.020355799566404393
503	0.5161225896763206	0.14553980740516695	0.1542163414025381
504	0.5296343881364601	0.26045487339199763	2.183447736019985
505	0.5570994913205333	0.20330576051854288	1.174278285335072
506	0.6302412791403381	0.0830077113606246	-0.950008691017151
507	0.5384895871708842	0.12719921734899262	-0.1696515589305883
508	0.4289925987493829	0.06687208956213103	-1.2349400883408852
509	0.4744434320754385	0.08032713446446009	-0.9973437444905274
510	0.46113523486706903	0.06742137770404238	-1.2252404659921032
511	0.41853938611911834	0.10930074761227007	-0.4857122633601534
512	0.3545862451720442	0.04892104976465299	-1.5519291028818
513	0.37174757902602296	0.06571678956782621	-1.2553409905073023
514	0.38877400179403127	0.08235925496230057	-0.9614594792164154
515	0.4729821002904604	0.15236814460343567	0.2747947537871159
516	0.4645414271656788	0.22039593430445747	1.476065669678743
517	0.49329781625350383	0.18132725419221726	0.7861701233531675
518	0.504522869628185	0.11898122952167711	-0.31476916171457614
519	0.4919070496039176	0.0730987750905732	-1.1249859613496254
520	0.42272217441607624	0.1339702185876206	-0.05008561543635481
521	0.44891829672866884	0.07286384203192761	-1.1291345343338828
522	0.5422365464425739	0.0644641288832984	-1.2774611395584121
523	0.5131369651465839	0.12006138212795504	-0.2956952521204396
524	0.5273768982196091	0.09233951357327515	-0.7852227610291617
525	0.45299888326728527	0.04411779548804416	-1.6367475232579598
526	0.49221348408135124	0.09023716383253658	-0.8223471716513638
527	0.5354918965642574	0.0887008894999364	-0.8494755214433267
528	0.6354477796787914	0.07590756142818894	-1.0753869173242265
529	0.5842560161487474	0.1734356786958081	0.6468164832295786
530	0.5024357794641862	0.18375023871872137	0.8289564736687813
531	0.45391837990244244	0.21741899330328918	1.4234972611100452
532	0.5248167910581951	0.10745558972150686	-0.5182950434143537
533	0.5750901706039298	0.10793703636532229	-0.5097934023451537
534	0.5018650614085203	0.10394783918689914	-0.5802367692288597
535	0.5082903369037487	0.11354997455874144	-0.41067715244073494
536	0.5451073888988555	0.09501075182094518	-0.7380526143810614
537	0.5603801956980735	0.05437734612292678	-1.4555789178693763
538	0.54765882174117	0.024756540144607177	-1.978638874446059
539	0.48075047759798806	0.06358877671597891	-1.2929185740037326
540	0.3567122282611463	0.08229093504963775	-0.9626659085950383
541	0.35860384284879354	0.07432956913100036	-1.1032519451377818
542	0.3179446112495631	0.04682824509996837	-1.5888849614710172
543	0.32028210950875496	0.019551654886075166	-2.0705495084547025
544	0.29958749246262206	0.05787756064316992	-1.3937702670072933
545	0.324643764425906	0.02241509989944271	-2.0199852724427587
546	0.4559971298098776	0.05957883138499724	-1.363728322807777
547	0.5764285251790394	0.09291727750069032	-0.775020298104738
548	0.6113125899802299	0.12991610686733682	-0.1216752778486722
549	0.8554612690587298	0.1540454034418448	0.30441268301659963
550	0.8530361707937145	0.10980652551802773	-0.47678096791813596
551	0.781668254536469	0.17616251501953886	0.6949684102948414
552	0.7717342697000634	0.1813232241298527	0.7860989583670777
553	0.6035004399065325	0.22959371987389374	1.6384850624553031
554	0.47078116027746064	0.20563761516447926	1.2154554157190107
555	0.5041306844274939	0.21677794158682953	1.4121772287240184
556	0.5636267619831742	0.13312183540148934	-0.06506681725858078
557	0.6487083460886657	0.15819544735774652	0.37769636719560856
558	0.5884327589134811	0.17611440438324225	0.6941188470739551
559	0.5166282726226932	0.15165455602399014	0.26219382686934084
560	0.5220142661604857	0.20713971258436	1.241980251396738
561	0.4956225050929515	0.1684235676688968	0.5583099592000641
562	0.5378345021087813	0.136263479704525	-0.009589990128084381
563	0.6844254578667475	0.12436055282492199	-0.2197782078740005
564	0.852034126631431	0.08386742677946295	-0.9348273785986089
565	0.8836006373793581	0.10543348029701587	-0.5540025278272259
566	0.8613165594343158	0.17567999211916555	0.6864477641145431
567	0.8051696190181019	0.13468661741130772	-0.0374350637301101
568	0.6503674143573359	0.12534831491558557	-0.20233577917612025
569	0.7355872546062181	0.07827295481052411	-1.0336175420831686
570	0.7359365795753737	0.07068356308059226	-1.16763506043183
571	0.6706877376056419	0.058483435654720556	-1.3830714035980896
572	0.7704686444404862	0.1740841302961821	0.6582671867040882
573	0.7419953561834015	0.2385757613813258	1.7970947317629546
574	0.6500311730231342	0.2210527635723158	1.4876643104644034
575	0.6973470888443812	0.26701804260637746	2.299343671018905
576	0.7050383619563194	0.2041025174732598	1.1883478436867736
577	0.6478789350183477	0.14568896138370516	0.15685018173742085
578	0.569575390069133	0.1365938127573772	-0.0037567932729013556
579	0.6567961835399595	0.12010556586836565	-0.29491503211705805
580	0.7217983721911858	0.1118688262701838	-0.4403637636509614
581	0.6825526932764793	0.12158782554350164	-0.26874050189396176
582	0.6279177787138124	0.1443344884243251	0.1329321773510389
583	0.6039990480949285	0.15613406428694654	0.34129536783422276
584	0.5100186801293293	0.14020293308571552	0.05997497430973621
585	0.542900852762765	0.10149666358064918	-0.6235209326343167
586	0.703399026634263	0.13517916901223975	-0.02873732541792995
587	0.6739148576003184	0.16243100431667878	0.45249008619970105
588	0.5862966228176671	0.20510586692488478	1.206065522300324
589	0.5897114547494714	0.16330273676510276	0.46788360172229926
590	0.5762452878472765	0.14984002129426316	0.23015180689079737
591	0.5229102407404473	0.11331082204673147	-0.41490023477815335
592	0.7731978712203683	0.17725563835401886	0.7142713639107747
593	0.891233051877744	0.10941167336276167	-0.48375347742172087
594	0.9854313319101639	0.017103353219633178	-2.1137829223014792
595	0.9844322847952099	0.07193410383257437	-1.1455523462778703
596	0.8713249512537886	0.19095243076663113	0.9561366139591544
597	0.7988621803035084	0.20600740993240252	1.2219854485410007
598	0.8431225883782975	0.07451642906425479	-1.099952272986878
599	0.7496904777458621	0.06120744345266967	-1.3349694241464607
600	0.7108556749114441	0.12063382630264899	-0.28558672822081493
601	0.7446463888983774	0.15936909451033393	0.39842125324759664
602	0.8036796442966354	0.1222648168837748	-0.2567858285030604
603	0.9527216220385433	0.13894545466222116	0.03776975105988636
604	0.7921330786855126	0.2465499647945777	1.9379074596178971
605	0.6342523130588923	0.2810981733612733	2.5479781135334103
606	0.6963524835749267	0.24596793970025146	1.9276297507403048
607	0.8588510034497713	0.16260063188622378	0.4554854601009162
608	0.7672861334854535	0.22165555003146212	1.4983086345714807
609	0.6093576181014693	0.28780411493505365	2.6663951988400916
610	0.6485100349667827	0.16414387722348467	0.4827369076032451
611	0.6450278461444577	0.12223140032206162	-0.25737591593455816
612	0.7411014567459242	0.0678097287028753	-1.2183827573688224
613	0.7937630647837602	0.10969266345197774	-0.4787916048794473
614	0.7383197127997693	0.1325666429067897	-0.07487070181127789
615	0.6294477508760944	0.10666230235791951	-0.5323033338793239
616	0.5304126365182021	0.101839087128726	-0.6174742353797252
617	0.5462709408963773	0.07510700949521398	-1.0895234894217498
618	0.5479211356032717	0.15088643144169678	0.24862987418844756
619	0.5683213163394074	0.16692795194721619	0.5318995807988062
620	0.5009632707033767	0.13240974919946993	-0.07764121439617863
621	0.6025655603963314	0.06864028385203055	-1.2037163725118518
622	0.6619480393243563	0.1083717959683847	-0.5021161858890733
623	0.6208605352613789	0.138529315371255	0.030421341984794934
624	0.543813910485619	0.19732028280409847	1.0685835342975916
625	0.4712913825036705	0.21975701800471503	1.4647833456176078
626	0.40329609071166883	0.18464032965214155	0.8446741730900877
627	0.47546194006421294	0.15433119547033025	0.3094593507581517
628	0.595961065839027	0.1294754515030469	-0.12945660479431534
629	0.6127610424356607	0.15772928410960507	0.3694646084612589
630	0.44241008366436263	0.1304597054814994	-0.11207612420892513
631	0.46650312243908165	0.12429878713988596	-0.22086889921293715
632	0.5143016416602995	0.13621379386561996	-0.010467369114974848
633	0.578317853434587	0.15578592322141552	0.3351477076134813
634	0.6195589663117372	0.12630215168088055	-0.1854924219291363
635	0.5731233696311276	0.07819633676328754	-1.0349705043384794
636	0.47521728532878926	0.17852146540062536	0.7366240115907939
637	0.48995979651383964	0.12817687276789658	-0.15238759922155293
638	0.5338967170638211	0.12749030776563997	-0.16451132943099625
639	0.5441701735517828	0.13546713719533082	-0.023652229980171503
640	0.5468028185851311	0.12893267447316037	-0.13904125046165705
641	0.6324305482220453	0.09935253870556944	-0.6613830308120321
642	0.6945338094115546	0.10180338037540174	-0.6181047642335638
643	0.6935898166755325	0.10948372220719317	-0.48248120058133626
644	0.6768839772396226	0.14696287518783852	0.17934562968573603
645	0.5604664142876209	0.18636044699818363	0.8750489206572574
646	0.5927932824969533	0.12901927388074197	-0.13751203203315268
647	0.506827649750288	0.11875382330594536	-0.3187848217007689
648	0.4923252100246163	0.2683665117986871	2.3231556576910677
649	0.6245246386077762	0.24831363754420108	1.9690513316823068
650	0.6651999018116358	0.11820936721996368	-0.3283991170342561
651	0.8113220724719106	0.09904116563102713	-0.6668814222794505
652	0.7250796714117635	0.15461380474414138	0.3144498157237577
653	0.6730927973294578	0.15360225063967672	0.29658725498373206
654	0.566886427889456	0.13163581107998526	-0.09130782561084276
655	0.6773088432509674	0.31716617135303965	3.184886017970231
656	0.6869654148050427	0.2751142043524248	2.442310004022297
657	0.7200064769733223	0.1736838451826851	0.651198739132564
658	0.6990309744719109	0.15759562069741645	0.3671043087912754
659	0.6198363927749853	0.15274802812235605	0.2815029391435888
660	0.7382196208863959	0.14609639643703343	0.1640448867517843
661	0.6789797071702841	0.1113502716338045	-0.4495206774022523
662	0.7163669333081834	0.1147194072224421	-0.3900266880765197
663	0.69517574200787	0.12262656221364464	-0.25039793694224244
664	0.5265559068896145	0.08597382360854972	-0.8976315023364366
665	nan	nan	nan
666	nan	nan	nan
667	nan	nan	nan
668	nan	nan	nan
669	nan	nan	nan
670	nan	nan	nan
671	nan	nan	nan
672	nan	nan	nan
673	nan	nan	nan
674	nan	nan	nan
675	nan	nan	nan
676	nan	nan	nan
677	nan	nan	nan
678	nan	nan	nan
679	nan	nan	nan
680	nan	nan	nan
681	nan	nan	nan
682	nan	nan	nan
683	nan	nan	nan
684	nan	nan	nan
685	nan	nan	nan
686	nan	nan	nan
687	nan	nan	nan
688	nan	nan	nan
689	0.42870697001807356	0.13238356266809065	-0.0781036301041161
690	0.5021015772627598	0.12899443810132077	-0.1379505954441249
691	0.48296616854627333	0.14733998992771505	0.18600492246826944
692	0.5288837832105707	0.20251502862890244	1.1603151207891156
693	0.5370266423552648	0.17627289751451458	0.6969176031382462
694	0.6938490287981941	0.13991329972817634	0.054860474335343724
695	0.6951865827806006	0.10974306300955117	-0.477901622668459
696	0.6469326261845529	0.15348486961502303	0.29451447837855704
697	0.656996312851402	0.12377808585544335	-0.23006371961820635
698	0.5729848844991486	0.13315757553340102	-0.06443569898788104
699	0.5028638042915055	0.18603897336619832	0.869372168170851
700	0.4725113362450669	0.12175244202679772	-0.265833616420701
701	0.4983812326117845	0.12784594960561352	-0.15823121654313044
702	0.40860334056283676	0.14184156029666167	0.0889107257011806
703	0.3439495530496732	0.16536898964894536	0.504370594834175
704	0.3690902687230306	0.15942943783168853	0.3994868277316445
705	0.40639167140391547	0.10787302305790056	-0.5109237833963934
706	0.4346008714965545	0.42144941666602276	5.026375064723676
707	0.48069084039988785	0.17208101146363344	0.622895048270795
708	0.43753475573858414	0.13618991849750933	-0.010888973071880678
709	0.4327390088842977	0.07482947721035521	-1.0944243022143898
710	nan	nan	nan
711	nan	nan	nan
712	nan	nan	nan
713	nan	nan	nan
714	nan	nan	nan
715	nan	nan	nan
716	0.45760623202166134	0.06926044957454737	-1.1927651561226889
717	0.5293548214418022	0.13117452451459585	-0.0994534692857175
718	0.652058639319042	0.08428880326418728	-0.9273864883688269
719	0.7098240759869109	0.11410219722474557	-0.4009257107037276
720	0.6624283092456548	0.10463999436073024	-0.5680143247945857
721	0.571226413184149	0.12448211584314774	-0.21763158340061417
722	0.5688917509654363	0.12232453131285766	-0.25573135933345237
723	0.5409214125054873	0.10558566800353017	-0.5513151163091484
724	0.5679714535620333	0.11191640586455653	-0.4395235778509951
725	0.5436341847746695	0.13794704806149002	0.020139355938074446
726	0.49404104191017145	0.1551942862183308	0.32470026653543804
727	0.6752145945919179	0.15352424487420832	0.2952097876613203
728	0.6640275689698837	0.13006231547115732	-0.11909344850812473
729	0.6370554305170013	0.13853741346151088	0.03056434237245116
730	0.6853293453487014	0.12295472001123213	-0.24460315190222542
731	0.6031221771911213	0.09433496033811911	-0.749986100050581
732	0.5442212198736674	0.06785445554513765	-1.2175929469838962
733	0.5125409920941582	0.07683922916300069	-1.0589350326161868
734	0.504203372827147	0.0998424219731188	-0.652732411350848
735	0.4902990590379497	0.11712590768383194	-0.347531422155746
736	0.46792587123669466	0.09619501671660052	-0.7171402345710669
737	0.5010939904601541	0.09276449414667892	-0.7777182278833312
738	0.43499281416672686	0.08030619962068511	-0.9977134231037258
739	0.5491333594921471	0.1263298260843517	-0.1850037325839341
740	0.588671676310963	0.11038870856789655	-0.46650046977750637
741	0.6422490070582332	0.13361040027051935	-0.056439478780121594
742	0.6538069181759067	0.14596767754228512	0.16177190000230407
743	0.6357046541280468	0.1407193530333562	0.069094192591169
744	0.6608438270206137	0.15832424278947343	0.3799707054757913
745	0.5957869363184417	0.18130191579510005	0.7857226844514187
746	0.5023774302520693	0.15098026218222993	0.250286787342828
747	0.44331929231213607	0.15372713025188794	0.2987924456388521
748	0.502057170668025	0.16154064716475458	0.4367676857503655
749	0.4426792914802942	0.09622217896097268	-0.716660589203813
750	0.3340989684673184	0.12735677488108146	-0.16686932417461842
751	nan	nan	nan
752	nan	nan	nan
753	nan	nan	nan
754	nan	nan	nan
755	nan	nan	nan
756	nan	nan	nan
757	0.3614452031546094	0.1529177284094134	0.2844995971293382
758	0.4667003613713252	0.1486344302629077	0.20886283882653964
759	0.5939781018960522	0.14066353925000466	0.06810860309986333
760	0.5199078515739037	0.13872527248092295	0.03388165691845423
761	0.4839580152364133	0.10977535916678188	-0.47733131993560773
762	0.3702177500950256	0.1672266856841291	0.5371747801155305
763	0.47805849400246203	0.16486082130357887	0.4953970877373192
764	0.55292924394272	0.12035940584611174	-0.29043259069279453
765	0.5743999169258334	0.10634129696925146	-0.5379718178760284
766	0.5139229295419953	0.28431942519213005	2.604860692758423
767	0.5644770372908284	0.2692538101074961	2.3388240434607157
768	0.56471181488557	0.14176170535085783	0.08750060456824577
769	0.6395464770038883	0.18427751187213348	0.8382673436339556
770	0.6323988869464692	0.15032188065766772	0.23866073598215745
771	0.721529528098809	0.16062659844762384	0.4206269270336271
772	nan	nan	nan
773	nan	nan	nan
774	nan	nan	nan
775	nan	nan	nan
776	0.7710274043860038	0.20886357752420992	1.272421175969889
777	0.8694287338591044	0.21563504587527227	1.3919953679840922
778	0.9207251312415875	0.153081294655186	0.28738793694945813
779	0.6870173127376584	0.1762061205546484	0.6957384200412876
780	0.44594770011741924	0.17620278000667575	0.6956794308672996
781	0.4716844183705296	0.21690035240296263	1.4143388240640629
782	0.46683715356295197	0.1678556795292858	0.5482818881927202
783	0.46823563850200345	0.16563162401002757	0.5090083321598828
784	0.4909631355865365	0.12898918570945167	-0.13804334497514673
785	0.47773909641006795	0.14673491829145716	0.17532024548755246
786	0.46898578745555214	0.14712364532915093	0.18218459440517162
787	0.4757395887561212	0.18481613936172697	0.8477787145103588
788	0.4299063694256307	0.09906920178609872	-0.6663863449319585
789	0.430543726998757	0.16281104787128842	0.45920109755154814
790	0.5311920482597715	0.16021580311492328	0.4133728844177197
791	0.536175333663633	0.1375124394183595	0.012464805212814291
792	0.5586360136486955	0.1176296825664807	-0.33863549716182284
793	0.4431504014385873	0.1515401448729186	0.260173493872488
794	0.5068209287782108	0.10122139842028638	-0.6283817113360113
795	0.6666727306452995	0.1258644023106614	-0.19322243328486668
796	0.6849880839658412	0.13838049723290988	0.027793432094780336
797	0.6060983113812772	0.16719421370049875	0.5366013725465373
798	0.5697193140792901	0.2585953011559654	2.1506104197855063
799	0.4761733138198292	0.18652370064052998	0.8779317403597046
800	0.45711949779519356	0.14210951637220856	0.09364243669319745
801	0.475655184209893	0.08184479116573926	-0.9705441547409974
802	0.4517639570173904	0.05310866908086129	-1.4779818922860182
803	0.4341939664876601	0.11070187537700164	-0.4609704035905275
804	0.4308107861881028	0.15891076061360015	0.39032774936729503
805	0.4635827680000864	0.24321201382567373	1.8789641449043164
806	0.567923114150682	0.1878765990121146	0.9018219398367769
807	0.593820144707914	0.19156163075605598	0.9668941915972615
808	0.5647065837361978	0.12059411607962647	-0.28628795247328837
809	0.5442775768434749	0.1484188844432639	0.20505661602673814
810	0.5272077044235534	0.1193400192252175	-0.30843346217650963
811	0.4405035572595589	0.12459457643731418	-0.21564569437570563
812	0.42168246008989596	0.16164165019452012	0.43855125100520514
813	0.4864231771681025	0.1812928201960059	0.7855620695218078
814	0.595864686472016	0.2612154126160655	2.196877742408298
815	0.694860611205507	0.20504683887633113	1.205023173603402
816	0.6437521535306854	0.17392146205862488	0.6553947043909679
817	0.7463549032418233	0.08074110901244959	-0.9900335615990246
818	0.6716472787407648	0.11096407666584643	-0.45634031368487515
819	0.530071345785806	0.2646182821365656	2.2569674234565333
820	0.5339936659560568	0.2603440616752646	2.1814909637503517
821	0.532486447619448	0.1729268971132254	0.6378321472635856
822	0.4981271715975032	0.18247996833851088	0.8065253632391779
823	0.4081328951776632	0.15187520953894282	0.266090244071294
824	0.48368636980368157	0.14988645444194437	0.23097174812492957
825	0.4958428357625684	0.15330969152975948	0.29142109051672094
826	0.48512980692204183	0.14416009800057042	0.12985269843533068
827	0.38411490685760363	0.1523763780946919	0.2749401451576987
828	0.3757297194197004	0.07009267489282997	-1.17806927853038
829	0.3776380459356541	0.07365365544882736	-1.1151875886684057
830	0.41782498753255726	0.09667275551224508	-0.7087040686582374
831	0.4692373589701728	0.17950819273104976	0.7540481679416567
832	0.4521558655266595	0.18983434200130256	0.9363928074783419
833	0.5515427598473182	0.15950096048752452	0.4007498128537645
834	0.6119402590742933	0.12250846736522557	-0.2524833186273735
835	0.547879192327047	0.12736647022454622	-0.16669811863971887
836	0.44812918446124256	0.0869956812609034	-0.8795869960640927
837	0.42174637087773176	0.06074466289633107	-1.3431414495086396
838	0.45237497168050145	0.04544090600930417	-1.6133833334954342
839	0.4044060282965628	0.0648449620411868	-1.2707361849716305
840	0.6089189845337357	0.10800541817743949	-0.5085858799130215
841	0.6402783618698585	0.0726785311833326	-1.1324068519234258
842	0.5527552435299133	0.1524192320265979	0.2756968826947631
843	0.5004453984291525	0.14817023542275076	0.20066583928799478
844	0.5200979137726606	0.14370069004857117	0.1217402283155239
845	0.5862266466045523	0.13083931435854476	-0.10537278862484958
846	0.49776615286723597	0.20042947656698484	1.123487332519496
847	0.48031568465184166	0.12925868264098936	-0.133284424727979
848	0.5637480589843905	0.11451973027543938	-0.3935526898775866
849	0.6147342377532514	0.09714932727369333	-0.7002885108563583
850	0.5265884348140718	0.30005097182702783	2.8826567157888707
851	0.5544686943910178	0.2684674898429539	2.3249387817386724
852	0.478881618572348	0.051858068088608475	-1.5000656701947388
853	0.5017281467554472	0.04960447645090452	-1.5398607907266306
854	0.4172524282438741	0.12083076154440599	-0.28210914091015127
855	0.3916032495972848	0.12364198983576732	-0.23246697556587048
856	0.4251736056778556	0.10573898961637529	-0.5486076816696003
857	0.5804729881679183	0.11461988122237149	-0.3917841711549102
858	0.6331886991676423	0.10677809159039238	-0.5302586659876524
859	0.6312523494245883	0.11818642283168218	-0.3288042812538585
860	0.586332304563503	0.07234365797268523	-1.138320221301292
861	0.5859244911449668	0.10975828273143282	-0.47763286471932176
862	0.5681332631670629	0.12132258230784122	-0.27342430811545165
863	0.4984927443526456	0.08465757809868335	-0.9208744660741172
864	0.45238451639374344	0.19173927555680662	0.9700311380339895
865	0.37709190732849707	0.1538556555746261	0.30106201419075546
866	0.4522125670371527	0.1308104654365892	-0.10588221824254489
867	0.3730859732276909	0.12352560181434313	-0.23452221719152855
868	0.3444302536974513	0.11933618246638814	-0.30850121370589584
869	0.37185477026793295	0.16640335032751682	0.5226358861977597
870	0.5319927937495773	0.11007614728589392	-0.47201984324463997
871	0.5684722643760172	0.08631227884899287	-0.8916548795700298
872	0.6042009097930986	0.08018491509479445	-0.9998551298112417
873	0.4885698710939134	0.11126790711369937	-0.45097511393383016
874	0.5607100541535018	0.06464928934192694	-1.2741914776349366
875	0.6687390111547923	0.04654978506234859	-1.5938021570156744
876	0.5131735441523384	0.0878269231440444	-0.8649084844929124
877	0.5618102113647124	0.13379318517633432	-0.05321176563253103
878	0.5508836480385838	0.2321488566094606	1.6836050268118206
879	0.5858296490572397	0.20522810223126284	1.2082240183957051
880	0.5919828797988438	0.19845288695011407	1.0885836610958666
881	0.5489461831366558	0.21154525006327093	1.3197755768886483
882	0.5156779252872024	0.20180728564588465	1.1478174185241707
883	0.6462854499323254	0.19238435947387666	0.9814223731643889
884	0.7439146456842739	0.08567104163042948	-0.9029781876509312
885	0.6494425397395208	0.13546143937818064	-0.02375284506786818
886	0.6229035248634193	0.0883181805415859	-0.8562335999129956
887	0.6480507129645887	0.09545478837438215	-0.7302115805979429
888	0.623356059426853	0.07729275937613517	-1.0509263547374699
889	0.5215864048102564	0.06312226636860097	-1.3011564620011316
890	0.4418351729863144	0.12575183638641366	-0.1952101822844089
891	0.622633731766058	0.12403922201430002	-0.22545243834476134
892	0.6236622706921049	0.07052713379451049	-1.1703973720193386
893	0.5667913658754831	0.07377927819081542	-1.112969275432182
894	0.5432968016988745	0.029868308893390007	-1.888372541324489
895	0.4306929050058014	0.13494858526985007	-0.03280909586097308
896	0.4740701941423697	0.12615891999116138	-0.18802168333612657
897	0.4762150890852639	0.08979550930508019	-0.8301461423519693
898	0.5046471734526417	0.06531488355644789	-1.2624380607562793
899	0.6094043849143028	0.061173239730599786	-1.3355734116744749
900	0.6205311965036557	0.18071149754504315	0.775296764762978
901	0.5983318506472902	0.3431718823975652	3.64410870420137
902	0.5024851592814898	0.25734872682502125	2.12859774680522
903	0.5877095804970359	0.20734017601677085	1.2455201413757202
904	0.7088153643824086	0.047767061595522194	-1.5723068401411224
905	0.6172250326055677	0.06688342808562922	-1.2347398666584317
906	0.5190992387599619	0.10248570403041932	-0.6060559299909721
907	0.5783562536593226	0.11187643247776365	-0.4402294491893853
908	0.6343333381550967	0.15060151107871983	0.24359859878035722
909	0.629825666707262	0.26265113852761135	2.222230554667993
910	0.49856559315611404	0.26823402397989876	2.320816117275014
911	0.40952948812000156	0.20089277049182458	1.1316684232158898
912	0.5168465036958694	0.258357900723343	2.1464182765983955
913	0.6009043396854338	0.14582954536947762	0.15933268857897484
914	0.6410880328068995	0.08004029172917451	-1.0024089661719573
915	0.6194021623746127	0.19392752679326886	1.0086724429856702
916	0.7087585259387289	0.18546471230079595	0.859231560648122
917	0.6791944757405322	0.18631887912815803	0.8743148930853375
918	0.6708241496828057	0.17615837774361576	0.6948953520746745
919	0.49456928394911925	0.1654318718699051	0.5054810025586887
920	0.4647949077496817	0.18369025196205818	0.8278971955938232
921	0.4614520074813957	0.17087674057932722	0.6016293920657335
922	0.4532841158529515	0.1391872920383425	0.04204024415670616
923	0.564752435263578	0.1367398865709524	-0.0011773441302426434
924	0.6734920191136698	0.14546677484371526	0.1529266935634629
925	0.6373624660167514	0.14367459262678012	0.12127938615212089
926	0.47246201494692336	0.17141009788103576	0.6110476991595956
927	0.5081776749895797	0.16203210347479605	0.44544608283307074
928	0.5258846753686511	0.09222606921443263	-0.7872260218942937
929	0.4762288008182307	0.10898686031039038	-0.4912550523920025
930	0.45265626747485244	0.09477513758855832	-0.7422132158937724
931	0.4296162370578307	0.12369049441067535	-0.23161045596732432
932	0.4571216364420247	0.1609143435420269	0.425708083052602
933	0.49246149686563734	0.14626612602786357	0.16704206219914966
934	0.474792473987745	0.11950917818647033	-0.3054463632099176
935	0.5907023807373278	0.07086663289166503	-1.1644023162755666
936	0.646551075104999	0.07700219368809919	-1.0560573182999744
937	0.5795888527391233	0.1332636168680723	-0.06256316466355857
938	0.5300634387365045	0.1951680632242777	1.0305784955154431
939	0.5135470611467702	0.16922700210775166	0.572497432120525
940	0.5374288264554455	0.12607053782748745	-0.18958238262051733
941	0.5015523535912516	0.08274999838901205	-0.9545595238283706
942	0.45906367453795355	0.02337880745106568	-2.002967611597423
943	0.4542257511477901	0.05350618293388259	-1.4709623811068782
944	0.4211520833993241	0.1306304497481741	-0.10906103107547206
945	0.4554462315874219	0.17653923158351498	0.7016206718754103
946	0.469695711944335	0.13567819331983916	-0.019925288606551406
947	0.5519635088878228	0.12376295975576787	-0.2303308243366
948	0.44904960793520404	0.1605988165860774	0.42013634013654055
949	0.3478286288111768	0.1810823952620832	0.7818462740474774
950	0.3244385014185849	0.23903967226350972	1.8052867170204854
951	0.3049600055291518	0.2397041332155734	1.8170201221475342
952	0.2962917418330485	0.22543751068816212	1.565092508660394
953	0.36340416050652263	0.12334421249962566	-0.2377252862487663
954	0.41030203865678255	0.09783578929516103	-0.6881665991364934
955	0.36333800727664106	0.06371695772470752	-1.2906550855318588
956	0.3945123830448446	0.06002841544909977	-1.3557893281288624
957	0.3419520591932231	0.04449717556131942	-1.6300482280126292
958	0.3542433007134585	0.09008323978812317	-0.8250652443481673
959	0.29888200117999014	0.10703858815442505	-0.5256586790200111
960	0.34070948189890105	0.1371384823971664	0.005861273107375248
961	0.3205455244552272	0.10274782451374084	-0.6014272669922553
962	0.3383090864058902	0.09448899883454612	-0.7472660062992084
963	0.34257788235222025	0.10484642719046447	-0.5643690240206695
964	0.3923223544592463	0.062452205653820946	-1.3129887507184983
965	0.4512867463996379	0.1059012175092034	-0.5457429751980647
966	0.44903515128731664	0.11549544778463482	-0.3763229508095673
967	0.44084327448696553	0.07735991106604255	-1.049740554458007
968	0.35154775043621983	0.058580490398487846	-1.3813575592787406
969	0.25111901547714716	0.03247600839525855	-1.8423243956659698
970	0.24482618878715107	0.019536157106320264	-2.0708231764977523
971	0.2600228178490412	0.016013129074394214	-2.133034680490805
972	nan	nan	nan
973	nan	nan	nan
974	nan	nan	nan
