ID	SN	ssim	z_ssim
494	0.22844839507266237	0.4066303304734191	-0.379080278870444
495	0.24366617549397226	0.3744873082793324	-0.5858722850688367
496	0.2820036086361656	0.18409275612505002	-1.8107748835703483
497	0.2948669443375487	0.1996812039374238	-1.7104866662031353
498	0.3001054369672533	0.38610121114138	-0.5111542869249687
499	0.5244706204114475	0.37579766286221605	-0.5774421240407421
500	0.5950286056384276	0.34041826907899386	-0.8050553140618536
501	0.4112892909576338	0.4341353595027867	-0.20212678335954803
502	0.23524761721007503	0.32147217156214764	-0.9269449575272956
503	0.2552475742404102	0.15731599051121103	-1.983043099276853
504	0.295432955705061	0.486144409980069	0.13247323725236793
505	0.44793311912041295	0.572327068418536	0.6869290295667595
506	0.633264311496278	0.6085123783963701	0.9197270782394705
507	0.5895426025649855	0.6654871621737493	1.286274124404015
508	0.3830190097695553	0.7396067462972322	1.7631221758080091
509	0.47217021565460404	0.6515295729401867	1.1964780292554857
510	0.5480175085406729	0.5578127638380852	0.5935513084351695
511	0.4698867303268592	0.5413443037576315	0.4876015356206621
512	0.3644469255359691	0.4857296987695173	0.1298051943189711
513	0.4232172414234094	0.5871037276849361	0.7819946085331053
514	0.4994265766903605	0.6386067544792722	1.1133391277815057
515	0.5370517002440348	0.5591631403759455	0.6022389505523673
516	0.42310255310573647	0.6009042491897795	0.8707802090699345
517	0.563826931329801	0.6573992285368707	1.234240435329275
518	0.6459783430575301	0.6008516059987811	0.8704415293087872
519	0.5733972568704298	0.6829455939950397	1.3985928764990403
520	0.3341263866793167	0.6493992871087121	1.1827728437814304
521	0.37439399095792253	0.26312136589868274	-1.3023446350554493
522	0.460715285939394	0.2898850933539612	-1.1301603002904934
523	0.4445383968326398	0.2983603199917256	-1.0756349632258355
524	0.39941387055022476	0.39755449762625744	-0.43746961360857906
525	0.34602094394202154	0.32677600858102646	-0.8928227430366796
526	0.3556562261141912	0.24183629943023102	-1.4392820260232164
527	0.3370389163953794	0.29112457997730634	-1.1221860679998916
528	0.39362718886337583	0.2795198364831123	-1.1968451393868882
529	0.39109085257149745	0.4640574816537343	-0.009622928807683668
530	0.34788896279454656	0.5506226736422659	0.5472938915885857
531	0.528081608505251	0.5981723796420284	0.8532047371357594
532	0.5361908057517527	0.532517052252043	0.43081144796069576
533	0.5897119413312537	0.5464918036106984	0.5207179555731534
534	0.6215279969361593	0.4822524961186385	0.10743462481272595
535	0.3839407789472251	0.282740728986725	-1.176123540199679
536	0.2818847403496202	0.24044058064236218	-1.4482613773265698
537	0.3966350319943932	0.20353815209566262	-1.6856730054767293
538	0.6525154130916008	0.21029848373888682	-1.6421804385790841
539	0.7944050178290027	0.4861571389121981	0.13255512878689252
540	0.7140403355418579	0.6958675281623877	1.4817260888738566
541	0.5171946232914897	0.6749798630516851	1.3473453779699207
542	0.3602018545300203	0.6096652630473541	0.9271441570832946
543	0.42954560817915194	0.5469575107541593	0.5237140806392938
544	0.4783785861267911	0.5700337997746474	0.672175294813441
545	0.40044280270100757	0.5219283729812388	0.3626892217375573
546	0.4036550109997981	0.452468702652037	-0.08417929269532287
547	0.42962838556971744	0.6927784859314662	1.4618527478946957
548	0.5169141412511461	0.7150874727865479	1.605377526621465
549	0.4830927870435652	0.7206589025449338	1.6412212979436898
550	0.4292949493715737	0.5533259480632828	0.5646853968879763
551	0.4396070963923535	0.5999281104262323	0.8645002241941167
552	0.4376072546645984	0.6741470487625627	1.3419874705336374
553	0.39633489848697023	0.6513501871040999	1.1953239511882783
554	0.354359801436339	0.649341454414613	1.182400777372603
555	0.3982800053707056	0.509359157166764	0.2818252214913708
556	0.41964338741965646	0.37661910634498635	-0.5721573706421673
557	0.36632938969350304	0.4632877234393496	-0.014575165236453134
558	0.5148654267942652	0.5744348604966995	0.7004895015678239
559	0.49225336334287034	0.5460385658310931	0.517802052110077
560	0.36196885338076035	0.3792621650908643	-0.5551532626507023
561	0.27582675675275653	0.5577810146857378	0.5933470503890726
562	0.2579558286565793	0.5145869520243067	0.3154582190376864
563	0.3087561275355447	0.1299467138397233	-2.1591232325300673
564	0.36594713373378535	0.2500107287490335	-1.3866918673208057
565	0.729081798765342	0.445813387452058	-0.12699623672056445
566	0.698352595994115	0.7579946039168233	1.881420385101632
567	0.42791999618908944	0.7334076266662013	1.723240164171886
568	0.3426613093484681	0.6465367214203723	1.164356538743525
569	0.4541998338754098	0.6100722846345561	0.9297627288552741
570	0.658989322868408	0.6008363132914908	0.8703431437368996
571	0.648110871708226	0.5134328859456041	0.3080335394833062
572	0.4443731262497015	0.3977741460713702	-0.4360565062053935
573	0.2721376785808417	0.3374401512980975	-0.8242150230303512
574	0.24882370789240774	0.24938162969790845	-1.3907391735788834
575	0.4527621548363365	0.3976986177517441	-0.4365424173510837
576	0.6951726101976017	0.541038647370331	0.4856350964614702
577	0.7227709672272289	0.7448823882666183	1.7970629975591914
578	0.46557739789989816	0.7719889678614053	1.9714530702081041
579	0.5330967084337879	0.7755589254942604	1.9944203785241592
580	0.5779170499332564	0.6907950667940169	1.4490924287159697
581	0.35474794171532054	0.5180113902320074	0.33748932870736537
582	0.3409056635580909	0.5864296525644397	0.7776579489105535
583	0.4127354555657366	0.6443931431195068	1.1505658362201987
584	0.43717505880672014	0.6147084878411646	0.9595897238543434
585	0.42675625885529206	0.6396618318274743	1.120126963729593
586	0.49207851493088534	0.6460835800013127	1.1614412552156383
587	0.4788083416512606	0.6136080670191805	0.9525101708469585
588	0.5895798244448441	0.6475962304549283	1.1711728859282482
589	0.6475380189499458	0.6099112540902784	0.9287267394853468
590	0.5219791064068213	0.4210159733257753	-0.2865303024578472
591	0.2550512915387602	0.39243115210901586	-0.4704306367370401
592	0.27217847342371343	0.3116549208910636	-0.990104200904213
593	0.3682342198249657	0.20556330623221258	-1.6726441843463011
594	0.34525558272891105	0.22200669601808068	-1.5668557011728868
595	0.30559084671489023	0.20249713537833403	-1.692370382411685
596	0.3702730431312849	0.1565892491607153	-1.9877185868818732
597	0.3152006483170542	0.16169040832855378	-1.9549002995445763
598	0.3911441262924382	0.19542925453915158	-1.737841565845538
599	0.43149055176053513	0.1994509793608148	-1.7119678151064859
600	0.394920122769259	0.4214778289305067	-0.2835589562508948
601	0.3243892524310668	0.4425407391050717	-0.14805080692148528
602	0.37092685520876756	0.49147009233942535	0.1667359936545736
603	0.6150009645318131	0.533834169235355	0.4392851148652085
604	0.6376708656875152	0.4552645366063645	-0.06619230600434091
605	0.3691670071977431	0.347390552773984	-0.7601991544771894
606	0.4792093331175083	0.45233889188072984	-0.08501442977928077
607	0.4949693543240686	0.44947893389676885	-0.10341395816137565
608	0.40970374396668297	0.5048269920548631	0.2526675551632565
609	0.372088840880791	0.49974421421655507	0.2199675240368175
610	0.3563979138196215	0.16250900079638397	-1.9496338881393465
611	0.29889496888748696	0.2757432737532425	-1.2211416407777105
612	0.4542896798602162	0.594076492756338	0.8268538650510111
613	0.6777285527131415	0.6128753444538533	0.9477962031199687
614	0.6695713111030601	0.6663504973200112	1.2918283876540317
615	0.446539211032228	0.693411758177871	1.4659269023881059
616	0.38934865581214706	0.659294245010829	1.2464320163219587
617	0.3539784313246485	0.6030444218231578	0.884549001244947
618	0.3207561663781336	0.5114623468963058	0.29535608430077387
619	0.4424082800438732	0.5263182476538768	0.3909314630872622
620	0.5849565034237834	0.679460387133633	1.3761708119360108
621	0.40525684844525645	0.6315468734547343	1.0679194111235388
622	0.6072132898192856	0.7205023041119034	1.6402138225439484
623	0.7754694316139443	0.7087700244406487	1.5647342476660857
624	0.637706913782595	0.4968697707080417	0.201474803089788
625	0.24912182428696142	0.2752916136644071	-1.2240473941734566
626	0.24637916816557984	0.45388429946051206	-0.07507205622499313
627	0.3449648911303288	0.4369815841801065	-0.1838156081514303
628	0.3710467715670208	0.3872721246426254	-0.503621219544271
629	0.4073270245884808	0.42635515070712127	-0.25218072588502777
630	0.5371506334896702	0.5431573147481812	0.49926553466007006
631	0.6457593095270152	0.6331718463286224	1.0783736676828715
632	0.5509345172409338	0.6122374763143719	0.9436924809666217
633	0.4717001053290541	0.6296716451739417	1.055855137393348
634	0.5254752305123965	0.5189312445550467	0.34340720785771356
635	0.3719461996755565	0.3530971260171253	-0.7234859380801218
636	0.33465355781064765	0.48960845039090806	0.15475912753935814
637	0.42979321239294355	0.5234254406369313	0.37232060058134014
638	0.7160170317065072	0.41180869322377806	-0.3457653025902499
639	0.6379839326260975	0.6328870525426312	1.0765414479867161
640	0.3923674787622282	0.5623691953617156	0.6228650926272007
641	0.5338814446435279	0.640263244058431	1.1239961469395865
642	0.6193172379399793	0.7106731946340512	1.5769782855805752
643	0.5389607796441439	0.6513423040140291	1.1952732353594764
644	0.43543901376370003	0.5459166202972056	0.5170175159999604
645	0.3916229690660043	0.3951001923422133	-0.45325937694963103
646	0.346383452760401	0.21745018321123105	-1.5961700083001877
647	0.310688062106259	0.1780055531083835	-1.8499368801104543
648	0.2964471330397405	0.2582279451792422	-1.3338264379063354
649	0.34342330366401475	0.2566780463370932	-1.3437977059793023
650	0.4032516863277891	0.20580772477332937	-1.6710717186284096
651	0.567456943107958	0.278803296386724	-1.201454997263942
652	0.500467896673733	0.3661755724276601	-0.6393458048075821
653	0.4075674865170913	0.3808138861929939	-0.5451702710753553
654	0.32685700591043876	0.30819377982653445	-1.012371438258182
655	0.3043584844716431	0.2721376716376164	-1.2443382677327408
656	0.3376025307195276	0.2796810142085044	-1.1958082031278436
657	0.37480400172653455	0.19238017678889055	-1.757457795496381
658	0.31286147424313815	0.1952392908967283	-1.7390636961879886
659	0.31169496048487494	0.21095508903627563	-1.637956170994423
660	0.4559891108319492	0.30386174666832927	-1.0402415564534777
661	0.5985108715418321	0.5186724363581161	0.34174216634603793
662	0.7499085553501383	0.6645600895873767	1.2803098065850518
663	0.5811960950204953	0.7086429718606595	1.563916855395066
664	0.45042623530493464	0.6189021013096812	0.9865693195233117
665	0.3818274457734241	0.4727527856757619	0.04631827523848846
666	0.2766970055557391	0.632168022137551	1.0719155687185389
667	0.2654480679686786	0.6034546480416887	0.8871881899999109
668	0.34940080810750346	0.18720922018962183	-1.7907251243328188
669	nan	nan	nan
670	nan	nan	nan
671	nan	nan	nan
672	nan	nan	nan
673	nan	nan	nan
674	nan	nan	nan
675	nan	nan	nan
676	nan	nan	nan
677	nan	nan	nan
678	nan	nan	nan
679	nan	nan	nan
680	nan	nan	nan
681	nan	nan	nan
682	nan	nan	nan
683	0.561386884052235	0.46014224766970363	-0.03481157116387046
684	0.45201775971520525	0.49326995182020517	0.1783153825078759
685	nan	nan	nan
686	nan	nan	nan
687	0.46828512215289314	0.6264125453130884	1.0348877313243963
688	0.3533249847978182	0.48170135688740845	0.10388887274770474
689	0.3308412570165298	0.5128385533252479	0.30420990292012
690	0.5071292937940447	0.4775919795295094	0.07745120976334066
691	0.5053962473334093	0.5427948318988298	0.4969335026819548
692	0.4866082774564589	0.4826747959685837	0.11015148922765675
693	0.43860291258688605	0.46798005903979256	0.01561295729641347
694	0.5541344775249967	0.4357638753407159	-0.19164973315506556
695	0.47500497456578705	0.5285705983598085	0.4054219524485165
696	0.46325405367765965	0.5023319817134402	0.23661591599649798
697	0.6797971681099371	0.521377061065686	0.3591423587086286
698	0.5957980184842347	0.3849126183154966	-0.5188010941708244
699	0.2755429575113071	0.34622902463723393	-0.7676718411525145
700	0.23088493035659305	0.43527460274304025	-0.19479746647772322
701	0.35966986885845087	0.272893496703424	-1.239475670160253
702	0.5077089973694348	0.35948700099868314	-0.6823767026505935
703	0.3673137845861457	0.4735188679556191	0.051246862557009235
704	0.3458088726735485	0.49328262476093043	0.17839691382192557
705	0.4776013277854306	0.44616956750878095	-0.12470475373390415
706	0.3688109436872577	0.650179452184243	1.1877920327102374
707	0.3315334566781859	0.3520771567708957	-0.7300479061929798
708	0.5378306112077632	0.25903748284993733	-1.328618280502673
709	0.4691392152139784	0.33802149503196105	-0.8204749504170603
710	0.3790904636674716	0.4439528483782863	-0.13896600749546476
711	nan	nan	nan
712	nan	nan	nan
713	nan	nan	nan
714	nan	nan	nan
715	0.2744602094678607	0.4771718587899441	0.0747483646464233
716	0.40452397304248394	0.49840834452441196	0.211373211654184
717	0.3501128843200323	0.4487151462263258	-0.10832778311930298
718	0.4612773804377773	0.5079262183159559	0.27260641506025807
719	0.6626792617318472	0.5867063970306385	0.77943838333965
720	0.5657453625608296	0.43827369075449735	-0.17550284561382523
721	0.42374729361740093	0.3346879287255426	-0.8419214360691301
722	0.3664085174267342	0.14796341916949546	-2.04321283002553
723	0.31005779761804186	0.2067781178765092	-1.664828698435848
724	0.2514188289532982	0.24353318379736844	-1.428365127156389
725	0.26046460285466716	0.2293625645164769	-1.5195317502721295
726	0.3581550979853374	0.22431078964058415	-1.5520323239624492
727	0.47406854369593193	0.27245667906896837	-1.242285934684431
728	0.4780918235861882	0.4487986931197405	-0.10779028451084756
729	0.43599418643994575	0.500847015589558	0.22706239230976963
730	0.4598387189691362	0.5126048219359165	0.3027061929509852
731	0.5037675038671499	0.4803784526834536	0.09537797378206728
732	0.36701159065802713	0.46389099876187834	-0.010693995834197889
733	0.3926429827430768	0.48138703522658793	0.10186668558558272
734	0.5631591676888182	0.460047547683819	-0.035420823148633866
735	0.7352323023881016	0.5011105284255182	0.22875770109804072
736	0.7141689458621383	0.5384085588790223	0.46871443255149425
737	0.5603032167150317	0.5700524948632605	0.6722955695921164
738	0.5056364436945556	0.4704791232503803	0.03169067701441555
739	0.5363007161302901	0.139428783532017	-2.098120374654957
740	0.46569521208869136	0.07931094594359842	-2.4848882450857994
741	0.33793361000913974	0.1653896170505213	-1.931101454857751
742	0.29181680639680546	0.3907155900319255	-0.4814676985770017
743	0.3078830337904266	0.500358928577372	0.22392228644667184
744	0.33669140725383445	0.30965232862481945	-1.002987870331234
745	0.5594745921358539	0.3504640137445473	-0.7404260554749381
746	0.7811967123238979	0.4814788126722337	0.10245713541927451
747	0.5785337444418225	0.45105892851584517	-0.09324906902653987
748	0.5492511777906374	0.3778390181408247	-0.5643090729269356
749	0.5393529015132137	0.4689752046586787	0.022015222700905036
750	0.31359307887980764	0.562121854809627	0.6212738281632749
751	0.34959273072428343	0.5004924349339995	0.2247811990641771
752	0.3558770442518566	0.30215656409013947	-1.0512118418283014
753	0.2906021272565225	0.814900170924392	2.2475221254512707
754	0.29656305009571404	0.8170869851686424	2.261590986245417
755	0.35480008454768314	0.271633245932081	-1.2475834885149013
756	0.4407612514344665	0.19019641768238743	-1.7715070010739098
757	0.3568810607574271	0.3158814110872245	-0.9629130929379329
758	0.3055355591996518	0.48385805093552975	0.11776395537914391
759	0.46051279240403276	0.5955315736152278	0.8362151220035715
760	0.47672498109391553	0.5168378778094866	0.32993954117691837
761	0.5632024597688436	0.5780037495901855	0.7234499354400725
762	0.4551799242220239	0.7232713821251788	1.6580286749939595
763	0.5490200942527711	0.7695719794346733	1.9559033847210265
764	0.5577841238442004	0.735735273130406	1.7382150684962852
765	0.6113583440820141	0.6703820092266923	1.3177651035658502
766	0.5542359983800756	0.5658951115015025	0.6455490601717325
767	0.36342694287321115	0.4393336776253107	-0.1686834242714295
768	0.3633438012145051	0.6610438876217886	1.2576883351418202
769	0.40933701905592584	0.6601951215265431	1.252227801823915
770	0.4539522080559229	0.34123104389844383	-0.7998263304744759
771	0.363522092192865	0.2304688763657813	-1.5124142973637718
772	0.23270312437922133	0.1774684702430698	-1.8533922006009285
773	0.25852272902125384	0.1373211914780912	-2.111679559800879
774	0.24456046594530034	0.1748397339698922	-1.8703041650209042
775	0.27715533266184467	0.18543148106165683	-1.8021622019837467
776	0.31995749028958875	0.17427050764859828	-1.8739662803083388
777	0.39563094487269024	0.24438151576880043	-1.422907386772321
778	0.4473921560159421	0.29131532271143906	-1.1209589253740084
779	0.43519219697604145	0.3550977813231148	-0.7106147300792405
780	0.28781601009887053	0.46467004279689017	-0.005682019115138001
781	0.2331827743044716	0.46254075297310415	-0.01938079677766712
782	0.25909627868899143	0.3253609629133642	-0.9019264337447692
783	0.27938761380757315	0.3055718985851393	-1.029239300858289
784	0.2857726158258441	0.3368033242305447	-0.8283120474515617
785	0.45448462405938966	0.3140746546753148	-0.9745368531703902
786	0.45419147076033684	0.6470586381709151	1.1677142880945848
787	0.37044618952936115	0.6120789207561967	0.9426724144099999
788	0.3330557566115644	0.6021384334918769	0.8787203288977534
789	0.3768452581129438	0.5463099876776675	0.5195482434868639
790	0.46251619180251013	0.48095523546280566	0.09908870351254184
791	0.41864194180410785	0.5026318092807573	0.23854485546537302
792	0.26834753406719364	0.5133140278243999	0.30726886623048116
793	0.2929205023281152	0.6394918692618898	1.1190335102359046
794	0.4028531791463243	0.3294031297905893	-0.8759211691220841
795	0.5246931790628203	0.38184786975540186	-0.5385181419147738
796	0.3905333103376952	0.6044591921608461	0.8936509206187379
797	0.4308995001058895	0.5833229505732627	0.7576709939336121
798	0.485188930854834	0.5997986968814643	0.8636676426655275
799	0.43757438711689184	0.3521387194448527	-0.7296518429734842
800	0.45490863207403637	0.21465773043036968	-1.6141352422250437
801	0.42522666056239866	0.4744042288475762	0.05694282835487044
802	0.4637659831187024	0.49535804673389455	0.19174913287917503
803	0.46940559253232805	0.4504127864088806	-0.09740602171697606
804	0.3623188674779621	0.5409943545493686	0.48535013877293376
805	0.3586579155438278	0.5248717981059426	0.3816257356396082
806	0.41087868880025824	0.5460161019109677	0.5176575305687683
807	0.40199342303902563	0.36003098752149265	-0.6788769675069155
808	0.3522440288318935	0.4969571335393971	0.202036851519897
809	0.3554363882268054	0.5153694641855329	0.32049250793303385
810	0.4330232038872206	0.6248250049086439	1.0246742964092286
811	0.376265516544569	0.6024535286603245	0.8807474924181361
812	0.45290706214048143	0.6037220111648934	0.8889082695959468
813	0.4842617730049669	0.5844569759640036	0.7649667418012278
814	0.33255249882236354	0.5114516925840624	0.29528753982508144
815	0.3744599562553351	0.37900233560146135	-0.5568248746434609
816	0.3681186747026423	0.3560227829695582	-0.7046637356441238
817	0.38308492478228223	0.2964388173777368	-1.0879969426956844
818	0.41633002035956723	0.2203907573751703	-1.5772518360429433
819	0.30529076754501244	0.4177318282210265	-0.3076588370043769
820	0.26436068354730413	0.49621668304979105	0.19727316622261398
821	0.4107853547681314	0.23223110816376077	-1.501076986058993
822	0.4391129942405038	0.3554889962911198	-0.7080978501293684
823	0.3323863845056386	0.3470290980520915	-0.7625245720013633
824	0.4518348049991247	0.373571282687031	-0.5917655320951206
825	0.47613238463522123	0.3636283800008571	-0.655733157214315
826	0.2928540470534947	0.3726073662418575	-0.5979668847340062
827	0.3362974150843174	0.4769212558773358	0.07313611179899296
828	0.4697909545395098	0.5323919061506668	0.43000632101229497
829	0.4450340979218585	0.5424560516102525	0.49475396103486374
830	0.5278853350551839	0.6488867016344332	1.1794751271593205
831	0.5368348838524937	0.4738810246452922	0.053576796188123936
832	0.3695477929420883	0.58583369188538	0.7738238382381359
833	0.3631140114587161	0.6845116597708452	1.4086681544757647
834	0.4098740598663683	0.7153774658582472	1.6072431959016662
835	0.4729257186136245	0.7138449907821754	1.597384023558867
836	0.5946200640045822	0.7047863801017544	1.5391054875623646
837	0.47447854415637264	0.619840251641991	0.9926049059769628
838	0.44723798548856847	0.3485398548148014	-0.7528051243417079
839	0.4644551170832623	0.5411546682998172	0.48638151665259516
840	0.46592309887198624	0.572918552699362	0.6907343413488397
841	0.532576267624608	0.47030340170018226	0.030560173115985124
842	0.5212377341561757	0.39578605768110275	-0.44884686500366383
843	0.341467436082243	0.39451523803517974	-0.4570226781711356
844	0.27142583594265757	0.45978598449169805	-0.03710358891097396
845	0.30060386723911475	0.532621190340978	0.431481419944117
846	0.2787618021169116	0.5331066707594042	0.4346047562965668
847	0.45814466250140545	0.5190130850604611	0.34393372842571546
848	0.6113884667093522	0.49836088228288367	0.21106786351096818
849	0.6082493347574495	0.4824988759130089	0.10901970824566987
850	0.40661983185373524	0.409789440420102	-0.3587561575189665
851	0.5079616756268085	0.4826919002460166	0.11026152952889431
852	0.4769734127374379	0.422410239014957	-0.27756029965915224
853	0.3585362637835165	0.5275137431758855	0.39862267880134816
854	0.2918065626789124	0.518301910271293	0.33935838823144976
855	0.3542486988483134	0.47450318439106315	0.05757945845264264
856	0.33222689163591196	0.5276424833397492	0.3994509281365514
857	0.3225360498064396	0.44044922136887255	-0.16150657800786775
858	0.3095271199911426	0.39437700242788315	-0.4579120164041215
859	0.3351252589723782	0.31605288537764187	-0.9618099137685089
860	0.28868147449058784	0.2586177327582595	-1.331318741057872
861	0.2476129336159248	0.17596954058784808	-1.863035558611321
862	0.2696351419465833	0.12943284827113116	-2.16242918463388
863	0.3009353234277856	0.18738546694227878	-1.7895912415464454
864	0.32151658110045944	0.2523983726435882	-1.371330969765468
865	0.356154733266104	0.2881660017832296	-1.141220069113841
866	0.44055255259667164	0.34582721255613935	-0.7702568975875496
867	0.4234145325059507	0.34296038154449965	-0.7887006435660409
868	0.3934189445466941	0.24359078121509023	-1.427994574397205
869	0.24595555848585046	0.32799988245061684	-0.8849489553356293
870	0.3258468902987409	0.4210811081343875	-0.286111257924171
871	0.46273848340598883	0.5626252825537843	0.6245126285648558
872	0.494355602438158	0.5979692046681908	0.8518976117448895
873	0.4099769009296469	0.5076139802278258	0.27059763255480196
874	0.4362209525398991	0.5604455798690581	0.6104895199607905
875	0.4818932861375885	0.5571433031996111	0.5892443360644639
876	0.32253878557685695	0.38899487301755387	-0.492537924685581
877	0.30613705429197036	0.33258470987793043	-0.8554524862095242
878	0.25658175759139845	0.1528062246620853	-2.0120566600364653
879	0.26477878088171947	0.086398680596898	-2.439289332217322
880	0.26415399186119914	0.10661107588110504	-2.30925296707226
881	0.2885329205345276	0.2545867137506026	-1.3572522859057667
882	0.27549863589350393	0.4054838023276934	-0.38645646316282106
883	0.32345320786607723	0.48789652591905036	0.14374546821827838
884	0.3928876459726768	0.4278963119239597	-0.2422656712899496
885	0.44262137604815677	0.5398874467668402	0.47822885193053544
886	0.35570024191222144	0.4874239422790197	0.140705103238645
887	0.37377782122265	0.5121608940325029	0.2998501845395783
888	0.5024878478720463	0.5462339358431725	0.5190589643103346
889	0.33890585380327176	0.6005894849763732	0.8687551747475019
890	0.30062418912306443	0.638465541570885	1.112430635093725
891	0.4063998956260208	0.5436397161326134	0.5023690620594935
892	0.5337117470029866	0.6141455074475383	0.9559677917178634
893	0.4871836815031753	0.6417457708754598	1.133533977355318
894	0.4163137754882438	0.48159231248756185	0.10318733603243198
895	0.3641301624693058	0.48672651328592836	0.13621819656909062
896	0.39352245699810473	0.5223276098759904	0.3652577107214361
897	0.3640769573953979	0.5884855690165156	0.7908846792762898
898	0.3639720313612997	0.528506497709427	0.40500956116772907
899	0.462672857715168	0.6032746277258527	0.8860300300097456
900	0.5231448534477446	0.35698129713460036	-0.6984971385531038
901	0.3327849291218998	0.3708941478291248	-0.6089888686185893
902	0.22651873739450396	0.5843851323513262	0.7645045362031233
903	0.4023592922208364	0.4029044354348932	-0.4030508098693356
904	0.4699605504450812	0.3177559767665891	-0.9508530820514092
905	0.4086416519774255	0.5925305349125845	0.8169079513756395
906	0.2746991726846535	0.5262589978753343	0.3905502798712708
907	0.37158267788202126	0.6163677913656772	0.9702648465187315
908	0.6159566999733963	0.6030411491021261	0.8845279462071297
909	0.5579386435280943	0.6202402547438843	0.9951783243514593
910	0.3091063857077635	0.48836473234972405	0.14675767243882032
911	0.2638232763217133	0.27564817448102047	-1.2217534615695467
912	0.299288839673017	0.22233070136160052	-1.564771214076406
913	0.33007741979254956	0.24981011873749923	-1.3879824910368386
914	0.3585457260562614	0.1828588029431362	-1.8187135164873796
915	0.29556044890698296	0.20545763000036485	-1.6733240519660704
916	0.30961565841503	0.4379140465092258	-0.17781661544381644
917	0.41624618754269727	0.4942374445252783	0.18453974300068568
918	0.3709889948812413	0.47899553136970097	0.08648095497784197
919	0.33432396454167873	0.4895921000575003	0.15465393773402547
920	0.34259228853149687	0.5312128961612648	0.4224211649070535
921	0.3008743367047963	0.4072314682407148	-0.37521286142132904
922	0.379507443264625	0.4489770566860588	-0.10664278321215376
923	0.515499770081248	0.6171071272241462	0.9750213608410012
924	0.7410622194852107	0.6951501379384357	1.477110761704483
925	0.7488118516410198	0.6411616939128724	1.1297763205258384
926	0.5445978316108885	0.713567099417862	1.5955962105652848
927	0.6688472284946476	0.7496946370884339	1.8280225813276447
928	0.7748832269449127	0.5948052454851759	0.8315422928506429
929	0.5676490520653401	0.5576533506718493	0.5925257244604795
930	0.5693938884430094	0.526157070413258	0.3898945299470045
931	0.8078846421897368	0.551341879702996	0.5519209009366914
932	0.6690193439269604	0.4099864963458352	-0.3574883989998827
933	0.36698199878665916	0.3363736560710956	-0.8310763158565532
934	0.35384520681299764	0.5937576964802329	0.8248028904691475
935	0.4682196927290571	0.5659574572747764	0.6459501614575872
936	0.546204611752772	0.48355724394907107	0.11582871482109437
937	0.4361254260604018	0.4607528846047129	-0.03088304085682798
938	0.40448354987702456	0.4562071572395674	-0.06012795988756897
939	0.38875323279315266	0.36676034132348434	-0.6355836964283593
940	0.40252405831848376	0.40131592249351355	-0.41327050159702994
941	0.37584427338387166	0.42925810015910026	-0.23350461206341896
942	0.37196378941923314	0.45825497040451085	-0.046953361987560595
943	0.43844839703901883	0.3661402595399976	-0.6395729901307382
944	0.2647387384313695	0.41457672420286784	-0.3279571862305324
945	0.3359278586934141	0.5652696862463936	0.6415253892657995
946	0.388494556770514	0.4828910403193573	0.11154269640337061
947	0.45263680747155344	0.40146181388492475	-0.41233190990721225
948	0.40222548495002486	0.4131821856985087	-0.33692894418459285
949	0.3084857795158618	0.4655193088254357	-0.00021826947832329224
950	0.40671951574841003	0.43170284770994427	-0.2177763383611208
951	0.7012943918153155	0.4530006296942363	-0.08075714217246957
952	0.6523194416667447	0.7462899657704698	1.8061186418649318
953	0.4809802866284194	0.7248314382477431	1.6680652898903179
954	0.5356613010727839	0.7486889781885745	1.8215526787715794
955	0.7019780636951334	0.7892746507434365	2.082660442685421
956	0.5809737837661599	0.7421118643970441	1.7792388431983988
957	0.47234432825118455	0.6497008300683881	1.1847128192202636
958	0.40013246369821737	0.5041033513747588	0.24801201570893996
959	0.5187822498252004	0.5540462816701834	0.5693196602999121
960	0.6260578330029436	0.44843031010267803	-0.11016027519460421
961	0.34623850641349563	0.4174703777088186	-0.3093408778409418
962	0.29344998047798415	0.43591271501637646	-0.19069217369018665
963	0.2600849043503039	0.4166390227773207	-0.3146893965057179
964	0.29996761969619956	0.38870913554041175	-0.4943762156150243
965	0.27345378197458664	0.5711634910459524	0.6794431591408021
966	0.33740910104997496	0.6700659783457135	1.3157319201425974
967	0.40662783865560753	0.48000795606353913	0.0929943852427193
968	0.3829539140844468	0.4135048760605764	-0.3348529170160851
969	0.4502767939246955	0.42385959565776266	-0.26823586942813665
970	0.38912348452099976	0.565391787327175	0.6423109260862424
971	0.2143255772542306	0.527746484324674	0.4001200180618655
972	0.23252374664442743	0.44094616819155863	-0.15830947258894798
973	0.43212284560533204	0.3496642038623487	-0.7455716291897698
974	0.34256653073319904	0.4439247609223636	-0.1391467080320911
