ID	SN	ssim	z_ssim
494	0.32662558456597623	0.5085509271809444	-0.005104044391916554
495	0.34845742521939926	0.4284925773682696	-0.4910039352500046
496	0.3526602124547631	0.2487975631126124	-1.581630809509446
497	0.47565386850794084	0.3031864137710472	-1.251527370446974
498	0.48340375810734104	0.419260475329116	-0.5470365337698567
499	0.6287838897381852	0.45977563548712425	-0.3011369874397443
500	0.746312700350273	0.39563825751771864	-0.6904073762021692
501	0.43185948514127276	0.528085091121356	0.11345508340498563
502	0.23807873402036178	0.4288121657628303	-0.4890642504276231
503	0.35727092067910066	0.17079452847188484	-2.0550563311098
504	0.3590833171306563	0.549498204785891	0.24341816179561832
505	0.5744662407280071	0.6902212445361043	1.0975115801066415
506	0.9126918381492989	0.6834864143708838	1.0566357283074785
507	0.7607812556187116	0.7597205254289114	1.5193250833770295
508	0.5264770451254811	0.7721688972311327	1.5948782582078027
509	0.6421099873943903	0.7256676051165475	1.3126469504665608
510	0.8324880757485705	0.6593926870356883	0.9104031428254014
511	0.6905586555935611	0.6499008675698754	0.8527942356561334
512	0.6275613895711487	0.551797174740816	0.25737135034869113
513	0.6051103042205612	0.6765089686872826	1.0142873648442925
514	0.7861037569887415	0.7273714027465198	1.3229878466302327
515	0.8399678652922009	0.6444995336645941	0.8200118018287407
516	0.614477293888759	0.7232053080487181	1.2977024771003474
517	0.6686687651260095	0.764318918562755	1.5472342112454562
518	0.9465798925193422	0.6611074036556681	0.9208103098535785
519	0.6951188237091253	0.7192237936310367	1.2735373846955202
520	0.3600278273040105	0.731614400102908	1.3487399631453023
521	0.5033806261873864	0.29922889567331445	-1.275546821463098
522	0.5608120126283547	0.3558698403585866	-0.9317746989415882
523	0.5036134949337628	0.422734118730524	-0.5259538740151478
524	0.5089018712013442	0.4936378509237941	-0.09561630379600014
525	0.43094974772397054	0.37919668716453153	-0.7901965582030751
526	0.4778439583979415	0.2659834694620008	-1.4773240127917462
527	0.3921863183243215	0.2942393363622941	-1.3058300627530768
528	0.5155314368518892	0.302707104444869	-1.254436453007659
529	0.5473306101192024	0.4807357052864316	-0.17392357807405495
530	0.3734304113378951	0.6212145703961544	0.6786878657590739
531	0.5929277213622569	0.6667194650326405	0.95487171652684
532	0.6705567630788974	0.5819167022027073	0.4401764561330867
533	0.6981204895847973	0.5424237011092441	0.20048072213565635
534	0.8113911562241688	0.49189794466006903	-0.10617635487905984
535	0.46040464250303564	0.327363358250473	-1.104789713334097
536	0.28669222525234817	0.2837315313523769	-1.3696053131725965
537	0.47805811269181475	0.2207937619902227	-1.7515948912175912
538	0.750189878263782	0.24783595601385677	-1.5874671124738087
539	0.9756696134970889	0.5324978173150107	0.1402373388586691
540	0.8870006677712468	0.750917465786339	1.4658964812443138
541	0.6550061334392229	0.7173964330890197	1.2624465454513683
542	0.5420758377717096	0.6835055199400814	1.056751686155843
543	0.6543396707605809	0.613146869092802	0.6297223900535789
544	0.7452109795828841	0.6267335282475244	0.7121841971711725
545	0.6793407070831519	0.5620877654502248	0.319828257270539
546	0.700544203370122	0.566814755888464	0.3485178835668834
547	0.7443256655010316	0.7673674947424939	1.5657370012289336
548	0.7175029388846902	0.7952746662273394	1.7351146065677034
549	0.5548160175906958	0.8018107216664568	1.7747840305808218
550	0.6167270967589836	0.6532413150861214	0.8730684867162535
551	0.6238406698524928	0.7129349555705492	1.2353684025173328
552	0.7028585724724488	0.7457821024716513	1.4347283085307623
553	0.6110567190872526	0.7176064032367421	1.2637209218543355
554	0.5976761610898935	0.6900581402645866	1.096521647789595
555	0.7419307966922928	0.5786625341771	0.4204258630696992
556	0.6778072920604947	0.4557366762848174	-0.3256507307303968
557	0.6202104501067133	0.5377958684437079	0.17239291627461742
558	0.7542759954474292	0.6000694497408188	0.5503513231916923
559	0.642354416794507	0.5432139539860752	0.20527702117880411
560	0.48454093839191725	0.43923122338472464	-0.4258276364683247
561	0.2953327940478174	0.5743152651093246	0.3940408879795884
562	0.27733334190120495	0.5654807297319376	0.3404212494821854
563	0.36922019777714166	0.20253546897265018	-1.862410347759626
564	0.4859813443343706	0.3064751285455888	-1.2315671020458367
565	0.9320095495769319	0.5002107423895348	-0.05572331008205994
566	1.1051156385661465	0.7750258574052894	1.6122180689840282
567	0.6976701671442666	0.7731965690518234	1.6011155292317492
568	0.5032511042267687	0.6823205957056221	1.0495599996228824
569	0.8002052332941463	0.6571726833775904	0.8969292261421529
570	1.02667066804668	0.634460649871423	0.7590825851904707
571	0.9430887124154459	0.509595159290285	0.0012337363535812025
572	0.5427337789963025	0.39234912759953283	-0.7103701642436926
573	0.2992661087115559	0.3421479892518397	-1.0150570295259698
574	0.31567806356007944	0.31359979994877996	-1.1883251783075806
575	0.6515990935328773	0.4169129324811541	-0.5612845268433885
576	1.0304152646327691	0.6069800031705652	0.5922936960377433
577	1.0526871916797893	0.7639360215982978	1.5449102863372486
578	0.7722470266728447	0.8208359608318495	1.8902543301266383
579	0.7267201453470513	0.813352643409325	1.844835668271015
580	0.8882450329678275	0.739780688133583	1.3983037934279055
581	0.5554395542989617	0.5848021021570113	0.45768887708803746
582	0.5618603236260297	0.6214397571215069	0.6800545964689563
583	0.6367535012749631	0.6910771404651073	1.1027062879598697
584	0.5738215270805109	0.6596095111747933	0.9117191183079465
585	0.5809194273826336	0.6731821362926411	0.9940957483390579
586	0.5992911577634888	0.6864905167284555	1.0748685923508434
587	0.5470982191134572	0.6587351344753097	0.9064122447108511
588	0.7441399695736094	0.6893949178145679	1.0924963372900311
589	0.8652709513482503	0.6317665345666592	0.7427311323363102
590	0.750421198279655	0.46645199138191545	-0.2606160348070783
591	0.26584840611057786	0.3928670803214307	-0.7072265424774595
592	0.392729698273367	0.2932790706903936	-1.3116582241661332
593	0.5170691195045793	0.2350675399296111	-1.6649627390547026
594	0.4505221285252005	0.22977656463617996	-1.6970753709491464
595	0.2567155860396781	0.23316223663626048	-1.6765266379416626
596	0.24882013643944836	0.20907617117303148	-1.8227127210568912
597	0.25298470774099363	0.21935442049902848	-1.7603307179628993
598	0.49995677663328386	0.2505734308132594	-1.5708524968919384
599	0.6066900724324228	0.24462385223902364	-1.6069624040613602
600	0.662030607983296	0.46673614137016706	-0.2588914370780239
601	0.4748607942223827	0.4322033230416879	-0.4684822254978682
602	0.5598947572011638	0.5210803822890457	0.07094125111795781
603	0.9894145305500172	0.5694709029467435	0.36463889491349416
604	1.0253071419976987	0.5154182396927574	0.03657588540661154
605	0.4473295955991021	0.42035853937030027	-0.5403720297048209
606	0.5920236813773326	0.5009857401006366	-0.05101959954942031
607	0.8196526747326095	0.5070721140273861	-0.01407943735960609
608	0.5585566155327656	0.5383313026084637	0.17564263854375395
609	0.4804204483681465	0.5421132128461159	0.1985962689397098
610	0.48940194814952576	0.19870604281031914	-1.8856523675949035
611	0.3250938296347964	0.3213706647731943	-1.1411612987261142
612	0.6294686814494185	0.6237060463486386	0.6938094351671404
613	1.1578546617162584	0.6740704378179636	0.9994871361857125
614	1.1504686320095427	0.6796919644322382	1.0336059904304375
615	0.8509678786509702	0.7263508132333374	1.3167935604099124
616	0.6572546599675563	0.6835806111680659	1.057207438985716
617	0.5355445202435998	0.6200891988812126	0.6718576238472125
618	0.45443190121205795	0.5039545051392258	-0.03300120906786389
619	0.5647496012707581	0.5539504264086617	0.2704401277197499
620	0.8369917834706445	0.6894992234547506	1.093129401789852
621	0.5474969791564479	0.6512085893122108	0.8607312197853382
622	0.7793338729102327	0.7474785848329795	1.445024805974699
623	1.0320269849743575	0.7045866823423375	1.1847000455010683
624	0.8240561304015072	0.532316978018041	0.13913976696434435
625	0.34321947292241306	0.3389103992334203	-1.0347070053282958
626	0.2748066976836278	0.5370060140060133	0.1675990354868225
627	0.5163476738401637	0.5062837490922193	-0.018864277877181024
628	0.5448531191405774	0.44764429257748645	-0.3747660118893816
629	0.6145796031737848	0.5065682183848368	-0.017137742187165652
630	0.6723913215998004	0.6034531664669284	0.5708881890121646
631	0.8392892567337752	0.6704600566945224	0.977574571188545
632	0.738520021346317	0.6720891378203631	0.9874619888420081
633	0.7193097396985931	0.6646772051824317	0.9424765842184397
634	0.8285706228304249	0.6032008038143956	0.5693565188539704
635	0.5447756042851722	0.44964829893684205	-0.3626030523284085
636	0.4226266938819326	0.5577683725585668	0.2936124716649066
637	0.5346303760170632	0.6050105217755627	0.5803402795968856
638	0.9484407610343751	0.45936272332040695	-0.3036430842705104
639	0.9441665757714267	0.682632786877913	1.0514547883225989
640	0.7083902484303125	0.6434108872817306	0.8134044565630167
641	0.886247455988721	0.7001053381679065	1.1575013254381579
642	0.9607550818293278	0.7637726299198482	1.5439186096550346
643	0.7509042885177166	0.6961695451836112	1.1336137311274594
644	0.5853441442131377	0.5765704210502212	0.4077281551804933
645	0.4163958431471964	0.39688937960864373	-0.6828139135733104
646	0.3397028239847549	0.2285834666573915	-1.704316666567065
647	0.23655854328390738	0.24153228547152308	-1.6257261177579818
648	0.21405114008763526	0.25564182751619596	-1.5400907660975263
649	0.29331050567391	0.27179688150619435	-1.4420405441167583
650	0.32599220223825215	0.2861789618155145	-1.3547510700149008
651	0.62557860880298	0.3593525168467203	-0.9106372144763477
652	0.6627761232309937	0.45650457175735704	-0.3209901259693634
653	0.47840321331334634	0.43564482366233914	-0.44759465062435094
654	0.35627304016011485	0.3407231875144859	-1.0237046098257705
655	0.2895139216349591	0.282110972529599	-1.3794410062259677
656	0.24309461982165181	0.263858541247695	-1.490220886007699
657	0.24629860144929389	0.21728675920868007	-1.7728800197866639
658	0.2061637126029192	0.25690561015546914	-1.5324204625260933
659	0.26006172334449906	0.26284228834921436	-1.4963888519177055
660	0.5626461702533619	0.34482346211686216	-0.9988187236384511
661	0.8085372447530732	0.5168622461261274	0.045340025187341884
662	0.9696493197895677	0.693155936451174	1.1153231698355208
663	0.8675824890890502	0.7417554212261255	1.4102890841113307
664	0.6328877458708981	0.6751554325112008	1.0060723181718405
665	0.6704033093029971	0.5487049313386575	0.23860352993856335
666	0.48828029805294904	0.6111852678863594	0.6178168010132379
667	0.3306508559809641	0.5898848762611631	0.4885378689576235
668	0.4485677803793107	0.2599714609229184	-1.5138128275101772
669	nan	nan	nan
670	nan	nan	nan
671	nan	nan	nan
672	nan	nan	nan
673	nan	nan	nan
674	nan	nan	nan
675	nan	nan	nan
676	nan	nan	nan
677	nan	nan	nan
678	nan	nan	nan
679	nan	nan	nan
680	nan	nan	nan
681	nan	nan	nan
682	nan	nan	nan
683	0.6642903821245999	0.5161870549384566	0.04124207256696902
684	0.5705877514027555	0.607054631737922	0.5927466408313643
685	0.5054428357376253	0.6862523856980853	1.0734232984878354
686	0.6114412454681193	0.815997518883522	1.860888268746201
687	0.6051357300360856	0.6986318593267632	1.1485583081293012
688	0.5019086687425685	0.6197784209090875	0.6699714123141243
689	0.49749284943664274	0.5442996824020647	0.2118666563644561
690	0.6414502747431997	0.5175653383517492	0.04960731818666278
691	0.5798566730199917	0.6161496864457118	0.6479474549900862
692	0.5154913718087163	0.5649496764493254	0.33719811619671414
693	0.5180248285303332	0.5632959959736427	0.3271613971720464
694	0.5313500539445721	0.5345460736449501	0.15266886573245175
695	0.4830599978500759	0.6261509377783694	0.7086482681139319
696	0.5595640066971579	0.615536488691255	0.6442257604677516
697	0.9119309855877111	0.5861635903450074	0.46595218708005953
698	0.8625063173740577	0.4437781805362919	-0.39823069013040313
699	0.355269539075973	0.38517494245108297	-0.7539126028373446
700	0.28403851749305614	0.44057551339289164	-0.41766870776471876
701	0.5233749877576542	0.3331502597117246	-1.0696671459191054
702	0.7870466000220495	0.4556990900973397	-0.32587885339887435
703	0.6343939252879636	0.5365893574380417	0.165070212679752
704	0.6444582682412247	0.5585007934721387	0.29805776991049193
705	0.7081980494517243	0.45221806293724687	-0.34700632756141786
706	0.4939013928474447	0.7341679874702639	1.3642385067200586
707	0.47300763932857764	0.4261447722891224	-0.5052535198889961
708	0.7905513277499991	0.29040383529205327	-1.3291089531595968
709	0.7294560467172306	0.4609906521271616	-0.29376266041244087
710	0.5811985936941076	0.5488672117405622	0.23958846192577515
711	nan	nan	nan
712	nan	nan	nan
713	nan	nan	nan
714	nan	nan	nan
715	0.4729277408873071	0.46611898129158125	-0.2626371802207253
716	0.6696849601833073	0.5491337951087613	0.24120644218411919
717	0.5731836636002715	0.5000206677753029	-0.05687693408912841
718	0.6430585035198384	0.4983167144294387	-0.06721877534266352
719	0.8514660814397663	0.5953091571446806	0.5214595753811483
720	0.7130595376246853	0.44919104378514196	-0.36537828100630704
721	0.642720242571555	0.3076591503279871	-1.224380892784878
722	0.37579920121108856	0.13694842981908292	-2.260479196805251
723	0.3083569442996532	0.22580138332564198	-1.721202025688484
724	0.23959296024465465	0.28684657041043704	-1.350699138590286
725	0.26402308196880564	0.29024436349580485	-1.3300768388151638
726	0.3602610682080348	0.28952362099191475	-1.3344512570338307
727	0.6838886323157775	0.36205732472904234	-0.8942208649277051
728	0.6284988486770469	0.507068206145713	-0.014103155551185836
729	0.5804458618244239	0.576812041488787	0.4091946273848656
730	0.6191515322029746	0.5758973094795885	0.4036428244252253
731	0.7301848351466576	0.5816281407739557	0.4384250839518675
732	0.5723156210237286	0.5678641504449671	0.3548869968656839
733	0.5997923344711126	0.5391811999397302	0.18080093897674132
734	0.8296870044027598	0.5638863104522798	0.33074420572871627
735	0.9273434931700859	0.5882010509845569	0.4783181914343985
736	0.9761048398692901	0.594608780019523	0.5172087612003683
737	0.6620905577532892	0.6228436273384592	0.6885751366348748
738	0.43380941247985705	0.5629677166749105	0.3251689644551824
739	0.529774282971829	0.18085195502878437	-1.9940145724706901
740	0.4396169287703415	0.11541790672727863	-2.3911548707968344
741	0.4588337292701516	0.19125365847905795	-1.9308832865641954
742	0.4755036477473042	0.48348544772708707	-0.157234506229224
743	0.4545279202916652	0.5599835382420575	0.30705702512321803
744	0.5058771101348782	0.30293925179890024	-1.2530274760021285
745	0.8039051419254881	0.3625268443010343	-0.8913711995358946
746	1.0800076181816909	0.522065848249015	0.07692236118972236
747	0.8560954015354777	0.5402606540459778	0.18735249335725587
748	0.8233659167260463	0.4805278521446301	-0.1751851056867546
749	0.7406634986772914	0.594410486002878	0.5160052509947365
750	0.43495154434050476	0.6580872819182352	0.9024802190381858
751	0.49539580192010296	0.6229639589652807	0.6893054680053831
752	0.49556447839405593	0.3492515450550663	-0.9719432631597079
753	0.3459065040719642	0.7958795379793069	1.7387857679013035
754	0.3761894711074439	0.8028266183570854	1.7809498345507324
755	0.5218882914393995	0.32482128123987214	-1.1202183968492332
756	0.643558961221889	0.25251427178447433	-1.5590729084006334
757	0.5227125589290805	0.36104666935582125	-0.9003548576554133
758	0.4114314246171691	0.49369931357120894	-0.09524326720780407
759	0.6631473054417865	0.6641738397044751	0.9394214971304203
760	0.6694597070595387	0.5703838220744477	0.37017969491189107
761	0.7363741077512445	0.615567899300127	0.6444164015621335
762	0.6559210784643181	0.7328008114274416	1.3559406753065264
763	0.6845631732353209	0.7951818423737157	1.7345512287257876
764	0.8754588962089187	0.7575377739059085	1.5060772618908371
765	1.0108127017862822	0.6898671559901736	1.095362502762124
766	0.7249536649978029	0.5847683906299916	0.4574842709808936
767	0.4413640337680775	0.47840449385980327	-0.1880724504954361
768	0.4692706534058101	0.6724860851333523	0.9898711898373969
769	0.5445474523445496	0.6673421637085969	0.9586510751995166
770	0.6067340308038986	0.3481590530393036	-0.9785739488091686
771	0.4378263226889856	0.2545958603262369	-1.546439077605713
772	0.258484601330484	0.17202664834402676	-2.0475781990623787
773	0.27897237058175345	0.1806893748083211	-1.9950013241532272
774	0.27379905440648394	0.19268430109531393	-1.922200256090519
775	0.2690358020104522	0.21704850341948415	-1.7743260708511375
776	0.397937381222688	0.15344158934376997	-2.16037690351914
777	0.5626692453415855	0.24731120716053476	-1.5906519821489102
778	0.7057950508606927	0.32787026137461517	-1.1017131551328274
779	0.6736743878026252	0.42038060667343274	-0.5402380961400061
780	0.5193915479454714	0.5483729000055054	0.2365883249172563
781	0.5034959523881759	0.5027847518008156	-0.04010081855012688
782	0.4711016749991562	0.3393259781016909	-1.032184723427556
783	0.28673925119634874	0.3054744624880576	-1.2376404664016785
784	0.32543490850951967	0.3505811240114589	-0.9638736205639007
785	0.7693276203301344	0.3601068661805593	-0.906058825590755
786	0.7545384568512982	0.6681356233208612	0.9634668369520588
787	0.5492535295551012	0.6242209393848464	0.6969344867161962
788	0.4149259199483915	0.6219814741706926	0.6833424515857704
789	0.45374251567050294	0.5496187376407062	0.244149714483584
790	0.6302112119630803	0.4856899030576705	-0.14385495734970857
791	0.6080006243030738	0.5752256289634268	0.3995661792001095
792	0.4153417130629776	0.5772167372629381	0.41165085628479775
793	0.36551668199125004	0.6769355493977082	1.0168764204658853
794	0.5858547444269331	0.3995478462920983	-0.6666788236749684
795	0.735885168033062	0.43516961423236644	-0.4504788495954608
796	0.5647013685039575	0.6447571231315173	0.8215751952056595
797	0.6219208875265215	0.6133129604475143	0.6307304519398903
798	0.6896170942147792	0.5792938231282212	0.4242573588870304
799	0.500365189671641	0.3473324633377278	-0.9835907877362746
800	0.3415187752174782	0.18332968284271478	-1.9789764449401845
801	0.36329570034622605	0.44658872732233557	-0.38117257714424274
802	0.4410210364108589	0.4862877534651865	-0.14022641081532217
803	0.5586143392326837	0.4222634718299529	-0.5288103815269228
804	0.5190320494368614	0.5504233401569144	0.24903310610637508
805	0.44960856378033864	0.5444880851112051	0.21301013304144054
806	0.47562987127356876	0.5600520726228432	0.3074729823371965
807	0.4980780838994633	0.35676687045396105	-0.9263303345941
808	0.4702596619782885	0.5197125073895438	0.06263917811831804
809	0.6583568476896849	0.5568021856146712	0.2877483721464194
810	0.7295926046686987	0.6352122648861233	0.7636443786132014
811	0.6145929286337636	0.6274607331411113	0.7165978377127542
812	0.7729206340830317	0.6287984522097201	0.7247168852694014
813	0.7110115373449192	0.6165394809727597	0.6503132434255564
814	0.4553043384929872	0.5608894318201241	0.3125551847997732
815	0.5195288001286051	0.3731623371649667	-0.8268209704355121
816	0.555695288338082	0.30425698138918084	-1.2450297510228354
817	0.5299171817904764	0.28759956835688444	-1.3461289517097013
818	0.590909872526609	0.20496676493148142	-1.8476540301012676
819	0.3360824713891138	0.41424699275292887	-0.577464973055556
820	0.30521476405779246	0.4770270095198808	-0.19643284628167407
821	0.5326746860677413	0.26777117026641	-1.4664738812591596
822	0.6332080029945709	0.3713620995801197	-0.8377471917233923
823	0.37837872336685535	0.36211922066809826	-0.8938451985530896
824	0.6801736695579607	0.4176253493531183	-0.556960639564387
825	0.6789941882991865	0.4235675852060629	-0.5208952977336504
826	0.3485131554052985	0.4097968820221409	-0.6044741272968785
827	0.5146977314998132	0.4797324385699171	-0.1800127266662581
828	0.8046755508536839	0.5443790611928372	0.212348431792791
829	0.8439147010101277	0.6057503484483238	0.5848305257784475
830	1.058246042363549	0.6616915697768481	0.9243558020500637
831	0.9902429640845637	0.49181135402478193	-0.106701901312802
832	0.5538186041964968	0.6195513796455256	0.6685934258149879
833	0.6489527310304481	0.7248481347381952	1.307673321003369
834	0.7296206104945827	0.7627754789362363	1.5378665794140949
835	0.8013157243569387	0.7357623379762814	1.3739151330641706
836	0.8664696985956851	0.7113830781288482	1.2259495588700173
837	0.6793244584891887	0.6611736586954295	0.9212124330133014
838	0.6025003930834645	0.44982421426047925	-0.36153536561296173
839	0.4447017639452541	0.547047009985761	0.22854107166520796
840	0.495161265494494	0.5916758151551922	0.49940765349825417
841	0.6758765912101916	0.5306780279426377	0.12919245147977984
842	0.8048067711278329	0.41835726869063394	-0.5525183855453132
843	0.49677630166318354	0.47537709316435284	-0.20644671964968458
844	0.38415807070943186	0.533031111536933	0.14347407312603358
845	0.4342259063909658	0.545003740586028	0.2161398120758335
846	0.4318296712379117	0.556624208263298	0.286668170321003
847	0.6409141941694207	0.5699625482454206	0.3676228484614632
848	0.8897022736442947	0.5375910155835997	0.1711495983371201
849	0.8438378470072092	0.5197738598273038	0.0630115458086495
850	0.5002753369843307	0.47489125844258195	-0.2093954069363437
851	0.7227457749233582	0.5018581411765265	-0.04572471664774597
852	0.6871780932372894	0.4676088141017637	-0.25359490541043633
853	0.5507258120470064	0.5479643045619539	0.23410842766867007
854	0.43013310913478536	0.5181245639586721	0.05300143837530879
855	0.583346559499723	0.5124439455414684	0.01852393696060037
856	0.5748557279114263	0.5500168308680868	0.24656587040221317
857	0.47915933117347437	0.4472877700524902	-0.376929861836195
858	0.42759950355147297	0.3815674166881527	-0.7758078377326065
859	0.38656989588597634	0.34875819482659787	-0.9749375644752923
860	0.25485125056349767	0.3251571414498451	-1.118179953142221
861	0.2459363050900546	0.18887976928059735	-1.945291184118169
862	0.31503888921810713	0.11350721447452566	-2.4027514770127807
863	0.3528161075337918	0.1990390632827682	-1.88363115916886
864	0.33215701695629657	0.25220024456868684	-1.56097884063924
865	0.33040535119904774	0.3335428802067159	-1.0672842057746816
866	0.42478201837346075	0.35820282405997994	-0.9176150700142723
867	0.4165325718656844	0.32400482906138994	-1.1251737078860407
868	0.366197413288405	0.21641589602177744	-1.7781655687451225
869	0.276242936943823	0.29249771702808747	-1.3164005110122208
870	0.6446093564338955	0.39222760736839923	-0.7111077096363096
871	0.9277190409735635	0.5331754896238124	0.14435035020170583
872	0.8708594183928037	0.5924873216321486	0.5043329474807853
873	0.6064049161961463	0.5577521037740518	0.29351373117576685
874	0.7018130228761643	0.6032138260075723	0.5694355547354011
875	0.7371552451622064	0.5435674249368175	0.20742235013935703
876	0.44231421834792256	0.36844252439322467	-0.8554670331638371
877	0.4236440949060489	0.28369138515719006	-1.3698489733517694
878	0.32896797472497286	0.14541234330813702	-2.209108981828467
879	0.2715498848211163	0.09684780986434711	-2.5038627652267795
880	0.27949775992600545	0.10373415053217878	-2.462067347425384
881	0.2796104085190653	0.28635859073061765	-1.3536608443176712
882	0.31817873703516164	0.40848953650306524	-0.6124088280060367
883	0.4173106392825765	0.4750991651130298	-0.2081335544410618
884	0.5208481205041925	0.40101322950189416	-0.6577849413582438
885	0.6965010917635506	0.5346200344218524	0.15311775749088385
886	0.5000980171331346	0.5265645547799622	0.10422645898220191
887	0.5115704949788629	0.5313740604918927	0.13341689703115606
888	0.7911547296309379	0.5464288653459247	0.22478935290340826
889	0.5043600421527907	0.6033571821318324	0.57030562919103
890	0.4219943417206977	0.6562801513497216	0.8915121620140072
891	0.5489059811187812	0.5829894082687167	0.446687054485618
892	0.7946851788167187	0.605935417131523	0.5859537671789781
893	0.7384338057513641	0.6597376863485587	0.9124970546892115
894	0.6571216489389622	0.5424689787306295	0.200755526591918
895	0.5071912039889253	0.5306609775563226	0.1290889671977654
896	0.6057381985488793	0.5484483771529277	0.23704642001640064
897	0.5086418092933837	0.624068136929473	0.6960070794368498
898	0.4928687899279835	0.5514797936457858	0.2554450623375537
899	0.8265868649593496	0.6214330495255878	0.6800138859105616
900	0.9187833079074198	0.4110606998426894	-0.5968036101989629
901	0.5283219556247913	0.4185960380029684	-0.5510692177436405
902	0.3106410155599748	0.5950926076003091	0.520145266502416
903	0.6562245690433325	0.4315930765138676	-0.47218600807592825
904	0.7851240729151477	0.36961523744002656	-0.8483494602587973
905	0.6406972913158142	0.6568845676829574	0.8951805592647539
906	0.41610599649705793	0.6040444190612101	0.5744766912946032
907	0.5216028379256444	0.6631649507108159	0.9332982251287623
908	0.8925314606678362	0.600966842183941	0.5557978867442793
909	0.776847459005235	0.651561719252696	0.8628744790448903
910	0.3513770029479093	0.5221527895563675	0.07745003596508872
911	0.31966772266057475	0.2670980085686523	-1.4705595162520824
912	0.36885616711707425	0.19375141309590813	-1.915723609921377
913	0.388145165625686	0.19495622254484335	-1.9084112336219379
914	0.4608319231573806	0.17009601895202298	-2.0592958101929733
915	0.3268502583683775	0.15351618059945837	-2.1599241851820423
916	0.44664260434935216	0.3641369582706077	-0.8815988996581755
917	0.6685855342816781	0.4708688568940156	-0.23380865649755772
918	0.6087129396408031	0.5036969166637213	-0.03456459642754342
919	0.38272011377668336	0.5395155271284431	0.18283007828434097
920	0.34667307413456877	0.5484702160720576	0.23717896744520095
921	0.28462942797658	0.3616028973162749	-0.8969789311479469
922	0.3884165058660835	0.5010812561371688	-0.05043988198298523
923	0.6176387144247151	0.6636753451927705	0.9363959735042481
924	1.0087156220903652	0.7556426906367582	1.4945753916199445
925	0.9280128672197566	0.726456478628407	1.3174348776997635
926	0.542845366487862	0.8353483809066566	1.9783348782135677
927	0.7418687417998258	0.8636878439839799	2.150336200355085
928	1.02367668828331	0.71892391365033	1.2717173165797415
929	0.8338991952342873	0.6592309334604654	0.909421408318874
930	0.7457780131145384	0.633401969753027	0.7526571148280923
931	0.9603139629517692	0.61494960603318	0.640663780734565
932	0.787285837339203	0.5147050858874143	0.03224752544176028
933	0.4064795008692339	0.4177509329633319	-0.5561984322163824
934	0.344600783535771	0.6665789274403766	0.9540187486490079
935	0.44432020159403524	0.6685230685344229	0.9658183666478822
936	0.6642855699081176	0.532167296449594	0.13823130135217487
937	0.5636224173593604	0.5068229484564526	-0.015591703400630522
938	0.5074543125981141	0.5023624811686636	-0.042663714919529375
939	0.46415256173655955	0.4143615201513316	-0.576769869415344
940	0.5914072421942673	0.43821003101741574	-0.4320255816043604
941	0.5994053509969536	0.4735139241552119	-0.2177548920053486
942	0.5480742273196539	0.47872052947672794	-0.18615432862394765
943	0.6389204095852757	0.3693609112372003	-0.8498930478356684
944	0.28884582255817265	0.4562706276727905	-0.32241000791076946
945	0.38908498647610373	0.5896322746006206	0.48700474818289635
946	0.45061523325452896	0.5096093415769741	0.0013198132159009804
947	0.5733097087067964	0.41579198425066055	-0.5680879224183513
948	0.4380361329971365	0.4169338396230454	-0.5611576346705305
949	0.36132188259000114	0.4830363703567301	-0.15996010132022787
950	0.551664853037545	0.47073897247998975	-0.2345969668080624
951	1.0057242959047585	0.4953028134865755	-0.0855111101537223
952	1.0397400708376223	0.7747424703953851	1.6104981020161193
953	0.7415586033687641	0.7664499155678215	1.560167917905705
954	0.7851432319898322	0.792702170283953	1.719501300759513
955	0.9413642422138156	0.8153572085226756	1.857002019089812
956	0.7653960436726673	0.7903464383960701	1.7052036057671542
957	0.629976742601185	0.7395940608837824	1.3971710925850649
958	0.6491942287450595	0.5565016403176388	0.2859242660117358
959	0.7332581034363398	0.5919050253363445	0.5007988038562875
960	0.8069673304963508	0.5802433368351398	0.4300202631642178
961	0.4935944121519003	0.49359801584280183	-0.09585807572299777
962	0.3897478041542429	0.5440972449609132	0.2106379983819809
963	0.38042146338937044	0.5265844130908457	0.10434698546211914
964	0.4373663209756808	0.5218751989802634	0.0757652494194277
965	0.4146355821641285	0.6659357017263557	0.9501148047759308
966	0.522355406857517	0.7484476636898107	1.4509064574435213
967	0.5120432253708933	0.5971062570672176	0.5323667531866493
968	0.49610557655761617	0.5541280427653392	0.2715181385521762
969	0.5708267502976362	0.5482871559532022	0.23606791666810617
970	0.5472775602689317	0.7506702255483175	1.464395900668378
971	0.4506312228141259	0.6684612959030077	0.9654434486670236
972	0.4491294759774414	0.607134267673084	0.5932299769517584
973	0.755575656608056	0.5384552843880417	0.17639512386610046
974	0.6594368763161471	0.5777125755631658	0.41466025850864624
