ID	SN	ssim	z_ssim
2502	nan	nan	nan
2503	nan	nan	nan
2504	0.4106755163051802	0.16351057099501057	-0.5049993119822391
2505	0.5521193934313132	0.19755845223588542	-0.20689021767571475
2506	0.7671048832786397	0.19275000785014273	-0.24899095782797367
2507	0.7957613809876183	0.21998819744690024	-0.010504692741655107
2508	0.7658879492930667	0.27635318131599296	0.48300367486992496
2509	0.716294297373473	0.2608459952338794	0.3472291999333804
2510	0.5833339531735265	0.2622481295876392	0.3595057054621179
2511	0.6279342564396049	0.23458209535996466	0.11727341064419085
2512	0.7471188925712944	0.1447316961614221	-0.669419333572775
2513	0.7291202450573249	0.13740775471223507	-0.7335447203104978
2514	nan	nan	nan
2515	nan	nan	nan
2516	nan	nan	nan
2517	nan	nan	nan
2518	nan	nan	nan
2519	nan	nan	nan
2520	nan	nan	nan
2521	0.35816373369779625	0.6496502716148196	3.7514378164530817
2522	0.38622382469233746	0.6284923968226315	3.5661882601847172
2523	0.4119597070237537	0.5988418437808842	3.306580343603071
2524	0.5516385824844936	0.15099707471332863	-0.614562283514867
2525	0.6261779160631508	0.2712101066648369	0.43797305122082836
2526	0.6112643321240434	0.20850057497832458	-0.11108553962651621
2527	0.5925651202942802	0.2001432633942769	-0.18425868568903642
2528	nan	nan	nan
2529	nan	nan	nan
2530	nan	nan	nan
2531	nan	nan	nan
2532	nan	nan	nan
2533	nan	nan	nan
2534	nan	nan	nan
2535	nan	nan	nan
2536	nan	nan	nan
2537	nan	nan	nan
2538	nan	nan	nan
2539	nan	nan	nan
2540	nan	nan	nan
2541	nan	nan	nan
2542	nan	nan	nan
2543	nan	nan	nan
2544	nan	nan	nan
2545	nan	nan	nan
2546	nan	nan	nan
2547	nan	nan	nan
2548	0.4304838053826456	0.22808212748512496	0.060362393994387205
2549	0.37187671489688495	0.18895185236820464	-0.2822460283196033
2550	0.40636929050528836	0.24254829343297712	0.18702212939151652
2551	0.6230654627159372	0.21645041080893979	-0.041480081871772226
2552	0.735237382148897	0.26064995698891635	0.3455127705543558
2553	0.8113425257323934	0.22545374221628106	0.03734934521051717
2554	0.736248042552659	0.1706366852125748	-0.4426060182470447
2555	0.6188660288843041	0.1604773860712639	-0.5315566182676239
2556	0.5652512290783528	0.10431917524952009	-1.0232545670329887
2557	0.5417286046788801	0.1173682499911639	-0.9090022931470139
2558	0.6194023761838934	0.18410541992102133	-0.32467937614604925
2559	0.7698594119978504	0.336622184029545	1.0106940085675533
2560	0.8993701054848836	0.2385236717396566	0.15178421489592006
2561	0.9723390889565279	0.2635720242829376	0.3710971770659018
2562	0.9504633823403075	0.22508774592545255	0.03414483383412498
2563	0.8412790909098422	0.23814145582689963	0.14843769125248307
2564	0.840748853447377	0.24415440872334887	0.20108460720554802
2565	0.8567538190296651	0.23998686593481205	0.16459533501310086
2566	0.6933726191789138	0.17597103325515848	-0.3959006842957113
2567	0.5249502546864478	0.15651237127181997	-0.566272639579258
2568	0.43011829143713526	0.16176989905470032	-0.5202399118874018
2569	0.3528165840377919	0.07548060308729615	-1.2757531165771843
2570	0.3699911428151831	0.12869614711134786	-0.8098199350142128
2571	0.42321173784851535	0.17699903480942045	-0.3868999300308958
2572	0.5807592741501987	0.11400324751505235	-0.9384648559830397
2573	0.6297199732684442	0.19326143302144294	-0.24451313162953073
2574	0.6682508618412668	0.19344335323778344	-0.24292031384020504
2575	0.6501140977939205	0.23105704253984344	0.08640951352957568
2576	0.5955083108461818	0.3091762658794211	0.7703889586215376
2577	0.5718939313141044	0.25104171559549027	0.26138700309737584
2578	0.73553481906245	0.10579704644638491	-1.0103149411901282
2579	0.6878605289069938	0.10189328489442885	-1.0444946545299751
2580	0.664823817466762	0.13040717602802848	-0.7948388771012292
2581	0.643784712620269	0.31250097009351135	0.7994986866274516
2582	0.6504987355716616	0.31280259889755024	0.8021396230473321
2583	0.5852411173030224	0.2580132422547178	0.32242679243443184
2584	0.5766724047548535	0.32180878004896263	0.8809940013040582
2585	0.4468295389618007	0.14828411831212124	-0.6383158019771582
2586	0.3255861993422023	0.09916376309793375	-1.0683932127071054
2587	0.2817391157271079	0.07447109464975915	-1.2845919527996175
2588	0.2960855955042189	0.11340465731910208	-0.9437058629024739
