ID	SN	ssim	z_ssim
245	0.3793900445544976	0.2517167534442435	0.6765321014221597
246	0.5406253208357372	0.22534981824892628	0.30925109775143556
247	0.7063058624474938	0.1942167245708581	-0.12442061300114178
248	0.7555409405051234	0.2938695822820747	1.2637043748939927
249	0.9300406352542347	0.2759213095637418	1.013692017776509
250	0.9598583674672776	0.18380799673421272	-0.2694100847944912
251	0.8518907514664831	0.06277922930410695	-1.9552930607823307
252	0.5933907397661559	0.09492584092016144	-1.5075034450573161
253	0.4841149338075139	0.14669575604602555	-0.7863689542063473
254	0.4798593320989258	0.1834504166378127	-0.2743910344469862
255	0.5997021377167174	0.2117402822290751	0.11967563090872285
256	0.6792386957588354	0.17977371176214427	-0.3256060826478243
257	0.7740635253219019	0.05995557697237612	-1.9946254236350092
258	0.726163902986074	0.2029550302819927	-0.0026994623177991938
259	0.7085704520579312	0.1951413918105018	-0.11154036319880237
260	0.7620456158559058	0.06551896971981155	-1.9171295578107777
261	0.7788386808868597	0.1487700333776525	-0.757475089424267
262	0.7157660443798498	0.24860917522412848	0.6332447629729102
263	0.6861284667418605	0.25070742609656	0.6624725697191598
264	0.826954498483898	0.21282441600686325	0.1347771866667119
265	0.8600285164472946	0.2017794519224379	-0.01907480501851426
266	0.8959886769129242	0.07493159301597702	-1.7860154292334043
267	0.7405724418026751	0.04263481455436286	-2.2358968098657415
268	0.5082737341989921	0.10384609930459245	-1.3832477654280102
269	0.5501564797106689	0.10196832305495077	-1.4094044476714562
270	0.5367504654970624	0.1187882405638266	-1.1751096334066624
271	0.7740106146962824	0.18816839489500187	-0.20867145889674013
272	0.8450256422199678	0.25120891074776813	0.6694580530397204
273	0.8923947443218309	0.2579347192130055	0.7631459111586323
274	0.8855489858156421	0.2375984517619084	0.47986972964468333
275	0.7301145335601802	0.2726977659662077	0.968789327376264
276	0.8389749633377231	0.3972308184624278	2.7034856116495267
277	0.9154532307627958	0.3420025726624901	1.9341779390620406
278	1.19658647746896	0.2864197844535268	1.159931630608604
279	1.3054235401026029	0.27036594450969575	0.9363079745537053
280	1.2775551374129308	0.12086567185077138	-1.1461718352714603
281	1.0647055413373139	0.1146610034405858	-1.2326004180497014
282	0.8686253313166337	0.16854443388583282	-0.4820254927293421
283	1.052631863290802	0.35113609501727183	2.06140430165078
284	0.9143749482799578	0.3266022424789079	1.7196574161121005
285	0.8449949527187492	0.34249520892722574	1.9410401678503462
286	0.840538087624993	0.2388429558858434	0.4972051810471798
287	0.6924146361152984	0.17004784701467557	-0.461083541046191
288	0.6156106444582454	0.18347118928679748	-0.274101679642891
289	0.5918884885773252	0.1704229502382539	-0.45585850114620124
290	0.6693456586176203	0.19076748188247988	-0.17246720268276872
291	0.859417633012433	0.2659354809063714	0.8745933646871565
292	0.9252972709751828	0.2796880095611406	1.0661606625136815
293	1.1544552875241216	0.194801859765538	-0.11626991061600961
294	1.504545989850037	0.19990279987027124	-0.04521582763470782
295	1.633795051539118	0.1171104410204073	-1.1984807190372277
296	1.4014829320310043	0.17403169743332222	-0.4055900766220647
297	1.1405470731917424	0.09223339195525994	-1.545008196778967
298	0.8698373468435947	0.2568613856477436	0.7481947980996948
299	1.0623543650327851	0.327389260143305	1.7306202616436392
300	1.1190520110323239	0.30409837796325373	1.4061874627575155
301	1.175655451006941	0.33343953209393207	1.8148981626604324
302	1.105258459211476	0.26272509015672635	0.829873888268287
303	0.9755053239125783	0.28064274359545305	1.079459730902303
304	0.9344330143560717	0.22071492871109155	0.2446889152774859
305	0.6776745518682918	0.20578063478454955	0.0366600935042182
306	0.6491902926688471	0.16905878405793126	-0.47486079777912743
307	0.7987785978109878	0.1551801777666671	-0.6681843073355821
308	0.7722405625891772	0.20629086412038072	0.04376738683118784
309	0.7970616659842926	0.2003810228669797	-0.03855436998297813
310	0.9005114506760102	0.19143753446533118	-0.1631336345862577
311	0.9239744639895691	0.1493131923750969	-0.7499090989040793
312	0.8084154108002275	0.1675343499873937	-0.4960955628858556
313	0.706917358990439	0.14941069260905965	-0.74855095911564
314	0.7005608717855432	0.14336978311669407	-0.8326984447829949
315	0.6661702144445933	0.17998881356793117	-0.3226097993659194
316	0.6920326484636515	0.1567801379305414	-0.6458974935489992
317	0.840405839672533	0.12278993408063252	-1.1193676216655277
318	0.9785618131631327	0.18399766161440811	-0.26676812784942977
319	1.0581621801170447	0.21176143034817785	0.11997021586341212
320	0.9217492477179711	0.2786488528501913	1.0516856195501594
321	1.01104647289898	0.3158000366992169	1.5691869518266943
322	1.1048046609872104	0.2939092243743652	1.2642565735980207
323	1.025255136175972	0.11576526963144104	-1.217218425721333
324	1.1215295461975592	0.25536162941497376	0.7273037855359383
325	1.1466192467033278	0.2846741227450817	1.1356152517956
326	1.1073559584744515	0.2781465598211491	1.0446888758453319
327	1.0630524710795068	0.32553148017556643	1.7047421197171722
328	0.8710220801939378	0.21073419624784348	0.10566125016145198
329	nan	nan	nan
330	nan	nan	nan
331	nan	nan	nan
332	nan	nan	nan
333	nan	nan	nan
334	nan	nan	nan
335	nan	nan	nan
336	nan	nan	nan
337	nan	nan	nan
338	nan	nan	nan
339	nan	nan	nan
340	nan	nan	nan
341	0.5264721687754291	0.23886075229351883	0.4974530779841711
342	0.5734160252872365	0.17101624400759863	-0.4475941530351164
343	0.6394584412971148	0.17891525843403686	-0.33756399878848214
344	0.7001846812784754	0.24555159353354955	0.5906538564529707
345	0.8349539914272122	0.190174018782406	-0.18073390950409796
346	0.9348785771765864	0.24396650124710473	0.5685741463325631
347	0.8662761215762024	0.20981075404876573	0.09279806469083222
348	0.7330530584842182	0.18981759244996724	-0.18569878767985326
349	0.6309489912327372	0.19537352071067987	-0.10830689921040815
350	0.7102115008421693	0.20301822874310413	-0.0018191326907298438
351	0.7794896124921897	0.23873114670580664	0.4956477232858093
352	nan	nan	nan
353	nan	nan	nan
354	nan	nan	nan
355	nan	nan	nan
356	0.8011483122606603	0.18969830343058544	-0.18736043665198043
357	0.9945634219572463	0.20942839434005175	0.08747194481609398
358	1.0346700294003321	0.21156281556957093	0.11720359036483913
359	0.9548615221983467	0.1875917295177457	-0.2167041800670952
360	0.947368670609437	0.24728536779203483	0.6148046477784651
361	0.9324350219232778	0.2176378684081024	0.20182667937234688
362	0.7360613036639343	0.14261942669023836	-0.8431506137354327
363	0.638786282767208	0.1972404393808834	-0.08230145876446118
364	0.7489189531541547	0.17462952734607606	-0.3972625418231167
365	0.8695675031229827	0.17881284184941637	-0.33899062140173986
366	0.9701745259387148	0.11626322400596834	-1.2102821177619956
367	0.8517551932994336	0.08061120507623688	-1.7069006742381756
368	1.0064047651241244	0.058905104806942526	-2.00925808641476
369	0.9315397978235401	0.1686805472662734	-0.48012948704605307
370	0.8508637925039495	0.2355971270595936	0.45199206620400617
371	0.5858517233417907	0.2160265547051114	0.17938171526563376
372	nan	nan	nan
373	nan	nan	nan
374	nan	nan	nan
375	nan	nan	nan
376	0.5872686254011169	0.1908906679218305	-0.170751269760123
377	0.588687760393802	0.1955731298820778	-0.10552642221261366
378	0.6867629079475797	0.13920510798522884	-0.8907107261086878
379	0.6625753694467259	0.22575544327816705	0.3149012943613159
380	0.7564086738382807	0.25606593350723167	0.7371144636438675
381	0.8622504148900438	0.23207711829280853	0.40295973297233895
382	nan	nan	nan
383	nan	nan	nan
384	nan	nan	nan
385	nan	nan	nan
386	1.1274968387880335	0.20693311303246872	0.05271366076445881
387	1.06355312714186	0.22414020001710588	0.292401593061171
388	0.8562360166341892	0.2149223232420455	0.16400020668166815
389	0.7963372813586369	0.22157665055638776	0.256692360572925
390	0.7521693221365371	0.18385886822145994	-0.26870146504949705
391	0.6176235327485994	0.18112961645673437	-0.30671886525141856
392	0.6248010713383106	0.19261116802009987	-0.14678538224885154
393	0.5812282336654607	0.1649530396988914	-0.532052196697246
394	0.6509139078736402	0.17570078120159868	-0.3823403983002564
395	0.6567373991329188	0.21852254597526577	0.21414988881575783
396	0.6921991289401703	0.2715110633389881	0.9522590280162797
397	0.7133319592029227	0.2067769052497846	0.050537747986564345
398	0.6629141423536697	0.1480601339256565	-0.7673637086855867
399	0.7146073405346485	0.2790170902233541	1.0568150208629183
400	0.7256379845222363	0.27422964853965703	0.9901278471895976
401	0.6707793458463039	0.18772913093403149	-0.21479023255270271
402	0.6185052462227741	0.18495068014130606	-0.25349295580220466
403	0.6240639556092958	0.28302866373315716	1.1126946570081553
404	0.6509181586874678	0.23630075074531526	0.46179326651735325
405	0.8037125898650337	0.18818671906489845	-0.20841621044024736
406	0.7893190795507992	0.2645151050123047	0.8548080889204386
407	0.6602844706398977	0.2619639837663421	0.8192719765599376
408	0.5974631141986765	0.29646267405436755	1.299825120125966
409	0.6570967682848411	0.2602240006461488	0.7950346982406806
410	0.6174248371983204	0.20162637232837827	-0.021207143363158695
411	0.6579796724739407	0.29703898583368404	1.3078529158165406
412	0.5939996447447657	0.19800421263287693	-0.07166239872615768
413	0.6351788583947358	0.23667336909884537	0.46698369315802624
414	0.5542524914656013	0.22331191069246636	0.2808638495870118
415	0.5706140516073543	0.13954948747646778	-0.8859136556775246
416	0.5399934603841299	0.11626944125438102	-1.2101955139447462
417	0.5826411193879686	0.12285661218376157	-1.1184388219981154
418	0.6114398075000147	0.14783651528694872	-0.7704786280895932
419	0.6000507142559421	0.2244744230966344	0.2970571886846227
420	0.6238772792323183	0.2219094412493995	0.26132800361737496
421	0.6112624432245035	0.2805726632611038	1.0784835394964114
422	0.6872002064735986	0.2661300448690428	0.8773035639180776
423	0.7534785594033201	0.13831690517863596	-0.9030830407463983
424	0.7205865426142128	0.03012665712241616	-2.4101305075498285
425	0.7226290635945081	0.056676800387873656	-2.040297487750448
426	0.8428741784718793	0.11317306402337539	-1.2533268270352755
427	1.0563085008898938	0.08975096119336025	-1.5795874777996723
428	0.9732923936099087	0.09615261985449383	-1.490414898552157
429	0.7710521982915958	0.12083054684785294	-1.1466611127028439
430	0.6362751323070561	0.10712575094959419	-1.3375635120650895
431	0.543207685313646	0.13814014361646926	-0.9055452595625814
432	0.6156341725843341	0.16603433798143546	-0.5169901382692061
433	0.6505899348644378	0.09381804589118292	-1.5229345927083686
434	0.7484393514974619	0.10671082381893214	-1.3433432832774388
435	0.8468881838453645	0.23331351152285035	0.4201822028232186
436	0.8805288980788001	0.3018409785086995	1.374742779057543
437	0.8450260459188601	0.3139580137876996	1.5435282994761284
438	0.8856239015962973	0.32605703735357316	1.7120629238377416
439	0.7798098527795867	0.24574702341962554	0.5933761176552508
440	0.6648362198867712	0.19293277822294708	-0.1423054790209084
441	0.7012377007833169	0.2256925969580217	0.31402586991896025
442	0.7231407531157639	0.29111230324308474	1.225296565820288
443	0.72772275411442	0.17270973457784378	-0.4240044975920746
444	0.625173659558696	0.10236714755594614	-1.4038489797367502
445	0.7132655394856058	0.1034107890791443	-1.389311465108173
446	0.7065821005730618	0.1534446381829598	-0.6923596889448748
447	0.7625198362548795	0.3509538334212233	2.0588654695327713
448	0.867515343779909	0.3292563613922144	1.7566282453389195
449	0.789653559688435	0.33770957093313664	1.8743781188615825
450	0.8079969291691779	0.23607659970786854	0.45867093100898193
451	0.7030830335021047	0.2672376517952767	0.8927320913721172
452	0.6301454504753787	0.43327995156890986	3.2056358119185258
453	0.7921836311268079	0.394724606724014	2.668575071009238
454	0.9007049223147766	0.18035389705117535	-0.3175243304952961
455	0.8782518835886163	0.15177164981187755	-0.715663756843129
456	0.8820165539438226	0.16628928716580169	-0.5134387967262691
457	0.7237311431285073	0.2022109187299082	-0.013064642634285365
458	0.7090972121924363	0.20810149952535056	0.06898882360011416
459	0.6246591113331733	0.19252683283691846	-0.14796013807444033
460	0.5973117722007198	0.2354126606356066	0.4494225217027731
461	0.487785316883785	0.20718046924222558	0.0561592351670469
462	0.564975159309534	0.20235268712886426	-0.011089864774376306
463	0.653627114551896	0.24521187532330307	0.5859217158268313
464	0.7909932938894935	0.17810874470083748	-0.3487984168658739
465	0.8575033967969898	0.23046824386703088	0.3805487470347424
466	0.7595514699748565	0.20076003829364866	-0.03327483463757376
467	0.6800352292754678	0.18223786704340234	-0.29128137186150155
468	0.6943834234367049	0.17235308779158515	-0.4289724466025562
469	0.670044135175986	0.21605063191867957	0.1797171013504937
470	0.7258921785020658	0.1462674021272123	-0.792335755279836
471	0.6293839638965406	0.26585606086911867	0.8734870749049851
472	0.5295100835364426	0.31061718363355345	1.4969918536200266
473	0.5651566400109163	0.26011359483600494	0.7934967888681903
474	0.5129392967605673	0.21368256403726568	0.14673085013080073
475	0.5122687448370993	0.16100411304304724	-0.5870591868854008
476	0.4335793240962767	0.14409110327598404	-0.8226507395753379
477	0.3832599189200704	0.12539186522953655	-1.0831237474051125
478	0.42137328139380764	0.10107908338787285	-1.4217912053666093
479	0.4661659328294646	0.1133200227187121	-1.2512797503947188
480	0.5146962760002664	0.13139268851836283	-0.999534646736249
481	0.48808987804130016	0.11284482806198548	-1.2578990244653934
482	0.40255089050503773	0.09177991710784837	-1.5513249224758667
483	nan	nan	nan
