ID	SN	ssim	z_ssim
494	0.3513019775830267	0.603110294535705	-0.1890287184241453
495	0.39044296072241236	0.5772368773192479	-0.3449902957300332
496	0.43657250039668155	0.3211957135349415	-1.888372966250881
497	0.49204482535337435	0.3748871522688779	-1.5647279910737744
498	0.5500791566514301	0.6128964378131858	-0.1300391258037114
499	0.828181051137878	0.625011259620178	-0.05701256336740264
500	1.1438046508985968	0.5440711981077468	-0.5449086752379679
501	0.7086663358301483	0.6375896832397601	0.018808530202095386
502	0.44479843849044143	0.5367356069283162	-0.5891266601003408
503	0.43851798971115286	0.2881910972629503	-2.0873204794104967
504	0.4442573734935466	0.6935722521739396	0.3562641387738423
505	0.6893943836339663	0.7564714044757681	0.7354120078831758
506	1.1949199636814187	0.7565249596738802	0.7357348316176914
507	1.328970189207617	0.8175918752296569	1.1038382170965328
508	1.0567553129791825	0.8368994230675135	1.2202215919522388
509	1.0636322753019285	0.8037080316609037	1.0201482226927912
510	0.8779031328479667	0.7477313797931073	0.6827282814238372
511	0.7509575526188873	0.7402755354348702	0.637785426116799
512	0.6245172655746277	0.6827941706505788	0.29129527205431216
513	0.6365886155082354	0.7827650760756925	0.8939068236850433
514	0.7655252183156744	0.8171997210819844	1.101474363149202
515	0.7907156101461242	0.7719080451632421	0.828462060366825
516	0.6156343233833645	0.7987402131617773	0.9902028620776384
517	0.7727402872457876	0.8370005603144707	1.220831234058183
518	0.8235029803270973	0.8114683689581219	1.0669265216385537
519	0.7634733243547861	0.8376620090564904	1.224818360623234
520	0.636862725400622	0.8207361203701702	1.1227913158483633
521	0.622211123606974	0.42522784966735905	-1.2612808467224026
522	0.6461866627483346	0.5054134913996521	-0.7779322786832823
523	0.6250212863972027	0.5356469516102652	-0.5956889320694909
524	0.8276579486225468	0.5972185960652733	-0.224543106754526
525	0.7726184342746507	0.5067103515477194	-0.7701149752113207
526	0.8355221076897515	0.3733649436691717	-1.5739036655590048
527	0.5905782714607357	0.4288583604135612	-1.2393966024547567
528	0.5848766868202137	0.45887558518612065	-1.0584566947994198
529	0.5427955134982857	0.6329032298644819	-0.009440798221132187
530	0.4326567682949417	0.7738398886895718	0.8401069606501517
531	0.5904057404248614	0.7956600347805576	0.971635949377256
532	0.6913454883072662	0.6995900689672283	0.39253875187064635
533	0.7665481324341005	0.7061447546871593	0.4320495406880812
534	1.283447084080043	0.6491269620345399	0.08835373884609025
535	0.7055218328908994	0.46898868214012696	-0.9974962681499796
536	0.41237581500371073	0.37377524121499955	-1.5714304455789498
537	0.5062170359955964	0.2901731189496232	-2.075373111734944
538	1.423413619804831	0.3146553551181675	-1.9277973919574745
539	1.7472843487751515	0.6048311552582968	-0.17865559490614097
540	1.3260432687590031	0.8352575700453377	1.210324716525977
541	0.8763064475082664	0.8303580010250796	1.180790754849184
542	0.5902862049046199	0.7858099163346851	0.9122607228033596
543	0.7636693174785129	0.7415282069157629	0.6453363660785238
544	0.7964746094854914	0.77006080704569	0.8173271504296201
545	0.6657036596402949	0.7264787590075209	0.5546202610616999
546	0.6095474679756543	0.6654065295385687	0.1864848440087689
547	0.523518522656631	0.843394586649003	1.259373589098736
548	0.6901846821010956	0.868338556244673	1.4097325776260166
549	0.6875301774749335	0.8589678090859971	1.3532469385171564
550	0.7427702265781224	0.73766971035528	0.6220778531203089
551	0.6931038111630835	0.7945158960911024	0.9647392308969998
552	0.72811926305017	0.8316483890234213	1.1885690450485145
553	0.6431152373092215	0.8171337261052688	1.1010765540551533
554	0.6903901815241232	0.8055197459127506	1.031068999410521
555	0.73805030219048	0.7082313054663711	0.444626996071428
556	0.7920975841625486	0.6112503611310747	-0.1399614609000281
557	0.689662347548659	0.6715509400543499	0.22352254751886363
558	0.9543672763623774	0.7719252149497184	0.8285655575956007
559	1.012258997267167	0.7445101020849939	0.6633108404227269
560	0.6627235402567497	0.5727382880022392	-0.37210720416398446
561	0.4321388518754871	0.726182064287351	0.5528318240667367
562	0.39054562786331737	0.6973437004026835	0.3789979357656157
563	0.4293057886298795	0.23914555587861844	-2.3829605925864334
564	0.6565220720531456	0.4371043127499604	-1.1896910795230586
565	1.6926103742479088	0.6204073187797798	-0.08476451701482333
566	1.5319916237161704	0.8659318332458688	1.3952251659497141
567	0.9721522055238584	0.8754915033842863	1.4528496080880824
568	0.6616801406916308	0.8246713233923599	1.146512205332155
569	0.8803722760068999	0.7934255943927742	0.9581670347627217
570	1.3157742001729138	0.7665449180447346	0.7961338310611737
571	1.390508773659313	0.673458447072314	0.2350207505105619
572	0.811520580552494	0.5835895665677223	-0.3066971152414492
573	0.42952112237472323	0.5008305732129018	-0.8055575105221899
574	0.4227130058755432	0.4386269567332777	-1.180512780602326
575	0.8414022116894894	0.6117339751324804	-0.1370462989082648
576	1.3949827539222355	0.7150975740498355	0.48601596566612965
577	1.5066626135839594	0.8311330818969004	1.1854628410408719
578	0.8336841860093399	0.8822079588803897	1.4933355239728543
579	0.789161773975294	0.8844682888060504	1.5069604973379311
580	0.8364987277755022	0.8359615516486198	1.2145682256196413
581	0.6816550160194271	0.7242330883811414	0.541083652036709
582	0.6870492298035181	0.7720035737309247	0.8290378940871607
583	0.941666088770068	0.7906465842737032	0.9414155249836557
584	0.9445070521643302	0.774625472757152	0.844842358733102
585	0.8789376933906985	0.7843962355945647	0.9037392400710403
586	0.890873600925224	0.7982101516160539	0.9870077203594567
587	0.6341099937549806	0.783531228515338	0.8985250904545314
588	0.9027648768098518	0.8067606140585438	1.0385487904109714
589	1.230015560260763	0.7433376743053256	0.6562435990040711
590	1.0239890349863068	0.6082784502513348	-0.15787575125213316
591	0.3591514373141817	0.5925412260423103	-0.2527376819171985
592	0.4596000484401749	0.43768535986024426	-1.186188603485558
593	0.7024243788032761	0.35193413791217776	-1.7030857616398782
594	0.6053835206919805	0.3498440494312697	-1.7156845418266697
595	0.35986241559042825	0.3299572988520269	-1.8355592751052217
596	0.43122311261486307	0.23509565589167042	-2.4073728603828086
597	0.40941216453066676	0.2757641560418229	-2.162228456880972
598	0.6103665821194486	0.3484814226192125	-1.7238982781534105
599	0.6851186997164143	0.34202772237859336	-1.7628003397004308
600	0.7232391567316975	0.5904474712220358	-0.26535856231849764
601	0.5563327904449153	0.6249112347157072	-0.057615500418223095
602	0.6701999893039572	0.6884501777074352	0.32538894334870455
603	1.206622799392273	0.7340908189647061	0.6005047635817019
604	1.430073304943689	0.6484387175094035	0.08420509080264058
605	0.6488094987867856	0.5487291640173415	-0.5168310655345476
606	0.8982235177991967	0.6550365971129543	0.1239762467050624
607	1.2084386208074607	0.6634598693826824	0.1747506310190197
608	0.8620505010261124	0.7081343040937689	0.44404228447553323
609	0.65520184989583	0.7112937740553764	0.46308715645902454
610	0.6297878308064329	0.3818572146638586	-1.5227133659491814
611	0.47684590110863995	0.45631980545750545	-1.0738626009611967
612	1.0518062529760137	0.7665334880421664	0.7960649324996024
613	1.8649775599495106	0.7284973214386394	0.5667878915688681
614	1.563514515975738	0.8028681701422972	1.0150856472291578
615	0.8173566472495178	0.8439448646568841	1.2626905930084977
616	0.5663582799196366	0.8230373501312893	1.1366628280759443
617	0.5594491745633419	0.7895689631004308	0.9349197653970603
618	0.5733390959547813	0.7237599326096076	0.5382315308877151
619	0.7430278689659822	0.7442982635134463	0.6620339052008972
620	1.0657511879354347	0.8175014881255735	1.1032933754467802
621	0.7710685712805982	0.7677662713972806	0.8034959894385276
622	1.0057510144746862	0.8439248699901993	1.2625700677710396
623	1.6190880770341505	0.8051094592879413	1.0285958452609387
624	1.0235535950234986	0.7033023573213132	0.4149159408702151
625	0.49807953731052557	0.47715844892264225	-0.9482499817795854
626	0.4326236536464052	0.6525127905675194	0.10876307071257792
627	0.666641307974857	0.6651614641603552	0.18500762193912518
628	0.766502250556664	0.5773152661545721	-0.3445177780761782
629	0.888732984766665	0.6367258565564328	0.013601495857789825
630	0.819245210918141	0.75424704675526	0.722003870269165
631	0.8969482450084533	0.8080797081969222	1.0465001174705293
632	0.6561386038718855	0.8064699540534274	1.0367967298896088
633	0.6233605069309314	0.7992759177023464	0.993432019031206
634	0.8308726264985867	0.6953627878743042	0.36705725395128935
635	0.5182091916124958	0.5276081096753682	-0.6441460205704173
636	0.4680043277049921	0.7034453467794379	0.4157778626349623
637	0.5880271587196552	0.7298801557369377	0.5751234359815363
638	1.3703539178311492	0.5747839811094094	-0.35977603348757653
639	1.2606374098312043	0.8010345627881676	1.0040329017523129
640	0.7578827722187426	0.7655682717469746	0.7902467348266758
641	0.8784482622156097	0.8172173117804666	1.1015803975805358
642	1.0879647354046873	0.837601638442805	1.224454454454423
643	0.8790571040139666	0.7999720930061369	0.9976284727718241
644	0.6685045447957125	0.726755059723734	0.5562857656663229
645	0.5611797178104776	0.5765114093951954	-0.34936332155702315
646	0.4102824917437598	0.31782540716198526	-1.908688732565506
647	0.3907682580680137	0.3106417528525258	-1.9519908618339548
648	0.4132180759879263	0.38525716044653024	-1.5022189371466845
649	0.45215078281864396	0.3685434087807577	-1.602967247688161
650	0.4674694256280391	0.3682631364526731	-1.6046566926500525
651	0.8136872706500151	0.45979603375781836	-1.0529083511125403
652	0.8127312632875262	0.5643270784328194	-0.4228088760970873
653	0.6190221330030198	0.5746954633765221	-0.3603096068120876
654	0.5490092928032009	0.5053057709019141	-0.7785816037644976
655	0.5065469680934904	0.39838611529716406	-1.4230793132712487
656	0.5342895831161454	0.4003158793292317	-1.4114469479075424
657	0.48434794377944046	0.2828092331743137	-2.1197616527231498
658	0.38244228469026226	0.30495980961414043	-1.9862408730407255
659	0.4377988193271054	0.297207066042098	-2.0329733980036337
660	0.9142907262757217	0.4765539029568072	-0.9518941058470306
661	1.1170593134809501	0.682606543612964	0.29016428079456397
662	1.4603663938932163	0.7793770251355198	0.8734840954384655
663	1.1710433250321395	0.8385243124325813	1.2300162126706162
664	0.93581233689752	0.7832179894954672	0.8966369265833237
665	1.1397253044029807	0.6290439385697132	-0.032704101733749075
666	0.9174525328190968	0.5437996393037468	-0.5465455962155424
667	0.5182719842730712	0.5684531001105075	-0.3979377566980917
668	0.7734854975998687	0.25795957556078897	-2.269552140948705
669	nan	nan	nan
670	nan	nan	nan
671	nan	nan	nan
672	nan	nan	nan
673	nan	nan	nan
674	nan	nan	nan
675	nan	nan	nan
676	nan	nan	nan
677	nan	nan	nan
678	nan	nan	nan
679	nan	nan	nan
680	nan	nan	nan
681	nan	nan	nan
682	nan	nan	nan
683	1.1553501303658338	0.5791589429051792	-0.33340433559344385
684	0.7279034448095754	0.6802690866199483	0.2760743955480367
685	0.575012591483111	0.6687904130088006	0.20688245129123492
686	0.5689519601531777	0.8520038551779063	1.3112691345531515
687	0.5458088218729447	0.7958730347484203	0.972919885344278
688	0.50107783675388	0.7091482689537807	0.4501543321257215
689	0.48213225177411445	0.6858559745633683	0.30975142586055393
690	0.6193045260218607	0.663698781089328	0.17619075956074115
691	0.5399173937764657	0.7220871752551471	0.5281483681856604
692	0.5743302233267162	0.6962785057511787	0.3725770816280798
693	0.6410698034468932	0.6898362893507299	0.3337442431686602
694	0.9806677490605139	0.6358441584540995	0.008286734935523888
695	1.091742789848718	0.704931948995358	0.42473890649251106
696	1.0686820237991017	0.7003098735591462	0.3968776398717307
697	1.4176985235513302	0.7023915131101552	0.40942549101337233
698	1.288279447871683	0.5749883858508682	-0.3585439084219151
699	0.49049133009037194	0.5316794941576406	-0.6196042470442658
700	0.3998906201563171	0.603825985900512	-0.18471462441848363
701	0.6155782887555341	0.4612508042533904	-1.0441391847048205
702	0.9642684090977958	0.5621470115251656	-0.43595003448005476
703	0.6524572380913163	0.6300301998765757	-0.026759047481069716
704	0.6092870255847374	0.6676020838064919	0.19971935817523048
705	0.7551845861035972	0.6435781869871119	0.054906448089228774
706	0.520275409171103	0.6048891518217607	-0.17830599920177437
707	0.49939756939362967	0.5614254379254846	-0.4402995858287242
708	1.0683751755849535	0.42918372626233053	-1.237435339643934
709	0.9908723738929842	0.5314145475527831	-0.6212013105496282
710	0.799083663721568	0.6499124697003879	0.09308867638938428
711	nan	nan	nan
712	nan	nan	nan
713	nan	nan	nan
714	nan	nan	nan
715	0.557803419163607	0.6639354650843339	0.17761745974786197
716	0.8486206339312762	0.6655210733473945	0.18717529911740968
717	0.875300242266472	0.6254417502309627	-0.054417622231036133
718	0.9442791769766916	0.6503550713301796	0.09575662116540577
719	1.468896846082079	0.6994295055870784	0.3915708968008561
720	1.0804162890652171	0.5852147930105784	-0.29690046266222
721	0.9225312069848275	0.4306669830040364	-1.2284944618676927
722	0.45824157719582714	0.12291010830598337	-3.0836126784946414
723	0.3903514836004201	0.3105007781449361	-1.9528406389458064
724	0.35751732529336266	0.3801353387674594	-1.5330926088022123
725	0.3293524216083483	0.34909441338772207	-1.720203249919185
726	0.4551451328052993	0.3519469420214488	-1.7030085801426988
727	0.8541222996404947	0.3872713991459292	-1.490077369529207
728	0.8234077673350907	0.6119241428901165	-0.13589999252030183
729	0.7146895634058689	0.7118466322878043	0.46641971362511686
730	0.7946938057983951	0.7348304078783637	0.604962908888408
731	0.8769456048055124	0.6911359306538374	0.3415783110797048
732	0.5843925526105858	0.6864894243861874	0.31356977860014346
733	0.5859848567719075	0.6938006953867343	0.3576411646028705
734	0.7041412131759311	0.7066097276957592	0.4348523372116028
735	0.9387059209511293	0.71256763055678	0.4707657969554909
736	1.2478317769315508	0.7354104048676555	0.6084590549338201
737	0.9474597585909603	0.7290028872190432	0.5698353760153174
738	0.6886814949553306	0.6709282829132086	0.2197692516538164
739	0.5167143950488777	0.3358989805322541	-1.7997435945190365
740	0.4114214955265223	0.13882044364577936	-2.9877072565590392
741	0.5855335797694781	0.1544769736249467	-2.8933317401647565
742	0.5892871307502099	0.628904840412065	-0.03354256724781973
743	0.5884264082936768	0.7008693196645027	0.40024990787479686
744	0.566115235713759	0.4663942705021399	-1.0131350424122307
745	1.1192076270650768	0.5461225278036701	-0.5325435279412628
746	1.685843954565326	0.6284489244722073	-0.03629076894472824
747	0.9981613817218169	0.6631233981420221	0.1727224263573615
748	0.921479424137532	0.6164419926358734	-0.10866698473920867
749	0.8439940889017269	0.6840353634551234	0.2987770200552823
750	0.5156979519847569	0.7297794136008453	0.5745161755522439
751	0.6276795238331027	0.6667430251618028	0.1945410649446501
752	0.6724533820604077	0.318258027928075	-1.9060809511313737
753	0.605061465656703	0.877805274078435	1.4667967154208565
754	0.5477343990335516	0.894617485132343	1.5681385262852976
755	0.7444684085351869	0.2710460582680071	-2.190668533602638
756	0.7017750454106247	0.30327165707283077	-1.9964168359169447
757	0.5606359785663502	0.517950065763741	-0.7023634469561678
758	0.5796984495244198	0.6565637413668697	0.13318167266877232
759	0.8195909696754953	0.7756603818212874	0.8510806553083241
760	0.8034449788763591	0.689076559554748	0.32916469125573167
761	0.8741509560228431	0.7364764028103516	0.6148847512056667
762	0.6293929235974611	0.881753569004271	1.4905965211887064
763	0.887981725842692	0.8847865572918792	1.5088789781725782
764	1.2692058874363608	0.8404271363052876	1.2414861862747917
765	1.5002967553818594	0.7904277540653833	0.9400964450891752
766	1.0161920479369484	0.7387538803816731	0.6286130883375763
767	0.5154392919415922	0.6194962009048031	-0.09025661648139795
768	0.533758748817356	0.8109027249555034	1.0635168935208623
769	0.5698028445859091	0.8070081075383736	1.040040648759803
770	0.782974869754123	0.5709183286449941	-0.3830776812994134
771	0.6581893896631548	0.40127746806022646	-1.4056506167174698
772	0.35179083939015526	0.272983849273584	-2.1789877826917494
773	0.39180852565446017	0.20945516973191355	-2.56193035972317
774	0.3818563415233942	0.23895789713190985	-2.3840917749844546
775	0.42835188031490423	0.29730124223853227	-2.032405716200427
776	0.5637840823090302	0.29748072490056904	-2.0313238181721873
777	0.783992757582028	0.39528604974826104	-1.4417661032191582
778	0.8527329509451147	0.4504537605425154	-1.109222353012314
779	0.7638408175928225	0.5790006259066726	-0.33435864976829227
780	0.5422544016920092	0.6629554468982195	0.17171003821107192
781	0.44017792611473106	0.6598146722343383	0.15277785903878574
782	0.4967098818572444	0.5111299674601089	-0.7434741081385308
783	0.4781993415518698	0.3974794960572664	-1.4285442955535415
784	0.5637411665072174	0.468663181155634	-0.999458345541282
785	1.1919867942588998	0.49438198200224703	-0.8444287755043391
786	1.0692322985831033	0.7871272472180433	0.9202014211921142
787	0.7486867065407913	0.7703598611428419	0.8191298094406585
788	0.5704391971938617	0.779839938843403	0.8762744787664187
789	0.5072628429310526	0.7600101134011312	0.7567428827733705
790	0.8548116353565193	0.6951050527993452	0.36550366060560313
791	0.7252317248356869	0.6950758739489897	0.3653277743093578
792	0.43725134447797886	0.6832600833718121	0.2941037330427666
793	0.4664920200672589	0.7987643876013486	0.9903485824397568
794	0.8473889333405278	0.5306953344911389	-0.6255366328835359
795	0.9540850307143941	0.5880393061919542	-0.2798746663708649
796	0.7896470621549183	0.7654685643330204	0.7896457115671928
797	0.7909774195129379	0.7523838800285777	0.710772944758004
798	0.9212591546149674	0.7406727932308127	0.6401800441888501
799	0.7358139477930764	0.5208984376189597	-0.6845910467673088
800	0.6161798870880913	0.2780139739690462	-2.14866684846855
801	0.705801462225113	0.6523408952848908	0.10772690841573415
802	0.6823017066530863	0.6779549491213199	0.2621250771658006
803	0.7283146100661341	0.6569193683655259	0.13532534573595814
804	0.5952461737945665	0.7302160319697443	0.5771480540136206
805	0.48796250522222784	0.7171105022389174	0.49814963369870024
806	0.5079135238490726	0.7249677005374532	0.5455117981006
807	0.618944867250373	0.5516880800200427	-0.49899510660279206
808	0.4957874288277859	0.6945102070913083	0.36191800842433397
809	0.7172319395078369	0.7030187212603531	0.41320621976619254
810	0.7342917369803174	0.7896114918641441	0.9351761232261834
811	0.7216890745067285	0.7766072013525824	0.8567879596929522
812	1.0075501771687967	0.7763633160406013	0.8553178509083218
813	0.7707466582118883	0.7664566767541806	0.7956019240949169
814	0.4292315866257392	0.6829268692566277	0.2920951619077683
815	0.554111720310787	0.5702934035810161	-0.3868446479069014
816	0.7155286714867358	0.5424544641132267	-0.5546541364485971
817	0.6103365718430693	0.4510175433897243	-1.1058239436961772
818	0.6732488422953362	0.38392269343911684	-1.51026292985154
819	0.41237007930803693	0.6133822419208435	-0.12711076213771014
820	0.38233452288063746	0.6762687573412072	0.2519609335018034
821	0.697189207116827	0.3570188808471165	-1.6724355958077588
822	0.8128896489482562	0.49804370915489815	-0.8223563628186263
823	0.5348267564017763	0.4651191826857311	-1.020821105114615
824	0.878392303818477	0.556628145843147	-0.46921703549140426
825	0.8910081358248241	0.5770302422010976	-0.3462358652148795
826	0.4464103822150011	0.5608242102388745	-0.443923707742703
827	0.5376210705089173	0.6550692533821977	0.12417309442786303
828	0.720120411478082	0.7177390098787977	0.5019381956054818
829	0.6798193371201918	0.7295856089818128	0.573347946639124
830	0.9018290074666513	0.8156342186063226	1.0920377188382533
831	0.8205485971735138	0.6882451061516816	0.32415279881362663
832	0.6928201210785815	0.7732280153854784	0.8364186683453735
833	0.7351380603160587	0.8303055211745568	1.180474413169388
834	0.8334873722814545	0.8540990713641545	1.3238988238775384
835	0.8497156539322995	0.8588128726314908	1.352313001819702
836	1.1822801684565365	0.8428867061350918	1.2563121517412408
837	0.7947964805977793	0.8012990411566332	1.0056271427899033
838	0.7648692113255854	0.5711408510975414	-0.3817363450393088
839	0.9005572522316453	0.7328160835749934	0.5928208252613795
840	0.8677239926198691	0.7560894963402779	0.7331099155581188
841	1.03253268425097	0.6738352387311528	0.2372920013830919
842	0.9952716234661514	0.5995613881761991	-0.21042106211454034
843	0.5492491126200477	0.6338366146361284	-0.003814476811732418
844	0.5380620383159695	0.6831818384352404	0.2936320827917838
845	0.631438724026048	0.7115674585464026	0.4647368908001633
846	0.6479042293510915	0.7238824462768518	0.5389700272612359
847	0.7261977476935522	0.7406231382298337	0.6398807303328945
848	0.8806697283503057	0.7061839890709385	0.43228604042553886
849	0.9003189626582742	0.6705111348440854	0.2172547376147054
850	0.5156891597019193	0.6074869172243158	-0.1626470088850468
851	0.7795251420466386	0.6766203261463233	0.25408014430873843
852	0.7671845260205526	0.6134908126333143	-0.12645631207320898
853	0.5663838713097914	0.7288888655049873	0.5691480680257118
854	0.41667623887960903	0.716605511331618	0.49510561451218754
855	0.5717981754102268	0.6707616056267276	0.21876454275575444
856	0.6415306499035112	0.7239794927035993	0.5395550104376292
857	0.6108272293598285	0.5926339134735337	-0.2521789741961003
858	0.5687734452155025	0.5269531687458747	-0.6480939188921363
859	0.6668786947019055	0.45465985315295687	-1.083868576496012
860	0.517512550151157	0.44426031674178607	-1.1465556227553892
861	0.4735175860191335	0.2756405847615963	-2.1629733284073196
862	0.48581966048959985	0.18746431343785674	-2.6944883672424362
863	0.46678239235982383	0.27497731983511214	-2.166971402694946
864	0.4758249995598865	0.37680413322366424	-1.5531726804291621
865	0.5970465408612214	0.4733742308118449	-0.9710607539513443
866	0.7725582215837172	0.5191780816933746	-0.6949611274349337
867	0.6485152458113319	0.5423041147199278	-0.5555604229406254
868	0.45870753076248394	0.43483145644334675	-1.2033915602753125
869	0.47406653699153284	0.46179297749566556	-1.0408710352628325
870	0.9576270979513443	0.575549821108244	-0.35515965007046013
871	1.5029570354627497	0.7021206494109229	0.40779276003648707
872	1.3249966123030164	0.7603168988391292	0.7585921452965371
873	0.6975527038539876	0.7070279606313599	0.4373733906840469
874	0.7595083826578188	0.7412519955262669	0.6436713999236761
875	1.2213409661853296	0.6882230406334369	0.32401979075362736
876	0.5749184358607567	0.5360487680480743	-0.5932668351000854
877	0.45799070065476827	0.4741913773216634	-0.9661351015918161
878	0.3975807061391248	0.1916054037317284	-2.6695264161945658
879	0.41168787114641225	0.10108738422045524	-3.215157207035901
880	0.43676867554682763	0.17857861053623458	-2.7480502229654222
881	0.47040230236436953	0.4066938497713033	-1.3730013756882256
882	0.538473434464491	0.5672026974002085	-0.4054750208072083
883	0.6925076018565889	0.6567906717621022	0.13454957943126183
884	0.7347332366323412	0.5869216857424508	-0.2866115363666454
885	0.9342518563514374	0.7116233807230008	0.46507398237162717
886	0.6332410412797086	0.6801197169316392	0.2751740145896388
887	0.7912709385564625	0.710820382192007	0.4602336121793034
888	1.1045699636999895	0.712710215829008	0.4716252823404799
889	0.6886735208986157	0.7567319277807325	0.736982408314911
890	0.5481154526042016	0.7928028847929488	0.9544134226835833
891	0.6780812525787715	0.7220163924671763	0.5277216987911356
892	1.135348154342977	0.7567194223680127	0.7369070273215029
893	0.9906344690570685	0.7950133095120107	0.9677375739859299
894	0.6361886299024182	0.6699381886476352	0.21380109282699847
895	0.5326555397993069	0.6703779603478836	0.21645197915760644
896	0.6231355007857464	0.6925670544953212	0.3502049385472164
897	0.5544103092954513	0.7732100874721248	0.8363106012268701
898	0.6548060663396064	0.7465439501653157	0.6755706108254468
899	1.351750972777109	0.7801350180229925	0.8780531774939154
900	1.6973324478805742	0.5601252497466167	-0.4481369502353758
901	0.8658387947885728	0.5851513485162874	-0.2972828977815639
902	0.4595462825364627	0.7590852909277717	0.7511681737789456
903	0.6040092135341734	0.5952319814234251	-0.23651816016357205
904	0.7520125871632632	0.5258214969000414	-0.6549154888684656
905	0.6586759185714829	0.7898229729487427	0.9364509035634081
906	0.5216319314219647	0.7371622032027002	0.6190186663361213
907	0.5669854362351598	0.7862367593961062	0.9148336769888994
908	1.2289826432971176	0.7391178294915429	0.6308069260034516
909	0.977942093243503	0.7680344642563233	0.8051126209398303
910	0.4279736235930504	0.6661515640491837	0.19097581466219044
911	0.3847852425780778	0.421774411747076	-1.2820977191389586
912	0.4564520728989166	0.36710335879312306	-1.6116476807980158
913	0.5146236084930268	0.37614419763292917	-1.5571506859160396
914	0.695232310618035	0.3100777113021395	-1.9553908305790324
915	0.5031107184921376	0.3375447458541851	-1.7898231362611907
916	0.6082481757244624	0.6307164167633497	-0.022622621776654934
917	0.8278662773619014	0.693644001469645	0.3566966341506681
918	0.7912323441414466	0.7007202385706895	0.3993512665263011
919	0.5339325904143295	0.7035013721871456	0.41611557647006153
920	0.5226901897392454	0.726852838068003	0.5568751607458743
921	0.5602008780627333	0.5403195623755955	-0.5675230450897896
922	0.8721529528634184	0.6169457020469659	-0.10563069024433883
923	1.103970798889084	0.7830838493725926	0.8958283474548496
924	1.426674640801778	0.8189070467782693	1.1117658992976667
925	1.191610869342605	0.8079246304161503	1.0455653288768174
926	0.7590993895543735	0.8638930892983707	1.3829358838995494
927	0.8924544231422353	0.8878168527804376	1.5271452033157298
928	1.094101784511329	0.7884384642286042	0.9281052659547349
929	0.8978581063500978	0.7468752843233254	0.6775678498243077
930	1.0520319840126373	0.7261715376069161	0.5527683706129203
931	1.5521667126931122	0.7098570604830906	0.4544268348248205
932	1.2151784515017863	0.6164004098588525	-0.1089176402841909
933	0.59698656824133	0.5611381501139123	-0.44203131920815075
934	0.5532992853927992	0.7848389639992455	0.9064079490295234
935	0.5853855237637735	0.7643114412841427	0.7826707250654036
936	0.7561901475295096	0.6830051966910955	0.29256730944528603
937	0.6554941998080852	0.638315703290983	0.023184884179505233
938	0.5996557545550593	0.6424194395804024	0.04792167017073357
939	0.5686462793354118	0.6098386410862907	-0.1484711248171237
940	0.6632840131014349	0.6557575247250101	0.12832190412475902
941	0.5128674472834472	0.6500337683440927	0.0938198487598137
942	0.5726433854957507	0.6610310418245328	0.16010997594806575
943	0.8130078308823115	0.5699133554533784	-0.3891355283477279
944	0.4007751225740905	0.6264923992194245	-0.04808444744919465
945	0.6113403358936255	0.7383191910395238	0.6259928377973214
946	0.6634395901336938	0.6725888477907486	0.22977891969856004
947	0.7815791729785218	0.5796569187723105	-0.3304026021521934
948	0.7159146429536701	0.584064630240674	-0.30383349351207256
949	0.5024154834467557	0.645118463508413	0.06419103364434219
950	0.8419510907078762	0.6296477913746582	-0.02906415594955222
951	1.639291680669705	0.6102979577868761	-0.14570242377902998
952	1.7911577919370223	0.8407261763505289	1.2432887605827494
953	0.955670061530956	0.856012960999786	1.3354355004543228
954	0.9625506822672848	0.8709325480522209	1.425368821205252
955	1.1893115293325773	0.8854892073540261	1.5131144609103135
956	0.8900166060210909	0.8689788086305666	1.413591935326719
957	0.7873318295259307	0.8248317636850978	1.147479318447113
958	0.7791267593008407	0.6766522315900191	0.2542724661532714
959	0.8272799133769737	0.7453512868996279	0.6683813925418586
960	1.0392663061361909	0.6733913641472762	0.23461638340622254
961	0.492097020200698	0.6298894347336369	-0.027607561364595787
962	0.4956470214397868	0.6484572339672733	0.08431670559056467
963	0.4631334760326635	0.6725898478051303	0.2297849476545506
964	0.4938035424082613	0.6105690988193604	-0.14406802107354985
965	0.47923219425498387	0.7842482827046443	0.9028473993881531
966	0.5621953065524482	0.8214948745198442	1.127364986692865
967	0.6626814047466578	0.7019169398093218	0.40656482518303244
968	0.5238519288192074	0.6315579222635614	-0.017550136606774427
969	0.6062683168409557	0.6329123575538711	-0.009385777702489837
970	0.5542086579350765	0.782391334313389	0.8916539571902051
971	0.3992274104832282	0.7125719461431932	0.47079181074633947
972	0.4135421000122503	0.6579203890907525	0.14135936783346897
973	0.7824852009437585	0.6106908791381828	-0.143333945228467
974	0.4910847383177686	0.6610505402063989	0.1602275096455016
