ID	SN	ssim	z_ssim
5057	0.249240881328317	0.375690760513563	-1.0959977484710328
5058	0.3171075179650695	0.3669722840510211	-1.1673139546064686
5059	0.3102728336946471	0.2934655965018822	-1.768590806601215
5060	0.605597903683829	0.494625339333558	-0.12312559859484959
5061	0.6336446633106532	0.5523079296145876	0.3487118281140422
5062	0.44308796677699697	0.4948215316725989	-0.1215207662192221
5063	0.39286158680395805	0.5272419932209496	0.14367514601634915
5064	1.0335272944894283	0.5851556303987109	0.6174025116595334
5065	1.53781966871674	0.46557052010876243	-0.36079091614956743
5066	1.197207314723122	0.4634542603745585	-0.3781016947115145
5067	0.3437332024142538	0.5417031528755762	0.2619658872161167
5068	0.2955471769547627	0.417756802424885	-0.7519020192299312
5069	0.3392522013695995	0.37781318267431485	-1.0786365619182086
5070	0.33195814569772736	0.4670272591739759	-0.3488749462084135
5071	0.9674041690886617	0.5420658857878689	0.2649330036906876
5072	1.1267582037623112	0.5049414068946062	-0.038741267932069785
5073	0.7067151118375026	0.5188411019133017	0.07495675252275315
5074	0.3565106287673265	0.6366082562193001	1.0382794945814755
5075	0.38379125780536855	0.6847565624326308	1.432127496091234
5076	0.5781483732767874	0.7201386155229075	1.7215489107755872
5077	0.6316823536337047	0.7439967322820525	1.916705757285261
5078	0.5937686807823859	0.6915028196861694	1.4873111597741167
5079	0.9565269864874304	0.6509828555093551	1.1558621812456285
5080	0.9277389483333246	0.5672146768990478	0.4706474285271293
5081	0.3200954613606888	0.60508936831073	0.7804583584110933
5082	0.3863383899441761	0.6911227640094083	1.4842023449366517
5083	0.5527448295077698	0.6277654552438349	0.9659463272109636
5084	0.5638275299216331	0.6218503195287162	0.9175611489299987
5085	0.5540185066399275	0.6211404382783081	0.9117543961328454
5086	nan	nan	nan
5087	0.6490688581612223	0.5186591227999695	0.07346818281513275
5088	0.7769256132059249	0.5465459751123335	0.3015796557911321
5089	0.48290611490919605	0.5879805410790012	0.640509979260707
5090	nan	nan	nan
5091	nan	nan	nan
5092	nan	nan	nan
5093	nan	nan	nan
5094	0.4825235292513679	0.37816740590620074	-1.0757390537203404
5095	0.36258804305601133	0.5672190018996788	0.4706828065702839
5096	0.3849787717387905	0.5181836539395794	0.06957889832784367
5097	0.6010407367448812	0.3474428462630105	-1.327062669531929
5098	0.4428145559543871	0.6009739379912552	0.7467945780177333
5099	0.3709065492493258	0.7396306640912867	1.8809917858784675
5100	0.3476217968151917	0.7031876151474573	1.5828915384501243
5101	0.5518043718490997	0.5254162547120954	0.12874080004360283
5102	0.43192398170380136	0.5558175444454829	0.3774201025254568
5103	0.33489615178185017	0.594718946342101	0.6956294145005679
5104	0.4338560091524923	0.5960104125907304	0.7061934704568951
5105	0.5362037726936282	0.44027345073454144	-0.5677182413382602
5106	0.7069487154748433	0.48353064088791226	-0.21387904671845548
5107	0.37299870516098466	0.6064068114756445	0.7912349027677168
5108	0.44029229444269574	0.6678158741022033	1.2935544751924994
5109	0.49127699586962437	0.5180717943299712	0.06866389867035476
5110	0.48581939097681426	0.3934356710099416	-0.950846276163721
5111	0.7483082884487733	0.50513324996506	-0.037172012108885315
5112	0.6487775963650053	0.40520890477254623	-0.8545424816301295
5113	nan	nan	nan
5114	nan	nan	nan
5115	0.3288142459588681	0.43050791489100704	-0.6475992813608699
5116	0.7761744121069195	0.7069583859755482	1.6137360410213009
5117	0.9073554374309046	0.7129463601701994	1.6627170302840641
5118	nan	nan	nan
5119	nan	nan	nan
5120	nan	nan	nan
5121	nan	nan	nan
5122	nan	nan	nan
5123	nan	nan	nan
5124	nan	nan	nan
5125	nan	nan	nan
5126	nan	nan	nan
5127	nan	nan	nan
5128	nan	nan	nan
5129	nan	nan	nan
5130	nan	nan	nan
5131	nan	nan	nan
5132	nan	nan	nan
5133	nan	nan	nan
5134	nan	nan	nan
5135	nan	nan	nan
5136	nan	nan	nan
5137	nan	nan	nan
5138	nan	nan	nan
5139	nan	nan	nan
5140	nan	nan	nan
5141	nan	nan	nan
5142	nan	nan	nan
5143	nan	nan	nan
5144	nan	nan	nan
5145	nan	nan	nan
5146	nan	nan	nan
5147	nan	nan	nan
5148	nan	nan	nan
5149	nan	nan	nan
5150	0.29103431275446356	0.7451124052203763	1.9258318427419423
5151	0.4029853966999559	0.7515977957543064	1.978881644524824
5152	0.42358368926314677	0.5494753042615186	0.3255412553136383
5153	0.4146287200792239	0.5350236785424927	0.2073285006886476
5154	0.5696425924788943	0.5475106191230086	0.3094703407529128
5155	0.5532566205525058	0.6103162691975145	0.8232138493151469
5156	0.5721809115103738	0.6131501703109278	0.846394857698887
5157	0.6884375211502933	0.6192079441168606	0.8959468003257754
5158	0.592995370639356	0.42130687794297517	-0.7228627807193682
5159	0.3587043850329583	0.38720986474369695	-1.001772706366337
5160	0.42064562671359096	0.4796893738132878	-0.24530020105570213
5161	0.42649476806874614	0.48735994287817935	-0.18255576549311356
5162	0.48600407810137564	0.3376114554622325	-1.4074823960700098
5163	0.532144225252733	0.42280636054763576	-0.7105971731915023
5164	0.34995070609311696	0.5573726090676538	0.3901403650191554
5165	0.3648722518273852	0.4732462315849091	-0.2980044162122366
5166	0.5877466159813868	0.27682668568377056	-1.9046953196857894
5167	1.170915947379359	0.45722568742725583	-0.42905075606964205
5168	1.5178854102587893	0.5670587354724637	0.46937184431570084
5169	0.9881136683929163	0.5335715768635605	0.1954504640718983
5170	0.5424459194335757	0.49001364454764607	-0.1608487693115282
5171	0.9317397336507978	0.5687264184786944	0.48301331316084833
5172	1.379193811347419	0.5052067076330581	-0.03657113623158213
5173	1.1228548991320322	0.41901746547046237	-0.7415899301840991
5174	0.5939413458775444	0.411794073690014	-0.8006765033284717
5175	0.34591914299137144	0.3669172224684265	-1.1677643524702848
5176	0.32752625803953445	0.27767031346668014	-1.8977945345398926
5177	0.33691071438901693	0.26129555288762163	-2.031738326886162
5178	0.3544958998380903	0.28760635264594264	-1.8165187954445943
5179	0.3698714581765045	0.29539407961856023	-1.75281602071189
5180	0.35491969198070367	0.396209491669652	-0.9281567194733349
5181	0.40961876957737675	0.4011914834782345	-0.8874045586672099
5182	0.4152346690760838	0.1548591933967353	-2.902376377739414
5183	0.3419723468099146	0.3105499630728101	-1.6288425130432347
5184	0.3362223013057378	0.34119800381941323	-1.3781448136318004
5185	0.3674001450458786	0.23638530872030789	-2.235501463203932
5186	0.4816013304726892	0.20535272816313901	-2.4893446571883473
5187	1.2125901503279493	0.40170177919432504	-0.8832303942205778
5188	1.5803156670333738	0.665783141399765	1.276926938827841
5189	1.4733525080168237	0.7180240227905687	1.7042517681108238
5190	0.6770671435931241	0.668142905335754	1.296229555748699
5191	0.5877866367872996	0.6417888420958264	1.080656133649096
5192	0.461260774633774	0.6381009375899389	1.0504894687415673
5193	0.3405652801757034	0.5701180953733727	0.494397081497118
5194	0.4204769490210035	0.5784485561806179	0.5625393610209717
5195	0.5278394807710481	0.5455900765738309	0.2937605078575101
5196	0.6933203857385604	0.5121072266202059	0.01987437195362281
5197	0.6319980631185357	0.4791558895325342	-0.2496640454842214
5198	0.6726360756872747	0.4154989021091751	-0.7703714026182169
5199	0.556875683463738	0.4275135040398254	-0.6720932422535273
5200	0.4709288092965601	0.5915765171113654	0.6699246790748304
5201	0.30397878605434175	0.5406220667664662	0.2531227183277567
5202	0.35003634257472677	0.39155639666112985	-0.9662185395884961
5203	0.7764997891091684	0.49894879666699293	-0.0877601794492306
5204	1.1997096700505288	0.5539993625190321	0.36254756858955817
5205	0.7057053513930388	0.49766007772523746	-0.09830176272880269
5206	0.7423401969448301	0.48083710487381814	-0.23591188358389462
5207	0.4888211298900403	0.5671794231284666	0.4703590564496656
5208	0.2604963646755259	0.644350351951058	1.1016090106383847
5209	0.3619574435930595	0.426674765825038	-0.6789540312545
5210	0.49234931823934164	0.33933062758984395	-1.3934197517121572
5211	0.5352616555056678	0.3694130763029829	-1.1473485347165888
5212	0.4125674292537833	0.3851256609406818	-1.01882127083545
5213	0.3181419864365149	0.4000400150715129	-0.8968234472316301
5214	0.30431405020886604	0.43621167896409935	-0.600943100532465
5215	0.3564495622937008	0.4072115982766819	-0.8381606626987289
5216	0.6947284246190156	0.4768024639735634	-0.26891481515815024
5217	0.8877251101341415	0.674183854070058	1.3456438710869565
5218	0.5847859581240666	0.6265033259166677	0.9556222441383586
5219	0.7145343493855946	0.612720477709021	0.8428800181160641
5220	0.7720168358391568	0.5965578447549814	0.7106714070824773
5221	0.33935047687903674	0.472583140602474	-0.30342842961561783
5222	0.5865466158607014	0.4470949370981702	-0.5119192115709904
5223	0.9217886445651647	0.5103665949893327	0.005636191151443534
5224	0.601560315184596	0.4821514359528663	-0.22516079575721712
5225	0.4781609011155665	0.5273507335760681	0.1445646305053184
5226	0.42339412968742174	0.496806926345584	-0.10528044987873159
5227	0.38777699479266786	0.46028168709988865	-0.4040530051965766
5228	0.35955967849071835	0.5743328050759585	0.5288729566390693
5229	0.34009808284660936	0.5365002762790193	0.2194069124397932
5230	0.3450550458285728	0.48758947818204074	-0.18067819122702836
5231	0.6371557640797023	0.4906428370303114	-0.15570204201514612
5232	0.5615955894685862	0.6525806499968669	1.1689319694733111
5233	0.5101385197861623	0.6138090382082978	0.8517843267175557
