ID	SN	ssim	z_ssim
494	0.2883268491574553	0.46340092262656624	-0.2944027278367587
495	0.31816625029127804	0.4327627679783934	-0.4809046188008115
496	0.3201146723265859	0.24956355126503368	-1.596082759668787
497	0.33514639257853834	0.2684462373476723	-1.4811392618852897
498	0.3649660662720611	0.4622675961753115	-0.3013015612902022
499	0.36831793335668467	0.44454282087229047	-0.40919657484068395
500	0.3848591453196224	0.3816494696695735	-0.7920436837174754
501	0.3020545138400752	0.4478557773479789	-0.3890298038816392
502	0.26007676153169507	0.3688382505499007	-0.870028687018459
503	0.25629356037824924	0.18589626808333531	-1.9836409805304576
504	0.3166125703553849	0.5626766811934224	0.3099129338675479
505	0.44410154303689986	0.6542279918441469	0.8672080044313303
506	0.49055438677241225	0.659048317180851	0.8965504958666249
507	0.41031643819902414	0.7383959423218822	1.3795587678152645
508	0.41558985244078256	0.7740836007643316	1.5967982151653675
509	0.49423487378618125	0.7165276521740799	1.2464411727267193
510	0.5796182970293632	0.639309408887755	0.776394965466625
511	0.6383223468949324	0.6206429421118459	0.6627676471342421
512	0.5569089079283803	0.5611046062942361	0.30034333201645025
513	0.5248113087053143	0.6826753108013311	1.0403737462750156
514	0.6166159051626846	0.7322969082528213	1.342432465660449
515	0.549843007052915	0.6624848406046715	0.9174694488598661
516	0.5579945493607135	0.7034985188990088	1.1671296730190066
517	0.5568406148173878	0.7341508190040079	1.353717670815437
518	0.48212857810094983	0.6870608863255623	1.067069809978172
519	0.3762904494891067	0.732527622666564	1.343836880349577
520	0.2871159521392809	0.7125700388102634	1.2223502186685447
521	0.3227676498912038	0.3010407874364088	-1.2827283165630843
522	0.44654710217081556	0.3744648169742463	-0.8357784102042881
523	0.4992174080602365	0.36374273966665027	-0.9010462997326371
524	0.5519503688622202	0.4577963293718726	-0.32851924862881876
525	0.5157993216092581	0.39003279764995574	-0.7410123295492053
526	0.477752166095337	0.2830325877736053	-1.392348603050259
527	0.4603818259350176	0.2930358186996883	-1.3314565060918073
528	0.4143853357228997	0.3252592439277635	-1.1353046879622128
529	0.42029325720292676	0.4870344951533104	-0.15053943002757644
530	0.38374963893473546	0.5997212178918017	0.5354120288186535
531	0.44200486429195507	0.6489659235011103	0.8351765159938586
532	0.4965886402354446	0.5732144542717993	0.3740589187754406
533	0.464391032343649	0.5535896938635394	0.2545982342829684
534	0.4316941714682564	0.5349957938427046	0.14141264741900736
535	0.36261480000043994	0.3527995167326759	-0.9676603564166654
536	0.2830439280489058	0.27068191468578423	-1.4675301507644858
537	0.3229563252612049	0.17749098951610515	-2.0348059532538243
538	0.42047446345063866	0.2556448933525209	-1.559064152904124
539	0.4937425680785828	0.56428794737081	0.3197211025506814
540	0.5715462993675992	0.7726263185339541	1.5879273841784916
541	0.6461621697117721	0.7409022887107449	1.3948155072077495
542	0.6343918172812814	0.6924810257356047	1.1000635154042908
543	0.6970775185689339	0.6337427341781705	0.7425092640710551
544	0.7014617372049347	0.6599073021679596	0.901779346175827
545	0.761293660953458	0.5916120412519161	0.4860495004657793
546	0.7198167400074186	0.5337071888142815	0.13356859554099954
547	0.6228912426025888	0.7546791450518551	1.4786785788797365
548	0.6093641363570513	0.7833482261973274	1.653194241041241
549	0.5665480429252784	0.7656866680397896	1.5456840456140881
550	0.5349698344125428	0.6221009685582564	0.6716430083449201
551	0.5440690333967256	0.6950171585197034	1.1155015718212604
552	0.5114221579690239	0.7400691604704753	1.389744053198521
553	0.5628085629714034	0.6942090144146936	1.1105822023133205
554	0.4867979126727517	0.690326934423293	1.0869510382440735
555	0.4578186365997954	0.5677384868709917	0.3407253748059761
556	0.45026934035231064	0.4626607078498357	-0.2989085950198533
557	0.39493193507898383	0.5253808111895506	0.08288391202381858
558	0.4755168045295191	0.6355577329767197	0.7535576027165778
559	0.46262521677576657	0.5953290627012735	0.5086759130882
560	0.4416193486490515	0.41763954660615155	-0.5729633415202392
561	0.30010824502399336	0.5849709370541156	0.44562348573995547
562	0.2651156421307177	0.5349861548373807	0.1413539724517789
563	0.2543091941241241	0.13562857236818207	-2.2896326570180885
564	0.3157268851971192	0.27762307542624887	-1.4252776189639356
565	0.46377587569840856	0.4664616804079234	-0.2757711516024474
566	0.5027753825649338	0.7968724943846344	1.735519747254069
567	0.49957971880087465	0.7887152977716088	1.6858649096581118
568	0.5289123949953237	0.693094635420447	1.1037987066340205
569	0.543645425749231	0.684384680484079	1.0507790948297826
570	0.4689037692933674	0.6712817960472358	0.9710186538823236
571	0.373932186995211	0.5547603047694772	0.26172402727042465
572	0.2969164988315617	0.42008984878825784	-0.5580477568303688
573	0.24237165033881894	0.36825155463008685	-0.87360004762169
574	0.25409171025548943	0.3213236760901662	-1.1592614455462724
575	0.39062703925342335	0.44914613918416085	-0.381175057887982
576	0.5367692323481598	0.622622870653695	0.6748199531973484
577	0.6289120809427963	0.7793206758809451	1.6286775637614312
578	0.5748031968165228	0.8210014878535267	1.882398792701934
579	0.5259225680480482	0.8044701340037778	1.781768425482415
580	0.5049740119601422	0.7415795606742888	1.3989382261948538
581	0.43481996704807485	0.5880553316818026	0.4643989452005104
582	0.45703906935562744	0.6592378151441407	0.8977040160082003
583	0.5193603498184036	0.6844822427258755	1.0513729798986027
584	0.4944255098396495	0.6628526089593374	0.919708144185011
585	0.5383808711827927	0.6899068079064474	1.0843936260651874
586	0.561057639018916	0.6902988820692353	1.086780276749531
587	0.4823429963125163	0.6578965637544143	0.8895394929383665
588	0.495788633396862	0.7111472317494385	1.2136892464145688
589	0.5161503163079934	0.6442267322561406	0.8063279074866931
590	0.3900626873309521	0.44447542494419073	-0.4096068302290458
591	0.28721281480105376	0.40122878979958565	-0.6728596052385329
592	0.2976351147724743	0.30939497352893397	-1.2318743561462986
593	0.34524072671245665	0.2942629227707502	-1.3239868254830771
594	0.34961876011858045	0.22492245570662822	-1.7460790949520744
595	0.30904586892490693	0.23584497206984684	-1.6795910841949524
596	0.2919530569991851	0.24276996380180296	-1.637436977077497
597	0.29425324622649246	0.19898620768281186	-1.9039593379530317
598	0.3546870821663326	0.23817188161872227	-1.6654266204421246
599	0.3872836973086265	0.2097433897397566	-1.8384777572866053
600	0.41252398128871026	0.44408734248054893	-0.4119691824708934
601	0.4669977098871135	0.4413389288355476	-0.42869944406237354
602	0.456512482961453	0.5443601548443173	0.19841578793207232
603	0.4949069642472946	0.6063346816127251	0.5756697892463997
604	0.3765858920138871	0.544427071507915	0.1988231259209718
605	0.27566246316279613	0.40935062611875417	-0.6234200143421607
606	0.2897888655520882	0.5193500093115999	0.04617295579348174
607	0.33240641539879867	0.5030719044636937	-0.052915823224306956
608	0.3407930541368745	0.5467583565270678	0.2130142242244101
609	0.34240008788509557	0.5230869612341179	0.06892069004819223
610	0.3010373155328125	0.2469907013006994	-1.6117443224823869
611	0.29531714186663083	0.31025889906654813	-1.2266154315058493
612	0.3924106695757119	0.6779783946327257	1.0117824764285206
613	0.5211385226310661	0.6959120203444262	1.1209488131573933
614	0.6157822919166536	0.714531560871477	1.2342904800121193
615	0.7261782979848259	0.754749740199623	1.479108308695478
616	0.6220323624519495	0.7133184003205223	1.226905676997897
617	0.49236184563780866	0.6548847470637487	0.8712058330134619
618	0.3764826002098522	0.555749090491839	0.26774300619054425
619	0.42007424610484817	0.5963094742042314	0.5146439161002699
620	0.5457970153516526	0.7160100944692461	1.2432906732353843
621	0.5535973159768315	0.6554205875426365	0.8744676241923126
622	0.5848187031857555	0.7440734936712905	1.4141194022552146
623	0.5015309197586124	0.7446742111717293	1.4177761156262894
624	0.34005824884770486	0.5425592129556371	0.18745301711208567
625	0.26409492673148305	0.3314530521907808	-1.0976014722631435
626	0.24462522308616086	0.5147964615065497	0.018454404007670174
627	0.3236109632313506	0.48648446882601987	-0.15388757391214328
628	0.37611020994286704	0.45512290458674687	-0.3447930348114944
629	0.446274908262521	0.493977228943226	-0.10827732269284156
630	0.4955065405251044	0.6170527604210247	0.6409133389380858
631	0.5777316102998153	0.6861891788034256	1.06176351450728
632	0.6068341363532759	0.6656445320651012	0.9367032584348908
633	0.5726252828898053	0.6888306138021406	1.0778425710880706
634	0.5413770195424008	0.58368015333779	0.43776617165936693
635	0.4368433072087662	0.4111070035532711	-0.6127285181817175
636	0.3990565515477808	0.5643793107960052	0.32027725391683026
637	0.4559801379911302	0.6108253145120268	0.6030053627155775
638	0.520765586329438	0.49173815061000364	-0.12190713649716318
639	0.5128298917117005	0.7119109519616822	1.2183381968943396
640	0.5343167801631901	0.6573053196488383	0.8859404464234079
641	0.5823473512217342	0.7175646963807715	1.2527539127654812
642	0.6413328407817438	0.772391048715784	1.586495239635866
643	0.46179911450456723	0.6907912995674327	1.0897777416951906
644	0.38487597468096163	0.6058248872718683	0.5725665472377226
645	0.33391585773826904	0.4556459709041989	-0.34160900305682
646	0.2995396551027647	0.25730669502872555	-1.5489483623619582
647	0.2625702716945507	0.19521510272885467	-1.9269149700076815
648	0.2527351344271364	0.2910952196260685	-1.3432694041266036
649	0.3013260306899583	0.2733297863268621	-1.4514119127778333
650	0.32899077221184825	0.24944103208433877	-1.5968285636880357
651	0.4092431366660112	0.36677240662513494	-0.8826039808907483
652	0.4558397449009477	0.42108344578557483	-0.5519994905106844
653	0.41726179972347227	0.41153802860083843	-0.6101047639985011
654	0.36156430000240003	0.34207968690884316	-1.0329145649653153
655	0.3002910169852416	0.23483815855944598	-1.685719802640765
656	0.27272824658557104	0.2876845541799506	-1.3640309533273052
657	0.2677882200750634	0.20414900160632188	-1.872532157026201
658	0.2635596574262147	0.23529845055566415	-1.6829178934306286
659	0.26651458731153493	0.24944157559378877	-1.5968252552139666
660	0.3448427492485898	0.37508892224588064	-0.831979329787825
661	0.44968014026726855	0.5577858094252819	0.28014100916465773
662	0.5514009210822658	0.7145959157015727	1.2346822234980879
663	0.5956031440238233	0.7508140894114573	1.4551510461711552
664	0.5858229821289825	0.6936460420896245	1.1071552529950113
665	0.5143962181716627	0.5881197398559479	0.46479101340466905
666	0.346072697598015	0.6839216281881714	1.0479603830048143
667	0.24737834674174372	0.6534465969615754	0.8624514639391658
668	0.29234505156682783	0.25811416341574583	-1.5440331061135875
669	nan	nan	nan
670	nan	nan	nan
671	nan	nan	nan
672	nan	nan	nan
673	nan	nan	nan
674	nan	nan	nan
675	nan	nan	nan
676	nan	nan	nan
677	nan	nan	nan
678	nan	nan	nan
679	nan	nan	nan
680	nan	nan	nan
681	nan	nan	nan
682	nan	nan	nan
683	0.4344565773695532	0.4657648156682203	-0.28001313657814997
684	0.5581021295996232	0.5178044619538729	0.036764833532182926
685	0.5446193373911616	0.666744793674238	0.9434008181611715
686	0.5884714913969332	0.6932293835034805	1.1046189509528481
687	0.439095954780007	0.7068540441613056	1.1875555705243357
688	0.39579892579064035	0.6308783416823577	0.7250730110373171
689	0.45206947924431806	0.6128431289838431	0.6152882896388805
690	0.4397817050239726	0.5309496927634644	0.11678304713872438
691	0.39151402710122085	0.6151234959074636	0.6291694371241281
692	0.299199736481631	0.577856535824124	0.4023163969904197
693	0.3513032498991258	0.5598701881390971	0.2928291288009666
694	0.46352717936569027	0.48595400712958947	-0.15711662313538585
695	0.4751950684893225	0.5884034727006293	0.46651816416388914
696	0.5009494841223028	0.5813926694172793	0.42384170128495574
697	0.5042428081317019	0.5935994552474225	0.49814737230390815
698	0.4020880133710776	0.4401417673275263	-0.43598685701525075
699	0.2867468962338725	0.3729915696139492	-0.8447464248157553
700	0.24682684555665552	0.45103408447716975	-0.36968267620813955
701	0.3759686352844988	0.3168273812224665	-1.1866314847926789
702	0.47581510810184274	0.4319112695921452	-0.4860878963516871
703	0.4660438310911877	0.530261107359073	0.11259146048855036
704	0.42881473684274596	0.55508783580097	0.2637177882336505
705	0.38842829953424335	0.490002442938397	-0.13247281078899772
706	0.3306104569033957	0.5596127734384725	0.29126218297868317
707	0.3423021165066643	0.40951127160273587	-0.6224421262519192
708	0.39352789602322064	0.3394081591580208	-1.0491768034392968
709	0.4758191046129162	0.4679237183300846	-0.2668713715642759
710	0.5031932564504935	0.5508247605998597	0.23776741375910831
711	nan	nan	nan
712	nan	nan	nan
713	nan	nan	nan
714	nan	nan	nan
715	0.32081393657902546	0.5026257067001746	-0.055631937415773096
716	0.4177923939979707	0.5792877314207443	0.41102843229979924
717	0.4362671586478876	0.537867575250874	0.15889387855741588
718	0.44289873212636094	0.5659712882275985	0.32996800731806164
719	0.4430077245623969	0.610924518632305	0.603609242297614
720	0.388102445978224	0.45269823689559563	-0.35955257612695407
721	0.34960710111734244	0.31824207874272703	-1.1780198772823525
722	0.3288263382693137	0.12899743985166787	-2.3299979716972756
723	0.36340210115941846	0.20705133874445228	-1.854864925735925
724	0.32498245412492177	0.2491381687421926	-1.5986721664331285
725	0.3305813665577122	0.24306188774950618	-1.6356599650841328
726	0.3085271529708152	0.2715577932501352	-1.46219846514627
727	0.4010154932846261	0.31185895955899656	-1.2168754745493913
728	0.4268089885479134	0.5000916358182719	-0.07105744253313129
729	0.48761332779219096	0.5528398363228573	0.25003366925296544
730	0.554144264221239	0.5887454587909704	0.4685999165822196
731	0.5246976007876595	0.6042139489754774	0.5627603744458755
732	0.523049879343681	0.5812028147629009	0.42268600987806465
733	0.48555453010229577	0.5510729306825178	0.23927808534582543
734	0.5630131411136027	0.5525880580731264	0.24850103387666253
735	0.6510128848078139	0.5806884452257031	0.4195549175377032
736	0.6100011807208855	0.597154360172485	0.519786942256308
737	0.5727081516381161	0.587014369614009	0.458062356189366
738	0.4019792563539275	0.49132281622363794	-0.12443537781355782
739	0.3052914911199357	0.18321404948401282	-1.9999682967966295
740	0.31958040682605365	0.13383086504537364	-2.300575738249767
741	0.299197838611284	0.17890488389398523	-2.026199234666293
742	0.2612717994405163	0.4913248314720825	-0.12442311050666581
743	0.2537423922081972	0.5596672880943687	0.29159402693360326
744	0.37949148358266555	0.3540946710013626	-0.9597764377220178
745	0.502226676706437	0.4134775427111012	-0.5982984703992538
746	0.6686635877327207	0.5557642315771005	0.2678351736550981
747	0.6948641080788375	0.5352494341691887	0.14295661770890367
748	0.6004299462142131	0.47118910928437935	-0.2469941434901236
749	0.5521787967952848	0.5758872486088721	0.39032886726764904
750	0.4239721431291321	0.6148267365971025	0.6273629911035016
751	0.37896356487547106	0.562078419790745	0.30627117136026216
752	0.3467704651870682	0.3106556656147884	-1.2242002171312294
753	0.3532944436996224	0.7078668660674183	1.1937208635346022
754	0.31741056055830696	0.7179831446452947	1.2553011090147455
755	0.3247800532044654	0.3019793467898068	-1.2770150777534757
756	0.33469053797125814	0.25089268251320873	-1.587992014845197
757	0.3577661812486225	0.3190869434288441	-1.1728769806758501
758	0.41052313757391956	0.4783683698386204	-0.20329224027613735
759	0.5192468063104463	0.6204872587635248	0.6618199647693309
760	0.5625705513641944	0.5705903039011464	0.3580850779250104
761	0.5423024337116448	0.637290498200701	0.7641053656148418
762	0.5354369052799798	0.7462567475184431	1.427409398850123
763	0.6050341093280766	0.7783625922639211	1.6228454760156599
764	0.6161352847980086	0.7634620782541486	1.5321424271189252
765	0.560664773470659	0.7021529212364512	1.158938693130511
766	0.4250420670864138	0.5520532234347761	0.24524536549353607
767	0.31465583400738717	0.4507784634879094	-0.37123870327356207
768	0.3339914569274834	0.6690281036525584	0.9572998807354
769	0.34393467094305125	0.668167718783006	0.952062509001657
770	0.351904940639611	0.39324051344348926	-0.7214861841909392
771	0.3147313497147196	0.27969110868795616	-1.4126889980657782
772	0.3092907131155647	0.19186812563674172	-1.9472888327243012
773	0.25333419334288265	0.19267354923315505	-1.9423860236131423
774	0.256059270573452	0.18159837390690434	-2.009803306567139
775	0.272029077057613	0.2274926553051001	-1.7304336655593926
776	0.3050869902090892	0.19681940578864415	-1.9171491875130757
777	0.3881552374159304	0.2527977374717672	-1.5763954824743158
778	0.42069442500450677	0.32895799627258904	-1.1127894838176047
779	0.43801646154271606	0.4303162672973345	-0.4957970628302217
780	0.4182349785001596	0.5063364209116881	-0.033043918482468314
781	0.3933537540944529	0.5238836865376144	0.07377055053709307
782	0.3713455754560232	0.35256210863278514	-0.9691055171996256
783	0.30445533495445554	0.2794722149079413	-1.414021457685551
784	0.3465937287284474	0.3211272273666366	-1.1604572766541335
785	0.4046029423349931	0.38662322094161716	-0.7617672513385324
786	0.3948523143312414	0.6834291785149361	1.044962722201882
787	0.3935830419902494	0.6447792529191161	0.80969123499858
788	0.4106887320485363	0.6334966088521494	0.7410110394147665
789	0.4692989455690727	0.5908565008511282	0.48145034248564633
790	0.4530867951257905	0.5423088101385807	0.18592875432863698
791	0.4282845315261033	0.5775631344486217	0.400530391535098
792	0.3847110592938165	0.5708380916936728	0.35959342241881764
793	0.3427556537339818	0.6561753751212202	0.8790621995607876
794	0.35329947496988084	0.40067220771242673	-0.676247655626158
795	0.4148486627370882	0.443657132602958	-0.41458797451641577
796	0.45018439577236097	0.6343300340606436	0.746084301141727
797	0.3983948352265962	0.6107467783546687	0.6025272940451719
798	0.4189144396864155	0.6076811290559393	0.5838659419562086
799	0.3462084965304515	0.3767212340693997	-0.8220430511435939
800	0.2909551313929812	0.2042608069378394	-1.871851570809853
801	0.3422971618722507	0.4982053651877806	-0.08253963013536543
802	0.3398379693358802	0.5079450084152117	-0.023252055537935547
803	0.3162790101672445	0.4632916855969154	-0.29506768017566826
804	0.2969620966687723	0.53265606372971	0.1271701417775962
805	0.3541433583673059	0.5247212435367131	0.07886896347729286
806	0.3827939865573026	0.5641546017240443	0.31890939520214134
807	0.397056351836238	0.40671330524687505	-0.6394740272333631
808	0.4044663159853673	0.542669252739331	0.18812285600988626
809	0.3851842612167081	0.5721015399976088	0.36728433920297976
810	0.40638363522836696	0.6471182416014178	0.8239292273712313
811	0.4344951175375569	0.6222786608680705	0.6727246646055749
812	0.3768413158934405	0.6470716996000406	0.823645914901346
813	0.4062704353464784	0.6496618271525616	0.8394126505918738
814	0.3404115172631749	0.54156321570149	0.1813901398459276
815	0.3239361782389921	0.3705616184172442	-0.8595381281131622
816	0.3225835498744424	0.3510655625484491	-0.9782153568048044
817	0.3377404038186086	0.30173450537180646	-1.2785054869497132
818	0.3142559883648898	0.21604231957799624	-1.800134641019593
819	0.29856496834600643	0.4795811336278881	-0.19590985244669779
820	0.2642097875943597	0.5223310588141188	0.06431932836916737
821	0.33923038888080514	0.2609391508468814	-1.5268367212821046
822	0.33996614323368957	0.35614606322618547	-0.9472891148583596
823	0.30318386367977135	0.34455950899664906	-1.0178192854375123
824	0.32557445749379466	0.39352415345516917	-0.7197595985287534
825	0.32519006766846204	0.3803633917094223	-0.7998723527169544
826	0.29126759454125817	0.364079006411083	-0.8989993623623811
827	0.32286517386910873	0.45173063757573617	-0.36544258826775
828	0.3816483934916653	0.5717027952605083	0.36485708311216125
829	0.4652827241259347	0.6234118547875749	0.679622691306055
830	0.46750591164349214	0.7208596781212427	1.2728112671442497
831	0.44196835976351456	0.5490558830092265	0.22699982611143918
832	0.4173457225054447	0.6503063865007188	0.8433362399415034
833	0.500847626879159	0.7495670862200999	1.4475602347826426
834	0.6447022616093059	0.7679453089905788	1.559432941824329
835	0.6209204527547897	0.7495397749418258	1.4473939843964405
836	0.5354736718015941	0.7566192202103135	1.4904882877156587
837	0.461132753100904	0.6805397733309302	1.027374210858214
838	0.4192777043848463	0.4368035705075194	-0.4563072720823705
839	0.3879698085849494	0.5725565591774028	0.3700541514984976
840	0.4079256989640511	0.6086630400700639	0.5898430728570603
841	0.39311543623767675	0.5081911341500398	-0.021753828393139468
842	0.3634226933389532	0.4006119959213923	-0.6766141794267982
843	0.384035688316432	0.46613701450754913	-0.277747471816464
844	0.35420252918724016	0.5347564550946718	0.13995573431175096
845	0.4288026140193651	0.5563530858869927	0.2714196729031224
846	0.4247644522810471	0.544157857444195	0.19718435450883975
847	0.3903348339925661	0.5604769452554311	0.2965226067813367
848	0.40217971665981217	0.552998118307249	0.25099717014698414
849	0.4031866595317893	0.5448588193809614	0.2014512801184914
850	0.40910880168518626	0.464839229179185	-0.2856474064105909
851	0.38000831620462583	0.5210131480719521	0.05629688549170167
852	0.3686840707762927	0.45624031517008823	-0.33799108511284187
853	0.3554691434341388	0.5662826087334415	0.33186309087326765
854	0.3795566363917351	0.5560252937762629	0.26942432268715033
855	0.43263627047817643	0.48235664153646096	-0.179014661490235
856	0.39471498914528597	0.559484483068529	0.2904812483283531
857	0.3889755651554252	0.4620152709157221	-0.3028375264484114
858	0.34665478893338175	0.42601263284638646	-0.5219943313125035
859	0.30964482477359245	0.3451693876140747	-1.014106806121621
860	0.256734443580627	0.2904222950788695	-1.3473656593342005
861	0.2550125649546396	0.2202828938313923	-1.7743212352804518
862	0.2620328986290978	0.1323140556750435	-2.309808925399811
863	0.2517266571520757	0.16718688726050912	-2.097529527092506
864	0.2716836228080489	0.22991762036771132	-1.7156723140716086
865	0.28938759412826376	0.32073948307511513	-1.162817570360125
866	0.31287669208542623	0.3362445303650079	-1.0684345805143407
867	0.2687525708154464	0.36658086212584856	-0.8837699587941467
868	0.226992827594541	0.2547414616699644	-1.5645635610469595
869	0.23260036130665554	0.3201907734857827	-1.166157698940836
870	0.26159185100788224	0.4323804604119378	-0.4832318178404603
871	0.33813941503806894	0.5702049436222206	0.3557392962828912
872	0.3403040874261361	0.6208890301067326	0.6642656445468458
873	0.39662335974017915	0.5717869498008421	0.36536935224474126
874	0.4425844478866607	0.6105813538003118	0.6015203145924684
875	0.4464022702020718	0.5894925181469013	0.4731474483818153
876	0.31769958346331	0.42877396309089155	-0.5051854432417221
877	0.253867893557731	0.3044855239641098	-1.2617593684111268
878	0.2083644743775615	0.12573141642683072	-2.34987904977328
879	0.2139461299480914	0.11886794721918026	-2.3916586543382277
880	0.24135634201151354	0.12131284937973966	-2.376775940891463
881	0.2605054050617841	0.2608791624405059	-1.527201885286054
882	0.30481986415425427	0.3821398159397739	-0.7890588268398436
883	0.3909287453598126	0.47466597436360447	-0.2258296210393226
884	0.4404729930103665	0.4127991612234475	-0.6024279433291768
885	0.5461105744331501	0.5727496105173076	0.37122930190683107
886	0.5307870162798239	0.529249620561243	0.10643429460676952
887	0.44058583164363646	0.5687659525848814	0.34697980823193253
888	0.3706924837959737	0.5730458541034431	0.37303260858880016
889	0.294863425630578	0.6554108989518823	0.8744086473865229
890	0.26758423612680227	0.687014585121386	1.066787963299351
891	0.2944444002220923	0.6078119517496013	0.5846622914762485
892	0.4081354223584527	0.6427372148370106	0.7972608530742564
893	0.41517771585708224	0.6855812824921678	1.0580631019706386
894	0.4348539704204639	0.542169279618031	0.18507939815074223
895	0.4192149079212766	0.5315478374708313	0.12042409929330418
896	0.4689283208633054	0.5800554840905037	0.41570192932816424
897	0.43414209514583485	0.6343032776539042	0.7459214283933643
898	0.43901092612414283	0.5939908901116118	0.5005301314223626
899	0.43267876916484793	0.6603667400357331	0.9045760560986087
900	0.4728872084688532	0.46067016762794344	-0.31102549695751786
901	0.3789860097711969	0.3763734466260637	-0.8241601178070586
902	0.2613525237990143	0.5788643506515614	0.4084512106963063
903	0.3481367249136125	0.42605026106353516	-0.5217652792128447
904	0.3875968916031137	0.36372316772277086	-0.9011654389100866
905	0.4033284279367622	0.6692296536257676	0.9585267643894229
906	0.43397623852120654	0.590869834365732	0.4815315068284527
907	0.39009009717607007	0.6691393566534737	0.9579771047811819
908	0.4472086111975363	0.6538731630103352	0.8650480751133153
909	0.41004720097999675	0.639618889615889	0.7782788498479372
910	0.3191048763864977	0.49506174035313855	-0.10167563825579125
911	0.283313559903183	0.26767354786666414	-1.4858428104831374
912	0.32270145355728064	0.26013733436964115	-1.5317175729824979
913	0.2939315252145153	0.24816022272667126	-1.6046251614241753
914	0.3179247836828264	0.21342124495129297	-1.816089759069342
915	0.24097490840524458	0.18310175399780781	-2.0006518667036444
916	0.21950330860930653	0.44353946869983174	-0.4153042232815016
917	0.2886149030721937	0.5177174631944492	0.03623525094699276
918	0.32217636256562004	0.5269502391399401	0.0924374012545068
919	0.32752642609723354	0.538739392637222	0.16420084279845376
920	0.2815888520941842	0.550123348392459	0.23349774724271105
921	0.2882714672035184	0.38513064075098613	-0.7708529495852046
922	0.36513807347252386	0.4909218129890667	-0.12687638192718848
923	0.4558040228046563	0.6802263809378343	1.025466515221929
924	0.5567469016142209	0.7643849087825977	1.5377599207497101
925	0.5293431647620725	0.7352795700498331	1.3605886526644242
926	0.43257136671747176	0.801179466955105	1.7617373356808899
927	0.5187563381875573	0.8345150915469803	1.96465938154971
928	0.6698234770325422	0.6879564328732942	1.072521219389616
929	0.6895570612502244	0.626832718000376	0.7004463167901316
930	0.6084215626285253	0.6281275018814653	0.7083279808454871
931	0.4959379527187272	0.6243385392125403	0.6852636445412493
932	0.4292162062136215	0.47672466031991667	-0.21329789946005764
933	0.33313111366934434	0.3865504495574365	-0.7622102284340401
934	0.3580100560432692	0.655163368795867	0.8729018711887523
935	0.39434791524911944	0.6500509825472889	0.84178153402591
936	0.41165389484524767	0.4995867202120852	-0.07413098649857006
937	0.3709204670241996	0.47632941016683233	-0.21570388316895103
938	0.3835780434409475	0.4701099385644513	-0.2535633178497033
939	0.38158485598964775	0.4344804772553833	-0.4704485051097666
940	0.37217299953837235	0.4693098068668096	-0.2584339138873584
941	0.3919548764410065	0.4878318288218539	-0.1456858662728306
942	0.3707673424619774	0.49901583966514845	-0.07760607508471146
943	0.34568171797988784	0.39762937296466827	-0.6947701300005055
944	0.27589556230183293	0.4746350884099556	-0.22601763134300729
945	0.34124666793511066	0.5716418691914178	0.36448621132745807
946	0.3921053982354855	0.48768832320761524	-0.1465594198117694
947	0.4225856366710447	0.4129915349936231	-0.6012569174524021
948	0.350413501192383	0.4304770856470399	-0.494818122464322
949	0.3072983559621782	0.49476359565009925	-0.10349051749823479
950	0.27612842250036207	0.4849597056253126	-0.1631691779600968
951	0.36181431502724704	0.4816464761748015	-0.1833376105832072
952	0.4853697712912576	0.7693355908032341	1.5678959249906017
953	0.7091030915774863	0.7522351312775143	1.4638012732557202
954	0.9025354185625796	0.7836424723941215	1.654985389129018
955	0.849411259501364	0.8306944260432525	1.9414020623877393
956	0.7208303524918085	0.8036379047729489	1.7767024439620696
957	0.6389469345770807	0.7305258192613314	1.3316514166784996
958	0.5392050123572466	0.5265323811994771	0.08989379845121777
959	0.4643456628435343	0.5759514442503455	0.3907196417337985
960	0.4483271215589268	0.5583717809405868	0.28370796014164673
961	0.36549079176133475	0.5195800124786422	0.047573040951145056
962	0.3319654097015834	0.5288081910761603	0.10374720608461109
963	0.3186705940625727	0.5017808213003088	-0.06077496011189665
964	0.39375404856735885	0.4998760997984436	-0.07236946265087146
965	0.4170258362493658	0.6581137679249947	0.8908616674950164
966	0.4967668702103134	0.7275217772845278	1.3133650833257606
967	0.5979342961854672	0.5631545662215559	0.31282193613722686
968	0.5750879161461068	0.4831415898105519	-0.17423649064058636
969	0.5951580114470494	0.5106842587272968	-0.006577573380172457
970	0.5095677689540098	0.6932046501735711	1.104468393164662
971	0.4098828384054242	0.6097557213533173	0.596494489298029
972	0.4148124369084337	0.5498100700432074	0.2315907458190135
973	0.5848587030715648	0.4868021869572564	-0.15195354645684697
974	0.6359482592402838	0.5390225678299452	0.16592459899472078
