ID	SN	ssim	z_ssim
494	0.2357714177676677	0.20324747753215347	-0.9968937211101367
495	0.2478148699219103	0.22176831235808034	-0.7824811366848683
496	0.24580975276133954	0.20838425857589382	-0.9374260724017056
497	0.2749441307405926	0.1630190066341675	-1.4626119510810267
498	0.2474081543016985	0.15981259290187588	-1.4997320626493726
499	0.24648280907590417	0.17465808333440758	-1.327868321051514
500	0.25903565616734947	0.19321157708910933	-1.113077649710132
501	0.27777893883243704	0.23735560162767713	-0.6020297149271426
502	0.25064616491370517	0.17357750677187128	-1.340377973862544
503	0.25785525117297403	0.2467742559061817	-0.49299154118158006
504	0.26521272235125953	0.4584743317580858	1.9578245701359362
505	0.28821513119438774	0.4462485803711107	1.8162891060999111
506	0.34111102028583423	0.2310360232140129	-0.6751904095117657
507	0.33983587631995127	0.2644109938798145	-0.2888139970643899
508	0.32450953986873415	0.2655170430430986	-0.27600945224607704
509	0.3364651562070468	0.27356609828355183	-0.1828268958166337
510	0.41716576945690437	0.24768700118126633	-0.4824248429094869
511	0.44925208893259583	0.33598144534647456	0.5397450615136765
512	0.4295780357585399	0.25558358117352226	-0.3910074667396884
513	0.3329149203560206	0.28775728286830876	-0.018537942782277685
514	0.3302775657140821	0.3209039614201582	0.3651955703240886
515	0.32765610082283225	0.28523260659171207	-0.04776569468385379
516	0.33867734591379617	0.32613481444464004	0.4257522745044984
517	0.3675938847102621	0.30686692429755147	0.20269115648857874
518	0.343981839959054	0.21913317165235768	-0.812987716671602
519	0.3076606353976492	0.19665181196144327	-1.07325063019725
520	0.24029622298399644	0.2269807997081824	-0.7221370488225398
521	0.24544207291750494	0.15539444091579438	-1.5508802638305232
522	0.264230181266321	0.28458383813141463	-0.05527637784545979
523	0.2731312863635611	0.28242513546957665	-0.08026731486750223
524	0.32331385736144524	0.2607518676058606	-0.33117508545542523
525	0.3350784436792803	0.1955392446903145	-1.0861306340519223
526	0.363891585397662	0.1654382624630204	-1.4346046339419467
527	0.3819773701250573	0.19769772008860795	-1.061142328021646
528	0.3776600734640181	0.22492728632794856	-0.7459102272535382
529	0.3702960436390215	0.42899334087019214	1.6165281055272074
530	0.3733546109092152	0.3854514893132396	1.1124514258994367
531	0.3404126275756599	0.3832750160453227	1.0872547615647763
532	0.39209757793530253	0.2588750919183671	-0.3529022013939938
533	0.4497436054751685	0.28134747293786866	-0.09274323243458331
534	0.38087162032894584	0.38924770896906424	1.1563996212751617
535	0.31622808928773943	0.4098374876582666	1.3947640202339038
536	0.25763816484303886	0.3608071700793531	0.8271482941560478
537	0.26229771170838867	0.10524213071193095	-2.1314851094962735
538	0.26156709303763953	0.1651488870155352	-1.4379546847440663
539	0.288425111243814	0.2122665473027786	-0.8924814698910682
540	0.3149149434259116	0.16068221255454548	-1.4896646224422565
541	0.3343006552680098	0.1809535383228518	-1.2549868992963948
542	0.2810510926542396	0.18365896250468908	-1.2236666593479066
543	0.2757703992151714	0.1795830451709503	-1.2708528676179187
544	0.2923524536554187	0.14474288243807348	-1.6741915617730945
545	0.33973468916798216	0.19405396635341848	-1.1033254511213415
546	0.43652897702341925	0.36646377350557396	0.8926338390077848
547	0.548078135745927	0.37271930636814815	0.9650530890377093
548	0.45444443877294155	0.4115039384815154	1.4140562406542383
549	0.5193555499346094	0.4402896317513446	1.7473033618810356
550	0.6504945169482187	0.43730459247304876	1.7127460650698578
551	0.6421555255342877	0.3309707465992565	0.48173704630998226
552	0.7467204240899137	0.26851012974433114	-0.24135899177537543
553	0.7214908974854345	0.2892710592060363	-0.001013209158520223
554	0.5449065071791508	0.2697911682731317	-0.2265286245543488
555	0.4738567699871225	0.2725156973283274	-0.19498721070574207
556	0.3817641663901877	0.24545370672964686	-0.5082793165147488
557	0.4479094808267583	0.39513510717099576	1.2245570383614426
558	0.6135673129419638	0.38951636166935194	1.1595097683243043
559	0.5935061320288787	0.3364261513728161	0.5448933482574202
560	0.5785536729093552	0.1830952647252891	-1.230192493569307
561	0.37409516621348887	0.17584928451605672	-1.3140779856628366
562	0.31170142560710684	0.20598333893010867	-0.9652211146386547
563	0.3120816497852092	0.11721610151397398	-1.9928644668724995
564	0.43329696918110555	0.17067961983091726	-1.3739263227475729
565	0.5687709458868324	0.34388755167992435	0.6312727225304968
566	0.7582642005229282	0.4946872011885599	2.3770548584582225
567	0.8161943853882682	0.4449086832408311	1.8007773427659453
568	0.6508307512428234	0.35574739631668245	0.7685721457665228
569	0.5370964608407389	0.3266391906221227	0.4315913525348908
570	0.4908162176499565	0.32469206146676455	0.40904976635186946
571	0.5173615902426737	0.2500487900266352	-0.4550828113562752
572	0.549548761037595	0.33535923024836706	0.5325417821524842
573	0.5323119024777706	0.46785460130302453	2.0664183702879932
574	0.46617894730166093	0.26303181388137653	-0.30478053154472323
575	0.571719029934851	0.2738710270079081	-0.1792967873485637
576	0.5807905482007276	0.3530987499163531	0.7379092126287407
577	0.6163935740967526	0.40842483104591376	1.378409932634353
578	0.5383399350361846	0.3760770024918773	1.0039245713639626
579	0.549314493543048	0.419046637066403	1.5013767913921898
580	0.6436596864763043	0.5343182787513929	2.835857166435722
581	0.539276626995117	0.46877379871468927	2.077059763858231
582	0.493240591268587	0.4147114719851777	1.451189315627086
583	0.5669923584951225	0.38091987587398124	1.0599897005906243
584	0.48426157448001966	0.30875510492661706	0.2245503055142449
585	0.6284190066816379	0.3359261702701551	0.5391051512677641
586	0.6554838983841453	0.3689868955979613	0.9218435983806149
587	0.6364006759512744	0.41462846965978695	1.4502284116901087
588	0.6092981564191499	0.3497288455352192	0.6988963973633364
589	0.4091721836344398	0.2678052486216115	-0.24951928177609053
590	0.3443477895351943	0.19150736906414956	-1.132806978893414
591	0.38465954572240824	0.19414470951246338	-1.102274932857311
592	0.6680794872160902	0.21735366043336082	-0.8335888182453147
593	0.7565793510604583	0.1785319425783321	-1.2830213052449246
594	0.667251338356042	0.27638386590758846	-0.15020607476520972
595	0.41500780860840836	0.34780089975385475	0.6765768938690624
596	0.3061944522777384	0.3058423766049386	0.19083014046501667
597	0.33246657524019113	0.3363768244853412	0.5443222991916215
598	0.3305730298180339	0.39958544482149233	1.2760778475569479
599	0.31927597020771253	0.38907370898967497	1.1543852528289527
600	0.3894587207013107	0.45734252730564406	1.9447218606742471
601	0.4057931486906362	0.48144547304158125	2.2237576026414385
602	0.5388858337889235	0.4913601630346079	2.3385382982828835
603	0.7935543950732452	0.5401025234603377	2.9028203929127967
604	0.6671771654491094	0.442730722579206	1.7755634591249179
605	0.5665810084336377	0.40744929703513283	1.3671163397476285
606	0.5917331314087081	0.45604859519048624	1.9297422265762492
607	0.6300605706598783	0.29275781039075044	0.039352321865808886
608	0.6555648833872949	0.3328773326440502	0.5038092717326234
609	0.511995045136035	0.3869044038285871	1.129271572459383
610	0.3385620857249354	0.2552651406184835	-0.39469399939512245
611	0.3331791912286148	0.15575252389972832	-1.5467347974546497
612	0.4443485366320112	0.2956394045437972	0.0727120518902131
613	0.5111671792523205	0.34260213997945804	0.6163917278378794
614	0.6484411698811458	0.4338776124654309	1.6730724948926397
615	0.55789756483292	0.39301860723835863	1.2000546752251242
616	0.4891304352433196	0.3072946724980274	0.20764312533929763
617	0.5054055724037297	0.22684077073582545	-0.7237581406437055
618	0.5528473733711098	0.2635133221053261	-0.2992061919596351
619	0.5031488744118828	0.24048927493255526	-0.5657517070317957
620	0.4452788180287809	0.2400668295262793	-0.570642286327466
621	0.5011699403585698	0.2855056895678055	-0.04460425907811288
622	0.6386038374884477	0.3333907858891379	0.5097534334453927
623	0.5904269485358662	0.33527614357211166	0.5315799016997582
624	0.5413206327525323	0.2588303721953713	-0.35341991409282364
625	0.38566528952287915	0.29440124782479477	0.05837812015657471
626	0.4086555221236629	0.36113450900751404	0.8309378417779366
627	0.5084486075741089	0.3304854328499989	0.47611865079954985
628	0.5445608856877002	0.330443861880388	0.47563739068816135
629	0.590825868578028	0.29417722545106667	0.05578465087878149
630	0.46065066597793264	0.2649673806137986	-0.28237280158401834
631	0.5341175901138271	0.2992839110510068	0.11490388970476001
632	0.46676716976036486	0.40953759568777337	1.3912922214167236
633	0.4016641050767947	0.4193375520528559	1.5047446651775598
634	0.41203830730636326	0.42631314328537817	1.5854999096423295
635	0.4103348917683111	0.28243680213394806	-0.08013225185965148
636	0.42907860037267825	0.3491615379308115	0.6923287728059981
637	0.4150069137779977	0.3026849374969764	0.15427699987138163
638	0.3975307499982938	0.2491827114288951	-0.46510925736706293
639	0.3623000449625468	0.30930993285555825	0.2309734549712589
640	0.4100431769977187	0.3510378533389713	0.7140505601682674
641	0.4668844990715108	0.33293272359096654	0.5044505233929143
642	0.5158097764716872	0.4334598283431689	1.6682358784966747
643	0.5571004282752678	0.38390130888284857	1.0945052482282054
644	0.5541111269698835	0.2929434335295689	0.04150124967048245
645	0.3704741030218811	0.19489963052912093	-1.0935353394351015
646	0.2772456228897268	0.216841643069972	-0.8395163569975705
647	0.27552569497860907	0.14766986672276614	-1.6403063578418677
648	0.26865789345322866	0.4799827649472463	2.206824077467558
649	0.3349878700221573	0.4937905056195104	2.366673964928874
650	0.4113627604216271	0.2718645442535741	-0.20252550014714876
651	0.5093508922930142	0.2038112565505252	-0.9903669463988476
652	0.46317575316037307	0.1483636503785191	-1.6322745413465463
653	0.39639325608809006	0.16171417933624266	-1.477717716874319
654	0.3339277202793671	0.261985527180529	-0.3168932164040724
655	0.2924454519229465	0.4883446515771892	2.3036282301878948
656	0.2987527803364623	0.4515590328132154	1.8777673193273845
657	0.28750084755069766	0.3040432540362946	0.17000200160052117
658	0.24454262459875545	0.3285683285388362	0.4539246571792521
659	0.33414024273550397	0.2580222481548175	-0.3627754299591372
660	0.5003222853491449	0.25604815579353335	-0.38562916463445485
661	0.5412240646015101	0.3545509407548786	0.7547209813040421
662	0.7359118858713976	0.4834205162332924	2.2466223449204152
663	0.6642651900573342	0.5554903525960306	3.0809626983049756
664	0.45348168818708484	0.4553924397842647	1.9221460259862182
665	nan	nan	nan
666	nan	nan	nan
667	nan	nan	nan
668	nan	nan	nan
669	nan	nan	nan
670	nan	nan	nan
671	nan	nan	nan
672	nan	nan	nan
673	nan	nan	nan
674	nan	nan	nan
675	nan	nan	nan
676	nan	nan	nan
677	nan	nan	nan
678	nan	nan	nan
679	nan	nan	nan
680	nan	nan	nan
681	nan	nan	nan
682	nan	nan	nan
683	nan	nan	nan
684	nan	nan	nan
685	nan	nan	nan
686	nan	nan	nan
687	nan	nan	nan
688	nan	nan	nan
689	0.3769904561155909	0.2509417396224909	-0.4447452843274776
690	0.40939655269688285	0.2802652266469231	-0.10527221541009477
691	0.4055732828708343	0.3935716745145158	1.206457441901489
692	0.4439053039911979	0.35416572331397167	0.7502613838913533
693	0.4788932194087734	0.40062058105157455	1.2880614452948567
694	0.5738752922646385	0.4238679187864504	1.5571919575849447
695	0.5997658679619194	0.43243420827632556	1.6563624477773178
696	0.5479384145790837	0.402932503992165	1.3148261876697598
697	0.5191242917475841	0.30432324891993734	0.17324345519545561
698	0.42338576663294375	0.19378665689202726	-1.1064200477200858
699	0.3350804301975089	0.2302765009002944	-0.6839832713748322
700	0.2979270541941197	0.1821243603010385	-1.2414324905127532
701	0.3752777066945201	0.21830943924322585	-0.8225239279912756
702	0.4556209369048297	0.18420988545401779	-1.2172887171819629
703	0.4727648941014764	0.1725666481757769	-1.3520805135220244
704	0.4743626818255203	0.2526145783817213	-0.425379111848511
705	0.43541718689618714	0.214408266009053	-0.8676871532611615
706	0.39764902062531876	0.3898345607813548	1.1631935058343896
707	0.3562570811269732	0.5002980173102651	2.4420103313997386
708	0.28843217113558334	0.3519381753261247	0.7244734361290325
709	0.4100022144451181	0.2524513462207651	-0.42726882307486175
710	nan	nan	nan
711	nan	nan	nan
712	nan	nan	nan
713	nan	nan	nan
714	nan	nan	nan
715	nan	nan	nan
716	0.4220500206358304	0.37749611153363843	1.0203533576516801
717	0.48549575856126403	0.3175400029853621	0.3262515902776755
718	0.3719715643192755	0.35559187545317833	0.7667717069315904
719	0.4059815040481437	0.4298499438703239	1.626444854140913
720	0.3518521320790881	0.3955306642705903	1.2291363362607524
721	0.3231091104673569	0.3217965935335538	0.37552942191193445
722	0.3433330906799196	0.18680768076429555	-1.1872144785464145
723	0.311394324993183	0.19787101700928778	-1.0591360987676661
724	0.330527027655245	0.24510564152252717	-0.5123088087762194
725	0.31189127722806687	0.21227122278800314	-0.8924273425863405
726	0.3351070097220213	0.20910680962727457	-0.9290612206138765
727	0.5103946127896457	0.21490572720418044	-0.8619281288164726
728	0.5642982643271155	0.24970010757926603	-0.45911944930412285
729	0.6277240455122413	0.22756347370014957	-0.7153915301853251
730	0.6146102844237779	0.2847133248132951	-0.0537773323449959
731	0.516716109528211	0.2852042106973653	-0.04809442916862099
732	0.4196612499269061	0.2702032505019995	-0.22175801801756453
733	0.43637300501740856	0.3011657113570718	0.13668917480599274
734	0.43021699999321505	0.34967974708836047	0.6983279929160643
735	0.46308482308610627	0.3869636067774746	1.129956955024255
736	0.3569515024749756	0.27246757419300444	-0.19554432413568337
737	0.3166890715239279	0.22687242543951927	-0.7233916794721654
738	0.2811368149306995	0.17558750440247217	-1.317108569933597
739	0.2878785123168659	0.17549263782257185	-1.3182068243461649
740	0.30693950485446153	0.202812542127866	-1.0019288950084957
741	0.32780193590219736	0.21260869677786462	-0.8885204630626804
742	0.34030864150987145	0.24369740653673821	-0.5286117079499872
743	0.3457865602492117	0.3492520841830788	0.6933770115134388
744	0.3368006058299291	0.3888151841097038	1.1513923538492987
745	0.385875720981654	0.33562785807178375	0.5356516412062822
746	0.4118813224231549	0.30182168098876405	0.14428322471559688
747	0.4020523701681061	0.28780127127160676	-0.018028696448377974
748	0.547829991738685	0.3235124898341779	0.39539406429336477
749	0.4205870970102399	0.26061183111407965	-0.33279626432769566
750	0.2583386428633651	0.2489170863706628	-0.4681843539142214
751	nan	nan	nan
752	nan	nan	nan
753	nan	nan	nan
754	nan	nan	nan
755	nan	nan	nan
756	nan	nan	nan
757	0.3179816969185306	0.24071693755396475	-0.5631160952198968
758	0.43822288650413965	0.37796079917380204	1.025732968172178
759	0.4537618365104777	0.45499607423457883	1.9175573687964074
760	0.39388339935385963	0.28627772846902205	-0.03566649479035181
761	0.35938893223970314	0.2726377334523693	-0.19357441905811976
762	0.325005083843787	0.2998620372377421	0.12159675916701045
763	0.38981166308936255	0.29373680203657476	0.05068594321089506
764	0.43645849687714705	0.310031290015753	0.23932448528197248
765	0.4187543759916872	0.279383177464334	-0.11548355019098584
766	0.4190448297808216	0.4340566786922718	1.675145514432045
767	0.4335713629206059	0.4834820944357155	2.247335225395291
768	0.46748740596939603	0.311169512476886	0.25250149494898677
769	0.5389724831544278	0.31330743783916976	0.2772518966746091
770	0.46475416524203245	0.24089987428623233	-0.5609982674912625
771	0.43484893920412804	0.18140942932811627	-1.2497091259360844
772	nan	nan	nan
773	nan	nan	nan
774	nan	nan	nan
775	nan	nan	nan
776	0.3076061880017155	0.2687827256492273	-0.23820319491082442
777	0.3930542624917419	0.32426235837688305	0.4040751660758582
778	0.41254193897835534	0.3589979057871895	0.806202746267024
779	0.39838674601315033	0.3425122593362188	0.6153511947740161
780	0.3287292421323073	0.2740871495997648	-0.17679477251455544
781	0.3152376000130792	0.2948747985605832	0.06386033724188372
782	0.29419117927593175	0.24716955636314242	-0.48841521439080365
783	0.2936751662262673	0.27216244228082476	-0.19907678487495217
784	0.3517388326821059	0.22937960625794812	-0.6943664695421975
785	0.42646188739149904	0.17743978694763285	-1.2956650069772582
786	0.48599719710606465	0.11930749038975148	-1.968652810210783
787	0.5142813477206919	0.18389761173178082	-1.2209038574530264
788	0.47636836026175233	0.23270356256307134	-0.6558855874115256
789	0.4948270404245333	0.248716374356385	-0.47050796308794285
790	0.5569148991078646	0.2666141553054909	-0.2633083684237169
791	0.5718459587181264	0.25836113171666103	-0.3588522320581228
792	0.5768569518180233	0.2957802646674908	0.074342765810372
793	0.4684991210136509	0.33819550954828387	0.5653769097567616
794	0.41638880603906653	0.34798748619887154	0.6787369737072978
795	0.516820095130348	0.3942554109181158	1.2143729430513772
796	0.5275530348734315	0.4290679840394499	1.6173922369219675
797	0.48273997830050003	0.34843526884033477	0.6839208779059628
798	0.3946644775925182	0.3597695156383275	0.815135543514311
799	0.2818925111241446	0.35404822918514445	0.7489011741571044
800	0.22618040621323382	0.2398981165306214	-0.572595448253758
801	0.2219334788203134	0.09485248646483999	-2.2517642705176457
802	0.2774547109933596	0.10623562028817812	-2.1199836480532652
803	0.30451225329338116	0.24228994890897107	-0.5449056077809041
804	0.3134933121702071	0.21072545211364044	-0.9103224692549793
805	0.4284539325931507	0.28552278728139757	-0.044406321728446954
806	0.5385498480248577	0.2756918086636658	-0.15821790488163393
807	0.5036289518495622	0.29875191442404375	0.10874505438417292
808	0.4498445696139337	0.24687014037196175	-0.49188150287567417
809	0.37500405571846707	0.24367052840789	-0.5289228715192877
810	0.41383960677057674	0.1980763919751901	-1.0567585073885926
811	0.46426863735458695	0.20605185232268242	-0.9644279466358325
812	0.4213212422182908	0.23510925793180373	-0.6280352574346209
813	0.5510879038489401	0.23196526820398577	-0.6644326968202512
814	0.548883077916687	0.2618959538767422	-0.31793019145087476
815	0.5590303360250641	0.3205324857859022	0.36089505949180456
816	0.5207058505779459	0.27739131614301216	-0.13854299312297977
817	0.6457284993460294	0.28344606627093805	-0.06844817098459129
818	0.5889899165550434	0.2783093377810622	-0.1279152112857872
819	0.5090389934356773	0.33779757777716746	0.5607701206853233
820	0.4959086168239176	0.40210627569411544	1.3052610818645882
821	0.4538996885060122	0.19020244073421727	-1.147913914317235
822	0.47673149663832576	0.17781765961823806	-1.2912904387329196
823	0.4088992651105364	0.21253015611686377	-0.8894297150627084
824	0.3478911698694985	0.2267622705266073	-0.7246669243402604
825	0.3231373226532023	0.22805920676530136	-0.7096525120102122
826	0.2768708161396815	0.27293172409195415	-0.19017093895462117
827	0.26825633369586865	0.24273283331900425	-0.5397784095822602
828	0.29354857708227533	0.1260511702618963	-1.8905823644931248
829	0.3691356863893476	0.14151620032495177	-1.711546316971533
830	0.4208694217312878	0.17698331929939454	-1.3009494560361252
831	0.42474099983625907	0.29508405509395247	0.06628286487356327
832	0.33654502725775953	0.2641845608960765	-0.29143537356813265
833	0.319665403399738	0.3136269644447096	0.2809510023537185
834	0.3961334703767448	0.3977096373802308	1.2543619408418787
835	0.38098252146623834	0.3217983104536345	0.3755492984064456
836	0.40228702509179903	0.25410608067373164	-0.4081122410993333
837	0.3926224889198866	0.19840881376955097	-1.052910116281059
838	0.3717849439820809	0.2163941510135268	-0.8446968971424391
839	0.3523301270790781	0.23179974763722344	-0.6663489005350732
840	0.4044259698415535	0.379957969907131	1.0488538772724587
841	0.3993410237535823	0.21796726489003226	-0.8264852228293235
842	0.3964434894826712	0.27862594436799615	-0.12424991017011931
843	0.44943926803041323	0.28317301356807334	-0.07160925612226389
844	0.37984246833675345	0.31987173326916807	0.35324563892788147
845	0.43129364881344573	0.2654637845419468	-0.27662601694102185
846	0.4551386660243345	0.2819986348617271	-0.08520484054857759
847	0.3805556498290686	0.30465438470848416	0.17707695843034396
848	0.3928924137603449	0.2858604282200936	-0.04049750946625628
849	0.38911449606007964	0.2245892770439274	-0.7498233037874998
850	0.3305242456360155	0.3679464082011148	0.9097980510866306
851	0.40321427930590986	0.38872919580656334	1.150396881750985
852	0.39598726265504397	0.21365468757518494	-0.8764112038286127
853	0.4443712504738997	0.2946874613146425	0.061691565507846075
854	0.40595994494746207	0.30244627843371896	0.15151408410486847
855	0.4351982787255411	0.19706858137188057	-1.0684257609491228
856	0.46393585050472175	0.19919530964564292	-1.043804986030849
857	0.49174010579517824	0.22472972752919623	-0.7481973321823691
858	0.46573534883289625	0.2544198195642764	-0.4044801388216191
859	0.3783709664280019	0.3385680617382647	0.5696898836932962
860	0.27002226584133404	0.3391883930429589	0.5768713546955205
861	0.21318016761681285	0.31320046361049414	0.27601347405204296
862	0.21527191265458182	0.21607148765690945	-0.8484323164602988
863	0.23070833377743946	0.24079989989818562	-0.5621556541381874
864	0.2321133715201347	0.22045719077229944	-0.7976597703882208
865	0.3066571152606744	0.22020682421900717	-0.800558221794412
866	0.3881097942165006	0.15610682323446065	-1.5426331337481212
867	0.4240637757142363	0.1998116581042319	-1.0366696237669624
868	0.4986964716366556	0.1900298210091715	-1.1499123037914518
869	0.4734835389169348	0.24284436133457693	-0.538487268536
870	0.5515741295474195	0.25838812767475594	-0.35853970439948485
871	0.501989665846933	0.2539513087261028	-0.4099040098613538
872	0.5258069546372923	0.2683090419502793	-0.24368695128823004
873	0.46860261289084393	0.25675532069864393	-0.3774424356697673
874	0.5020555846810782	0.30051393911524393	0.12914371737168
875	0.5543396774553203	0.29169367365502263	0.027032990159990423
876	0.4055165432860479	0.2063276597551102	-0.9612349704581198
877	0.2806486570445854	0.25064077188692563	-0.4482295370956538
878	0.26693666687086354	0.29449438089418906	0.059456306010072735
879	0.2700963247577184	0.2926443774776559	0.03803912814187186
880	0.26903435083084654	0.2897450754095722	0.004474396568479993
881	0.36908851390893876	0.2709155050516016	-0.21351236709609203
882	0.3204386210918516	0.3020978468311567	0.14748035014508876
883	0.43011420195218675	0.34071143623656824	0.5945033691485597
884	0.4884534391114758	0.3134265378843579	0.2786306978320069
885	0.47751388000166517	0.32812509458178746	0.4487934123336998
886	0.37356697699398195	0.37402350646717786	0.980151593855062
887	0.44523879184918314	0.367200083877938	0.9011579801364937
888	0.40482239139620624	0.29220792392816475	0.0329863789322637
889	0.34994198228458756	0.20779150411719993	-0.9442882909038782
890	0.3328760869922715	0.2785843965264434	-0.12473090253187535
891	0.34869531483042054	0.3003455044701134	0.12719377786254732
892	0.3804396728534092	0.2644685936742669	-0.2881471739483165
893	0.4143283708512503	0.298020253558654	0.10027473981436578
894	0.4630286823498104	0.27524522879719826	-0.1633878847568154
895	0.42590705146270297	0.1946587900047865	-1.0963235096089747
896	0.3738018302675875	0.20806708110142436	-0.9410979825861903
897	0.36935081887501453	0.24322895085781887	-0.5340349404203283
898	0.39168202445343425	0.27546963011468073	-0.1607900285110215
899	0.44163646281850516	0.24291966910009022	-0.5376154432223595
900	0.3898337798924291	0.25762544864438686	-0.36736911103937747
901	0.35959660556881956	0.45297932606713043	1.894209815039694
902	0.3569125972979959	0.45071378242159277	1.867981997949723
903	0.34089292532551313	0.3493506893128408	0.6945185464878917
904	0.37390079077186955	0.2874139189107313	-0.02251300946985527
905	0.3413411077137913	0.3021077743446803	0.1475952792965829
906	0.36745237490983174	0.27906991440959944	-0.11911014379769329
907	0.4805124635387497	0.3581243120262474	0.7960892984779873
908	0.47757367690258945	0.3204106806227801	0.35948494163983863
909	0.5039318551232159	0.32507775150321233	0.4135148349235129
910	0.4343757738041472	0.39051062999509506	1.1710202452190248
911	0.3688598125448304	0.29369614041100955	0.05021521042231881
912	0.42700424675234344	0.33828401148007936	0.5664014817105235
913	0.3790708023918981	0.23996098346315264	-0.5718676483675431
914	0.3218409160227083	0.19891370508684114	-1.0470650745639047
915	0.3102709321500706	0.30979760121468003	0.23661910940338837
916	0.4585340283361929	0.34140462675863126	0.6025283190350827
917	0.6329684506540899	0.2863467332671408	-0.03486763786832651
918	0.6378555522455998	0.18819181932761225	-1.1711905395958893
919	0.4761622144222058	0.21960300606182198	-0.8075485228700279
920	0.3501351605637872	0.31029358312405286	0.24236100840612332
921	0.28697931113468395	0.2898206090520944	0.005348836822197485
922	0.3425257325387583	0.28025321726801083	-0.10541124596644515
923	0.4731128772647004	0.36527015693063236	0.8788155410179015
924	0.6245677522084959	0.417886865685809	1.487950313515096
925	0.6373891037407858	0.2883946007798008	-0.011159820695025618
926	0.4931807060457145	0.3350149386110494	0.5285559758728481
927	0.4318864832369816	0.3557025105022442	0.7680525102550467
928	0.4561823422017208	0.39699861328054176	1.246130534631746
929	0.5219899628643775	0.35487766163199275	0.7585033738530903
930	0.5180345716929565	0.35363147701305647	0.7440765044744432
931	0.4219303516870098	0.3070279297485878	0.20455508946933862
932	0.2986501863980085	0.3977205230223705	1.2544879620869378
933	0.24165315690709688	0.4016539355482119	1.3000244162048569
934	0.27446161665037555	0.17522972229104924	-1.321250553159101
935	0.39552044952581367	0.12040778097133414	-1.9559149315226327
936	0.46098253628671265	0.26844654246217464	-0.2420951310278387
937	0.4732934958780467	0.29713041246534105	0.0899731993957906
938	0.4022490117260544	0.34053068712959544	0.5924108671893962
939	0.4225831138311949	0.29204321982592807	0.031079627289698757
940	0.42201700897697897	0.25019893083228323	-0.45334465654472117
941	0.4314732317982255	0.18581578768541115	-1.1986974576084286
942	0.45808959962423473	0.10883842676365019	-2.0898513960025342
943	0.44443657066930453	0.16044909839669555	-1.492363345773062
944	0.42238608794966226	0.2523346698620236	-0.42861956562260467
945	0.40695410346064437	0.31949454671141775	0.3488790136964689
946	0.43749550768576784	0.2532999153383414	-0.4174450813659672
947	0.48410941741719143	0.17249769901451026	-1.3528787263455868
948	0.44008977338815547	0.1985332772520457	-1.0514692235135845
949	0.40309129680560907	0.15563031449736717	-1.5481495951161806
950	0.26187187808104434	0.1820734984555218	-1.242021309529195
951	0.23862073124109462	0.2837043736376861	-0.06545779011887565
952	0.29328118942029646	0.2750163693739838	-0.16603735174157522
953	0.36906628433655453	0.22910891360033003	-0.6975002328336658
954	0.4729839458663695	0.30762408102323713	0.21145663233753859
955	0.425044042193675	0.3633074190210754	0.8560932549172533
956	0.31538114109660365	0.35372631088902734	0.7451743802791296
957	0.3040754210768271	0.3191872024631288	0.3453209411147934
958	0.3421172666779082	0.2673645568299616	-0.2546210964011194
959	0.2825745854572014	0.24392556774856713	-0.5259703240408042
960	0.3064356630732661	0.20975244644895263	-0.9215867919049545
961	0.3191248956498982	0.17492568221291382	-1.3247703739195895
962	0.3601691948180561	0.16067815545141165	-1.489711590841704
963	0.39031429960950476	0.19227399118390817	-1.123931923771983
964	0.4124474429141383	0.26439033947049895	-0.2890531096812209
965	0.5136516725491861	0.3019077190010724	0.14527927228857226
966	0.43477199756189355	0.2561107807694864	-0.3849041658387814
967	0.42169195737360254	0.1827050703386133	-1.2347097082446556
968	0.35794849045777966	0.22702528129528593	-0.7216220929828143
969	0.23559851972593174	0.13962201613562195	-1.7334749682029098
970	0.22544496303538242	0.14715567122949175	-1.6462591124368415
971	0.22258752415837504	0.22763032379993384	-0.7146176178428982
972	nan	nan	nan
973	nan	nan	nan
974	nan	nan	nan
