ID	SN	ssim	z_ssim
245	0.4186563498674842	0.2419513534390688	0.09891710948216362
246	0.5202106273621425	0.24398210933192002	0.11722925354868709
247	0.6161171694173533	0.23830427177097843	0.06602990469130209
248	0.6503236418848046	0.3197110768490066	0.8001078644460904
249	0.7738313424254767	0.27483037130234933	0.39540046033574594
250	0.8691985392215664	0.18079813828892105	-0.45252606982990917
251	0.8628885633445641	0.10868244065475904	-1.102822370425878
252	0.6709687063778605	0.17394223160305702	-0.514348542624467
253	0.57869294157032	0.2082813256729257	-0.2046990963591879
254	0.5847964902149649	0.2800475107182376	0.4424455084063672
255	0.5954382434242035	0.2796363115317694	0.43873755967203126
256	0.5927325831030461	0.22784224146039142	-0.02831043771529722
257	0.636684269331687	0.08330803328997488	-1.331633624847101
258	0.654952711192814	0.2290649353797391	-0.017284914027700986
259	0.664891229591061	0.2234611067097187	-0.06781689489786348
260	0.7703520825837633	0.06643379965146894	-1.4837953881039587
261	0.7540940337674339	0.14856293909789622	-0.7432038483246634
262	0.7327387810590953	0.25729583641368187	0.2372844946743413
263	0.6502997853358065	0.2852413149979755	0.48928013415271954
264	0.724019013137159	0.23153318576061072	0.004972294101490744
265	0.8377198537806515	0.19148739894947797	-0.356136699807739
266	0.896062069288525	0.11096688572442619	-1.0822226088419935
267	0.8160145676056487	0.09152617141634915	-1.2575273623177035
268	0.6363639400141347	0.14860116052575564	-0.7428591903104461
269	0.639565800602898	0.17557283069705137	-0.4996447736342694
270	0.6150571858645587	0.1785880124285971	-0.47245566516033444
271	0.8370086825748437	0.1998869189354905	-0.28039484397220243
272	0.8590104525046186	0.2458445711012526	0.13402382169864094
273	0.8582510475476419	0.2591149687696428	0.2536883440467341
274	0.8612376914974557	0.25024935169675533	0.17374350299082367
275	0.6758964763862286	0.3161700539202944	0.7681770340387001
276	0.784986514437413	0.450304960356791	1.9777255276127197
277	0.8732774228930296	0.38161864802965184	1.3583533760111675
278	1.0741203007384639	0.3124461496068333	0.7345970885030979
279	1.2030680810403773	0.3034785766649383	0.6537328702988725
280	1.236187598168648	0.14932044694965357	-0.7363730948295069
281	1.1013570040033878	0.1213808060092495	-0.9883160939209774
282	0.8706511914096359	0.19686595669671747	-0.3076360776087414
283	0.9731637729469722	0.39903966133942204	1.5154456718584186
284	0.8292439484606885	0.3807625259599212	1.350633378381405
285	0.8172862088790929	0.40121134806113956	1.5350286459891065
286	0.8656832651614316	0.2637210713593234	0.2952234268719729
287	0.7522751623904359	0.1973168244997458	-0.3035704209766094
288	0.6517013985395154	0.2085084582873007	-0.20265095006485356
289	0.6553092308506544	0.19533942351876837	-0.32140144230635825
290	0.7279713696214003	0.2177002422353783	-0.11976493088446477
291	0.8691710493994418	0.2867046579379999	0.5024756870159603
292	0.8820405288043461	0.30062585650877305	0.6280087433050424
293	1.0488892903093228	0.18272581975406094	-0.4351433894061944
294	1.3181454484070059	0.2003465670053392	-0.27625001213662853
295	1.4336543521426979	0.12509295543714585	-0.9548421469244929
296	1.240816398509101	0.20497548453023387	-0.234509197848549
297	1.069012079267784	0.11090120528133232	-1.0828148758596698
298	0.8616131910624282	0.25879004498440067	0.2507583753651513
299	1.0039704457891057	0.3563179707208041	1.1302069752097683
300	1.0663832490123197	0.3199966814922246	0.8026832765825695
301	1.1036393496013819	0.33369916539618516	0.9262440946020332
302	1.0218580176493746	0.2907270782612955	0.5387474716827438
303	0.9242700514438809	0.33991965587382933	0.9823367634412821
304	0.8798723546310896	0.26863158671285364	0.3395035222351181
305	0.6358911272354599	0.24605282633565928	0.13590174305220565
306	0.6043505440347292	0.19139391430076885	-0.35697968854961387
307	0.7781600536428754	0.16107786408946928	-0.6303517274793297
308	0.7886937334492454	0.24081584555152558	0.08867777737013398
309	0.7643894529438449	0.2320789004557645	0.009893223373223186
310	0.809015530507331	0.2133210674400697	-0.15925371435985702
311	0.8224101146847467	0.177476796952751	-0.48247594280880834
312	0.7774159416495233	0.1770819991969793	-0.4860359932345052
313	0.713088447502989	0.18800663458758712	-0.38752415444024674
314	0.7157697282740254	0.16584666672778275	-0.587349512764589
315	0.6876013489082566	0.19042354406332132	-0.3657299079376551
316	0.7218612135240491	0.16064566441135741	-0.6342490461078022
317	0.8379703309863588	0.15289699593604483	-0.7041219116467661
318	0.9483831681884763	0.22453928515459332	-0.058094525468102245
319	0.9986219113606316	0.25236990030933243	0.19286534418812162
320	0.8225045208514203	0.28794553906810555	0.5136652121104913
321	0.891301657515921	0.32154283741496664	0.8166255874758832
322	1.0081274963586089	0.29747195024079603	0.5995686997947329
323	0.9291509746291803	0.11357772846324378	-1.0586795879715047
324	0.9779020016863526	0.2601651265757582	0.263158040087438
325	0.9715158109931403	0.3055289402744703	0.6722218250465504
326	0.9753059284719677	0.304820907732042	0.6658372103489514
327	0.9684208096708256	0.39202789500243135	1.4522177497946323
328	0.8483103925593519	0.2102263452270552	-0.18716007140163057
329	0.5735348838773418	0.03657662210440579	-1.7530295873429131
330	0.4094509934983775	0.03370176058211554	-1.77895337195573
331	0.2326714477142512	0.049933351697619976	-1.6325865752460114
332	nan	nan	nan
333	nan	nan	nan
334	nan	nan	nan
335	nan	nan	nan
336	nan	nan	nan
337	0.12634259102928233	0.07327884464817633	-1.4220708595366425
338	0.2657258208625576	0.18699606407364372	-0.3966368759179275
339	0.35691015033901063	0.45985495343587146	2.0638416628479037
340	0.40878970307247203	0.4750553686827532	2.200909931295011
341	0.5301981007904143	0.23149145004590818	0.00459594634692184
342	0.5709384810861793	0.018791245127048033	-1.9134074971809736
343	0.7186725259787591	0.19087862192502303	-0.36162628751025516
344	0.7567826886365131	0.2686066807965413	0.33927893555326943
345	0.8457032309627632	0.221818524764767	-0.08262871808297018
346	0.916262072158718	0.26847469815544855	0.338088794903436
347	0.8463398890775332	0.24290691682539567	0.10753380952804881
348	0.6851073925188723	0.16633568667594018	-0.5829398228685329
349	0.5643222275922637	0.8665952238050851	5.731582554245817
350	0.6072844530745497	0.8499545677960071	5.581527054580688
351	0.61059471950408	0.32153094341385374	0.8165183344758188
352	0.47499937962983313	0.1074256449599545	-1.1141554035621917
353	0.4185704179649016	0.12543851564127634	-0.9517260913394909
354	0.4001926370076079	0.07292246948129248	-1.4252844379980822
355	0.4902045977988695	0.018108857954757317	-1.9195608572436598
356	0.7828510455633341	0.13403639185236754	-0.874195577505758
357	0.9099211602771297	0.24459955322347676	0.12279699388369456
358	0.9073158045276226	0.22086500668215522	-0.09122697480121425
359	0.8487999819503536	0.22969712025242459	-0.011584248326793178
360	0.8745271861915975	0.2603467442401071	0.2647957597396575
361	0.9052247674013914	0.21687782566455618	-0.12718099245080383
362	0.749087162200587	0.14410520300267027	-0.783401050693338
363	0.6554522037042864	0.21536532089742952	-0.14081985731606317
364	0.743916421223505	0.1929297363030029	-0.3431305627810021
365	0.8559023670122243	0.24118626474415777	0.09201799647000934
366	0.9098172454906114	0.15751101760445074	-0.6625154192981066
367	0.7729514290723531	0.09998835440371931	-1.181220448952337
368	0.8948760563152633	0.05759029764924489	-1.5635408086576532
369	0.8593416744017658	0.21105488359280694	-0.17968880714397248
370	0.8069548298315822	0.29380149107484405	0.5664706906869843
371	0.6264032370073243	0.2437937436160863	0.11553068399747533
372	0.4983194747576672	0.3973030191230739	1.4997856693097504
373	0.40416708465048934	0.6072877480947124	3.3933025721708177
374	0.3087344372684946	0.624699682249877	3.5503129976230476
375	0.40169244338481874	0.5550558915161559	2.9223068774664185
376	0.5794383343091523	0.19694791957763785	-0.3068969852890761
377	0.6481861532638262	0.19304945074222907	-0.3420510494501926
378	0.7143881702944077	0.1641017680808717	-0.6030839668741149
379	0.6633862514895762	0.2532609555072718	0.2009003479093126
380	0.7138696680368998	0.272170438203472	0.37141477191035493
381	0.70975061197643	0.23315163807532746	0.01956653068906989
382	nan	nan	nan
383	nan	nan	nan
384	nan	nan	nan
385	nan	nan	nan
386	1.026487610712557	0.18242265993300877	-0.43787710365409166
387	1.0100327520424117	0.21079311489244204	-0.1820492809803716
388	0.9017935357846778	0.22946215623815758	-0.013703013509182991
389	0.7733167845211274	0.22818330511595636	-0.02523492932034617
390	0.729090953706327	0.18907667534510172	-0.37787516581604147
391	0.6426113554238606	0.18759959916489966	-0.3911945568390136
392	0.6684784954886592	0.20003765088418285	-0.27903563326174774
393	0.6475251520167677	0.16533734305472292	-0.5919422895283524
394	0.6907159586387709	0.1792597682207881	-0.4663981725353336
395	0.6723369338818352	0.2442774243087276	0.11989222767538506
396	0.6585236035762775	0.3222640973311779	0.8231294787321213
397	0.6275909206907123	0.24079077836805804	0.0884517364773731
398	0.5936217892667957	0.15719427769443847	-0.6653715906795024
399	0.688538225400735	0.290910607313176	0.540402427086423
400	0.7358610633233218	0.2852316025895512	0.4891925534528803
401	0.7480862612131858	0.2018630599851199	-0.2625751839510381
402	0.6700311156302601	0.21900809298240176	-0.10797151377248568
403	0.6691497272219544	0.30511223570289725	0.6684642320366339
404	0.7010870396440646	0.2304404334871447	-0.00488149341239653
405	0.829775151130222	0.19155277709698493	-0.35554715871116294
406	0.7833475763446056	0.2698619123562853	0.3505978642535605
407	0.6679479863299828	0.27891858779314427	0.4322655555537945
408	0.5842960375267435	0.2992050249994758	0.6151965331402962
409	0.6098094730444878	0.27191346104226904	0.3690975053130648
410	0.5781178643008483	0.2213884553723463	-0.08650682706708465
411	0.6275428763242177	0.3150997345060461	0.7585255326544579
412	0.6074173834410048	0.20143802558892532	-0.2664078903456089
413	0.696903660679736	0.24764115280564875	0.15022432276033726
414	0.6082260849909946	0.24564193251174052	0.13219654789500696
415	0.6234240198187687	0.15769053898152344	-0.6608966027128398
416	0.6258714435389164	0.12389848152204137	-0.9656131994641395
417	0.6510806357093456	0.12774310827201113	-0.9309446510801148
418	0.6612062838917275	0.14700264052077333	-0.757273689230529
419	0.6355167135155958	0.23012946312971339	-0.007685638413648015
420	0.6641193452406482	0.2483048926475976	0.15620953233242124
421	0.6649235780833612	0.29494881913438614	0.5768166100522119
422	0.7336945251664908	0.281150763100824	0.45239397963463096
423	0.8367712959722725	0.13589447639309726	-0.8574404805896781
424	0.8137600731118385	0.040105123047025834	-1.7212116727291573
425	0.7806482361817061	0.0928421380546707	-1.2456607609440404
426	0.8119589633509199	0.13911765342630866	-0.8283757946804295
427	0.9253176999524314	0.11149707870785258	-1.0774416450985214
428	0.8889398704268394	0.09458566801527643	-1.2299386488303659
429	0.6909683936747173	0.12151687844716855	-0.9870890739254041
430	0.6128683271402969	0.10438692884337959	-1.1415567310678125
431	0.555653065741135	0.1544574404862908	-0.690050754442438
432	0.6561640808577157	0.18530033956344327	-0.4119279070247373
433	0.7018877888915529	0.11791181705217618	-1.0195973649839978
434	0.7582708879234875	0.11664322179131753	-1.0310367995614034
435	0.7412444650202156	0.27701918724056346	0.4151378955128532
436	0.7006729177728821	0.3224389808646596	0.8247064740131659
437	0.6196198423058725	0.3224478164432018	0.8247861479846882
438	0.7577217700642481	0.3509962413546338	1.0822187974187223
439	0.7280014802967024	0.2767631508529973	0.41282911225047847
440	0.6588565530622091	0.22005489447834953	-0.09853208293280272
441	0.7103303052262321	0.23626267624997063	0.04762001533046267
442	0.7389832147312393	0.23522490300895815	0.038261995902966826
443	0.7967878898177295	0.2056945088564465	-0.22802546580803582
444	0.7095906310841116	0.14602649979804325	-0.7660759434092607
445	0.8027411933144012	0.12973128067367845	-0.9130164995102574
446	0.7838127984096929	0.1832679419340027	-0.4302548552915338
447	0.770507605114631	0.37672030756666974	1.3141830665412935
448	0.8466962311323607	0.3357638806815132	0.9448624641925775
449	0.7968794454906616	0.35948810719893215	1.1587933730640743
450	0.8276379463436385	0.24771997538655366	0.15093509772955296
451	0.7687947984982375	0.2837316192321147	0.4756665991836061
452	0.6775091960422189	0.4521641742202298	1.9944908080866655
453	0.8340239108996366	0.3896564346594094	1.4308333364329193
454	0.8830334284641657	0.18821665691809084	-0.3856302984692215
455	0.7890936467255594	0.16128549562552397	-0.6284794302650896
456	0.753268051086959	0.14964851373022345	-0.7334147844927577
457	0.6716892841005486	0.20069034512025044	-0.27315002636811075
458	0.6925121191301392	0.24205415900739197	0.09984414871154713
459	0.6430689692016164	0.19894420043040137	-0.2888957165488328
460	0.6483450006058165	0.2450476576206702	0.126837731772052
461	0.5588974548171382	0.23894641640919995	0.07182038161078451
462	0.5715304803847945	0.3048741564915564	0.666317375867133
463	0.6476544793609201	0.36126399952308025	1.1748073096484335
464	0.7346033065786554	0.23335518967325228	0.021402037457407687
465	0.8149820856108667	0.23658609702373984	0.05053643075203893
466	0.7591828251864944	0.19710751192520629	-0.30545787679214864
467	0.7242803614284042	0.18754869966955362	-0.39165353809568315
468	0.7316873002299934	0.2027457991188083	-0.25461516953169594
469	0.69641961382158	0.22193766211450608	-0.08155440860057202
470	0.7403798415641849	0.1650252989490546	-0.5947561169500643
471	0.6690530774931359	0.2687229492520241	0.3403273750602964
472	0.5729262514922587	0.33372798013801974	0.9265039287384609
473	0.5918584051410827	0.33356213002966495	0.9250083914913044
474	0.5946507734499757	0.2699682788404508	0.3515570136957683
475	0.6083251547161268	0.1989410542752692	-0.28892408669722863
476	0.5569908002517047	0.17917483212569313	-0.4671640755251032
477	0.47755772866224144	0.18496965655125427	-0.41490980897606183
478	0.5224335969457217	0.13783271926214094	-0.8399625637318298
479	0.5455512001871433	0.1376007542664679	-0.8420542855552693
480	0.5932452615974243	0.1516481836426181	-0.7153829552363865
481	0.5401723591770896	0.1406350651408722	-0.814692681893149
482	0.4648451618525275	0.11905046527379622	-1.0093297152143736
483	0.4561198193895349	0.10229195331013212	-1.1604479695055385
