ID	SN	ssim	z_ssim
245	0.4758291934605266	0.23896165474953066	-1.7399799447222262
246	0.5226021257565278	0.28943154664136805	-1.367972393235663
247	0.5580120029488664	0.3798987050998038	-0.7011497620282321
248	0.4844786876160967	0.655662290019915	1.3314707205981438
249	0.5741373998226902	0.5840046496950992	0.8032908033582007
250	0.528035309043855	0.5870169712210161	0.8254942659205577
251	0.5343794254455269	0.557392785897383	0.6071379304117169
252	0.4964560518599576	0.6111202033463861	1.0031563141192643
253	0.4404200730974645	0.3991281897594441	-0.5594115249043643
254	0.49582612417242006	0.5491161478978175	0.5461318192165994
255	0.6166480932028222	0.5880673912908654	0.8332367869280211
256	0.7195801869058129	0.47231397416377013	-0.01996783997980634
257	0.7377545380739179	0.3466499502402759	-0.9462223671326303
258	0.7635865870521247	0.33263075240913215	-1.0495562016917845
259	0.7225498110198211	0.33100083129871033	-1.061570155728059
260	0.6725189349119068	0.37355911997732916	-0.7478780875793682
261	0.543752714830997	0.5369662036848997	0.45657603005357755
262	0.5546002703842586	0.5778456631740734	0.7578936485508186
263	0.5925757213614272	0.5538170442465203	0.5807815653309933
264	0.6920592597762572	0.5404417873489011	0.48219414256316656
265	0.6427687315647765	0.43210894141157613	-0.3163143394657648
266	0.6915189956127512	0.3237694411217692	-1.1148718699328983
267	0.5936541615527287	0.26839910626770513	-1.5230000018138956
268	0.5057413323671461	0.35610179505139666	-0.8765539467454511
269	0.4713070788279707	0.4058645464954764	-0.5097586431291868
270	0.4339821939561909	0.4439017470496744	-0.2293909761269305
271	0.6127294928155906	0.6366789078013508	1.1915464752045493
272	0.6812374623352443	0.6536040445324865	1.3162996386830588
273	0.6749856307227671	0.5515360038668562	0.5639682888472749
274	0.713954358971739	0.4728583148752545	-0.01595556954166624
275	0.7861714432978404	0.4798212428103712	0.03536734150936949
276	0.965960158131229	0.45319361620542875	-0.16090171720849103
277	0.9559959704718551	0.5510245908026701	0.5601987241687167
278	0.8290299066898457	0.52986934453683	0.4042659280114251
279	0.7834681175000219	0.5195538675048899	0.3282317775660074
280	0.7430279430777498	0.5718018219634681	0.7133452160883648
281	0.743819424816827	0.5408365826130641	0.48510413135162106
282	0.7594479651048619	0.5913055410814586	0.857104802685355
283	0.8607498626732694	0.7028740603382826	1.6794630466986564
284	0.8298834993816021	0.6314597194280733	1.1530764604153136
285	0.8231344969460024	0.6036882858739618	0.94837653714467
286	0.7364070433952036	0.6518973292392313	1.3037196438875627
287	0.6433311082544914	0.6021179368035624	0.9368016815077596
288	0.5635715751853677	0.5209425013913607	0.33846723226292597
289	0.531869313978714	0.5439841660666856	0.5083045934447595
290	0.5353482037374797	0.5739237654501982	0.7289858083563858
291	0.7127210424607013	0.5665516333996459	0.6746467025933095
292	0.7650846398708069	0.5831609504003233	0.7970719965195975
293	0.9456168285656323	0.48014445346054996	0.03774968864902777
294	1.0341441897429215	0.530418870623423	0.408316419230815
295	1.018965550542653	0.4174636398065082	-0.4242631102410139
296	1.049222692727556	0.3547135214854248	-0.8867867455629624
297	0.8766159939201402	0.437315655435995	-0.2779362716136307
298	0.7896177509667048	0.5372757146723353	0.45885739861368585
299	0.7640799320967332	0.7088923260696806	1.7238229653553268
300	0.7637269666721812	0.6884065994742383	1.5728251188070133
301	0.9046930591365645	0.6557401993729246	1.3320449811436803
302	0.9102974154484167	0.60151004231015	0.9323209637257373
303	0.9052955630700958	0.6079074788699306	0.9794757053189025
304	0.8689378402481083	0.6069295873513408	0.9722677836092688
305	0.6329231061176199	0.4919199743888303	0.12454564845406207
306	0.6479056738908042	0.3635329380306025	-0.8217798784679634
307	0.678636332340528	0.41178814701826727	-0.4660964904304932
308	0.6779398683339234	0.4555343474681068	-0.14364846634789752
309	0.5977636223851812	0.6021238480537416	0.9368452526275495
310	0.6011493671406525	0.5864115595381356	0.8210318486387372
311	0.7670952037593952	0.575962929351512	0.7440162421768761
312	0.6392217719221447	0.4889917734940378	0.10296222902714823
313	0.6174769699915165	0.4791978298839111	0.030772239208882685
314	0.48616727641569113	0.5362788516215743	0.45150964000394356
315	0.41405058011385776	0.5272884499170957	0.385242461700266
316	0.4143218840900925	0.5427025157624078	0.4988577019677932
317	0.547759103905354	0.5296742146638833	0.40282764899921036
318	0.7309527322161062	0.5428591673155907	0.5000123618759426
319	0.8320027541428275	0.5107814051321319	0.2635710040737325
320	0.7791757462675233	0.5773096137306228	0.7539424920601105
321	0.8278345729828328	0.6093245510518026	0.9899207752982023
322	1.0540482386396304	0.6079605386816911	0.9798668028607334
323	0.9806462107537232	0.40755688872957047	-0.49728459043789386
324	1.0028044248347725	0.5618255460109918	0.6398112763290206
325	0.6500151869414879	0.5844000101693345	0.806204958242662
326	0.6314928151875701	0.6060059493589505	0.9654597581681705
327	0.6978158851465673	0.6949205846480582	1.62083892632865
328	0.6093275563554588	0.454625127149311	-0.15035022083712687
329	0.40097226355682003	0.7927348537539083	2.341816233521974
330	0.3252110238688832	0.25640141063952887	-1.6114335848238235
331	0.25131011590811353	0.2234248911841762	-1.854499575244913
332	nan	nan	nan
333	nan	nan	nan
334	nan	nan	nan
335	nan	nan	nan
336	nan	nan	nan
337	0.12495211252549056	0.08842436634056687	-2.849572336726188
338	0.24227897878625274	0.23705011798167813	-1.754069654169382
339	0.2973806736247336	0.06514930078833707	-3.021130067924233
340	0.37149115542673417	0.07195389031144907	-2.970974250416461
341	0.4244106307618617	0.059317286726116684	-3.0641171477493976
342	0.47876656753971075	0.007332328442462559	-3.447292072844908
343	0.5438366746151196	0.4253941370152909	-0.3658083615161129
344	0.595617645880561	0.4494840834834377	-0.1882442403116633
345	0.7499649146808693	0.437484423538047	-0.276692302069413
346	0.8365754120903428	0.5616552418970799	0.6385559850246483
347	0.8607219658741294	0.5403220281439122	0.4813114117518662
348	0.8232264332285663	0.3372755023435731	-1.0153203040979912
349	0.8220636937512948	0.3692122062808365	-0.7799186697985898
350	0.7368409943046305	0.39838535385190366	-0.5648868797498362
351	0.7131372225268211	0.10008280105263885	-2.763639405451071
352	0.5900250599311135	0.10901840753466008	-2.697776116194416
353	0.3663733757379049	0.12954619815152735	-2.5464682207629084
354	0.2604600118641371	0.06236162059203899	-3.041677726048307
355	0.3081970783030895	0.013937741824840212	-3.398604358906446
356	0.5432222036145137	0.4428417075396855	-0.23720440087995168
357	0.710295775049681	0.4049355012415854	-0.5166065248496566
358	0.7238941198341148	0.30077794256387325	-1.284339462648567
359	0.8210266264888252	0.331511639358084	-1.0578050504677894
360	0.8936219933007739	0.5112665628092347	0.267147043426674
361	0.9195344642350045	0.4996403831367473	0.1814518601999318
362	0.7699076405500205	0.4730507636925018	-0.014537052271130026
363	0.5523151214545037	0.44173160137257916	-0.2453868609890479
364	0.6519563887636463	0.4240004070431983	-0.3760813788521269
365	0.8593769319149548	0.5435983986658656	0.5054611479598758
366	0.853124275078655	0.35535949866034355	-0.8820253248792655
367	0.9171369145742497	0.23507182320212414	-1.7686514289557782
368	0.8497944397584095	0.35934247909224487	-0.8526672513318534
369	0.793820151987053	0.5354051115083881	0.4450694058770589
370	0.6815315107339786	0.5669270267643727	0.6774136822958935
371	0.605776119907282	0.45081997628520726	-0.1783975338574498
372	0.41191163838645717	0.20573638074002074	-1.9848794752826822
373	0.30676258164018455	0.4778868523785311	0.02110918043167072
374	0.29377137520256136	0.5465341528925262	0.5271002420947885
375	0.329131649793989	0.4172447041974046	-0.42587685849413853
376	0.41920859482259504	0.25451509878709516	-1.6253373644290547
377	0.5415846566623667	0.37815170973196494	-0.7140266564475999
378	0.5444618958987888	0.44632935134879004	-0.21149739447972418
379	0.5044355122303188	0.6129047997078149	1.0163103609761457
380	0.5791152614241001	0.6032883723625294	0.9454288223662591
381	0.7065227828425944	0.5950860964705377	0.8849708253937986
382	nan	nan	nan
383	nan	nan	nan
384	nan	nan	nan
385	nan	nan	nan
386	0.6536233375774226	0.4785752521768535	0.026183293210960478
387	0.6499064862537327	0.5760241438378169	0.744467446851825
388	0.7186050596062321	0.4516804754182896	-0.172054897415107
389	0.8126707276800118	0.43096454304593024	-0.324749563278836
390	0.8467237266946535	0.3908433790992337	-0.6204778758060014
391	0.8168293642932716	0.42629317426508057	-0.35918166521356815
392	0.7656369273953575	0.433966726006465	-0.3026208308722612
393	0.5625620177304577	0.49423101095167	0.14158002322507218
394	0.6348510213965252	0.5564444825621775	0.6001480996715924
395	0.7572345865789546	0.5277059005382252	0.388319440421872
396	0.7953800702551945	0.48894318776000295	0.10260410937842367
397	0.8980586154082266	0.41230442268075373	-0.462291084120028
398	0.9059722313653026	0.26372907710379295	-1.5574222295920135
399	0.7964117828273933	0.4023936154784031	-0.5353424615333835
400	0.6693124244838279	0.4425595488219508	-0.23928415912354012
401	0.4911608996711949	0.4771292673741497	0.015525111753123402
402	0.5755394829367451	0.4695005862210289	-0.04070498683567764
403	0.613619768329373	0.48750611359341206	0.0920116071562318
404	0.6161426511093984	0.5584730193622972	0.615100202397118
405	0.6064186274155705	0.5558504991054937	0.5957699184815469
406	0.6052732937194208	0.6209533620951182	1.075635354045366
407	0.7656734741066767	0.6021874864816066	0.9373143238865335
408	0.8136308153989809	0.6458774689259528	1.2593479717581033
409	0.8269183956765971	0.4551199444727758	-0.14670298138335972
410	0.6759411315100705	0.4226769865410981	-0.3858361534735689
411	0.6604324429225233	0.48208461725142204	0.05205040446732228
412	0.6298723879280635	0.3594568776697963	-0.8518240330658098
413	0.5973769548678615	0.4857874218260444	0.07934333519898665
414	0.6226001975218233	0.5264131101802465	0.3787904369382154
415	0.5461435141819494	0.5512634773177161	0.5619595281691667
416	0.5064860165837247	0.4374365503260228	-0.27704516980340954
417	0.508516680879924	0.47881511243409125	0.02795127454892705
418	0.5001477109348876	0.5071258425552394	0.2366262884708124
419	0.5678799525780696	0.47602683551365876	0.007399218042454876
420	0.5622531798291961	0.49890369715391253	0.1760218357157074
421	0.5922135260124609	0.5752102724292549	0.7384684978036894
422	0.6294365550298469	0.5637518683755026	0.6540099686450503
423	0.5936790208479242	0.5313415630800995	0.41511747524098
424	0.6076935480758052	0.44355494331055545	-0.23194722511023547
425	0.6536351761210172	0.516921903694061	0.30883188634044206
426	0.686108245848374	0.5759393039963022	0.7438421025024056
427	0.7705025566517264	0.5691330982187853	0.6936743717762524
428	0.8320122112735825	0.4487507401153552	-0.1936496267813618
429	0.9254169529196625	0.30275533118031994	-1.2697643670823189
430	0.8135617189815484	0.39896720720204	-0.5605981081278887
431	0.716833905285861	0.4949435425634533	0.1468320087221751
432	0.5730766532594361	0.5618650973434607	0.6401028044817125
433	0.5445799845633533	0.4621949026453118	-0.09455430881882351
434	0.53233067391365	0.44100839736073044	-0.25071751147369087
435	0.5925124368571962	0.4853522156821103	0.07613548263722951
436	0.6583306801927213	0.3396202155993685	-0.998037702441228
437	0.5919123584025021	0.3300345610574022	-1.0686924183894044
438	0.6264451637456685	0.49485917255460365	0.14621012745327286
439	0.6510094234472074	0.46915079860384323	-0.04328322962820103
440	0.6253588602426822	0.45562561625503495	-0.14297573500888333
441	0.6235079156330693	0.5640957813135677	0.6565449098786941
442	0.5065405761104285	0.5177614045142594	0.315019746723862
443	0.5942275007355956	0.6643171500606615	1.3952646613324948
444	0.5281413352597015	0.48214082156846605	0.05246467978242152
445	0.4620897232296657	0.4201876801541353	-0.4041845338485158
446	0.5143930386927755	0.4480589248684692	-0.19874891442451117
447	0.6022086941571478	0.7312002646368219	1.8882521189358414
448	0.6136188820556752	0.7080115527584976	1.7173308903651507
449	0.5828309464266824	0.7621174801432548	2.1161392256484803
450	0.6198006879808274	0.4501301207033659	-0.1834823770433662
451	0.6251307369753828	0.5199177884861205	0.33091419569863045
452	0.5950784957990365	0.5943254705027671	0.8793643421369323
453	0.7794744372847624	0.5910529146431505	0.8552427233498733
454	0.7269135675928412	0.5768076675299071	0.750242706502685
455	0.6296670172154026	0.5386575329437202	0.46904261622498905
456	0.5888381316657969	0.5129206585612349	0.27933918586170586
457	0.48248830992913583	0.5238824471301118	0.3601372215333615
458	0.5704544151039513	0.5793872425314983	0.7692564460659572
459	0.56485817604233	0.5985126410920496	0.9102274769721284
460	0.5298922319498826	0.5727951248875776	0.7206667334293237
461	0.4931976721388682	0.518123155615613	0.31768617093080287
462	0.49597048035025787	0.603694821718609	0.9484247120757615
463	0.5944543885623272	0.6195701630916964	1.065439959222957
464	0.5406472008103775	0.5062643591450078	0.23027639703903796
465	0.567740112417768	0.4374890750576411	-0.2766580162734655
466	0.6151427158798918	0.5024296959737109	0.20201155232355786
467	0.6151915854963318	0.429191669910245	-0.33781719963747936
468	0.547662342873506	0.4793385411671913	0.03180940528944018
469	0.5205401873405419	0.48575096051880384	0.07907458325357676
470	0.5845873648783624	0.5757828046426563	0.7426885644388841
471	0.5747846491799744	0.49252795656379744	0.1290270125263633
472	0.5371343725625269	0.4550685936054267	-0.1470814824998314
473	0.525600617597267	0.4113340785639951	-0.4694433748312579
474	0.4948848017807549	0.5310578919554912	0.4130265692267743
475	0.4658062358223032	0.5472540231399708	0.5324063197997664
476	0.4726304321776823	0.4841310884023418	0.06713469915281733
477	0.4804563514132504	0.37500439089811194	-0.7372251680599966
478	0.4394626657262462	0.3580292706308558	-0.8623467542196294
479	0.371941249360564	0.42360759658995806	-0.3789767378360811
480	0.4302593880822765	0.49481807669879974	0.14590721480335825
481	0.3957375253046041	0.44560542414781334	-0.21683337550514453
482	0.4046806826506528	0.3180630320780339	-1.1569331301529562
483	0.37448098520174794	0.27518557639735286	-1.4729777401934925
