ID	SN	ssim	z_ssim
5057	0.27684518385680656	0.12981967782470544	-1.70830252973512
5058	0.28581499335837535	0.1519416841817509	-1.4818729073671566
5059	0.2977734567771215	0.08230151732760582	-2.1946742883957815
5060	0.6580791238846967	0.20222175034479667	-0.9672316849488847
5061	0.781129248180275	0.28549252328692015	-0.11491434233278597
5062	0.6178185184068475	0.20105381665016536	-0.9791860611097958
5063	0.5303548887925493	0.20644750320288963	-0.9239790247500237
5064	1.3376653822898794	0.26281636856193613	-0.3470159459696719
5065	1.9271654313103403	0.170413436431313	-1.2928054322549434
5066	1.5879914944738798	0.24627460156605463	-0.5163290721718709
5067	0.3995098670546781	0.31959473411343703	0.2341385688151961
5068	0.3265273962119727	0.25057434952441826	-0.47231903570519085
5069	0.33949618885234506	0.2373483804464008	-0.6076933383543752
5070	0.3292191276305486	0.26834464146510256	-0.2904313520767064
5071	1.2464800677433276	0.3029099253284773	0.06336133950403568
5072	1.4584358341984451	0.2699897867727958	-0.2735924801973136
5073	1.0787335952342547	0.28906531765866167	-0.07834503359401651
5074	0.409395902774538	0.4559534550993915	1.6298371867931625
5075	0.3827941106423126	0.5029477922552992	2.1108473557580574
5076	0.709862151587662	0.5001833715046227	2.0825521488704375
5077	0.7269873018126635	0.4748044641173157	1.8227865415800635
5078	0.7798717857768493	0.43584012500619373	1.4239673545519058
5079	1.1287539775870201	0.3702987379427656	0.7531190018879932
5080	1.1233780301800331	0.36271628584541626	0.6755088729821593
5081	0.3533483280160322	0.39329099595580386	0.9884560782477501
5082	0.6049544293031341	0.48080914851415596	1.8842474415757964
5083	0.7651729721312902	0.36501840238717514	0.699072168769365
5084	0.7207971375425044	0.37214471060802934	0.7720134406089249
5085	0.5890941217114052	0.40357299139154545	1.093697361797179
5086	0.4184969266603067	0.22712695810355013	-0.7123146264871324
5087	0.673858994950503	0.3815657846654945	0.868442770150866
5088	0.8398862923297482	0.2609252642995623	-0.3663723287984552
5089	0.5875071107870607	0.29457306383900794	-0.021970540811303136
5090	nan	nan	nan
5091	nan	nan	nan
5092	nan	nan	nan
5093	nan	nan	nan
5094	0.518519576457526	0.2914838804449637	-0.05358985318511262
5095	0.6447402557551472	0.39535431986982195	1.0095752139686884
5096	0.6657047001285926	0.40876063526310485	1.1467954499117128
5097	0.906288547899375	0.18900995020307498	-1.1024609615618666
5098	0.536590673128289	0.3103827081125963	0.13984894901541167
5099	0.6526602250716169	0.5196372325533299	2.2816719908848904
5100	0.5989967164696466	0.48939447456225105	1.972122478930032
5101	0.9637311700700121	0.27374817115010264	-0.23512356641381252
5102	0.6309103414171414	0.4224392079213447	1.2868023729524696
5103	0.48689377727420896	0.424421718475472	1.3070943441627834
5104	0.5365104152070476	0.39571316083389474	1.0132481278388754
5105	0.8410716902741845	0.21304694873633373	-0.8564304518105815
5106	0.8814782118802266	0.26437752841025824	-0.3310367066002274
5107	0.49503485156453464	0.3997962972369043	1.0550410384315392
5108	0.6022938616357615	0.46141792942973603	1.6857687708949487
5109	0.6942675869973908	0.30135881161426364	0.04748492726137687
5110	0.5978080588933983	0.18609024909845945	-1.132345539292985
5111	0.6736901283082917	0.2500621417844087	-0.47756173400625934
5112	0.4966280326415989	0.17770351453466438	-1.2181878950689866
5113	nan	nan	nan
5114	nan	nan	nan
5115	0.47909308102151776	0.25311243314204795	-0.44634050076569726
5116	1.1430733059416218	0.3673522570196092	0.7229603195344725
5117	1.213706743306377	0.4105019289691283	1.1646184479672679
5118	nan	nan	nan
5119	nan	nan	nan
5120	nan	nan	nan
5121	nan	nan	nan
5122	nan	nan	nan
5123	nan	nan	nan
5124	nan	nan	nan
5125	nan	nan	nan
5126	nan	nan	nan
5127	nan	nan	nan
5128	nan	nan	nan
5129	nan	nan	nan
5130	nan	nan	nan
5131	nan	nan	nan
5132	nan	nan	nan
5133	nan	nan	nan
5134	nan	nan	nan
5135	nan	nan	nan
5136	nan	nan	nan
5137	nan	nan	nan
5138	nan	nan	nan
5139	nan	nan	nan
5140	nan	nan	nan
5141	nan	nan	nan
5142	nan	nan	nan
5143	nan	nan	nan
5144	nan	nan	nan
5145	nan	nan	nan
5146	nan	nan	nan
5147	nan	nan	nan
5148	nan	nan	nan
5149	nan	nan	nan
5150	0.4026057331886445	0.5818796710575116	2.918753981473619
5151	0.5735441793893725	0.5800539107581537	2.9000664262652114
5152	0.702564766912972	0.35023306583252944	0.5477369725571352
5153	0.6144617548593303	0.33623217873677164	0.40443100262194104
5154	0.7187047096903112	0.34384935229625774	0.48239652278084694
5155	0.6208163155710722	0.34781607413015514	0.5229978729654376
5156	0.9083173683841724	0.3545902226213369	0.5923346166570549
5157	0.9967263602860754	0.36117334943174934	0.6597161594350395
5158	0.9370790658878434	0.25278668702869367	-0.4496746725512122
5159	0.5211879552751507	0.22663491134601635	-0.7173509672103721
5160	0.6129818445431728	0.2540803353781781	-0.4364335450276498
5161	0.6019276806817916	0.3152693210943242	0.189865837820737
5162	0.6885459494549119	0.21496208205623962	-0.8368281197521023
5163	0.6282883364040134	0.2461418699223416	-0.5176876458689011
5164	0.4034389481245478	0.3846080422473067	0.8995817737420309
5165	0.46482428633374284	0.2926583226869176	-0.041568858839185575
5166	0.7096562656936465	0.17171311024957941	-1.279502631092974
5167	1.3466320406590662	0.22911388117904305	-0.6919774909490274
5168	1.5069234609178563	0.24641640685153787	-0.5148776252857468
5169	1.2342706368991603	0.2096885188711094	-0.890805634326061
5170	0.8014103841501736	0.17752425973166572	-1.2200226561975902
5171	1.2791576976272419	0.25265624987040625	-0.45100976106068474
5172	1.6947940746579524	0.22058359248464995	-0.7792891939015936
5173	1.5043004040478374	0.2566367276465249	-0.4102676120374987
5174	0.8270078159453916	0.2861160261241388	-0.10853248393811084
5175	0.3827315025770956	0.24076502432246266	-0.5727223067880582
5176	0.4044441680842754	0.1844406165916143	-1.1492303398640646
5177	0.41770270964342127	0.17102181000854	-1.286578429282119
5178	0.47689786988764693	0.1861660224938513	-1.1315699612994161
5179	0.49490019682097935	0.19711684507550573	-1.019482902749554
5180	0.5051408493011497	0.26509122220449144	-0.3237316993731992
5181	0.5168504441221069	0.25961807820340493	-0.37975202182179174
5182	0.5210140003028653	0.0969981974845913	-2.044246534045682
5183	0.43501010736090306	0.17865144786978468	-1.2084853308604315
5184	0.38574467867362655	0.22922170283213517	-0.6908738832654069
5185	0.4634892516929745	0.1665857275784164	-1.331983916164015
5186	0.6798326739012611	0.14392807174802238	-1.5638961745105762
5187	2.0025747614792255	0.210115432847645	-0.8864359596713127
5188	2.6953063167393156	0.3567783080964981	0.6147307483574593
5189	2.5047655241216744	0.39933434260601874	1.0503127054343273
5190	1.2812897141248212	0.32386020028436646	0.2777977143157702
5191	1.013396420053874	0.298772532195938	0.021013084582288243
5192	0.8574176146666168	0.35386993893707946	0.5849621586624268
5193	0.454244622274893	0.33325513358951253	0.3739594803926035
5194	0.4749880457938773	0.3573874636795001	0.6209657555442534
5195	0.57102177050044	0.28529014789540524	-0.11698575406360735
5196	0.6596662866423909	0.22020954674919974	-0.7831177360898282
5197	0.667199143626695	0.24712740124730492	-0.5076002477305234
5198	0.7627465782915137	0.20922762472378958	-0.8955231127520625
5199	0.7117261798654982	0.2123728882148933	-0.8633297929851355
5200	0.6031690800704397	0.40040307240712586	1.0612516809220096
5201	0.2892206639523271	0.3483178916953842	0.5281342227141228
5202	0.4172350073057986	0.2009097172739659	-0.9806609891434329
5203	1.1325546798098507	0.2391625566708665	-0.5891243518535699
5204	1.521873608572484	0.3033827576782704	0.06820101130771465
5205	0.9356310553987344	0.26264638260691003	-0.3487558358776304
5206	0.9146965874079882	0.2721684110109728	-0.2512931889137723
5207	0.7637095853428941	0.41163203954406336	1.176185685883511
5208	0.4603589154759553	0.47883989716877956	1.8640911848925426
5209	0.5324677078581428	0.305244569408443	0.08725757065315448
5210	0.7316167425674831	0.2388089853503184	-0.5927433283288368
5211	0.7666970357242987	0.2239873489612047	-0.7444500712117412
5212	0.6477188634991251	0.22496640420878147	-0.734428958912604
5213	0.4818895659508311	0.26108507630475586	-0.36473657427412304
5214	0.5099382360420962	0.3066990653902524	0.1021450528544207
5215	0.5161801421851235	0.290101482169172	-0.06773937988253872
5216	0.9321168720095118	0.29261780460518344	-0.04198358134663207
5217	1.0791585221806042	0.4344327826545354	1.409562512961805
5218	1.0137237864490662	0.4304250123530046	1.3685410115090613
5219	1.0024524110792654	0.39797391951759903	1.0363881055947006
5220	1.0718482524733048	0.37461536156305353	0.7973017690597938
5221	0.5150785494054378	0.30158848242269126	0.04983572101768767
5222	0.7744351957039021	0.189077743187673	-1.1017670670003166
5223	0.9822252039883418	0.23303500738346913	-0.6518428344718785
5224	0.6017380514673996	0.16962254689824818	-1.30090057586065
5225	0.4877859520478296	0.22146864188795812	-0.7702302776833441
5226	0.5304184329369884	0.2781034263149129	-0.19054538637138438
5227	0.47030727251503357	0.22222286639778396	-0.76251041863511
5228	0.43174016531071446	0.3598654775936311	0.6463294475052468
5229	0.43342567990602426	0.31461785470161846	0.1831977586734402
5230	0.42651938629507574	0.27638178325938795	-0.2081672503480571
5231	0.5919636323642351	0.17724275570080142	-1.222903988495163
5232	0.5130846429060908	0.3130662658655601	0.16731648332487056
5233	0.49635210401722396	0.305135793686246	0.08614419760270187
