ID	SN	ssim	z_ssim
5057	0.6366694831001634	0.6221336286338144	0.0942817165495366
5058	0.6672932618613702	0.661944218958824	0.43642731258114026
5059	0.6348477371346708	0.5193518182418714	-0.7890597132223938
5060	0.8650936811184136	0.6735959638430923	0.5365663249818607
5061	0.9084452752197154	0.684336210733335	0.6288716172116052
5062	0.6270739422979342	0.6179941671488591	0.05870579302121503
5063	0.7231781709039492	0.6755867384129776	0.5536757108567558
5064	1.519690403225284	0.7253116508361404	0.9810283238109623
5065	1.913516206752682	0.6135561389223054	0.020563886549022338
5066	1.5675880705942882	0.6271734681852384	0.13759579185332244
5067	0.47370812766701503	0.6249029792358103	0.1180824465714956
5068	0.34769636242083307	0.4947498252197876	-1.0004975114913186
5069	0.3541775583829281	0.5127659753397951	-0.8456606610281296
5070	0.3457812893576475	0.613735435262348	0.02210481956783275
5071	1.0570444673539472	0.6569801514330302	0.39376444753724094
5072	1.2758622246361335	0.6066029105986461	-0.039194495070546426
5073	0.95383220307751	0.6266877313045538	0.13342120581479347
5074	0.7770167691835416	0.7028818405009786	0.7882589937571284
5075	0.7182717663559057	0.7504008454172209	1.1966532960561982
5076	0.9790750053324591	0.7832582215022844	1.4790406315083988
5077	0.9173672318565511	0.7856652079291173	1.4997270819962067
5078	0.6553709199223104	0.7871390630315508	1.5123938881995183
5079	0.7949154716146903	0.7608130561819886	1.2861393355505715
5080	1.157162638026926	0.7023403442048034	0.7836051925577182
5081	0.6478173975912404	0.694286841549567	0.7143906834629628
5082	0.6822714368189086	0.7562616003656961	1.2470225942422017
5083	1.039764399805918	0.6627403354738013	0.44326940553439076
5084	0.9130936435532726	0.7017899581248076	0.7788749895677525
5085	0.7198027982739997	0.7363017925838309	1.0754812964505855
5086	0.5667320741915178	0.6789745025216567	0.5827912944418183
5087	0.87277821317736	0.6235187374956639	0.10618580772822071
5088	0.9527098037023122	0.6354999007202482	0.2091559520833041
5089	0.7057504304139003	0.6299534093213688	0.16148754048576014
5090	nan	nan	nan
5091	nan	nan	nan
5092	nan	nan	nan
5093	nan	nan	nan
5094	0.6520396165615724	0.508012194062761	-0.8865162553600962
5095	0.5059824036566528	0.6497571608716914	0.3316876385634391
5096	0.5785303532815572	0.6554796489626337	0.3808686248958417
5097	0.9513025231136801	0.471544528846474	-1.199931629245398
5098	0.7247253768511306	0.6822975530177448	0.611350707486063
5099	0.6912406124524999	0.8282263970566391	1.8655122487813776
5100	0.7411514606475696	0.7859746849029038	1.5023868311430992
5101	1.0137851313226551	0.5872712550827901	-0.2053372411276182
5102	0.9018791275759589	0.6806630620311237	0.5973033424944812
5103	0.6752889789811224	0.6969174447093455	0.7369989713249893
5104	0.7513946100064799	0.6837343342383788	0.6236988882863872
5105	0.7695686770164086	0.5530925364293043	-0.49908063879703063
5106	0.7885353767253676	0.589274045857721	-0.18812458394717801
5107	0.43944301038305555	0.7079387721915753	0.8317199646506793
5108	0.593106714193774	0.7520524010625764	1.2108473204614216
5109	0.7434458653710443	0.6116969786348467	0.004585638060925141
5110	0.9158878858016203	0.5675481982499573	-0.374843821676751
5111	1.0096988815192072	0.6256882952645032	0.12483171651491347
5112	0.8311410196932544	0.5222575375461551	-0.7640869847310975
5113	0.6004187897979749	0.4789673293316209	-1.1361375866180323
5114	nan	nan	nan
5115	0.5747148997446793	0.5805589302883541	-0.263025216834606
5116	0.8852433204528191	0.7377184587162438	1.087656601420823
5117	1.3994826594662837	0.7433785235712089	1.136301101478965
5118	nan	nan	nan
5119	nan	nan	nan
5120	nan	nan	nan
5121	nan	nan	nan
5122	nan	nan	nan
5123	nan	nan	nan
5124	nan	nan	nan
5125	nan	nan	nan
5126	nan	nan	nan
5127	nan	nan	nan
5128	nan	nan	nan
5129	nan	nan	nan
5130	nan	nan	nan
5131	nan	nan	nan
5132	nan	nan	nan
5133	nan	nan	nan
5134	nan	nan	nan
5135	nan	nan	nan
5136	nan	nan	nan
5137	nan	nan	nan
5138	nan	nan	nan
5139	nan	nan	nan
5140	nan	nan	nan
5141	nan	nan	nan
5142	nan	nan	nan
5143	nan	nan	nan
5144	nan	nan	nan
5145	nan	nan	nan
5146	nan	nan	nan
5147	nan	nan	nan
5148	nan	nan	nan
5149	nan	nan	nan
5150	0.5486566861712722	0.7865826474839054	1.5076118659376982
5151	0.6425932251384705	0.7847273069514629	1.4916664457082638
5152	0.6611928614664645	0.5854906919648141	-0.22063999911985735
5153	0.5817088905397276	0.6314086723216321	0.17399455991307672
5154	0.685690441258241	0.6610245782334282	0.42852361103949715
5155	0.6854605727525392	0.6757597428145994	0.5551625688416726
5156	0.8174589340642586	0.7008545429455592	0.7708357170669398
5157	0.9431111268665455	0.7059375685376561	0.8145209477217425
5158	0.7638965497453262	0.5605011836898848	-0.4354082337393549
5159	0.345108535436086	0.5236293963911491	-0.7522967686514118
5160	0.6677104349991518	0.5568855989687697	-0.46648178425215786
5161	0.7909991251747323	0.5671574749111625	-0.3782018293964056
5162	0.8713573241029826	0.4412577414941004	-1.4602264609964966
5163	0.8327422234995098	0.5241963422418459	-0.7474242454252888
5164	0.51504837222651	0.6747842361787063	0.5467787368852611
5165	0.44781661689046004	0.5956077349315324	-0.13369073090590128
5166	0.7565698420038031	0.4064318973814848	-1.7595314724001851
5167	1.488206653700325	0.5736063925463166	-0.32277766336357044
5168	2.261108807606619	0.647030387298906	0.3082528298432633
5169	1.1666578782363688	0.6366129984288433	0.21872228797130633
5170	0.8525844121771584	0.5900772780895659	-0.18122133613113878
5171	1.7041302241447773	0.661877384225833	0.4358529124185665
5172	2.404774739085041	0.6256722643762163	0.12469394167201177
5173	1.7685613929810655	0.5523799735402705	-0.5052046438014312
5174	0.8165045817711823	0.5135721617633967	-0.8387320238950479
5175	0.2815043390709533	0.4136799561297366	-1.697239219001099
5176	0.30869931165282233	0.3429981518611146	-2.3047024053704903
5177	0.3222134047004504	0.33320520146337024	-2.3888663130993155
5178	0.2934785827299459	0.36315918683551673	-2.131431693441424
5179	0.34194399790355945	0.3694408245920377	-2.077445186918578
5180	0.32112279172443836	0.4467696289048236	-1.412855447705688
5181	0.31340857271979206	0.4596945978610181	-1.3017739196222164
5182	0.34803179433344517	0.22844468368817866	-3.2892134192876643
5183	0.2671754040936779	0.38062190682197167	-1.9813512075877602
5184	0.2951675514439582	0.4332356578511596	-1.5291709445377288
5185	0.34475032636421543	0.3262724949439869	-2.448448323434301
5186	0.495032728438529	0.27640901322674705	-2.876991847483435
5187	1.6263612704102421	0.5401110021856069	-0.6106483079763609
5188	2.4377210734871726	0.6881415494759028	0.6615759775727249
5189	2.096107350193684	0.754819846386823	1.2346316758859222
5190	0.9893850682403399	0.7484968426108332	1.1802896558861071
5191	0.8157571182324682	0.7143033765767404	0.8864195142702599
5192	0.6426246750216399	0.7019774030954766	0.7804859546574208
5193	0.5135786655160913	0.6278035444283669	0.14301087889399672
5194	0.5375982997314631	0.6501402889348757	0.33498036993125996
5195	0.7737852057213527	0.5982592869711755	-0.11090240132811646
5196	0.9927989494842836	0.5538027881491635	-0.49297649675744315
5197	0.7300522378120049	0.5516274193450525	-0.5116723475347054
5198	0.7843895117796549	0.5069177254400341	-0.8959224866217695
5199	0.7313752101353281	0.5449608049541139	-0.56896747266797
5200	0.6345648557021788	0.7095683919046417	0.845725464279799
5201	0.44493692027476184	0.5934989864284665	-0.15181402442081718
5202	0.5282576788770725	0.4822669395580992	-1.1077796271305247
5203	1.0830902375167681	0.6143760924097448	0.027610842456679073
5204	1.859701660436711	0.6277075628387095	0.14218598084718825
5205	0.8485103933555255	0.5823725474434586	-0.2474383813357985
5206	1.1540728892249532	0.5660791168233903	-0.3874696013049409
5207	0.734433675504841	0.6313135849594609	0.17317734715788904
5208	0.35137163299816115	0.6905119324240279	0.6819478454598462
5209	0.44395711744787464	0.49094357758745005	-1.033209683156653
5210	0.5972599015169427	0.41993226151399216	-1.6435048047459095
5211	0.5778688423427262	0.46880082092039205	-1.2235119774904784
5212	0.5259029923429179	0.5055215565621358	-0.9079216312963259
5213	0.5101247864419766	0.5146627629395722	-0.8293590307691224
5214	0.4774459392638214	0.5742375904499105	-0.3173529363957977
5215	0.6646991529741128	0.4998419388273498	-0.956734175376569
5216	1.0627967619246284	0.614879229946049	0.03193497557902945
5217	1.099483107746827	0.7587936368961727	1.2687837673577251
5218	0.8524265002866273	0.7223681990560775	0.9557313097386234
5219	0.798737981683821	0.7032832473778279	0.7917088193942156
5220	0.791875871093381	0.6751105942364785	0.549583567742693
5221	0.40765097830211167	0.547721619907227	-0.5452401008818645
5222	0.7107580781298469	0.5409290545601559	-0.6036176908719643
5223	1.123374713546268	0.6181118264082346	0.05971699624877338
5224	1.074885517652145	0.6296020986283714	0.15846825829309266
5225	0.8802851267294879	0.6622017927836993	0.4386409886184613
5226	1.064147359903065	0.646415505443737	0.30296832848047756
5227	1.0272216096809392	0.6663737158065561	0.4744958975158209
5228	0.7703055837551943	0.7279349229820988	1.0035736064758167
5229	0.739376325852406	0.7040594325235129	0.7983796154596142
5230	0.6181849116261166	0.6749123497709051	0.5478797881634448
5231	0.9880167651654557	0.7047682464372436	0.8044714005099988
5232	0.709242976839715	0.8070374580446417	1.6834073840116934
5233	0.7764176094394385	0.7990949761646922	1.615147024780638
