ID	SN	ssim	z_ssim
5057	0.2854451081730361	0.41519517821110197	-0.9431018125872026
5058	0.30437349614670195	0.4420088319673796	-0.7105997108315525
5059	0.32313067426570624	0.3359008157345546	-1.6306659208115555
5060	0.2869815960621019	0.5367941885951869	0.11128733343090694
5061	0.3355032941486515	0.6083933049643591	0.7321257014874233
5062	0.3461486513450975	0.5369565868798745	0.11269549446910675
5063	0.45009673018788915	0.5362185276941908	0.10629575822087726
5064	0.5312403361534196	0.6222600650049959	0.8523648484270492
5065	0.5337610322315358	0.5370680042186863	0.11366159799536352
5066	0.4718860875867034	0.5203630454293706	-0.031187666620358517
5067	0.36219888940876077	0.5050642810530477	-0.16384377175585432
5068	0.25026606157521797	0.3985755477454454	-1.0872111924124983
5069	0.23394156105231936	0.4157018389464143	-0.93870854015563
5070	0.23847001056838907	0.46072264098588134	-0.5483316376997128
5071	0.42192858656382454	0.5228140111831543	-0.009935259385391143
5072	0.551196905909344	0.4940960587846383	-0.258949599298334
5073	0.5750869947420678	0.5251571072370278	0.010381806020639787
5074	0.5297578587869394	0.62195337719262	0.8497055479971876
5075	0.45390362302554954	0.6725121057804063	1.2881019995065865
5076	0.5801451910782665	0.6981917301752403	1.5107708941810662
5077	0.6248167767197186	0.7129069259326237	1.6383668560158637
5078	0.5620839608097806	0.6921124523015783	1.4580572694124865
5079	0.5124334170748142	0.6736535497600554	1.2979994989938624
5080	0.5185710214717397	0.6326191832193369	0.9421891140441746
5081	0.41479484960423885	0.6154876291399584	0.7936408271899988
5082	0.40111886279693165	0.6688417899463935	1.2562765663421405
5083	0.3961775480415472	0.5910162269559447	0.5814484683116824
5084	0.35815431189070107	0.6232489885691372	0.8609398382150308
5085	0.30932659880363367	0.6502899621062619	1.0954130375054654
5086	0.3075641068861077	0.6015805045331722	0.6730516777273496
5087	0.3755128598629396	0.5684227962152955	0.3855400635556981
5088	0.48820623521820683	0.5898118724899915	0.5710054698625294
5089	0.406414128530381	0.586293196913232	0.5404949145152818
5090	nan	nan	nan
5091	nan	nan	nan
5092	nan	nan	nan
5093	nan	nan	nan
5094	0.4014363679565798	0.5018425302611476	-0.19177968221618602
5095	0.3614709227794101	0.56148134305373	0.3253504876041356
5096	0.36957069663678016	0.5700337282493694	0.3995085098969582
5097	0.42076388523493385	0.43976995071338426	-0.7300131261708691
5098	0.341899348761248	0.644060861727348	1.041400296708985
5099	0.36399301298090386	0.7994821211451391	2.3890633119997076
5100	0.4226137399938616	0.7359969932308076	1.8385816132176969
5101	0.5752248122051978	0.5083933377408147	-0.1349774082305801
5102	0.6193266841734301	0.5983463980764604	0.6450086308780936
5103	0.5229766984019563	0.582572474956696	0.508232408151691
5104	0.5150133776542054	0.5671612376291699	0.374601046239067
5105	0.525409077469545	0.4310757018586261	-0.8054012530666551
5106	0.4826676062895352	0.500229646732661	-0.20576505003173015
5107	0.3991263834434292	0.632766986339839	0.9434707199183736
5108	0.5030960574203907	0.6768580604109383	1.3257859196063164
5109	0.5963458300964098	0.4927066688398719	-0.2709970466642389
5110	0.5898948681884645	0.5062748780920636	-0.15334664374380655
5111	0.497738536879153	0.5815046684551557	0.49897342173629683
5112	0.29969050818535947	0.44109174491118736	-0.7185518038210311
5113	0.2431403103682656	0.4351327590632211	-0.7702223723521835
5114	nan	nan	nan
5115	0.32506447995412574	0.5070264479592994	-0.1468297559172967
5116	0.4375409388392394	0.6877902811911535	1.420579577022801
5117	0.4421521715703508	0.726494672896914	1.7561866711009984
5118	nan	nan	nan
5119	nan	nan	nan
5120	nan	nan	nan
5121	nan	nan	nan
5122	nan	nan	nan
5123	nan	nan	nan
5124	nan	nan	nan
5125	nan	nan	nan
5126	nan	nan	nan
5127	nan	nan	nan
5128	nan	nan	nan
5129	nan	nan	nan
5130	nan	nan	nan
5131	nan	nan	nan
5132	nan	nan	nan
5133	nan	nan	nan
5134	nan	nan	nan
5135	nan	nan	nan
5136	nan	nan	nan
5137	nan	nan	nan
5138	nan	nan	nan
5139	nan	nan	nan
5140	nan	nan	nan
5141	nan	nan	nan
5142	nan	nan	nan
5143	nan	nan	nan
5144	nan	nan	nan
5145	nan	nan	nan
5146	nan	nan	nan
5147	nan	nan	nan
5148	nan	nan	nan
5149	nan	nan	nan
5150	0.3982405925550036	0.6983230421041619	1.5119095043733721
5151	0.4702399261317533	0.7021858586181844	1.545404117467509
5152	0.547478602187358	0.5313449574383498	0.06403686512722086
5153	0.5029717338590168	0.5191162340354981	-0.04199881053245518
5154	0.5475565842063707	0.5636523328765668	0.34417521403969303
5155	0.5857598464427498	0.5697560449193343	0.3971007083178634
5156	0.5890855407885075	0.5772143325644705	0.4617717736174364
5157	0.4616736304313255	0.6253691062039144	0.8793234501813598
5158	0.4283241938216766	0.4827902082415782	-0.3569830130691563
5159	0.30944752814615833	0.4250273130542483	-0.8578470376671199
5160	0.47242375708969786	0.495068790265836	-0.25051501161110384
5161	0.48937618743534883	0.4893837537134747	-0.2998101565024352
5162	0.5720295361505306	0.35375823507266424	-1.4758236316636086
5163	0.5066546069079751	0.42865425495808157	-0.8263977013233385
5164	0.3550179625611477	0.5840997852519236	0.5214757675573573
5165	0.3479177419669841	0.4906548583373849	-0.28878836516818773
5166	0.3776102514632504	0.3252738071884338	-1.7228130725875375
5167	0.4608152820289555	0.5000941867313419	-0.20693962830057763
5168	0.5145740155239612	0.6157246682945255	0.7956962017441791
5169	0.5738887780940308	0.5533252057029465	0.25462834382240845
5170	0.5085494650304473	0.5160763129677618	-0.06835806928340028
5171	0.5528593016186413	0.5844590087969428	0.5245906071079917
5172	0.5029622111374841	0.5862990739989519	0.5405458749250225
5173	0.4321428292963465	0.4821819678867429	-0.36225708582914723
5174	0.36069454043098403	0.4031148893626456	-1.0478504071879615
5175	0.22064161425427223	0.33840173832517384	-1.6089803361488901
5176	0.23654708530926755	0.30123210546400625	-1.9312794841970766
5177	0.25683594733806814	0.25810729675750343	-2.305216164114293
5178	0.24096322238713658	0.29660545959920087	-1.9713972875156374
5179	0.27577908035451304	0.31193956887209195	-1.8384347055824204
5180	0.2611576791236514	0.4073306735770784	-1.0112951991841124
5181	0.25645229873108777	0.41945433154311773	-0.9061705494928768
5182	0.2822883291748864	0.1992989525002824	-2.815145313079027
5183	0.2638206608875554	0.27603374471304865	-2.1497753254817833
5184	0.2557061302322212	0.32587476353340444	-1.7176021597242968
5185	0.29256635867778014	0.2541921101830462	-2.339164879779859
5186	0.3508954662824003	0.23126308266267032	-2.537983255602752
5187	0.4227951447463424	0.487270371369787	-0.31813536653113667
5188	0.5030022867464526	0.7039792992433582	1.560955101996399
5189	0.46130279296716437	0.7354097783721919	1.8334898532490158
5190	0.438461372740723	0.6436766898584575	1.038069129395335
5191	0.4205924217905242	0.6147602487782378	0.7873336873867846
5192	0.39982080837577255	0.6156907433679947	0.7954020375548437
5193	0.40784360615892135	0.5504935003626187	0.23007453071050532
5194	0.3707819866516307	0.5755818376821396	0.44761635508711284
5195	0.3794268623560724	0.5398442640875168	0.13773464154213677
5196	0.39717989520561003	0.49734063649192073	-0.23081575587999426
5197	0.36882232183010444	0.45351373949538487	-0.6108402671884284
5198	0.45771884197902496	0.4308902070694373	-0.8070096846792627
5199	0.43240738817004226	0.46357786619164726	-0.5235738830363498
5200	0.4216140211224553	0.5839526366760036	0.5201998372614443
5201	0.36162593764685924	0.5048862953205662	-0.1653870920829016
5202	0.3310655697667319	0.41164934996208113	-0.9738478096771698
5203	0.4718621594728985	0.4895285414778246	-0.2985546968837709
5204	0.5451274823604633	0.5871393038850694	0.5478315367843094
5205	0.4375616716934661	0.5284353275342133	0.0388073654778329
5206	0.47420976062317777	0.522914204315517	-0.00906648133419514
5207	0.37659233791448515	0.5547159624111743	0.26668764244067367
5208	0.283306676966373	0.5883538120789464	0.5583625785528994
5209	0.2798006228041688	0.39404665784219867	-1.1264813504706215
5210	0.35938537348010796	0.36496655435215114	-1.378635914789366
5211	0.4210993960760338	0.4117921463151665	-0.9726096176531674
5212	0.4241654574636779	0.40094697644640803	-1.0666484536619691
5213	0.3765473148658889	0.4408981172882067	-0.7202307555114702
5214	0.3018981579061515	0.4385208258382789	-0.7408443303572537
5215	0.4358937618076182	0.3867625565299706	-1.1896420401657963
5216	0.5462771393800706	0.4758416459041044	-0.4172342329263002
5217	0.5581655244504736	0.6848106418245089	1.3947430229479374
5218	0.5262784976646011	0.6322531510549537	0.9390152367239558
5219	0.4515757349083195	0.5985097622820988	0.6464251674496412
5220	0.4125183435642501	0.5602704081359369	0.31485042983374356
5221	0.3819879123907326	0.4398409132878832	-0.729397807278973
5222	0.47457341287080085	0.4087888156233223	-0.9986516000129022
5223	0.5732098950316579	0.5023023824647292	-0.18779228815189597
5224	0.562700654697655	0.4696593827735936	-0.4708408463522567
5225	0.5326668038577069	0.5267261810677291	0.02398729845982003
5226	0.5897569226423194	0.5466488147713747	0.19673713146313107
5227	0.5743552418748887	0.5424042192119807	0.15993209930928795
5228	0.530676283398257	0.6038834392699306	0.6930205029896306
5229	0.46849234152231417	0.5596804093098626	0.3097345299887434
5230	0.40936936987606115	0.5258465492643214	0.016359981238439358
5231	0.4344886165080717	0.5552423650172167	0.27125209730337063
5232	0.3563705441012612	0.6872520608924958	1.4159126505463535
5233	0.3417394923761901	0.6498659146411071	1.0917361075432606
