ID	SN	ssim	z_ssim
494	0.31229936773008476	0.45949038331958014	-0.05447558682333008
495	0.30326214547666064	0.3902354824540426	-0.4932777352061328
496	0.3502269593477413	0.22512890580597492	-1.539400387030676
497	0.4429230259404377	0.24111848781448875	-1.43808968050463
498	0.49799312523360256	0.4119707178634049	-0.355562311834844
499	0.5188026654788085	0.426096224169335	-0.26606247230621144
500	0.535231686872455	0.3484075604026763	-0.7583013195177134
501	0.3570620919236432	0.4798309831527453	0.07440336318075891
502	0.2588021834818829	0.34377397086740025	-0.7876599499885133
503	0.3303788256112184	0.14067096082870523	-2.074529702658133
504	0.36491932247402176	0.5365633869075658	0.4338624099689357
505	0.5172959600634827	0.6321574898961165	1.039550920671526
506	0.6441090199867251	0.639163090366401	1.083938718482989
507	0.6688767566917341	0.711055423503228	1.5394517556605496
508	0.5681304293674697	0.744076486807284	1.748674689180257
509	0.5562652257725826	0.6751432117263436	1.3119103761490714
510	0.5654683348237775	0.592774251002882	0.7900169581556106
511	0.4677437628650882	0.5838259605749521	0.7333201899116926
512	0.5049392286740815	0.4918846016939398	0.15077562919456988
513	0.5093569042838548	0.6227606178011825	0.9800119189286572
514	0.6206681359377987	0.6797151928455399	1.3408786529409782
515	0.7595058209979859	0.6147466614128132	0.9292351329349827
516	0.6274818059876572	0.6609568569056894	1.2220249977105113
517	0.6739021018087368	0.6960424210818754	1.4443287010632118
518	0.7289047058029348	0.6020550318224348	0.8488204003870357
519	0.533993539135038	0.6927251880046753	1.4233105639672095
520	0.36675998640646	0.658173678097195	1.2043906523394594
521	0.4642486179355105	0.25468945859342285	-1.3521034028692256
522	0.5151832475748991	0.3137124030703333	-0.978131387652102
523	0.5491034371312606	0.37778870602290276	-0.5721410671893631
524	0.5788738948700923	0.4374634666869124	-0.19403911546702213
525	0.5506926689141156	0.3223061509602717	-0.923681016781069
526	0.5294935335926403	0.21877936496012668	-1.579631361728223
527	0.4444913142556309	0.2253938246655526	-1.5377218492914406
528	0.4551895628132708	0.3005397370777708	-1.061593988352204
529	0.45074170743069686	0.4399181650715492	-0.1784860367484239
530	0.4301798419451198	0.5907304038439412	0.7770670511728458
531	0.5643178514438002	0.6076363528242915	0.8841838998046991
532	0.6086985772967135	0.522426880905811	0.3442928758757441
533	0.6250723613532467	0.5011507651535916	0.20948645518009565
534	0.6264759031486415	0.4746480937342384	0.04156434408972091
535	0.42496448981868923	0.28306182883347697	-1.1723347964536281
536	0.3046931606367121	0.2744772102328572	-1.226727323739353
537	0.40244646766644054	0.16631406190861306	-1.912053867671266
538	0.5302665837069861	0.2053884527636307	-1.6644767801345886
539	0.6043415633569744	0.5104752043692558	0.2685665189613195
540	0.519825741182925	0.7233926248217944	1.6176208148312339
541	0.5216171329197621	0.6776020823274037	1.327489890217474
542	0.46984186839564485	0.6170543757181846	0.9438569139554589
543	0.4958521015438741	0.543856356158074	0.4800709892206202
544	0.5350713746758956	0.5665801518041615	0.6240499744519289
545	0.4580011384533108	0.5201531192247042	0.32988622020068475
546	0.5399650478602239	0.5247866871323326	0.359244713637742
547	0.5623479067320563	0.7264127349179129	1.6367563674342531
548	0.5614749205389805	0.7472821986323315	1.7689862226363242
549	0.5732015681436603	0.7439322489640909	1.7477607917566782
550	0.6742750925778688	0.5790177660323687	0.7028552543077206
551	0.6146594979961233	0.648931501554468	1.1458318085320631
552	0.6874553844967124	0.6726322852074953	1.296001033458058
553	0.5883114816235184	0.6670914848154169	1.2608942744356921
554	0.6031557893975187	0.641337238652411	1.0977142192328389
555	0.686167347961416	0.5076987301662887	0.25097465427066323
556	0.7079772023432744	0.38579131098358777	-0.5214362043490371
557	0.6177686670317465	0.47665944167555996	0.05430833457655767
558	0.6170697586250554	0.578924966987566	0.7022672754106555
559	0.4843806245076074	0.5321416151825276	0.40584586661451993
560	0.32345305092933535	0.40303022322299464	-0.41220968562047533
561	0.2552903633162717	0.5475396401026693	0.503408440979165
562	0.23879824844745193	0.5259779522664674	0.36679262279101327
563	0.3305675879835803	0.1873555931564367	-1.7787337848841218
564	0.4407245230293899	0.28039733949771906	-1.1892171200186228
565	0.7274689394968011	0.4861966417913509	0.1147364609338692
566	0.7173055196921019	0.7688187532500066	1.9054427956281432
567	0.4219552460940563	0.7353607814262254	1.6934515901925693
568	0.4265202962514224	0.6509285542137324	1.1584852234726206
569	0.529461152287342	0.6118621383812176	0.9109586660350976
570	0.6274243372411409	0.606352004613439	0.8760462121154492
571	0.6195449552504146	0.49836948295792516	0.19186412683272272
572	0.43133189048772047	0.4040685789921637	-0.40563061704045245
573	0.2909453122827604	0.3452167608524206	-0.778518368133948
574	0.24905815852571941	0.27881579079559016	-1.1992378833089148
575	0.4209149616661222	0.37695238102998896	-0.5774400597379097
576	0.6179480620890297	0.5542334757630493	0.5458208830155636
577	0.5864292678188033	0.7421428317119203	1.7364229640391822
578	0.5034056371076825	0.7892818576353403	2.035097939952149
579	0.5193228142353027	0.7840517794093727	2.0019599304671516
580	0.5841503229161273	0.682857575769753	1.3607889316498212
581	0.49341176496651323	0.5325189771163674	0.4082368486997924
582	0.5358059015454502	0.5935579979025289	0.794982813554367
583	0.5880500212687875	0.6434890286563917	1.1113480569080758
584	0.5634358488032705	0.6083742471204932	0.8888592310578814
585	0.4878381616218816	0.6234376807105162	0.9843018197947744
586	0.5261372024514818	0.6577020631991635	1.2014024792588662
587	0.4803006099170193	0.6120836578244684	0.9123622231320275
588	0.5239535869289478	0.6370796713259523	1.0707380822896675
589	0.5887306632415181	0.591721731578646	0.7833481480238043
590	0.4710710078421301	0.43789117674760814	-0.19132912539884447
591	0.2781057831094102	0.3846972106366018	-0.5283684730665384
592	0.2744583670291298	0.2944411910814894	-1.1002346484605094
593	0.38325848122209083	0.22999254847330083	-1.50858412962916
594	0.3530737635199428	0.22670515089121773	-1.5294132276941075
595	0.31660069602255053	0.20138397913502312	-1.6898493040919464
596	0.3862839193882625	0.16928991296644894	-1.893198742313698
597	0.32581952032861405	0.17995615971154152	-1.8256169260316288
598	0.43969047800290606	0.18390709007848496	-1.8005836545741807
599	0.4907340377656744	0.1795762479423645	-1.8280240639876046
600	0.44327897318698184	0.3967223644455747	-0.45217656086878794
601	0.4218890695386026	0.3637351999345267	-0.661184710120327
602	0.4157660969518776	0.4676825891091433	-0.002569404653872129
603	0.6091869169282437	0.5604181181340042	0.585007053603309
604	0.6607753325817214	0.47833123630201546	0.06490090007842449
605	0.3890075566448292	0.3849147670037498	-0.526990026196991
606	0.4732345718340488	0.4621795415505009	-0.03743696003559734
607	0.5836816266349575	0.4486684113884774	-0.12304408484668525
608	0.42826451164225354	0.4821007266690813	0.08878455958417177
609	0.4356436998051849	0.49180708681091434	0.15028449142990447
610	0.41371150730927725	0.15483071192923004	-1.9848128865798083
611	0.3021199343689418	0.3017841907031844	-1.0537090745400468
612	0.5373677315783989	0.6066784810490801	0.8781147814089613
613	0.7584976277557475	0.6396772053207571	1.0871961738207017
614	0.7197168583466693	0.6286630884059624	1.0174102365895608
615	0.6387859886042091	0.6743191268233689	1.3066889373576533
616	0.5335719735997797	0.637599333822654	1.0740306871037208
617	0.46619142498616417	0.5829099191225686	0.7275161103116945
618	0.42622158265967874	0.48239134027273994	0.09062590037075756
619	0.4261929859841987	0.5299510402020011	0.39196628559375
620	0.5753322072345831	0.6589126475411508	1.2090727957768839
621	0.5091648305508127	0.6067285324977665	0.8784319096257197
622	0.6761474162291353	0.7065956666691526	1.5111945369568984
623	0.7400283489185299	0.6968561734201449	1.449484672262672
624	0.6228967897242639	0.5043194462648932	0.22956336037816613
625	0.3504017247075626	0.28417171340674346	-1.165302518172675
626	0.2920397316751571	0.4609195470830128	-0.04542034131799474
627	0.4278352578213692	0.44646363359805985	-0.1370136555059559
628	0.48462534173774685	0.39749032553395647	-0.4473107250760172
629	0.6183559707575611	0.4365011246163771	-0.20013655785380605
630	0.6096398919125763	0.5442753372197258	0.4827256719605672
631	0.7316831666354651	0.6296289738954832	1.0235301302374689
632	0.7068130524240153	0.6319141155226246	1.0380088897594186
633	0.5506517053295092	0.6205739911278431	0.9661573545587592
634	0.5835000998780222	0.5253817843103417	0.3630152759653661
635	0.4836631423521864	0.3864573149193751	-0.5172163736337744
636	0.3337318053513739	0.49242687086534187	0.15421147091030593
637	0.39300158512387073	0.5565465115870244	0.5604763814158471
638	0.5920967543934285	0.44783330277450306	-0.12833537036388504
639	0.6732456399642974	0.631550311172629	1.0357038091315656
640	0.5846829881080439	0.5665595176951203	0.6239192358144589
641	0.5978298738862476	0.6470795556425392	1.1340977964305816
642	0.5347349620611151	0.7244228988800536	1.6241486773295855
643	0.4794694342363334	0.6545664096568582	1.1815348382146729
644	0.40885807844421024	0.5283287544386601	0.38168741046219806
645	0.3636410743867022	0.38361455750195717	-0.5352282117348215
646	0.3326125110653665	0.2410940380491444	-1.4382445953110405
647	0.2839746549192092	0.168748298296203	-1.896630437080845
648	0.22891289594009945	0.23009055098293899	-1.5079631813462417
649	0.2842576552600833	0.265644299501441	-1.2826930410673474
650	0.32529509878244667	0.2474343295759176	-1.3980722247127049
651	0.42076844826522547	0.3073827700894167	-1.0182362252273292
652	0.4254356537949431	0.36970805032042175	-0.6233404630194836
653	0.3504223310811683	0.3628070478419348	-0.6670655232781721
654	0.32759029630778885	0.3239279014198265	-0.9134055333582406
655	0.3160901930048746	0.26925949881882305	-1.2597869765509992
656	0.3340837883998668	0.23996080557941082	-1.445424806907931
657	0.326045118449066	0.1591743850827577	-1.9572911792663972
658	0.2638765826711274	0.21323034345235298	-1.6147902101072138
659	0.2602286115462484	0.20734190591947488	-1.6520996135971062
660	0.407222851564446	0.2972593045024583	-1.0823789558228363
661	0.5860846143019205	0.4737890580686127	0.03612145570344106
662	0.6487378833017127	0.6544637762610226	1.1808845484297532
663	0.624771713131145	0.7181678607490107	1.5845164760584145
664	0.5114077026577811	0.6476193217546525	1.1375177786507487
665	0.3600391131356409	0.529800623106616	0.39101323615199807
666	0.24093587890174825	0.5857430170911546	0.7454667457130529
667	0.19680632569122095	0.5658312918844371	0.6193051645178155
668	0.2638774020713441	0.22266642109892848	-1.5550028002362006
669	nan	nan	nan
670	nan	nan	nan
671	nan	nan	nan
672	nan	nan	nan
673	nan	nan	nan
674	nan	nan	nan
675	nan	nan	nan
676	nan	nan	nan
677	nan	nan	nan
678	nan	nan	nan
679	nan	nan	nan
680	nan	nan	nan
681	nan	nan	nan
682	nan	nan	nan
683	0.36830315666660646	0.43085102067350534	-0.23593586906113748
684	0.43483193299769035	0.5176718550663342	0.31416481955191405
685	0.42810650370765696	0.7111853333034948	1.540274869963517
686	0.47045700058903034	0.855645757564582	2.4555825771412483
687	0.40396963944188785	0.6393021849557603	1.084820028020314
688	0.386429595719713	0.5406849865002704	0.45997704927170385
689	0.39411217145286737	0.5072766202734251	0.24830014711626253
690	0.5328905846325489	0.48798825786790434	0.12608822050096752
691	0.5941787747875096	0.557686267434325	0.5676979254246733
692	0.5626584227829412	0.5280995165364512	0.3802349488642043
693	0.5550078158246182	0.5168532540907285	0.3089781271695012
694	0.5200162277860453	0.49850503956518033	0.19272301955724688
695	0.48880133853459434	0.5762517571485941	0.6853296983473891
696	0.4875977409116473	0.5674476663305297	0.6295465852789766
697	0.6759638187486374	0.559039060832832	0.5762692848831965
698	0.6029830835572088	0.4024157172332367	-0.41610322304713937
699	0.33369589208397854	0.34584373239364075	-0.7745458484158643
700	0.2913733352986599	0.3781825202297424	-0.5696458427667562
701	0.406704342868307	0.3040052994831263	-1.0396360300009648
702	0.5200826434807592	0.4034815229017353	-0.40935023067763526
703	0.4158564179464717	0.4914858025969325	0.1482488202849779
704	0.41907070142995567	0.47277158232350147	0.029674683889428153
705	0.4756115965366092	0.4102973487263635	-0.36616485350618205
706	0.3713174820784249	0.3166974075390983	-0.9592182658736238
707	0.37272874905845826	0.3669060192272114	-0.6410942573094118
708	0.5500939801625744	0.26198883028178915	-1.3058542574850092
709	0.4782719521275773	0.3925695916659508	-0.4784887148776802
710	0.4838217074977518	0.4620957404057921	-0.037967927835357136
711	nan	nan	nan
712	nan	nan	nan
713	nan	nan	nan
714	nan	nan	nan
715	0.25395811207115593	0.41459719097572645	-0.3389208607613089
716	0.34554174881932476	0.48256218069853296	0.09170835294713418
717	0.39069836938380603	0.43752899891797925	-0.1936239003209303
718	0.47144624768830323	0.4770546849853895	0.05681261385960601
719	0.5746883506116919	0.5751396894765706	0.6782835878551016
720	0.5170026206860575	0.42249210180369473	-0.2888983527610551
721	0.4524912421074852	0.2891443607245994	-1.1337956024316262
722	0.33913101874619356	0.12214784458043121	-2.1918929954057176
723	0.29210898745914615	0.20749218128371336	-1.6511474621702367
724	0.24217167166205036	0.2679877111055163	-1.267845080366199
725	0.27475927297704567	0.28333003176092353	-1.1706354507135395
726	0.41738421728528813	0.23036516026303877	-1.506223244669304
727	0.5023641031385039	0.2620030358261967	-1.30576425052049
728	0.5074495728346655	0.4479447274324403	-0.12762937874921787
729	0.5033965546971397	0.5205509401401047	0.3324068313078798
730	0.5986518171876798	0.5218939050863249	0.34091591725326836
731	0.6593909704076146	0.523508603806729	0.35114672054154306
732	0.6106494726604546	0.4934559955061473	0.16073205064827836
733	0.6516453683984654	0.5063273554940757	0.24228556303113924
734	0.668254885882142	0.5155086736639828	0.3004588054672725
735	0.6355514861139655	0.5733205003746922	0.6667571243667096
736	0.7121776520833442	0.5614566841424233	0.5915874542686204
737	0.5894290489794666	0.5652951084442547	0.6159078822671896
738	0.49746411664322365	0.5168442068634331	0.30892080353284174
739	0.5415710326156923	0.1224314704752392	-2.190095929054841
740	0.48664932447733583	0.08473068963577579	-2.4289697621166386
741	0.43026442726673325	0.15604678905787892	-1.9771077675199116
742	0.4009778960160487	0.43285913490656003	-0.223212367494464
743	0.38337342572468225	0.5074352257349568	0.24930507841203425
744	0.42065996328199246	0.2670556390879988	-1.2737507303436388
745	0.5427493824097732	0.3256738544138249	-0.9023430971238815
746	0.6608522246176023	0.5052933938601465	0.23573433588846485
747	0.5697657236383594	0.503259619046139	0.22284824773354853
748	0.6427271535050249	0.4337807709380903	-0.21737284039084884
749	0.5916119356678751	0.544729469521346	0.48560307452862383
750	0.5403873457338925	0.5791563448872008	0.703733296128022
751	0.4669735893394536	0.5314903698862219	0.4017195472988955
752	0.38796905736354126	0.2913047991565139	-1.1201069679303155
753	0.32851259765867863	0.8450463342595782	2.388424157163365
754	0.30179203665993903	0.8419950243342819	2.3690909210476803
755	0.34255589516072893	0.29239434966119915	-1.1132035272170626
756	0.4140285529356777	0.2007433197078969	-1.6939085508671385
757	0.4098371598498314	0.319495122744036	-0.9414918172447615
758	0.3872238783506803	0.45678039370952217	-0.07164620216068093
759	0.5482282227606233	0.6220692623254958	0.9756314597230831
760	0.5313800774302345	0.5108767610288124	0.27111079991051895
761	0.575204012646489	0.5551437904404664	0.5515886775133215
762	0.5858422772974313	0.6909944115665771	1.4123442870696026
763	0.6447974410968428	0.7457583048547899	1.7593307635260624
764	0.7832124866988939	0.710074166584828	1.5332344679519814
765	0.8307864627020107	0.6738758047660418	1.3038800289807817
766	0.6283761545821909	0.557832199097554	0.5686225549677331
767	0.37074603855503746	0.447446038529357	-0.130789093936342
768	0.42425869442910186	0.6423892452193358	1.1043797798777915
769	0.4569133023490922	0.6371281131933182	1.071045012127212
770	0.4779531337061125	0.31503173252004707	-0.9697720572693597
771	0.3846013806966064	0.220766154211665	-1.5670429761979117
772	0.23902765074140922	0.2098537455594436	-1.6361844853298466
773	0.2614805183484847	0.19533021016963542	-1.7282062549304555
774	0.241620135080436	0.14616064585804184	-2.0397468128595495
775	0.2675756909290687	0.2107147564529764	-1.6307290818112319
776	0.3390622563132785	0.1518675792483583	-2.0035874277322714
777	0.5131302107430248	0.22916819918180326	-1.5138072435980803
778	0.6210861236323609	0.29706280576145566	-1.083623980631606
779	0.6183520134760038	0.370652302165085	-0.6173576411126684
780	0.5288424453608838	0.47687178110867545	0.05565372671881732
781	0.42821182982642036	0.4534689547689133	-0.09262762734817571
782	0.4157098741119779	0.311924043692131	-0.9894625126328354
783	0.29573698906599755	0.22728663501682994	-1.5257289182751317
784	0.3419045878830137	0.28545015209559854	-1.1572022734790255
785	0.5003355452794945	0.3451430295426017	-0.7789855330096069
786	0.49959862839113073	0.6202527745174437	0.9641221117531538
787	0.42364920177709514	0.5769045190440759	0.689465626903203
788	0.3699487082103674	0.5994374887247674	0.8322355302856248
789	0.4128736631082818	0.5082481966602097	0.25445609854368306
790	0.5195109487295979	0.4560619353242028	-0.07619838661350219
791	0.4385828025532147	0.529369102503068	0.388279102313933
792	0.3207546124142062	0.49804427504961535	0.18980359498509958
793	0.36072454310324953	0.6240553715874596	0.9882155368090471
794	0.43501903361625965	0.3436956670514938	-0.788156086467187
795	0.5268109342951377	0.399799776621275	-0.4326779397274692
796	0.4853863538225987	0.6111442126733801	0.9064098566506186
797	0.4583349113096684	0.5882465965204687	0.7613295369162772
798	0.478162906796869	0.5784385346080312	0.6991852181047434
799	0.43044075208005794	0.3445148077305453	-0.7829659744996104
800	0.4090211414939678	0.2009364676897366	-1.692684756618243
801	0.3772603376593555	0.4456030949145443	-0.14246606708078835
802	0.46381657814910243	0.47847621567815934	0.0658194958879348
803	0.4963712524382	0.42885802778986387	-0.24856356108182873
804	0.4446298367812896	0.53923791392539	0.4508083327363036
805	0.42206523102965404	0.522772214431274	0.34648092453349844
806	0.43758111811415484	0.5273494355287428	0.37548240206202776
807	0.4141656965610931	0.3668221401115067	-0.6416257191368877
808	0.4038769580603696	0.49552647647368164	0.17385071063313243
809	0.48052635813110156	0.5071898480733212	0.2477503545766787
810	0.5771193117942361	0.5627048606756795	0.5994959565913253
811	0.5827473786657066	0.5483017384865112	0.50823713041384
812	0.6150263282255648	0.568799756127634	0.6381134866875537
813	0.643245806402265	0.5937180213082247	0.7959967290077609
814	0.4480444440524334	0.5177639544666621	0.31474836547030527
815	0.4952181420743099	0.38287939771188617	-0.5398862170348959
816	0.4420757261357943	0.34019128559497913	-0.8103600040622332
817	0.3915909870820744	0.2970023639280187	-1.0840069427907146
818	0.440596042372926	0.1946015553209099	-1.7328230446313186
819	0.29778056107363254	0.3727129929274147	-0.6043010123057265
820	0.2708717146183617	0.4715062515330061	0.021657491425861153
821	0.3751270986527594	0.22467605000124385	-1.5422697016573683
822	0.43163026275538086	0.3500259258467354	-0.7480472837044152
823	0.30280786155885847	0.3458344774826721	-0.7746044879455637
824	0.454050191034048	0.3967738176060912	-0.4518505513432011
825	0.48214699842308195	0.43175485280064874	-0.23020914829175898
826	0.3003776991760254	0.38613892889735124	-0.5192336817048719
827	0.3443218340286213	0.4579263397324259	-0.06438543692246058
828	0.5414053675083433	0.4881684712132979	0.12723006031501177
829	0.6163802522169458	0.5278611072650822	0.37872437706114587
830	0.7617136786222466	0.6298097801775541	1.0246757269248115
831	0.7279869675476006	0.47262973787452667	0.028775951118628806
832	0.4844011383173442	0.5890130200101538	0.7661856304149569
833	0.4759826500757264	0.6692820436301503	1.2747737530292744
834	0.5072241310892132	0.7078665251147523	1.519246752890357
835	0.5929648175154364	0.6893347863641623	1.4018288275825723
836	0.7222777662576558	0.6642981172487998	1.2431953726376193
837	0.6304369507623534	0.594179833505244	0.7989227917364459
838	0.5920489495311928	0.36065698721826445	-0.6806884035224393
839	0.5300113416501788	0.48666112384215177	0.11767943997548799
840	0.5079615176962874	0.5313856062794718	0.40105576040237667
841	0.5605797621291864	0.4677725005089219	-0.0019997220047906668
842	0.5757072567124419	0.365929682086818	-0.647280373084559
843	0.41841253258937866	0.41492203730602595	-0.3368626198881258
844	0.32430922560540565	0.47517146584371706	0.044880453176192235
845	0.32639859267461574	0.5155675199732938	0.30083165831418057
846	0.3150745004992451	0.5304204327772498	0.3949403779378278
847	0.46690222836137485	0.5424774821281876	0.471334381715569
848	0.5948223121745668	0.5061257068207394	0.2410079080208419
849	0.5545406389082038	0.47269858175121277	0.02921214899943312
850	0.3971788395108861	0.3957804848218984	-0.45814435227736383
851	0.526032585305163	0.44758688606425456	-0.12989667765770965
852	0.4904139650257657	0.4345416529672494	-0.21255185783382932
853	0.39085061506765356	0.5173366643130656	0.3120410359522829
854	0.30399300386907435	0.4859219106812488	0.11299575233658937
855	0.42806852820292435	0.464046662481416	-0.02560679833531902
856	0.40398182402956834	0.5177742940078605	0.31481387726563553
857	0.34554789540924874	0.4180027125377894	-0.31734332387769454
858	0.3430298451472216	0.3603370320757473	-0.6827156536111405
859	0.3394842283306032	0.28346430522806754	-1.169784688022131
860	0.2749931512308986	0.24840987772105358	-1.3918911080467862
861	0.23200968697547275	0.18610586506873295	-1.7866521179251795
862	0.2764684432208123	0.13070380602797316	-2.1376820411232016
863	0.3133534310013012	0.17680122675640866	-1.8456067222975112
864	0.33037427543984627	0.20599493692847132	-1.6606340693492694
865	0.34668580154864054	0.29413722509685236	-1.1021605905299812
866	0.3976216090047329	0.32471556208902863	-0.9084148801405921
867	0.3811041844905674	0.31062869397746606	-0.9976699063421357
868	0.3700487870576086	0.227327672099917	-1.5254689054818575
869	0.2425921904071518	0.2716836082713045	-1.244427710674218
870	0.36465083165467044	0.38626093127158045	-0.518460669206832
871	0.5372494715758414	0.4995425734188726	0.19929688044405966
872	0.6219127364228769	0.5413640833778666	0.4642798374516741
873	0.5163631806256979	0.4813086380111185	0.08376585043175287
874	0.542220802828722	0.542340110444476	0.47046398858546234
875	0.5699521701317166	0.5200388803670846	0.3291623976910025
876	0.36271519630608523	0.342896512351047	-0.7932195663807184
877	0.33136462421885043	0.2510112320442695	-1.375408810744126
878	0.2815908339106609	0.145988498527806	-2.0408375460409096
879	0.2792233675590504	0.15876646238168776	-1.9598757957392607
880	0.2822530191650838	0.13821109188059516	-2.090115542298082
881	0.2815264446957594	0.2548081774622871	-1.3513511948079886
882	0.293755906239955	0.3752330921834928	-0.5883335507414974
883	0.39350102287966576	0.4652684475945781	-0.017865513230333415
884	0.4583335769010485	0.38604195767472127	-0.5198480957071958
885	0.5999060649792021	0.4884669021284179	0.1291209319365415
886	0.5089989624638062	0.4517014288367024	-0.1038267506836105
887	0.5213021557697227	0.4805317700226587	0.07884358012184571
888	0.644576952952796	0.5268987075174257	0.3726265692295436
889	0.41087981108948013	0.5862840175451817	0.7488945487787746
890	0.4021872580571457	0.6249264482288345	0.9937347173560453
891	0.4118917659564269	0.5391893950628786	0.4505009150540742
892	0.5268165457106204	0.5739915063161518	0.6710086480135601
893	0.5078860453114453	0.6045994753566907	0.8649421083862713
894	0.4817998916306263	0.44879446095265424	-0.1222454291721807
895	0.44904325991970706	0.46032148141818185	-0.0492097121108479
896	0.4229306487396551	0.49433790337562145	0.16631985834079524
897	0.3916319729463531	0.5789376050654912	0.7023473508374583
898	0.4483482817907817	0.5148960732459674	0.29657734182837053
899	0.5782332531617596	0.5841675394015654	0.7354844486296571
900	0.6387698770857166	0.3584777545231635	-0.6944961193156214
901	0.43428696679200635	0.37301257446496644	-0.6024028502890233
902	0.360479993405676	0.557919177526827	0.5691736541845529
903	0.517767575597664	0.3825136206327361	-0.5422037969628763
904	0.5791816635813269	0.33156903288148926	-0.8649909827697853
905	0.5011753569431522	0.5989960609781375	0.8294386243460283
906	0.40094279229955887	0.5222845851209093	0.34339128342033154
907	0.43939020059161576	0.5982754902635754	0.8248730560806794
908	0.5771014453178841	0.5724565702088484	0.6612832242082071
909	0.5161316434976605	0.6155207022089433	0.9341394900278802
910	0.27807864772081525	0.48122722049639144	0.08324998541813326
911	0.2742433441237537	0.25948393143895254	-1.3217254085513053
912	0.30777095186109504	0.223913739641491	-1.547099734180893
913	0.3039788848065363	0.2272719076817069	-1.5258222313289542
914	0.34131748289246255	0.148036642602125	-2.0278604136101865
915	0.2625397245996249	0.1549317624952361	-1.9841726256754593
916	0.332735182437898	0.3775974710101629	-0.57335274078051
917	0.5610132494630713	0.45525062450895726	-0.08133888821391821
918	0.48881690401960864	0.46427060311151613	-0.024187900490256497
919	0.3784739841954503	0.45831938151089746	-0.06189510664053052
920	0.34877724951583816	0.4927974816791181	0.15655967759700157
921	0.2738336272574967	0.35001965195537693	-0.7480870353605784
922	0.342795952852687	0.4654775434488361	-0.016540672548740573
923	0.4665012127613019	0.6208439542731423	0.9678678531178646
924	0.6283051490068202	0.7201780554146473	1.5972531593389463
925	0.7005810043296471	0.6601750173156057	1.217071227110427
926	0.7316625534173348	0.7596912972826606	1.8476108265157032
927	0.7953262467792055	0.7975720502903106	2.0876249712819783
928	0.8234807608639895	0.6252124872319096	0.9955470732687962
929	0.7383547263479449	0.5600678596182416	0.5827877999868114
930	0.7334647733507106	0.5450646898297695	0.4877270453910378
931	0.7356077860516271	0.5933252870786352	0.7935083473692983
932	0.6185616711003017	0.47333834875494823	0.03326574134011972
933	0.5238158585465652	0.38230334187124126	-0.5435361325976114
934	0.4526312023357067	0.6281462106211708	1.0141352758346784
935	0.45924179599249726	0.5945414193213729	0.8012138156345265
936	0.5803768443110278	0.4705581440199847	0.01565023983193524
937	0.5440684454644761	0.45764985435890954	-0.0661372606111691
938	0.5046757990871902	0.43766732005365117	-0.1927474914207511
939	0.4842646942361132	0.3777779185363525	-0.5722094171864716
940	0.5632386539953218	0.4016531204886085	-0.4209350701180389
941	0.5539047932849492	0.42687960620768767	-0.2610989286849296
942	0.49883354836851923	0.43047170724128514	-0.2383392159274024
943	0.535617319203968	0.3519911796628542	-0.7355953476558064
944	0.31043342707237787	0.4034767717391753	-0.40938033425604753
945	0.41779175578022676	0.527360868635417	0.37555484273710804
946	0.46681012817037215	0.4529959898150512	-0.09562435444287504
947	0.5414465449251541	0.3924365999945806	-0.4793313560537548
948	0.4289020094533383	0.3783130867547937	-0.5688185674261906
949	0.36102633162192377	0.4515188263940888	-0.10498372792446108
950	0.4488480959748483	0.4258205741889753	-0.2678090029065276
951	0.6348603172590969	0.465331188369357	-0.01746798487609259
952	0.6255460644100393	0.749147864991289	1.7808071681036433
953	0.56541379018035	0.7195855831304058	1.5934992284555969
954	0.52202298711136	0.7359832483884615	1.6973955686968032
955	0.54676023964832	0.7829649941601127	1.9950740105359124
956	0.4758728975785833	0.7380036207384232	1.7101967382402794
957	0.46525579807808165	0.6682648593919315	1.2683288282159657
958	0.5069840689113932	0.4849658415536419	0.10693805559667344
959	0.5179413165954446	0.5296873837287857	0.39029574639094894
960	0.501894914381834	0.5161897594123067	0.30477419522109955
961	0.45743175198680347	0.45413614846739303	-0.08840025824329756
962	0.4033002082931776	0.4746715519144062	0.04171297616811732
963	0.39375108595413877	0.46870788620047377	0.0039269235594909255
964	0.3910693235284884	0.45178635105615056	-0.10328867970417696
965	0.38551582314822597	0.6056363854461801	0.8715120170752056
966	0.4097748602588024	0.6848652183179847	1.3735094446003664
967	0.4372719042314451	0.5418061257321832	0.4670806375730539
968	0.4341461887392366	0.47071968724254903	0.016673784912961967
969	0.4731787938250942	0.478393056643675	0.06529259652726682
970	0.44746838464618827	0.6750486155815263	1.311311010745962
971	0.39347570678399735	0.572295144027394	0.6602604207048859
972	0.3346938504832272	0.5094443229915289	0.2620348084596663
973	0.39709769584066884	0.4547697563704398	-0.08438569023995783
974	0.38617302563365924	0.4845875309538851	0.10454106272173491
