ID	SN	ssim	z_ssim
494	0.248124571041285	0.41692257143794836	0.2563946287410479
495	0.3106820078138812	0.4024638993496221	0.157834367058338
496	0.33607852376213543	0.1957640624781787	-1.251174004344686
497	0.3882636065875564	0.22323448169444898	-1.0639167175102098
498	0.4306670629824063	0.38446043587012946	0.03511036717133878
499	0.977288240809259	0.3672012220395797	-0.08254031479898227
500	1.280395074337045	0.26605233975386006	-0.7720407230033577
501	0.7036639440027865	0.34526067425110496	-0.23210219145569297
502	0.20275879401877217	0.31210471168446674	-0.4581160554500517
503	0.2866040881316358	0.17064151434752184	-1.4224265856860374
504	0.3480321080688047	0.4649209563717454	0.5835846604758443
505	0.9474150021672293	0.5320578557230612	1.0412359806115263
506	1.5369724822281778	0.48114467559537727	0.6941766984154137
507	1.1531435597227702	0.6025845267219166	1.5219943176700061
508	0.34610348822024717	0.7193549870740991	2.3179821551985835
509	0.7233689904587783	0.5927127745041572	1.4547016592636506
510	1.0908816041449145	0.4283587915830079	0.3343517774523876
511	0.8916082771757998	0.4672709780667113	0.5996040260027029
512	0.6556351781343396	0.4062368061207526	0.1835530967172892
513	0.8166518770968669	0.5156859843144218	0.9296340353973466
514	1.0704711527542023	0.5762129029432118	1.342227176901548
515	1.0206102410626468	0.49493000220444316	0.7881469738093861
516	0.7211338480340365	0.5525427698911515	1.1808752565160505
517	1.0844366523031392	0.6035234174751707	1.5283944433362429
518	1.5935366465042577	0.47037040251031603	0.6207318365209392
519	1.1912806745577922	0.5755968514231187	1.3380277456771938
520	0.24360361944958123	0.5870762110105975	1.4162789625234022
521	0.4126642935140058	0.21355687989263705	-1.1298859130366619
522	0.6979425824735125	0.16890142467777064	-1.4342882346780308
523	0.7439903028812097	0.21255651254727354	-1.1367051054725614
524	0.7061565215097866	0.3087440670661703	-0.4810245224917322
525	0.5139155929839597	0.2560073678604625	-0.840514165955845
526	0.6364417194916002	0.213577996405319	-1.1297419683505217
527	0.4508884154204985	0.2591521877520076	-0.8190769088161711
528	0.6985486139483379	0.181540543279072	-1.3481313020653296
529	0.7110472660920192	0.34604496178471367	-0.2267559477567732
530	0.4023753313925551	0.5136984852548224	0.9160858736981534
531	0.7953174057996706	0.507304720897304	0.8725015746446195
532	0.9988061534384056	0.41738087965738047	0.2595187730443851
533	1.0627360453738361	0.4465057212554727	0.4580537416666487
534	1.2631646994600643	0.36636916532314656	-0.08821218613028667
535	0.6036196383817571	0.24714002959846995	-0.9009600474442788
536	0.29086549463933153	0.2213840948086142	-1.0765302282508937
537	0.5987368998888184	0.14176726494001232	-1.6192533454403912
538	1.0371642887676016	0.11032027133076315	-1.8336177006403782
539	1.4738665712774377	0.34456142250071015	-0.23686877272124707
540	1.4803975951343022	0.591014954017141	1.4431281461174685
541	0.9568372388932812	0.5700638611784695	1.3003110754968945
542	0.6270863913412071	0.5240082190746569	0.9863641161919701
543	0.7415314144472929	0.4533636694990479	0.5048022376117901
544	0.9100510978090784	0.48568774717165825	0.7251454015346341
545	0.8053981865970015	0.4449988210244238	0.44778167240644096
546	0.7525186814142899	0.3852823533987529	0.04071312281915076
547	0.8025725368920703	0.6544908405942143	1.8758234831000076
548	0.8175901402236514	0.6614883072432095	1.9235230325349686
549	0.7741223003971021	0.6645080574174682	1.9441077283889985
550	0.8623399015555688	0.4836931708722196	0.7115489964970285
551	0.8663821773552766	0.5691503996280213	1.294084292781353
552	0.8516093822386491	0.6478691698523342	1.8306856172497012
553	0.6925733741865728	0.6162697759598795	1.6152823968135779
554	0.6071349493173855	0.6036877978577373	1.5295149731762099
555	0.8085779028834597	0.40722090832501173	0.19026141475519706
556	1.042903875359109	0.2572273757919293	-0.8321977520939227
557	0.8952139589099173	0.2921335630817038	-0.5942531516071624
558	1.0698747606445858	0.38124799918908464	0.013212187449941862
559	0.9352830295167058	0.39781916634146064	0.126172669640058
560	0.6592311419453861	0.33414226091132077	-0.3078929502177252
561	0.34943803128647544	0.5125869010545779	0.9085085506224805
562	0.3350733974916329	0.4423466879093569	0.42970290747965206
563	0.4439447460295143	0.11247732677117145	-1.8189137259342636
564	0.5001651188057341	0.17832518056114083	-1.370049427668302
565	1.3158651689989824	0.31228549310352954	-0.45688372485555767
566	1.8054567177097653	0.6379378626595142	1.762986991138247
567	1.1264306053292956	0.6145929684648995	1.6038521226855553
568	0.5406385447415041	0.5603795433010357	1.2342960985759457
569	0.9904299534842432	0.45564485183834436	0.5203523467043509
570	1.3102192939945667	0.39641474912876346	0.11659919517784267
571	1.3905648326435653	0.3466484774738119	-0.22264196938560818
572	0.8446695242836074	0.2521953026718897	-0.8664998263430554
573	0.41399312854794884	0.26326921473650183	-0.791012418905362
574	0.3337364061732482	0.26598005002881353	-0.7725334995304157
575	0.8434875121178489	0.2988388751017417	-0.5485451292298698
576	1.4974772818986373	0.42772389383279114	0.3300238773505761
577	1.627257137426738	0.6268145197385704	1.6871626289577186
578	1.0907638667862503	0.6778103873416016	2.0347855659043037
579	0.9006975392753682	0.6849221225924608	2.0832640487871656
580	1.1202304183572533	0.5539972462390619	1.190789968502437
581	0.5662692387812288	0.4066338085044938	0.18625933824425409
582	0.44854974548616566	0.5292550940824392	1.0221304279683483
583	0.622713644183525	0.5875959118956787	1.4198216014958773
584	0.619225344351694	0.5713712889706231	1.3092234033053343
585	0.6308539101575467	0.6021588386493403	1.5190925347419453
586	0.8135691390511215	0.5900102677259549	1.4362795127738655
587	0.7060152791314313	0.5003815097388133	0.825308201747227
588	1.1143243717972033	0.5141740126282077	0.9193273956077614
589	1.3810483133934754	0.4331990187216716	0.3673460974339313
590	1.0742862416198766	0.29405517238699097	-0.5811541398290373
591	0.28351124958106855	0.3158671774719387	-0.4324684987228413
592	0.5474362171274398	0.23476353491353705	-0.9853267546639918
593	0.6865040612483733	0.15628945257109395	-1.5202601180968898
594	0.6127583680436477	0.16793752325092884	-1.4408588503117146
595	0.2976068781031471	0.19225772986064382	-1.2750755810745353
596	0.2645266402281516	0.18319807524086623	-1.33683242323995
597	0.25908474035339824	0.17984144827407753	-1.3597135032033751
598	0.5562968917118714	0.16470726083780282	-1.4628785424934452
599	0.8377288028072439	0.11031401361577156	-1.8336603575333028
600	0.8584158019673115	0.2516251758457615	-0.8703862032407582
601	0.5387493018246619	0.3099645894841621	-0.47270460153550475
602	0.8167727784799327	0.33037330014883337	-0.3335847811655025
603	1.5736931634720697	0.3420326523411325	-0.2541066108256627
604	1.36816921976758	0.305514448004616	-0.5030398291462942
605	0.5982014865178802	0.2817471893151518	-0.6650538247334523
606	0.943177781348518	0.38546402898464116	0.04195154867023324
607	1.1035322507215977	0.3694347504000314	-0.06731504802917945
608	0.8443086630964376	0.40636680598658614	0.18443926528913324
609	0.5020326524059348	0.39189230284156323	0.08577108822655953
610	0.5232813559983989	0.15956635127480384	-1.4979225208561207
611	0.2951993299289309	0.26354673164443	-0.7891206726302072
612	0.8012421361155705	0.5190006117549455	0.95222881767908
613	1.8037137364211895	0.48415893469018273	0.7147239632920671
614	1.7381878231937673	0.491026522296358	0.761538167768014
615	1.143988953290407	0.5591198025917706	1.225708838750213
616	0.7177371454280302	0.4997171584583581	0.8207795261087653
617	0.4918031058269758	0.5001781718725227	0.8239221108815387
618	0.4608364240981499	0.4148920972894441	0.2425535192536742
619	0.8640024078634154	0.3997518345015855	0.1393470661851975
620	1.361054951385806	0.5431420530356053	1.1167934993790467
621	0.8185049390066976	0.47027244395494516	0.6200640835770704
622	1.2726659588567868	0.5993812534386656	1.5001586019756608
623	1.7244058000310636	0.5913566087947475	1.4454571002621048
624	1.1632066348051635	0.39403046100671435	0.10034624609644884
625	0.35318992452086134	0.2949729863820253	-0.5748976878551612
626	0.22913982852213458	0.38743235148304256	0.055368989727980114
627	0.5583473751076571	0.3802833925293151	0.006636764463170371
628	0.6794752765473558	0.28473758952060213	-0.644669198470078
629	0.8147469890665593	0.3476004405491292	-0.2161527337737635
630	1.0706381594297407	0.4335933359034988	0.3700340347762724
631	1.2355478017592165	0.5332863517757271	1.0496102553504003
632	0.890452191458253	0.557272238857952	1.2131145725570074
633	0.8434269686833088	0.538904706261455	1.0879088269589685
634	1.0729016131453997	0.4355357955996929	0.3832751771713325
635	0.736270613490987	0.29324709927718173	-0.5866625223883086
636	0.5382173452754813	0.4511044674994151	0.48940196164469835
637	0.8855835350100506	0.45963469686719505	0.5475498768588996
638	1.5430888140891945	0.24641979245512396	-0.9058696795936311
639	1.4175623263563712	0.5393061294022021	1.0906452034087444
640	0.8448678126591812	0.492593664559913	0.7722208881898099
641	1.2237739714950495	0.5306425764826838	1.0315884630916892
642	1.488186334365764	0.5980572045753677	1.4911329735050702
643	1.127826806290832	0.5174829636361823	0.9418834834178277
644	0.8762065797013033	0.4291335999853799	0.33963340486777155
645	0.5825543814800662	0.31878365283242327	-0.4125877950894408
646	0.5058979247387622	0.19547747359287274	-1.2531275914624074
647	0.37510966876208685	0.19862094859220286	-1.2316995020338368
648	0.28485903062936657	0.23969993081527025	-0.9516768821949217
649	0.382473941567412	0.21083269522768888	-1.1484558309246329
650	0.4541972152269733	0.22166872056941794	-1.07459002314111
651	1.0759105719160587	0.2118364432833755	-1.1416135932400353
652	1.0019382514615605	0.2613041524788889	-0.8044076359176852
653	0.696663717588653	0.32985068588689526	-0.3371472797200775
654	0.3012820975926481	0.2954235363510743	-0.5718264291268813
655	0.3276447829954962	0.2536285165830191	-0.8567300537619162
656	0.34312984480161235	0.21873269022305475	-1.0946040270190716
657	0.3915446556739499	0.14409510362543293	-1.6033851945764241
658	0.3438635720186359	0.19632121030013372	-1.2473761012736166
659	0.4065814190771917	0.1852815317787451	-1.3226301493157984
660	0.8742654234793082	0.249056488228386	-0.8878961462149869
661	1.1226385154844067	0.3902132753659411	0.07432568118234072
662	1.4841100738474018	0.5357674854252394	1.0665233702112835
663	1.2822488127943223	0.6195979327950667	1.6379694047623914
664	0.8240545636013167	0.5308388590205767	1.0329264599824337
665	0.68621285779879	0.37578878014266826	-0.024001607462279573
666	0.4851211314787656	0.39134626441526116	0.08204891444349134
667	0.41065368206997765	0.37707992629590703	-0.015200266512263647
668	0.6997273070098259	0.1448661132013147	-1.5981294625773468
669	nan	nan	nan
670	nan	nan	nan
671	nan	nan	nan
672	nan	nan	nan
673	nan	nan	nan
674	nan	nan	nan
675	nan	nan	nan
676	nan	nan	nan
677	nan	nan	nan
678	nan	nan	nan
679	nan	nan	nan
680	nan	nan	nan
681	nan	nan	nan
682	nan	nan	nan
683	0.9727052407902489	0.33966673536712383	-0.27023432951610393
684	0.8751701142587149	0.3793341996096275	0.00016641213895397095
685	0.6626856138475721	0.6318797978670406	1.721691051401216
686	0.7841944544020404	0.6721336242974985	1.996088841355908
687	0.7320012477340361	0.5828179458936453	1.3872516962794976
688	0.4023586240626087	0.4957547115615964	0.793768760482232
689	0.4115142140925341	0.41098197888910787	0.21589946067946592
690	0.8328595890637627	0.3271338509204202	-0.35566709700403926
691	0.7595179971335534	0.41164142811801785	0.22039472056023365
692	0.559312595165162	0.4148446472166662	0.24223006689502852
693	0.5112691013731566	0.4082408979227394	0.197214365970326
694	0.6731276479684228	0.36988634831567513	-0.06423664577554848
695	0.6460024359092028	0.46971685201758284	0.6162767864863891
696	0.8948568552399777	0.46324828080787717	0.5721825524345233
697	1.6822202196821217	0.42704341612631125	0.32538527289159136
698	1.4471554014045875	0.26294776371980944	-0.7932036503082068
699	0.48569146940892055	0.2988560202568484	-0.5484282560506742
700	0.2507488324168496	0.38333839260759256	0.02746174792751165
701	0.7650557943809463	0.2363492626097641	-0.9745173431396896
702	1.366625625281433	0.2932027655422924	-0.5869647316427526
703	0.9732059232627482	0.3496797147015964	-0.20197896986755212
704	0.7900078843365839	0.42453674021929183	0.30829804442134684
705	0.9967863578191577	0.37506695089356884	-0.028922092500384345
706	0.6088557529599565	0.49079876636221814	0.7599856265435166
707	0.6235163380221628	0.35647257102646634	-0.1556741852467859
708	1.1161332314252388	0.17860605876572286	-1.368134768481382
709	1.0955858146805417	0.23360553682765364	-0.9932204667335044
710	0.777623989599048	0.3634701370238526	-0.10797395858480462
711	nan	nan	nan
712	nan	nan	nan
713	nan	nan	nan
714	nan	nan	nan
715	0.6146420507307454	0.36437790464046527	-0.10178598964174589
716	0.9804348094155371	0.3532876143049375	-0.17738504264809848
717	0.8478692580622069	0.3104043781680934	-0.46970669913419366
718	1.0114379041733768	0.37365095151766753	-0.03857451895966253
719	1.4004320752828738	0.4254003938015191	0.31418530173982895
720	1.1183315804438791	0.30089234438217655	-0.5345472690943961
721	0.9888405896730259	0.23724549347778384	-0.9684080166164423
722	0.537703298583537	0.07288528104651912	-2.0888003630567793
723	0.4334797368299608	0.19232632224467416	-1.2746080081689342
724	0.2825170623398895	0.24514594586438254	-0.9145530948173894
725	0.2627273306792631	0.21683605722190452	-1.1075327831155846
726	0.31935181127908696	0.21157481429743674	-1.1433970365023476
727	0.8637001681832669	0.17964920835228573	-1.361023942840011
728	0.9160894028142593	0.3188702225680759	-0.4119976761803458
729	0.7765424945609593	0.40355780080707776	0.1652911523871217
730	0.9238743890693907	0.42551940696031615	0.3149965773537349
731	1.030279257079875	0.4069319591284157	0.18829173813098551
732	0.6397931894234062	0.462724097433437	0.5686093577290248
733	0.6514174061802077	0.454531681617146	0.5127642122181079
734	0.9160109726152157	0.4292141376212953	0.34018240483281914
735	1.379061715635743	0.42594628865439205	0.31790649682757427
736	1.2140689112147778	0.4688661610995651	0.6104778916101002
737	0.5300347744586439	0.5231384975149532	0.980435495362074
738	0.28281726260590034	0.4692014998020083	0.6127637910387089
739	0.49583973227170786	0.12678919849539394	-1.7213541565843484
740	0.45833104682350073	0.06127516128755332	-2.167942931241527
741	0.3962453338956467	0.10476449104544852	-1.871489723425538
742	0.2951252143159732	0.3911268255444468	0.0805530680477296
743	0.292981075600124	0.4469667074251546	0.4611961407222742
744	0.29704446272770546	0.2404156064565897	-0.9467983443833244
745	1.02275671302546	0.2298622338517694	-1.0187373965460766
746	1.6772503239661425	0.33415150884717304	-0.3078299099210744
747	1.3299718155282172	0.3308451972362809	-0.3303680057837791
748	1.292750234189147	0.27534641281623634	-0.7086859233696057
749	1.1365779558736149	0.3050765187241102	-0.5060250565739239
750	0.541642847298635	0.522126836103468	0.973539314797139
751	0.6003105694485896	0.35873447791093205	-0.1402554709227466
752	0.6349179534729215	0.19106971209168308	-1.283173927968163
753	0.5452244218844463	0.8436226430043936	3.1650760385349073
754	0.549265828166398	0.8126987877119626	2.9542777542082943
755	0.8323470143062532	0.11482055790362641	-1.8029406495558113
756	0.8995607820665603	0.17436638659088763	-1.3970352924332352
757	0.5568524177177997	0.2893851775396973	-0.6129880393320072
758	0.33559935003642516	0.435237357371659	0.3812408167769988
759	0.7558208541697671	0.5084255106609568	0.8801416491771973
760	0.8680170634519088	0.38850266071163964	0.0626649541849871
761	1.0853253529220352	0.42826957529788034	0.3337436178403006
762	1.0009747370163191	0.6433111112087878	1.7996147519635464
763	1.0577693995655377	0.7036815041157338	2.211140906402077
764	1.1631534873450482	0.6271328418497276	1.6893325315866317
765	1.371162029757069	0.5374499388200067	1.0779921306786509
766	1.0452888578813335	0.4460721808267846	0.4550984316741057
767	0.6093623112406189	0.3115354872250147	-0.4619962811953393
768	0.6461567060573233	0.5373081385525311	1.0770255224463254
769	0.8861131109668224	0.5640532269532498	1.2593384551554307
770	0.9354308125406774	0.22331275372139775	-1.0633831614954266
771	0.6746943483111099	0.21345603533945862	-1.130573338928184
772	0.3196966661035092	0.1811119295697519	-1.3510530281473183
773	0.405266049615948	0.14182719576293124	-1.618844815697572
774	0.38393664184770865	0.1460989072453342	-1.5897258897708544
775	0.4321023871082186	0.17583239197970915	-1.3870419905679021
776	0.5163253669790081	0.113766975316884	-1.810122593708035
777	0.8750711678153731	0.14636340120343302	-1.5879229168861755
778	1.1075226970025402	0.17335169894432836	-1.403952101899565
779	0.9418788088594987	0.21743305669513469	-1.1034632237572592
780	0.5504267270104269	0.37339386734237057	-0.0403269816641878
781	0.4539245449339312	0.3832047203373257	0.026550545719124987
782	0.45113299866045786	0.23486923719602368	-0.9846062151456529
783	0.32634728362199267	0.2523328227896627	-0.8655623945573742
784	0.5016271849897184	0.26391695178729446	-0.7865969972928024
785	1.1255588496993219	0.1957457501555509	-1.2512988337411333
786	1.0733753878956318	0.4714008417673844	0.627756019807231
787	0.750565811775408	0.4844437164517033	0.7166652318101209
788	0.4896426771883688	0.4983546368975341	0.8114916412488843
789	0.5403481967853264	0.46551852106505026	0.587658072763272
790	0.8794285879658668	0.3674817958280109	-0.08062773072209381
791	0.8786020228005416	0.3423032828961673	-0.2522618066720986
792	0.5696378595904396	0.3971890623035884	0.12187744678137236
793	0.35714528717656835	0.544015741636087	1.1227491622896266
794	0.8148158945690003	0.22228432188395295	-1.0703936608277427
795	1.1332894590991127	0.215133111959028	-1.119141230261706
796	0.9042095552833552	0.4695240339173053	0.614962405587201
797	0.9554477781850289	0.39385805768174964	0.09917102635844742
798	1.0597337896696462	0.4473906570301983	0.46408607305894617
799	0.7499399967709472	0.30154826590230965	-0.5300760565049747
800	0.5233330894176246	0.1534985718236148	-1.5392846823941098
801	0.5036827606985735	0.3584252171177301	-0.14236360537105422
802	0.6858558659715495	0.386000461345298	0.04560824089746044
803	0.7960723629787434	0.26543384524498725	-0.7762568073208823
804	0.6754004937456116	0.3782284137991728	-0.007371385120549171
805	0.5378964022577795	0.40148312374303186	0.1511487254000282
806	0.6659509561907807	0.40330160369801293	0.16354473653665294
807	0.7267143720344322	0.23063998315704268	-1.0134357219121266
808	0.536151027066529	0.4263442581016468	0.3206193305251321
809	0.7729700256195596	0.41481255071068135	0.24201127501638003
810	0.8476375970095066	0.5111588470215196	0.8987739513221119
811	0.8666958159684595	0.48236825338958755	0.702517446919136
812	1.270368832508982	0.4395374417031147	0.4105531515735105
813	1.1812195843846502	0.4772481663685185	0.6676154093355983
814	0.6099178751021646	0.361822407808665	-0.11920601514152393
815	0.7281595976512389	0.25579479579508113	-0.8419632034789617
816	0.7781792320339543	0.2148763221425184	-1.120891686414113
817	0.9017032288842741	0.17329447401746098	-1.4043421863922743
818	0.9167392236166576	0.12410644192558817	-1.739641672058508
819	0.4900149298109823	0.30612576344558673	-0.4988726822973522
820	0.4702764139788349	0.3847681297024639	0.03720782013574494
821	0.8416176917600652	0.15391690740869574	-1.5364330190819542
822	1.0124505898785616	0.22985739833633725	-1.0187703587478232
823	0.7733696903879295	0.226730933917383	-1.0400824923511993
824	1.1797830101747673	0.25110546300464043	-0.8739289237138308
825	1.2033605451709066	0.28486352507383816	-0.6438107350505968
826	0.6073492939665851	0.31564941354346754	-0.4339529275586334
827	0.6871772836673535	0.4000522942899645	0.14139520692639845
828	0.9918184174804603	0.4409842648596578	0.42041569413940943
829	0.9836330785862056	0.4880500174312266	0.7412482617092087
830	1.216742744689249	0.5606545614875891	1.2361708118461976
831	1.2873541192620024	0.311646342827351	-0.46124061310158104
832	0.6493878963991642	0.4894898212585644	0.7510629556954395
833	0.8305778423304101	0.5585182261275612	1.2216080794707689
834	0.9811953583653004	0.6009602690420477	1.5109222592548155
835	1.0322194326616967	0.608849074794486	1.5646977895783887
836	1.1004191309720945	0.6007300707093335	1.5093530689603933
837	0.92963112673484	0.5443384296907704	1.1249488261949419
838	0.7399553559248551	0.3077845066629755	-0.48756554672006386
839	0.4565560723688907	0.45337512169698707	0.5048803036761447
840	0.5971988435247527	0.45661821078381626	0.5269874312951671
841	0.9946414316581843	0.3268508768244119	-0.35759604322964217
842	1.134321910659983	0.25003894535124327	-0.8811990421843177
843	0.5377730484827299	0.3464913808922808	-0.22371284782386133
844	0.34444844053486	0.4340842387784409	0.3733803666883261
845	0.3985840617348843	0.44965378683354185	0.47951312363986154
846	0.44608181609158293	0.4689608474327259	0.6111233388349283
847	1.0015786268658988	0.4259866301014027	0.3181814918997178
848	1.438954064635623	0.34124257068092373	-0.2594923512799163
849	1.2064529310980212	0.29440392507791663	-0.578776801421319
850	0.6502107712715148	0.31028127218678075	-0.4705458742436892
851	0.901541362064859	0.3244640925535085	-0.3738660077798684
852	0.8700180192744702	0.3023043541143006	-0.5249220387934029
853	0.8128902357230885	0.4153618378542423	0.2457555942925621
854	0.5459897508040484	0.41089518179624607	0.21530779194713023
855	0.8566646110932993	0.35187867035437853	-0.18698937447159153
856	0.7895778728761575	0.3567111526831648	-0.15404784844536706
857	0.6807087923565165	0.2777326142107529	-0.6924199321060591
858	0.5892256172611083	0.26293295469227884	-0.7933045988337537
859	0.5024364547234861	0.18066944647293987	-1.3540692975215425
860	0.267416190268277	0.2568832516546705	-0.8345435390937499
861	0.3309366989434119	0.16910381156755727	-1.4329086263228052
862	0.43356004880596144	0.04642731489005804	-2.2691560729064078
863	0.449598741525527	0.08194584582123779	-2.0270373166487743
864	0.4049566469350882	0.1871893544746969	-1.3096251165570127
865	0.3944416532667222	0.26672275255629974	-0.7674707278585586
866	0.5676720589903568	0.27033670842559976	-0.7428355169614554
867	0.5722531909621487	0.24676736272739877	-0.9035004013653631
868	0.5662677916933204	0.12841728518209847	-1.7102559970228428
869	0.41462818135614943	0.21227433043577126	-1.138628652986603
870	0.8617452911844353	0.28690931728086183	-0.6298652071320615
871	1.163031940623442	0.38845905358604893	0.062367697999689095
872	1.0244859691338697	0.42308021310642807	0.29836935300937967
873	0.7474970032596544	0.3663619670386036	-0.08826125459272148
874	0.9238113972058	0.3361356851921377	-0.2943043981320454
875	0.8666113484249497	0.33048098649570795	-0.33285071689855067
876	0.5461213083146006	0.23229746353231884	-1.0021371947359643
877	0.5718152503479211	0.18263543178519695	-1.340667788333374
878	0.4693663041407967	0.08004007633789785	-2.0400283532970547
879	0.38796117670095254	0.04377153776987444	-2.2872596778804484
880	0.35454323283165207	0.07792777756629707	-2.0544272357400093
881	0.33182164526128255	0.2033981873411398	-1.1991345542751721
882	0.2787917462961982	0.2888287946651248	-0.6167807279951603
883	0.4072406187391468	0.35263876619657597	-0.18180803799385198
884	0.5625754066954799	0.2770217449383873	-0.6972657063983689
885	0.9394318014581938	0.3932407381177154	0.09496295127372421
886	0.7150771109559599	0.31893687451510955	-0.41154333062902765
887	0.7970032441563113	0.4211848033068873	0.2854489350970361
888	1.1404041578942707	0.4375141341604869	0.3967608946049743
889	0.6663450928941388	0.5006955138374476	0.827448669830449
890	0.4620348125540403	0.5718909125617653	1.3127655153891151
891	0.7955654281375695	0.4424449920671584	0.4303730162875862
892	1.1961989756548401	0.4391913227896268	0.40819376680578723
893	1.041335097061846	0.48215022672939556	0.7010312271230815
894	0.9223697361270498	0.334423053109799	-0.305978877307612
895	0.6265131625534127	0.38333738374073567	0.027454870796554495
896	0.8594868750533129	0.3703582264542148	-0.06101999956262487
897	0.7221464954395579	0.4509864217815443	0.48859728077409054
898	0.5573907671298471	0.4058572119105856	0.1809655212844453
899	0.9798976422214938	0.47470058730430087	0.6502493567899145
900	1.2002170128434495	0.2329317832003761	-0.9978132352400786
901	0.6164175307713241	0.2696772675481661	-0.7473307199128116
902	0.23496446293524437	0.5269022060410147	1.0060915234509582
903	0.8252329615247056	0.27593874038461963	-0.7046482109306553
904	1.1275713583892266	0.15315364002256615	-1.5416359749862898
905	0.9372462875556199	0.5193531683458513	0.9546320860875044
906	0.5145383723263118	0.5157258141458567	0.9299055429455517
907	0.7070231625901054	0.5302810903339734	1.0291243246705453
908	1.3154970333558305	0.447463962574055	0.46458577410626045
909	1.0548317131313447	0.4440580115202732	0.4413684672133078
910	0.497572739072443	0.3479817577718962	-0.21355341310098985
911	0.3657515797899879	0.22051417652501767	-1.0824601900862598
912	0.4824098743004661	0.15515494309384859	-1.5279937156413763
913	0.5499293064174244	0.16138749627849452	-1.4855083429129863
914	0.6938527780530849	0.09935692162247423	-1.9083514389509968
915	0.51529805512693	0.13632322724115198	-1.656363653837483
916	0.7142022301501403	0.31846737273288317	-0.41474377796153833
917	1.0588534988852205	0.3884665205517636	0.06241859797793879
918	0.9689054921518195	0.3561994355491742	-0.1575360646747369
919	0.4527862536945469	0.41621242786074036	0.25155380128646954
920	0.40574072940270695	0.4364246187506051	0.38933400759562076
921	0.27536678306712203	0.30467266717143904	-0.5087779867509886
922	0.30233169515793795	0.3914365320301299	0.08266424064278462
923	0.812886030471981	0.4986181292584335	0.8132877865575955
924	1.7327646469295894	0.5922310879870243	1.4514181523905691
925	1.682822319345407	0.46704308221730617	0.5980505310194458
926	0.7900827388968373	0.6797162245290941	2.0477770640706923
927	1.1428275790494524	0.7134034866721657	2.277412631701823
928	1.6957919014897052	0.465137435983178	0.585060334522633
929	1.272526842615579	0.47415580739094315	0.6465357618973813
930	1.2984466001554908	0.44329734319833686	0.4361832283195975
931	1.7161932226950876	0.42043736348758004	0.2803538707831785
932	1.3219677309169093	0.32003109913439054	-0.4040843424067916
933	0.36756800954781915	0.30692162873435525	-0.49344751664963393
934	0.28513277576799356	0.5639812097156898	1.2588475360906495
935	0.6673598722958008	0.5393651883397799	1.0910477897809094
936	0.9776445189192997	0.3919012798143186	0.0858322814522225
937	0.8270604942091686	0.36215963875429563	-0.11690721688081089
938	0.6143846879979216	0.37635715963781124	-0.020127141575359764
939	0.5870673803043234	0.33353568959794105	-0.31202775782735337
940	0.7496795672444422	0.3535921609841116	-0.17530904284599794
941	0.73022077005681	0.3137616767822734	-0.44682104075981627
942	0.8010548060101088	0.3214928133188163	-0.3941202923445007
943	0.8684482531538348	0.24532283303432773	-0.9133473101055148
944	0.3209296460099008	0.34389032046311535	-0.24144346616730336
945	0.3727622548024261	0.4804794959987143	0.6896423764035027
946	0.5080270451160611	0.38080068114562016	0.010162959751164923
947	0.7388758093796685	0.25445380503152537	-0.8511043196037864
948	0.5510214514478409	0.30781841389496367	-0.4873344116865509
949	0.35199604417051594	0.41125330733509063	0.2177490221381296
950	0.7112754228271001	0.4016136247742439	0.1520383102600726
951	1.5404487419110404	0.3178249873450673	-0.41912271895539344
952	1.6643943119871636	0.6783772185326912	2.0386494774850097
953	1.0591094525205866	0.6477435359210277	1.8298292098929154
954	1.2471663978577423	0.6694150393853879	1.9775570952379076
955	1.5139352402686188	0.7019816566720368	2.199553576123888
956	0.9794875951424863	0.6722226076795591	1.9966954133403705
957	0.6893611160463046	0.6085154922873712	1.5624238615860282
958	0.6945164100949012	0.3894713730469588	0.06926836428247528
959	0.891737503900209	0.4466670943176891	0.45915377154099835
960	1.1554864653734562	0.39049000819313495	0.07621208262348311
961	0.45488380612100726	0.3962683445138052	0.11560120054364036
962	0.28324297070156834	0.4393856442180907	0.4095183954247197
963	0.3010396383111612	0.4365967855780533	0.3905076152037549
964	0.401795506830687	0.39298533518013623	0.09322194904277505
965	0.3263854023433479	0.5869695276398572	1.4155517352321876
966	0.5709262409767492	0.6299212055440797	1.7083399379171063
967	0.7844274594316287	0.4643181049635688	0.5794752103007034
968	0.6494911762456147	0.36856498795075204	-0.0732439475905699
969	0.7531233424606053	0.3318509822755484	-0.32351188261692254
970	0.6036836184626828	0.5707823402369445	1.305208723329576
971	0.2855427889756268	0.5420841748022825	1.109582273142793
972	0.3507004270332089	0.4596715803079606	0.5478012997801337
973	0.8446892188483816	0.3468979247403966	-0.22094156510778545
974	0.6511663984333237	0.4062099321109092	0.1833699049672831
