ID	SN	ssim	z_ssim
5057	0.31513945701287543	0.1537432690964077	-1.9764860177401427
5058	0.3028203147719369	0.1802033093767228	-1.7483905120327683
5059	0.29369190773443593	0.14081103744038403	-2.087966721785031
5060	0.7240064172618491	0.25662754363437146	-1.0895848497350527
5061	0.8300206779925358	0.2966962701139807	-0.7441773472296144
5062	0.629712859595428	0.27188442352100695	-0.9580648030385346
5063	0.5255167767334369	0.28534414825108034	-0.8420369101682375
5064	1.30884479695979	0.34173104504246843	-0.35596063807467015
5065	1.6120831822188717	0.19982820668425388	-1.5792165112226952
5066	1.2397661321477909	0.25752658942784734	-1.0818347366307453
5067	0.31445342228202605	0.3645285458540898	-0.15943760101944734
5068	0.24966594585176588	0.27255916075013303	-0.9522483141796115
5069	0.2368040288954645	0.28244214783080346	-0.8670532459868384
5070	0.2328750439577929	0.3713911181641465	-0.10027964491156005
5071	1.0698679510596285	0.4093705655136621	0.22711748517214353
5072	1.3930572343507368	0.3496808555715452	-0.28743027932625237
5073	1.1160910135847077	0.3582460207159869	-0.21359533219875185
5074	0.4160147911958771	0.534005289405948	1.301515712602635
5075	0.41600809431860086	0.5659702012833019	1.5770652832879395
5076	0.9025264151169711	0.6240814919380103	2.0780064794755706
5077	0.9735224275059078	0.6320719463274183	2.146887203596751
5078	0.9582069658252709	0.5811142317455669	1.7076125254744159
5079	1.3032200827073164	0.46679511469100826	0.7221387113631412
5080	1.092315330461156	0.42540214637523843	0.36531574583882676
5081	0.4195319858809016	0.44894267396856935	0.5682439533976731
5082	0.6065291878550528	0.5480711605915763	1.4227688160488732
5083	0.848979171574015	0.49804080058198297	0.9914882833582288
5084	0.8125139568018575	0.5606292238956528	1.5310240480781134
5085	0.7846910026219844	0.585293187640861	1.74363669808216
5086	nan	nan	nan
5087	nan	nan	nan
5088	nan	nan	nan
5089	nan	nan	nan
5090	nan	nan	nan
5091	nan	nan	nan
5092	nan	nan	nan
5093	nan	nan	nan
5094	0.49425446485123864	0.3499575513292301	-0.2850450577578945
5095	0.5929366963936595	0.47288624852376226	0.7746465774583767
5096	0.626759505359059	0.4164667708447369	0.2882894458512449
5097	0.9499869098769145	0.29905874287634354	-0.723811942878664
5098	0.6242360781092009	0.417481134122653	0.297033639072273
5099	0.7020649081756398	0.5959015199336006	1.8350845149936275
5100	0.6579344134827754	0.6273262825436114	2.105977795704055
5101	1.1145197593922052	0.32707875785777674	-0.48226886813614506
5102	0.671263018140942	0.5040615562956278	1.0433894635792598
5103	0.537482337308469	0.5346811894868518	1.3073422256815326
5104	0.5843150790080608	0.5010355972065277	1.0173045573823638
5105	0.878225397899188	0.3313092150940516	-0.4458007345861215
5106	0.9949441773085698	0.36316650312639687	-0.17117892195006187
5107	0.5297476993054415	0.4480547422019174	0.560589647387459
5108	0.594837778237084	0.5229771558475257	1.2064490507847319
5109	0.7051279035605026	0.30255457679308184	-0.6936765388256088
5110	0.6649165435630435	0.2936315150566428	-0.7705966892739566
5111	0.8490986111917275	0.4802259846206055	0.8379178649935517
5112	nan	nan	nan
5113	nan	nan	nan
5114	nan	nan	nan
5115	0.4576250416624486	0.46806607537237227	0.7330948707747951
5116	1.184534658321855	0.5612529719170339	1.536400990775995
5117	1.3051127410203083	0.5527524053770236	1.463122907931
5118	nan	nan	nan
5119	nan	nan	nan
5120	nan	nan	nan
5121	nan	nan	nan
5122	nan	nan	nan
5123	nan	nan	nan
5124	nan	nan	nan
5125	nan	nan	nan
5126	nan	nan	nan
5127	nan	nan	nan
5128	nan	nan	nan
5129	nan	nan	nan
5130	nan	nan	nan
5131	nan	nan	nan
5132	nan	nan	nan
5133	nan	nan	nan
5134	nan	nan	nan
5135	nan	nan	nan
5136	nan	nan	nan
5137	nan	nan	nan
5138	nan	nan	nan
5139	nan	nan	nan
5140	nan	nan	nan
5141	nan	nan	nan
5142	nan	nan	nan
5143	nan	nan	nan
5144	nan	nan	nan
5145	nan	nan	nan
5146	nan	nan	nan
5147	nan	nan	nan
5148	nan	nan	nan
5149	nan	nan	nan
5150	0.42602311467665344	0.6562101087115617	2.354967247978012
5151	0.5529678986428124	0.6812926983616673	2.5711886108361663
5152	0.6527088841240368	0.44213668534037115	0.50957376992322
5153	0.5598792293106242	0.44477472054194706	0.5323146262107655
5154	0.8448346997991593	0.4256533540099893	0.3674812501947928
5155	0.7445160740047737	0.40574358585983594	0.19585155550742958
5156	1.0405322142565776	0.3972624366364965	0.12274085724003167
5157	1.1064751525192102	0.4240629279103914	0.35377117864407504
5158	0.8787193603833902	0.32887770941926064	-0.4667612286234037
5159	0.3905153096039106	0.32609719743098353	-0.49073028843482486
5160	0.5245712454572555	0.40443008136090725	0.18452865237659258
5161	0.5157013492604041	0.43284471231837374	0.4294734653500426
5162	0.6343327325831837	0.29040365067779117	-0.7984220950575119
5163	0.5741437930124439	0.3735615354084231	-0.08156983140845767
5164	0.32540813193476437	0.44501077513105897	0.5343495056103288
5165	0.385935668670247	0.35615540165400505	-0.2316172553376588
5166	0.6813913214964237	0.2263591674848937	-1.3505096439385005
5167	1.30038764339591	0.3079287207090635	-0.647349395659013
5168	1.6030903815955737	0.3559417812996131	-0.2334587431905955
5169	1.4251133217077376	0.31837556988851445	-0.5572936239598191
5170	0.9371524335124364	0.314951010814441	-0.5868146120441298
5171	1.4415103908574982	0.3965142033246218	0.11629080448685652
5172	1.6187586739640767	0.37510413308002916	-0.06827205890771913
5173	1.477622167075087	0.36023861205657254	-0.19641844491195712
5174	0.6724568304264494	0.36865710199994206	-0.12384789322032339
5175	0.214256820051138	0.28148356765362215	-0.8753165678850253
5176	0.2503056584766448	0.26984185022322765	-0.9756725536075295
5177	0.2636786054721718	0.1966097019930406	-1.6069612329761993
5178	0.3457003085328551	0.22663882292938295	-1.3480989087559827
5179	0.38057799946183857	0.2610314736736343	-1.0516213153351124
5180	0.357213695708102	0.3148827152026802	-0.5874033459212193
5181	0.3568379033622307	0.291492657115515	-0.7890344497062691
5182	0.3703373811002325	0.12156581459305422	-2.2538677858540286
5183	0.30518698573837855	0.2404100223527244	-1.2293859868032135
5184	0.28740511289313964	0.26570786686402414	-1.0113090460283252
5185	0.33273283133364295	0.18086722069390643	-1.7426673466092255
5186	0.519253213205085	0.1295924499237954	-2.18467516840151
5187	1.503029445652627	0.2776152215150793	-0.9086631674885992
5188	2.2102821807271362	0.4394782733253368	0.4866572578346525
5189	2.2287875025403903	0.5143719856128164	1.1322692447228233
5190	1.1841641758427306	0.4673371848562534	0.7268115602008831
5191	1.1364559071077225	0.4235511176566964	0.34935918163250457
5192	0.958107958615091	0.48969926953667625	0.9195811463321192
5193	0.48844805245268674	0.4936699182290154	0.9538096324519687
5194	0.6127585431910973	0.4964954156128584	0.9781664833038549
5195	0.6610929245636921	0.4173298977432231	0.29572992456231917
5196	0.7969346993848972	0.3761798222467826	-0.05899921344432413
5197	0.7009054206945592	0.34002418236020804	-0.370674436789968
5198	0.7585772270055736	0.3078572430997423	-0.6479655595526489
5199	0.7647139714296634	0.3776557859159374	-0.046275851123064295
5200	0.6288789326289789	0.4939944963807762	0.9566076182782609
5201	0.2808681876768631	0.39500196880666266	0.10325477379802019
5202	0.3779772820684278	0.2690273816562639	-0.9826935791878484
5203	1.2105188405711682	0.36019314190810564	-0.19681041470487018
5204	1.5752594822344852	0.4474262588053696	0.5551718839734366
5205	1.0968841873576856	0.41096761372401824	0.24088464180989258
5206	1.0534238692017175	0.4342902268869355	0.4419343449643783
5207	0.8240998894468382	0.5255234631380024	1.228399177955919
5208	0.38580230507489793	0.5715355701474591	1.6250408574771602
5209	0.4886643707698298	0.39327288057134324	0.08834938245055252
5210	0.61435172382273	0.35487167544275877	-0.24268345842132796
5211	0.6458508985751241	0.34945582891448046	-0.2893700938011007
5212	0.5374265882228162	0.29767965712722894	-0.7357001810682389
5213	0.36342849313466274	0.31263688383194965	-0.6067632575771877
5214	0.34162777480325857	0.3252260731283697	-0.49823970777937915
5215	0.35927094814359717	0.32375969756831646	-0.5108804169916062
5216	0.8986854494352221	0.39278311643586317	0.08412743127526381
5217	1.0985743015500113	0.5167755688791018	1.1529890370899205
5218	1.1889311613331148	0.49457348466388945	0.9615987151865151
5219	1.1663142580260566	0.4455243688890372	0.5387768771000594
5220	1.1139333823353303	0.3877967871512501	0.04114339618883786
5221	0.4491738128434327	0.3033557371230751	-0.6867702352566586
5222	0.8548716391123008	0.23634673849909113	-1.2644130228775539
5223	1.1056276456786154	0.30193623844811845	-0.6990068480767859
5224	0.6396553297542256	0.2288105735184408	-1.3293776013190486
5225	0.6019825171417321	0.3087219149410089	-0.6405117628533532
5226	0.6235428255287561	0.37786126373089646	-0.04450455502456215
5227	0.4457027523606996	0.28291135572425796	-0.8630084973543498
5228	0.41461063659525726	0.42248180783581596	0.3401413285314631
5229	0.4761444457240007	0.39946815241469313	0.14175495739046803
5230	0.45201082945327165	0.2981559298902053	-0.7315945306015402
5231	0.6224745228988495	0.24500962773582732	-1.189735657295071
5232	0.584913500272548	0.3914660663952584	0.07277396424078018
5233	0.5468075280907988	0.3334361504410914	-0.4274657514020312
