ID	SN	ssim	z_ssim
245	0.45293290069481384	0.26685087692303466	-1.3483892396117168
246	0.5616025321487637	0.2946743176074683	-1.11224645492184
247	0.6983773891336452	0.31748737534020643	-0.9186277345989563
248	0.6915846487946773	0.5588966708502987	1.1302584523516104
249	0.6662064999581014	0.5453822967384387	1.0155594123475165
250	0.7192142876239399	0.5637505200474715	1.1714539852436432
251	0.7364322760776167	0.5558385723307054	1.1043037938870748
252	0.6871205136234488	0.5646175188005521	1.1788123670554818
253	0.7389094972803468	0.40340532418568686	-0.18942591066475345
254	0.6664722891294258	0.5291637401693312	0.8779094661989781
255	0.6395671366091128	0.5406936571084678	0.9757660441876944
256	0.5292250343810961	0.4494352797960564	0.20123899739837126
257	0.6812167294523102	0.3467478364706942	-0.6702886865627798
258	0.701722032675656	0.35710615074054675	-0.5823757212283253
259	0.8840601060693516	0.32433594300989166	-0.860502650106393
260	0.9011291013241532	0.31914557904015	-0.9045542472927367
261	0.8163560097167475	0.4763889674357033	0.4300000240836259
262	0.6936718026629498	0.47300674377759044	0.4012944544839038
263	0.7179711038565831	0.47149196496954204	0.3884382412650301
264	0.8251206243326672	0.48514150604419704	0.5042844687559093
265	0.5941732029485098	0.36721079210545904	-0.49661572564525286
266	0.5125315132483231	0.3373420574847682	-0.7501173054279056
267	0.5737802917325778	0.2809409457056341	-1.2288041704417332
268	0.6028917415397225	0.24760245384491691	-1.5117542338303724
269	0.6925831567044429	0.34967127058839176	-0.6454769502559641
270	0.789146008077434	0.3700209015500124	-0.4727657971965616
271	0.8192292128076966	0.47770540327148586	0.44117286311719517
272	0.7505254112576832	0.5084977613944826	0.7025134096298521
273	0.8359898937314901	0.48172938108912394	0.475325121213692
274	0.9230734638573861	0.31651429041190543	-0.9268864897728736
275	0.9308599326123218	0.3101938360551445	-0.9805293770504997
276	0.8332412587512088	0.2861774975341842	-1.184360568193126
277	0.7090037793269177	0.4648145399571128	0.3317656767581157
278	0.6339630511333307	0.38736925010161105	-0.3255270935722083
279	0.8272099381670571	0.4226854201477567	-0.02579210271093009
280	0.9272461840546888	0.46735478272485853	0.35332519586171085
281	1.024489651657518	0.45312842601247827	0.2325834253468765
282	0.8323997768216992	0.5076570970382434	0.6953785328069827
283	0.763220885109539	0.5910232607688775	1.4029228755624787
284	0.7608111533925995	0.5441934162924882	1.0054691599465195
285	0.9164850805241171	0.5520991702782352	1.0725667839406594
286	1.031796203403118	0.5319671366020473	0.9017024200510736
287	0.6942294275714715	0.5489794921869525	1.04608948804592
288	0.617706786456801	0.5034870443052148	0.6599865093743126
289	0.76317544549237	0.5593165280344329	1.1338218593995737
290	0.8448351938230277	0.507040213439932	0.690142925450332
291	0.9269164650406065	0.4482461125953746	0.1911463112559284
292	0.9403094398124517	0.5310903136507478	0.8942606584174841
293	0.9798820287525146	0.49222921445798806	0.564439185812124
294	1.221327597874681	0.5535525897518713	1.0849022289246055
295	1.1810695500341617	0.5697709815940593	1.2225507770047335
296	1.0457402274442325	0.4805661439195098	0.46545250813168976
297	0.9096411652830753	0.41320433111508936	-0.10625989213566855
298	0.9966416075821627	0.44438988094992043	0.15841774653617255
299	0.9324000848912061	0.6266747563134912	1.7055038371246447
300	0.8508820742531563	0.6347647377688121	1.7741650343725375
301	0.6217627859049792	0.601161141663187	1.4889649812958619
302	0.5558450035071802	0.533114558109037	0.9114408026237646
303	0.7429735304016205	0.5354834465256186	0.9315460050556175
304	0.876132423143998	0.49600956328420476	0.5965237187441477
305	0.7748646169548362	0.3496701587798895	-0.645486386384254
306	0.6831684755622046	0.3274452595063102	-0.8341132950200096
307	0.7356539152699291	0.38431042012963457	-0.3514879600109698
308	0.8896234982766233	0.3853226462520913	-0.3428970061457099
309	0.8510151568135784	0.4795557534910231	0.45687713414710784
310	0.8603983949087387	0.4585075963283367	0.27823745757512647
311	1.0259416325691157	0.3934424332927971	-0.2739828432774998
312	0.8635630913067236	0.38862327065795405	-0.31488398477801605
313	0.9437479769509954	0.4181633598071101	-0.06417168104875087
314	0.901835679674862	0.48829479353449684	0.5310470139541292
315	0.7550713793729102	0.4928480905237706	0.5696917036157028
316	0.7725995993484369	0.49979951191206873	0.6286897270019287
317	0.8311924934575288	0.48932926484044714	0.5398267668840229
318	0.8512693808533879	0.48816585184521755	0.5299526615368861
319	0.8433910136479258	0.47970125988851847	0.4581120743647631
320	0.7196382289553119	0.5632789635406367	1.1674517963006736
321	0.8701154965609783	0.6252083404665595	1.693058089471244
322	1.2627853276653926	0.5374981909318801	0.9486455205299605
323	1.3928866527846429	0.3840664551353104	-0.353558536895402
324	1.2813798073286657	0.5509571268990012	1.062874046551792
325	0.9561541983084294	0.5905357463549389	1.3987852488544952
326	0.972406906218131	0.5542519910922598	1.090838179909545
327	0.9868085227525283	0.559456361811693	1.1350086550202312
328	0.994880223460736	0.4569039087729732	0.2646266590620617
329	0.5325458329317188	0.7717531908304658	2.936811852328288
330	0.4065136317513972	0.21669580805930913	-1.774064761274244
331	0.2612276308745261	0.1635942194902353	-2.2247479509766848
332	nan	nan	nan
333	nan	nan	nan
334	nan	nan	nan
335	nan	nan	nan
336	nan	nan	nan
337	0.12224876930078979	0.1023846578636158	-2.744245036045794
338	0.2349026468070378	0.05022184364059883	-3.18696067095199
339	0.3146589986265543	0.30771468493222315	-1.001570399851149
340	0.4446646136895863	0.2935613216338371	-1.1216926615050877
341	0.5414704159644734	0.17190994679837204	-2.1541708061319174
342	0.5086557880932682	0.013498843465281888	-3.4986356942505217
343	0.7305369475375341	0.3581861355674747	-0.5732096864684236
344	0.6789549172263821	0.3724750399990765	-0.45193706167282305
345	0.8497368536630724	0.4066882955066941	-0.16156271435512587
346	0.8848019271659925	0.537507432612324	0.9487239564135737
347	0.735594812754016	0.5191233867741885	0.7926950947310402
348	0.6838285063608986	0.2725602824668041	-1.299932438768109
349	0.7609101635615519	0.542119316312481	0.9878658825316549
350	0.8356981319557008	0.5361122203904491	0.936882527345054
351	0.7517652283522741	0.141334731035446	-2.413668424512041
352	0.6284251186152148	0.13934623767932636	-2.4305451423765616
353	0.4236791319829813	0.11956623120952038	-2.5984217850225946
354	0.376734188929753	0.07340622955812871	-2.9901904183443295
355	0.5009298039466866	0.03656873070157811	-3.302837213528894
356	0.7734208618364203	0.42460692343497786	-0.009483942186088157
357	0.9660937813038782	0.3708031060948024	-0.46612707981078805
358	0.9643913213116204	0.31332242238097957	-0.9539764752902693
359	0.9882524441070101	0.38371801903457986	-0.3565157797485128
360	0.7772927746199807	0.4819377981092319	0.4770939957415856
361	0.6957499121554256	0.4333277695030694	0.06453152192303074
362	0.6594938575220732	0.4432137047771957	0.14843531769628812
363	0.7613126477279217	0.44175336384666297	0.13604112900324367
364	0.9174083169305143	0.4024138816297475	-0.19784047048411302
365	0.7676127937734026	0.5126883285755222	0.7380795430489419
366	0.6924238426455323	0.3463824387680849	-0.6733898857276164
367	0.815761165642014	0.24648922141683155	-1.5212024472471346
368	0.8520562949973829	0.4097914632787411	-0.13522554465127137
369	0.6704964732995335	0.558964409656981	1.1308333643699677
370	0.7616993637375146	0.48378385672029156	0.4927618430815536
371	0.6185833625464732	0.3951549151359999	-0.2594486871401893
372	0.5438342749113121	0.2699753587714455	-1.3218711733249149
373	0.4345326745894832	0.5420938716621755	0.9876499289892173
374	0.38074011836893307	0.5722530487547898	1.2436165487678252
375	0.34241574219372467	0.5068426831787943	0.6884664488975358
376	0.4711068297512373	0.27667621195151665	-1.264999769543955
377	0.6156748757743205	0.34604996291738593	-0.6762116709308429
378	0.6815791353870517	0.3815181129034353	-0.37518679767748697
379	0.6243752892294074	0.48989633945504696	0.5446396360089207
380	0.7017352501211807	0.519800485029071	0.7984417552260544
381	0.869941136086921	0.5350739500265156	0.9280705310940865
382	nan	nan	nan
383	nan	nan	nan
384	nan	nan	nan
385	nan	nan	nan
386	0.9560682987259789	0.4616928756956292	0.3052715238625675
387	0.908970539025286	0.5665402115723353	1.195130622959971
388	1.008789136012319	0.4443772295469407	0.1583103716948022
389	0.9244666012332149	0.3540725409857006	-0.6081225389313033
390	0.7975837850102115	0.309573296573029	-0.9857960125819833
391	0.6686102689630249	0.37350933762613236	-0.443158782788438
392	0.6455709400762032	0.39812731993586403	-0.23422132742481894
393	0.6609915100907179	0.40041194720222073	-0.21483126525476806
394	0.748716923058154	0.45068443372665556	0.2118408022227121
395	0.7802899255996598	0.46363032909107926	0.32171505596190253
396	0.8141390028123106	0.49268160566970864	0.5682787152835705
397	0.8881213144943026	0.40406803104312433	-0.18380139267205553
398	0.9465063227624452	0.2612164035578385	-1.396210076934067
399	0.9330274749330572	0.39909322830683064	-0.22602348104549147
400	0.8059586342305561	0.4080946961618235	-0.14962632694500508
401	0.760845480231835	0.31381373462896767	-0.9498066156489683
402	0.7238684545221034	0.3323719646978669	-0.792299419573212
403	0.6568356506004446	0.4143308477689984	-0.09669893299079771
404	0.6135706617807642	0.43524261484919835	0.08078317524706846
405	0.6560021171551261	0.48966445765419275	0.5426716114646648
406	0.6374920584649832	0.5948761504496866	1.4356230763984656
407	0.6922558682998088	0.5525822947487978	1.0766671523718836
408	0.7696156856934353	0.5671081766092119	1.199951049266541
409	0.7523859698214613	0.32737794560430433	-0.8346846007923004
410	0.6525146180742467	0.3508286960741531	-0.6356536620300893
411	0.6919688284356212	0.34825485664146527	-0.6574983223606703
412	0.6551889627193559	0.29511899218017823	-1.1084724180199537
413	0.6712789500547709	0.3901481977367566	-0.3019416412727107
414	0.6219373073699919	0.43224941311493104	0.05537930803003167
415	0.5971740321012787	0.4420438069018955	0.1385061739498528
416	0.5237274807261837	0.4075577464132728	-0.1541835206544166
417	0.6310320710832162	0.42427467106305633	-0.012303830682813913
418	0.5919170440624749	0.44950156389977214	0.20180156307849803
419	0.5858271538667967	0.421550946389143	-0.03542059530302384
420	0.5979190985628675	0.4041505125850908	-0.18310135628092797
421	0.6332646268611761	0.47944958192133724	0.45597603602610737
422	0.74194636388208	0.4774902902035071	0.43934715796908563
423	0.7785820871775979	0.4733721413462178	0.40439565251161025
424	0.798063033508205	0.3956115825309251	-0.25557286489599623
425	0.8625725285417138	0.42940760664533834	0.031260360956215184
426	0.7938589663465266	0.49364560886194125	0.5764603920519329
427	0.8967111037768245	0.5277195774341817	0.8656525848990914
428	0.8459056023691961	0.44986081652901644	0.20485060784758624
429	0.8140613657318804	0.27790162224385795	-1.2545994814522308
430	0.7504531650867602	0.38273154203013426	-0.3648881959965377
431	0.7189631291634359	0.43505476037160185	0.07918881889268276
432	0.6496957988002091	0.4688853966810046	0.3663158049667788
433	0.7639855542642267	0.4161803310391006	-0.08100201992412522
434	0.7745867439693452	0.3374285566183236	-0.7493831709798082
435	0.7553916328509136	0.39681099072653125	-0.2453932614996141
436	0.7465895123872943	0.3592801336125794	-0.5639247188849272
437	0.8482497010511115	0.32789366579607876	-0.8303075863321677
438	0.7754105499036532	0.39724385724506206	-0.24171944177888974
439	0.683194877964566	0.38233052833227565	-0.3682916748252398
440	0.7886386090606484	0.3634692615069218	-0.5283708009632839
441	0.7527924654968792	0.5153985422789116	0.7610816375160399
442	0.6744946921216652	0.5231882011248736	0.827193940179554
443	0.7343952393703461	0.629004021578918	1.7252727504052734
444	0.8133830930773113	0.4254357222460838	-0.002449770480943567
445	0.7644452461964437	0.3216343108348975	-0.8834319115247269
446	0.7417602057889234	0.3085041289154851	-0.9948702399867205
447	0.7346314821386124	0.667947746411452	2.055795482387013
448	0.6917264700932069	0.6537579814378318	1.935364272855108
449	0.6570994868146778	0.7073636953381037	2.3903260692508046
450	0.6838675526003675	0.3673064586365802	-0.49580378576632894
451	0.575875716700022	0.4651975222330573	0.335016119510834
452	0.7035616816051854	0.5484942273696178	1.0419709540882722
453	0.8241711421849558	0.5096670260345395	0.7124371789894386
454	0.8958062192921565	0.4628216749590638	0.31485185594466153
455	0.8541520647976911	0.38904090461891383	-0.3113394466441223
456	0.778541660105138	0.3979851207810483	-0.2354281984505695
457	0.6757321070530581	0.44606328334636614	0.17262022804394958
458	0.7414385441900216	0.4697597941589401	0.37373698115082327
459	0.7141256509376785	0.5184989243397948	0.787395164364253
460	0.7055731485200463	0.4841043110139603	0.4954815990646839
461	0.7469037642367746	0.4454554035432514	0.16746103759398653
462	0.9914012500836233	0.4622477830693147	0.3099811273207891
463	0.8168933377557388	0.5726117004821956	1.246660493569764
464	0.6289469727377393	0.48019818072052695	0.46232953511563785
465	0.6859452279076202	0.413080962871893	-0.10730694166563506
466	0.7370710072480523	0.4150458933443089	-0.0906302064357652
467	0.691951053826996	0.33501330688069164	-0.769881850680662
468	0.6732306969376706	0.36487850862805293	-0.5164102550597618
469	0.6547143528830079	0.3816207020377188	-0.3743161043608913
470	0.704538324194708	0.46260035980262487	0.3129735125029462
471	0.6559463718999845	0.35026956312742275	-0.6403991287230939
472	0.5684752514224698	0.28518777655353533	-1.1927605166785473
473	0.5718646018601126	0.28287665787155	-1.2123754164856064
474	0.6319691958410907	0.41303490260434716	-0.10769786383680706
475	0.7245005409612901	0.44633452449136557	0.1749223027596217
476	0.5489472014344726	0.42718895658076317	0.012430259731736835
477	0.4688795853431433	0.3084120820202453	-0.9956514593337639
478	0.4104577104542184	0.32473452573102063	-0.8571198034353369
479	0.4068062362692506	0.4236837658854577	-0.017318954286986796
480	0.484275323657226	0.4791376722053921	0.4533287994844269
481	0.5407782744168015	0.42943579688069317	0.031499616796398774
482	0.49686907829716503	0.33434544863719673	-0.7755500894576588
483	0.4650049967743948	0.256708914978751	-1.4344659819853443
