ID	SN	ssim	z_ssim
5057	nan	nan	nan
5058	nan	nan	nan
5059	nan	nan	nan
5060	nan	nan	nan
5061	nan	nan	nan
5062	nan	nan	nan
5063	0.2847684191031222	0.103348409972913	-0.9083357456433523
5064	0.44876151519720975	0.11014957665083774	-0.820107461344562
5065	0.5636953127005668	0.13311154666883523	-0.5222328003126778
5066	0.4857507290680503	0.15148008592996207	-0.2839465207917806
5067	0.48192162486974593	0.16531645038284692	-0.10445397864116056
5068	0.5496194182592309	0.09424745681004887	-1.0263980606942988
5069	0.6027974318975867	0.17036836999379265	-0.03891784038772234
5070	0.48384611857722587	0.28078549383287765	1.3934707268782234
5071	0.6394793730150985	0.318613835110102	1.8841997160076291
5072	0.7628920220095329	0.24442960170270547	0.9218431166906536
5073	0.6583065543630863	0.22996183742429044	0.7341597264177697
5074	0.4756763645659167	0.2810614206341467	1.397050193375793
5075	0.43047430524430735	0.29767116448167025	1.6125204607147707
5076	0.5399010711720448	0.14682524393827576	-0.3443315608969528
5077	0.5249689264203398	0.10241543904162724	-0.9204387315671002
5078	0.5474179903448203	0.12238218487702124	-0.661419682114197
5079	0.7013261459241814	0.1481760645835886	-0.3268080103687511
5080	0.8101863744378505	0.13933865803177742	-0.4414514612119676
5081	0.5895523582587705	0.1700443733649325	-0.043120893780856574
5082	0.7514854447445947	0.20931815857674435	0.4663591485777964
5083	0.7550624882370512	0.1945593101710005	0.27489966306169644
5084	nan	nan	nan
5085	nan	nan	nan
5086	nan	nan	nan
5087	nan	nan	nan
5088	nan	nan	nan
5089	nan	nan	nan
5090	nan	nan	nan
5091	nan	nan	nan
5092	nan	nan	nan
5093	nan	nan	nan
5094	nan	nan	nan
5095	0.4655813815925821	0.19475912816133167	0.27749180633561055
5096	0.3845968496986751	0.17747013319801197	0.05320993895906143
5097	nan	nan	nan
5098	nan	nan	nan
5099	nan	nan	nan
5100	nan	nan	nan
5101	0.4646775514389665	0.13428545436375222	-0.5070042569241079
5102	0.42334249046415073	0.053332867271429024	-1.5571634732665918
5103	0.41058751498253304	0.10483086672061903	-0.8891045428819494
5104	0.4590169056277225	0.1618871720437653	-0.1489403673106554
5105	0.6330664590716866	0.1795199731207441	0.07980153243622726
5106	0.6312309572753927	0.3046650643754629	1.7032489808949443
5107	0.4147813450765255	0.2844506068878225	1.4410164865856665
5108	0.3975352003911728	0.22888321176778054	0.7201672313678523
5109	0.43817100324063213	0.1613531453895854	-0.15586803982617334
5110	0.3930379245585008	0.06731299049626081	-1.3758060172853863
5111	nan	nan	nan
5112	nan	nan	nan
5113	nan	nan	nan
5114	nan	nan	nan
5115	nan	nan	nan
5116	nan	nan	nan
5117	nan	nan	nan
5118	nan	nan	nan
5119	nan	nan	nan
5120	nan	nan	nan
5121	nan	nan	nan
5122	nan	nan	nan
5123	nan	nan	nan
5124	nan	nan	nan
5125	nan	nan	nan
5126	nan	nan	nan
5127	nan	nan	nan
5128	nan	nan	nan
5129	nan	nan	nan
5130	nan	nan	nan
5131	nan	nan	nan
5132	nan	nan	nan
5133	nan	nan	nan
5134	nan	nan	nan
5135	nan	nan	nan
5136	nan	nan	nan
5137	nan	nan	nan
5138	nan	nan	nan
5139	nan	nan	nan
5140	nan	nan	nan
5141	nan	nan	nan
5142	nan	nan	nan
5143	nan	nan	nan
5144	nan	nan	nan
5145	nan	nan	nan
5146	nan	nan	nan
5147	nan	nan	nan
5148	nan	nan	nan
5149	nan	nan	nan
5150	0.4232922232540801	0.2555837704095117	1.0665408155391476
5151	0.5488338986679184	0.2347755611795314	0.7966058636947394
5152	0.5932066764155511	0.18487048734831724	0.1492111959204762
5153	0.5820416902591735	0.14337844193682647	-0.3890452756618877
5154	0.4987209185288654	0.14486753755153772	-0.36972795005225945
5155	0.4472705142806961	0.21767753018577268	0.5748012806129478
5156	0.45128729309136306	0.16003790442047772	-0.17293003222234507
5157	0.48248917870358354	0.20133112645883067	0.36274719877951883
5158	0.5227880352678749	0.12859585053275543	-0.5808127677459367
5159	0.5099808951269129	0.12757433136628396	-0.5940644475979602
5160	0.640866869683819	0.21764197996293894	0.5743401045654262
5161	0.8451984301455617	0.2959087486945886	1.5896574831582844
5162	0.8556085265744858	0.14814944014061865	-0.32715339654069625
5163	0.6290898814701695	0.1681715413382365	-0.06741624843398397
5164	0.5744521552593786	0.16693239804350685	-0.0834910620757674
5165	0.5047587840806846	0.16712908862890197	-0.08093948913116324
5166	0.5648106056709414	0.13461147508343962	-0.5027749459682038
5167	0.6953336809462096	0.20730744079661773	0.4402750679559442
5168	0.5999028434567798	0.14977296223448644	-0.30609222047393914
5169	0.554175086094694	0.09028038379416577	-1.0778610026356352
5170	0.33631907919994203	0.029850980393054338	-1.8617827672035896
5171	0.39557425098558735	0.11013005008570166	-0.8203607701402128
5172	0.7603592184275741	0.17517843070485495	0.023480777968082803
5173	0.7606232563273398	0.3375008760711155	2.129212270233055
5174	0.6593127896031956	0.40127206509138647	2.956485422237199
5175	0.5690597327821785	0.3609047719501137	2.4328198242154846
5176	0.5421418376474424	0.1070764905150943	-0.8599731388229701
5177	0.600445107874931	0.12673376073029682	-0.6049687686589046
5178	0.7311961033954816	0.22168399123915408	0.6267751847369419
5179	0.7502822948015268	0.18026300256694466	0.08944049826756585
5180	0.788010922175969	0.24128537751743945	0.8810545993003652
5181	0.6830869079653588	0.16373652185357254	-0.12494963623253184
5182	0.6270531977577933	0.10260132463528236	-0.9180273266154637
5183	0.589190724988642	0.1701450912348507	-0.041814328998382756
5184	0.6111959763559655	0.22585687402368868	0.6809079984282225
5185	0.6065182290299935	0.1637187560255898	-0.12518010382673922
5186	0.6503713627110645	0.17451666033540608	0.014895947296933052
5187	0.7480368288122304	0.22751568763178215	0.7024269944393936
5188	0.6834413237386175	0.157199158709977	-0.20975572338074075
5189	0.49365321479775714	0.08426705967418859	-1.155868982025431
5190	0.3104474306266409	0.03598969730550434	-1.7821481270558361
5191	0.34089927167549783	0.04774416087366483	-1.6296630899169022
5192	0.354656953917544	0.04016297509503131	-1.728010189153605
5193	0.36258118142590195	0.03213752421962673	-1.832120527128328
5194	0.29438233659015545	0.00736131327499075	-2.153530468479324
5195	0.29404062258405045	0.029325611209103125	-1.8685981304961732
5196	nan	nan	nan
5197	0.324012143159511	0.11149325298786819	-0.8026765905126694
5198	0.5729587066234302	0.1897118982355255	0.21201650512577952
5199	0.6666569451241963	0.13193818411194452	-0.5374542718862134
5200	0.6278675907196769	0.14896751001246464	-0.3165409671374036
5201	0.6136362095363208	0.1976661277385932	0.3152029222815814
5202	0.508953252151215	0.1909102406557462	0.22756202852571356
5203	0.6652074074208156	0.23351529083148898	0.7802569788892355
5204	0.7762731908081429	0.202567139788299	0.3787814088781163
5205	0.656240025132189	0.15625961163873422	-0.2219440184247018
5206	0.5818091346773575	0.1444189940255662	-0.37554669080717235
5207	0.5712459431022086	0.3033498304144616	1.6861870794115865
5208	0.5333179194730934	0.2672781118538351	1.2182459171044158
5209	0.5655275301551064	0.23280977216227242	0.7711046224372485
5210	0.8110918054207392	0.18420229855776601	0.14054310214042395
5211	0.6762301779767992	0.18949497388489006	0.2092024492166198
5212	0.5202296947205106	0.19114185564361785	0.23056665904949267
5213	0.5421356993257977	0.1822919360435294	0.1157608824123155
5214	0.4737468546656471	0.23908844527170872	0.8525548474282858
5215	0.6827188154843395	0.30255551283349924	1.6758827771241354
5216	0.7819122864457037	0.2678838296649645	1.2261036047300735
5217	0.6822834379870835	0.24174034354746934	0.8869566561304175
5218	0.6121889688174956	0.20606038958688483	0.42409766871287247
5219	0.6702945925214477	0.22430995826483108	0.6608405997270907
5220	0.6430371950626363	0.2876347182809165	1.4823224416566925
5221	0.4734132596184321	0.23763187858700827	0.8336595040785899
5222	0.6302514511104936	0.2783650468699433	1.3620714254217448
5223	0.5973842773744951	0.14675850103005492	-0.34519738474163963
5224	0.38638367253451056	0.07544930708556943	-1.2702574713989143
5225	0.29105035515971367	0.054325341622250944	-1.544288577924328
5226	0.3295870368085505	0.0446099495844222	-1.670321714793326
5227	0.352097099143923	0.08455970943647279	-1.152072576548325
5228	0.36527773957525894	0.09924494445735385	-0.961568042286243
5229	0.359735321950826	0.15566890049814047	-0.22960703168681332
5230	0.33224608578943843	0.09153148307409495	-1.0616310897129182
5231	0.26282899632631285	0.10344979344285007	-0.9070205463499958
5232	nan	nan	nan
5233	nan	nan	nan
