ID	SN	ssim	z_ssim
494	0.3206278534619351	0.17109216403497698	0.15681368269058077
495	0.46490922085316166	0.15226448633763442	-0.09530557155127284
496	0.4765322896929424	0.13493271316307442	-0.32739334136028064
497	0.4679831132278147	0.14922741489585653	-0.13597464392913436
498	0.49117428645037847	0.11619385387532458	-0.578323238552931
499	0.6913551975222848	0.09444006529329117	-0.8696257051875351
500	0.738736151970476	0.1137520394382916	-0.6110212932338138
501	0.684896395567068	0.23942712227404328	1.0718792041443146
502	0.5724981959971843	0.18009145577394517	0.27732215741626487
503	0.5905816495269298	0.1439701146187667	-0.20637454382610707
504	0.604287621501634	0.2767404290612687	1.5715373792903966
505	0.7425370280802619	0.19517042358589753	0.4792428711972819
506	0.824144448595398	0.06670856211937103	-1.2409750564780122
507	0.6723497300576142	0.12457843225579292	-0.4660463193068353
508	0.4782673066088479	0.1376401879921624	-0.2911378590984084
509	0.670884043411579	0.10019601907823356	-0.7925483938463134
510	0.6974164970718301	0.07370853154288226	-1.147239275616386
511	0.5224842726696545	0.1346475433289803	-0.3312120176229529
512	0.3950426135723361	0.09502753381759706	-0.8617589821312196
513	0.4386554946620181	0.09154618540230186	-0.9083773160717974
514	0.5144310854515931	0.11131047442455735	-0.6437160079161542
515	0.7671902692306173	0.17667811550452825	0.23161451269062
516	0.7444618289611558	0.27837301282433274	1.5933991196201218
517	0.7419085389035338	0.2222740411423018	0.8421842788113258
518	0.6615296145142	0.12273871094604359	-0.4906818145645597
519	0.643520991982931	0.11068712871293324	-0.6520631582379229
520	0.4895803912924657	0.19363169886035722	0.4586379863823331
521	0.5371643382773647	0.13877952840333171	-0.2758810834402954
522	0.7407789949917496	0.11531584076596554	-0.5900806105403118
523	0.6973558365767006	0.14393985149751162	-0.20677979378228908
524	0.6739064375584403	0.05462253729609665	-1.4028176168922768
525	0.665739639506001	0.002080825023108506	-2.106397608423869
526	0.6840356613698614	0.04892833062104847	-1.4790680798272124
527	0.6469816471869939	0.11051432488560636	-0.6543771543013853
528	0.8373172201211383	0.13884341348069734	-0.2750256057588988
529	0.713774219739802	0.22358279298240968	0.8597096233184836
530	0.5796108373984431	0.2389922038880627	1.0660552623447919
531	0.6673804565416657	0.31509125599344395	2.0850888666872276
532	0.7994773392069505	0.10187359555826977	-0.770084161247935
533	0.8544529050732956	0.12277257938968347	-0.49022828615335134
534	0.7728307690562464	0.13172137889953983	-0.37039594702725204
535	0.6328666862372198	0.11956846041521915	-0.5331342727189774
536	0.4849826272011666	0.08739373003631708	-0.9639823655619123
537	0.5790619448324277	0.06925647171838327	-1.206856293755125
538	0.6932907725015116	0.10316184221133559	-0.7528333993286166
539	0.6471494733386355	0.0854392487949038	-0.9901545977902321
540	0.4678785971359043	0.0805972723992536	-1.0549929436314875
541	0.40899185389906295	0.05810700016158027	-1.3561575777094754
542	0.3979493052875347	0.1024589866328472	-0.7622452570806342
543	0.4380405714031226	0.0648548534279977	-1.265797855145139
544	0.37123830560013993	0.05700427892522351	-1.3709239902334247
545	0.33527244503596915	0.03868908418902336	-1.6161806444216817
546	0.5462452646371659	0.09462128817057344	-0.8671989705999541
547	0.8182975047649341	0.12242143706883292	-0.49493039235512104
548	0.8755241862703577	0.12251972990591628	-0.4936141643433004
549	1.1523301778297688	0.12420902470481539	-0.4709930130924906
550	1.2958132017546133	0.1226737349507965	-0.49155190060112014
551	0.9743089007919125	0.27322449697472984	1.5244559394084984
552	0.8981850890393076	0.25307409074667186	1.2546241804122502
553	0.7889964897309101	0.28926361331318423	1.7392338910472294
554	0.7288075594047114	0.2540480090023105	1.2676658071200835
555	1.0772468562857105	0.28670045329032956	1.7049109116626893
556	1.2245731633782377	0.2168075493451152	0.7689831194659851
557	0.9548396450191364	0.21739261246333727	0.7768176320076663
558	0.883579709376751	0.2069559019870153	0.6370608492367443
559	1.0140748307291063	0.21679806314286787	0.768856090828963
560	1.08236231865076	0.32939256477820733	2.2765960383872152
561	0.6372589829171601	0.2614196072111484	1.366378026059603
562	0.5536410768683104	0.18110433919733793	0.2908855621783807
563	0.6257378250149269	0.16912449120838058	0.13046480347094835
564	0.7402900401730176	0.14171659577036883	-0.23655115405978563
565	1.107425558103992	0.10644347383073116	-0.7088894499006276
566	1.0937976215626575	0.12626002759442212	-0.44352827063790085
567	0.8729995358551119	0.09879351864633334	-0.8113291149022336
568	0.6770794427727346	0.13855305867920714	-0.278913713320225
569	0.8245859414233137	0.06060335249941399	-1.3227292123073855
570	1.1002649287698074	0.08117828812884309	-1.0472126292028225
571	1.1410012754524066	0.06556113326314897	-1.2563401435682335
572	1.0059098118185759	0.27159803664242255	1.5026761972317377
573	0.7943674048025128	0.3458844681753976	2.49743720915546
574	0.7036232623755737	0.3528699871402187	2.590979485596256
575	1.1198075244890435	0.3237328623557353	2.2008076179074094
576	1.2590469506520245	0.22920544704881626	0.9350019335476116
577	1.0249579876209494	0.17395993577996305	0.1952156824116508
578	0.8143067510811204	0.1323837753430985	-0.3615258728711579
579	0.777986479108735	0.11799236703209257	-0.55423955690522
580	0.9061816003298897	0.0921258588532936	-0.9006149759405732
581	0.6653178723863267	0.1163621975023497	-0.5760689685157965
582	0.7392417589284039	0.1310988114706047	-0.37873267545555667
583	0.8385761311361329	0.13592337096297147	-0.3141275573515513
584	0.6724898543909243	0.12099459114689604	-0.5140371210520719
585	0.5773668999242717	0.11911443573606402	-0.5392140646803697
586	0.8353053185842435	0.13430836255865541	-0.3357539480852295
587	0.9528509464571979	0.1981796541534369	0.519539129648578
588	0.935155733048358	0.2425597566617943	1.1138279488779068
589	0.7908258981865977	0.20823913119780296	0.654244423166885
590	0.7423205648153288	0.16487428214103017	0.07355074547304696
591	0.5404637434076234	0.1571875931050303	-0.029380818286346123
592	0.9698667068255371	0.17529720599607368	0.21312291319313173
593	1.1182970179540888	0.15707648910722885	-0.030868599069471852
594	1.1300660164019452	0.01134517799627164	-1.9823397293707943
595	0.8039685086994958	0.11113698996579863	-0.6460391182363917
596	0.6405858699054531	0.1948098455220872	0.47441441205297297
597	0.684114804774542	0.2478459990358253	1.1846154090472774
598	0.8970795647599081	0.17441554486582242	0.20131669097995078
599	1.227581101939154	0.0886412175797971	-0.9472774041644386
600	1.18094165897074	0.061106613486785345	-1.3159901026378487
601	0.861829570282507	0.10981208685533028	-0.6637807425367237
602	0.8041757366654891	0.09625008628378469	-0.8453879234695202
603	1.279853587787325	0.11813274958243689	-0.5523597104116519
604	1.356930568205871	0.28370499806640026	1.6647991172442778
605	0.8750282466780089	0.37626539438831597	2.904264677901586
606	0.8777211927265948	0.2743181912073925	1.5391014723701362
607	1.109256671598955	0.15896487990637642	-0.005581376308830325
608	1.0367184080525758	0.23440828652577075	1.0046725551694693
609	0.8311319166936636	0.3258233017238316	2.2288004496838236
610	0.764744040680061	0.19206804191303556	0.4376992370694279
611	0.621864626376173	0.17702028884289786	0.23619651628543234
612	0.8384240697290679	0.18345085911571934	0.3223075389827468
613	1.112463361971718	0.18161519193848272	0.2977263321445571
614	0.976398664813733	0.16335686910677766	0.05323124305100318
615	0.8445223336550824	0.12814233297939542	-0.4183225369545652
616	0.7285546365462631	0.11876558622087767	-0.5438854681866996
617	0.7152574111686357	0.09245673467929295	-0.8961842560271241
618	0.6275931754272384	0.1510566009465875	-0.11148022510630828
619	0.74792249151508	0.1536276727462634	-0.07705130003351264
620	0.7919183645741944	0.141629908727036	-0.2377119702299384
621	0.6121102956569691	0.10658815774162363	-0.706952004385499
622	0.943755002590412	0.14924814437897466	-0.1356970578184852
623	0.972970478266406	0.15526516032128873	-0.05512389332503912
624	0.7492808203331394	0.2550998250345324	1.281750553943683
625	0.5295338481121018	0.2875155210139181	1.7158253892701294
626	0.5734321888186961	0.26133622348705865	1.3652614442553386
627	0.5714046181734155	0.23415019749548177	1.001216514818107
628	0.8149698797122048	0.07797836863817671	-1.0900623809666659
629	0.8653772350916819	0.07314420581053785	-1.1547960962224793
630	0.6809836816340935	0.10218201303267022	-0.7659541785229826
631	0.701355442713442	0.1038640255036562	-0.7434305440829083
632	0.6107218860096773	0.10160139269231425	-0.7737291983401564
633	0.6370341052669591	0.08156715443114301	-1.042005365529009
634	0.78110867411458	0.06691970532100484	-1.2381476622879328
635	0.7016646411796162	0.05302586775876131	-1.4241984339794787
636	0.5330767895930502	0.2039173529358117	0.5963719903619787
637	0.6203545095562611	0.22219329005193622	0.841102950300744
638	0.8040284004372282	0.12621106659339845	-0.44418390173927474
639	0.8050219561790929	0.07713943797311998	-1.1012964044630729
640	0.7010362588969042	0.07635394193292984	-1.111814891078691
641	0.8446582729257264	0.09020873556456929	-0.9262869521456408
642	0.8537488024702984	0.11410036761723218	-0.606356870880848
643	0.8214253986364694	0.14776841717596062	-0.15551191363354622
644	0.7687888475602225	0.18882740830207556	0.3943042872301475
645	0.7369664833488804	0.2139332075623098	0.7304931411284346
646	0.674432037480762	0.07565091078886266	-1.1212290998090664
647	0.7154465547081152	0.08830205836913324	-0.9518190459237883
648	0.6152262231580348	0.3380810024006395	2.3929419015949565
649	0.8097425512040546	0.23953654936614321	1.0733445296771593
650	0.8924897575636674	0.13262160732209222	-0.3583410923505511
651	1.1523706308197559	0.0859566151129351	-0.9832266052693959
652	1.1111158729871904	0.059963766883164564	-1.3312938293135168
653	1.0560514082412116	0.10793961943424903	-0.6888547371835413
654	0.69803719151906	0.18122191044266903	0.29245994512510737
655	0.7868000944438984	0.3324877282060742	2.3180430138312764
656	0.7351124565983063	0.2696381779926137	1.4764319567495992
657	0.773722405055107	0.16166742393511102	0.030608078175857024
658	0.6680361704685623	0.1921409326887539	0.4386753090157739
659	0.695413055225319	0.15792148678059045	-0.01955333296662698
660	0.9089787138325448	0.15635360390945208	-0.04054867113654782
661	1.0214289144445758	0.15002979729716148	-0.12523003400507848
662	0.9997781473546697	0.1424886918093868	-0.22621210530988176
663	0.8082584328554231	0.13188925891262002	-0.368147885190828
664	0.5129435609251746	0.07044162577244423	-1.190986032904328
665	nan	nan	nan
666	nan	nan	nan
667	nan	nan	nan
668	nan	nan	nan
669	nan	nan	nan
670	nan	nan	nan
671	nan	nan	nan
672	nan	nan	nan
673	nan	nan	nan
674	nan	nan	nan
675	nan	nan	nan
676	nan	nan	nan
677	nan	nan	nan
678	nan	nan	nan
679	nan	nan	nan
680	nan	nan	nan
681	nan	nan	nan
682	nan	nan	nan
683	0.4350718439393315	0.26420981761388435	1.4037414108181463
684	nan	nan	nan
685	nan	nan	nan
686	nan	nan	nan
687	nan	nan	nan
688	nan	nan	nan
689	0.5127186351049452	0.11655166421941018	-0.5735318416233129
690	0.6628894145191065	0.17295266164181008	0.18172739093935333
691	0.591722918164111	0.24186775349828213	1.1045614145595337
692	0.7378678837803484	0.24338228749118157	1.1248423640718381
693	0.7634914012417967	0.2030491820881335	0.5847464149623084
694	0.8558835165747868	0.15681999453279616	-0.03430328824689384
695	0.7654389815162389	0.13754976697402033	-0.292348676493322
696	0.8842629814876831	0.11086242923912469	-0.6497157291687589
697	1.0302086716858279	0.0273714092062328	-1.7677343209972896
698	0.8882989745511318	0.09404640284673567	-0.8748971934743038
699	0.6464678952775906	0.1373180223913535	-0.2954519413938466
700	0.5181545568871591	0.11927536460910598	-0.5370590847561569
701	0.8477834976468828	0.19617236449902498	0.4926597460701584
702	0.8723803449355563	0.14739129396173256	-0.16056192697331617
703	0.7332083221566538	0.1369138291425206	-0.3008644464358107
704	0.6856740690023984	0.184830671749656	0.3407844503604415
705	0.5792291707270061	0.12865548061450532	-0.4114510363287531
706	0.5403760843788545	0.2500863500748289	1.2146156906684817
707	0.6083798244838047	0.23247851961759897	0.9788312697188717
708	0.6380446430921143	0.15013430874034595	-0.12383053335826608
709	0.8424401299276784	0.13978710935811925	-0.26238868342193394
710	nan	nan	nan
711	nan	nan	nan
712	nan	nan	nan
713	nan	nan	nan
714	nan	nan	nan
715	nan	nan	nan
716	0.5589396576345363	0.06429887592010713	-1.2732428856432123
717	0.5836155837441073	0.06469161842863094	-1.2679837161402165
718	0.7193654203278602	0.04848905881639218	-1.4849503177526604
719	0.9843050478606057	0.05998375979346683	-1.3310261065642452
720	0.8613955887791779	0.10234527980123666	-0.7637678921102267
721	0.74495879279027	0.12965430615615328	-0.39807587903500236
722	0.6394214716595881	0.06603063058091262	-1.2500531592929596
723	0.6393863635633202	0.08032062283270153	-1.058697525977046
724	0.7007414314666869	0.09822514303684968	-0.818940166944648
725	0.6766172529335575	0.08733165112355178	-0.9648136571020656
726	0.6536454104359031	0.16484736905732722	0.0731903554822254
727	0.9842436377938	0.20288109071679003	0.5824955228518286
728	1.013856257879447	0.17787960538606318	0.2477035247175507
729	0.834646927699234	0.2196774760995347	0.8074139766691076
730	0.9216413699305996	0.20945371177786376	0.6705087312235706
731	0.8857195305550981	0.11448013019340494	-0.6012715141505722
732	0.636056053827049	0.11328240712208684	-0.6173100852575976
733	0.5893429832845706	0.12148671901499669	-0.5074470936949177
734	0.6742206375378249	0.10692022580865469	-0.7025053193103012
735	0.9847707838401035	0.16572641468486954	0.08496155380116692
736	0.9849295755104734	0.1607192818694535	0.01791161744652105
737	0.7634025646881295	0.17226411893438034	0.17250719518810806
738	0.5257455115470077	0.11635597714603882	-0.576152264587645
739	0.7876190031761005	0.07544723123630655	-1.1239565491376688
740	0.9284492479191132	0.026882911425185625	-1.774275738278604
741	0.8237058674556726	0.12293156414050055	-0.4880993397449748
742	0.6565692528399409	0.20494990932952498	0.6101988335940781
743	0.6009135669088913	0.21409414212340583	0.7326481972207214
744	0.648375173314812	0.17542026998563967	0.21477084884256045
745	0.8600820688301172	0.2047938690436842	0.6081093161756121
746	0.9729911848662837	0.12821033367205417	-0.4174119475448329
747	0.9116273837962977	0.10208591985551499	-0.767240951143141
748	0.8214836805461797	0.09199707486423413	-0.9023395074415849
749	0.848731793175876	0.13528826235689614	-0.32263222323229845
750	0.5384404829828786	0.17935114021998472	0.2674086774657079
751	0.34091674287704254	0.16020544527362027	0.011030891027355043
752	nan	nan	nan
753	nan	nan	nan
754	nan	nan	nan
755	nan	nan	nan
756	nan	nan	nan
757	0.4682866985438599	0.1657114198538939	0.08476075975402883
758	0.5620098290790146	0.23843342832878825	1.0585727634642883
759	0.7457338038405068	0.20864810407604004	0.6597209316733393
760	0.7446818980012176	0.11277981415416409	-0.6240402495559682
761	0.7867157720918757	0.10464286155392281	-0.7330012406219932
762	0.5890627841652608	0.13553264942914717	-0.31935966421611267
763	0.6586626917971111	0.13611237695799552	-0.3115965999345656
764	0.8378605666936886	0.12954707336682134	-0.3995118209132968
765	0.8447748382967704	0.1627934865796619	0.045687052797025826
766	0.7223843779276092	0.361933136807074	2.7123430744478103
767	0.6934633031410852	0.3089901971434565	2.0033902933383962
768	0.7298738914594238	0.16043816052711216	0.014147154068620093
769	0.8558737976052747	0.16879427309192355	0.12604289086990317
770	0.776548528624804	0.13047895590414066	-0.38703308964719296
771	0.7983257120424682	0.18088713127093387	0.28797695596041145
772	nan	nan	nan
773	nan	nan	nan
774	nan	nan	nan
775	nan	nan	nan
776	0.8413346354043866	0.32264692535489137	2.186265961139775
777	1.1596586296137772	0.2914151587804277	1.7680449875291615
778	1.1501644529768464	0.11590882673140329	-0.5821400040680036
779	0.8193468725861309	0.1372805997983367	-0.2959530630082515
780	0.43999684010024187	0.20294501764211698	0.5833515609144346
781	0.42241054981786536	0.214678663140786	0.7404754505527339
782	0.46721201735799384	0.22186180011015966	0.8366640068339574
783	0.45487053642572084	0.18361374882485057	0.3244887762362203
784	0.7014037241434801	0.19179436474706316	0.43403445779621336
785	0.961594329824002	0.20089855559433503	0.5559476243474801
786	0.8280518169741896	0.21823221833276957	0.7880606970877654
787	0.6675537490143375	0.21292674080394697	0.7170156611855169
788	0.6009877074959177	0.19041953174631115	0.41562422811049865
789	0.619810616372121	0.20891783190660262	0.663332825852902
790	0.7283283481747768	0.12000763798528216	-0.5272532966780681
791	0.7912769904680118	0.09704655690262814	-0.8347224775405885
792	0.6925506776200702	0.14652100795138134	-0.17221582627167928
793	0.5436040515030898	0.20293428288283902	0.5832078129946364
794	0.5372442362332714	0.11271324044706714	-0.6249317303671023
795	0.8692843481668631	0.10994547608164644	-0.6619945428362968
796	0.9697484099482043	0.14843918196475503	-0.1465297799343694
797	0.9847738895372621	0.19826811288338353	0.5207236702692446
798	0.9295377387884914	0.28283161599965734	1.653103759012895
799	0.6334667965025587	0.2640517929367459	1.4016253206453484
800	0.5477611824075066	0.11276734480587641	-0.6242072251565551
801	0.6386004018366197	0.11654433631289998	-0.5736299687717699
802	0.7688864867484787	0.08968406886882568	-0.9333127031799856
803	0.683990162918235	0.12500425248501337	-0.46034420987210084
804	0.5821853582524571	0.22072067029364686	0.8213832694558708
805	0.5193500081913058	0.36012490122455487	2.6881292009214617
806	0.7149735166222178	0.21981646854469317	0.8092752084249258
807	0.796253167846121	0.2058153519427624	0.6217878755219276
808	0.7358048193339477	0.20342308198681955	0.5897532652564973
809	0.8374063511820041	0.206658413907779	0.6330772207782286
810	0.8553841555956385	0.18855564051037677	0.3906650761669728
811	0.7262078446656778	0.16663873259052803	0.09717829734774745
812	0.6836944428395528	0.13649217505281325	-0.30651076757822376
813	0.7688918619651413	0.18788343710160144	0.3816636780740371
814	1.1097689650380262	0.25089446718175723	1.2254370933722054
815	1.0991994072657176	0.2350075110345201	1.012696701253649
816	0.7827137676168889	0.20404383758946568	0.5980657317285404
817	0.7602532216428624	0.0911417153131577	-0.9137935282503473
818	0.7643205031395988	0.0707724271849605	-1.1865563094532234
819	0.6084992359791183	0.24982213049749885	1.211077556870815
820	0.80837900831518	0.29008789902855064	1.7502718057163191
821	0.9778435567466088	0.16033519364677648	0.01276833648425573
822	0.935023761785398	0.20658561771410888	0.63210241536915
823	0.5269002098042668	0.24748340012653175	1.1797598889948546
824	0.69375727437443	0.19544483965667003	0.4829175450592053
825	0.7393634597713742	0.15121307740809392	-0.10938486690995598
826	0.6137178061929753	0.17954075408567188	0.2699477748084307
827	0.4831552798969156	0.1674967549491359	0.10866797550415587
828	0.5119534614291268	0.08395217388223429	-1.0100678459353778
829	0.6173558554953685	0.1163708299846198	-0.5759533719442396
830	0.7505986885442691	0.14288951960244048	-0.22084466669697395
831	0.7655566262588576	0.17818286414293152	0.2517644276527412
832	0.7405365304756196	0.28313551358845096	1.657173216472503
833	0.9321789346176377	0.2560960329416854	1.295090658796695
834	1.0106781482240195	0.17680692514650065	0.23333938770682155
835	0.9087791512758479	0.11233034800144898	-0.6300589988170884
836	0.6024353249037727	0.07961540688628649	-1.0681409911429447
837	0.5488140425364696	0.04686245172642241	-1.506732025144304
838	0.5138537225680299	0.03836326306157514	-1.620543677451511
839	0.4252606306629526	0.05950802733125828	-1.33739658493756
840	0.700875847196629	0.08664067771074407	-0.9740664021478667
841	0.9212274278297294	0.10516284112871219	-0.7260382542821858
842	0.8194846631465036	0.20771680493609276	0.6472500126139629
843	0.605907371233219	0.2277271186503338	0.9152058089622327
844	0.5617158959036321	0.24209738624759705	1.1076364001439194
845	0.6151232712339846	0.18651096060452893	0.36328500405651704
846	0.6288236025931659	0.24549662311126097	1.153155187794471
847	0.7394392446670885	0.18735765418920367	0.3746229799115895
848	0.927688956573671	0.16690378829290273	0.10072762759917257
849	0.7839908075670112	0.13386357944686852	-0.3417099872869686
850	0.48624408790293694	0.32341282635088486	2.19652205278512
851	0.5794443282756065	0.31880578928072045	2.1348297522759414
852	0.6183086627291937	0.10735527083781608	-0.6966796816465932
853	0.6617677540498378	0.05134515833348322	-1.4467046194852025
854	0.5383653323542549	0.12411523625905468	-0.47224892332113383
855	0.54847927923562	0.12997225788430827	-0.3938182242208529
856	0.5674458764103593	0.1526172525438191	-0.09058172008882912
857	0.9177375003394996	0.11814633776779278	-0.5521777525933007
858	1.127444610534146	0.07262690111749695	-1.1617232635301973
859	0.9801167191759285	0.17486472603722172	0.20733162408923483
860	0.679069901200494	0.1306708940275628	-0.3844628684379888
861	0.5386300641226456	0.08689187779053589	-0.9707026109357648
862	0.5791717520018836	0.04946340329231646	-1.4719029835782829
863	0.5246110026098553	0.07598937344467319	-1.1166967855351868
864	0.5682158636006639	0.185808594562004	0.35387970162396143
865	0.6095662925322552	0.13873092747178017	-0.2765318928930174
866	0.6710274414132686	0.14203056874108663	-0.23234677832625342
867	0.45755898931249106	0.18531080731558452	0.34721389018636195
868	0.4195060959786693	0.14921911118852305	-0.13608583791354467
869	0.4881900471582648	0.15755098980045745	-0.024514615172088527
870	0.6799479126863917	0.11104695923085169	-0.6472447093941834
871	0.6436964006024053	0.12278132834228833	-0.4901111299410137
872	0.641140226593335	0.1067976444377075	-0.7041467922696303
873	0.5673965854907776	0.13418775701790622	-0.337368962930922
874	0.6990800929832991	0.053822396999522015	-1.413532203051234
875	0.8268361951698715	0.06973976549189251	-1.200384562736802
876	0.659815736505185	0.10906857049245045	-0.6737370841492816
877	0.5347617241826831	0.1415130935903823	-0.2392762282128255
878	0.5604021239373457	0.23412734527970122	1.0009105034399124
879	0.6085888160651366	0.18154351799081977	0.2967665546019502
880	0.6243010648111414	0.19300299093403708	0.450219031263819
881	0.5910280100242902	0.2512627308963664	1.23036847017736
882	0.5712769590893808	0.24380048786927902	1.130442436961575
883	0.7807743149543458	0.23601006739720923	1.0261218175404165
884	0.9688239071499009	0.12205888027249734	-0.4997853484777948
885	0.8318992619599888	0.1317532833796506	-0.3699687178244899
886	0.6873826201796515	0.1452541382128132	-0.18918033240163376
887	0.9900313757683654	0.15295571176734893	-0.08604945177622363
888	0.9391147361615945	0.12406568881939109	-0.47291240735450146
889	0.6074957194365275	0.1495860112898415	-0.1311727210962366
890	0.48402641289003995	0.1759985800010559	0.22251493136570202
891	0.687634932598111	0.18347606276586784	0.32264503814657125
892	0.7420510200147132	0.13126929779551563	-0.37644971279887995
893	0.7310189986664767	0.12102364246440847	-0.5136480982196377
894	0.7991458910352827	0.0290677125901235	-1.7450193185955425
895	0.5526778804517298	0.08102290300733371	-1.04929337339151
896	0.6489210168567435	0.0807316649964537	-1.053193307907614
897	0.6023118221117779	0.05589524153201523	-1.385774981683181
898	0.6014321760514809	0.07537083884678208	-1.1249795107894598
899	1.0868927522586973	0.1269558757542784	-0.4342102484182355
900	1.016215817502153	0.2667752946780459	1.4380954174348137
901	0.8132814013857969	0.37930917151040944	2.9450235452689055
902	0.4407413204790156	0.2728888070923856	1.5199607550233787
903	0.6694156658983595	0.2807126762854917	1.6247292823989101
904	0.8846654664725639	0.11016632759917394	-0.6590371457110489
905	0.814927172091149	0.06789494328225625	-1.2250883635548897
906	0.6061961256843783	0.15062544897055763	-0.11725373134584266
907	0.6415287726239282	0.13256442887290767	-0.35910676234973254
908	1.0204647677653567	0.16604572726937267	0.08923743168526362
909	0.98181322596466	0.3340055433999176	2.338367901525884
910	0.6671140265931319	0.4200537530455828	3.490629523668154
911	0.4286403575484961	0.2889816525134445	1.7354581865924068
912	0.7206936008587916	0.25997633405148446	1.347051322122393
913	0.9187491758873767	0.17542077513969956	0.2147776133021451
914	0.9048877173469936	0.221507188762104	0.8319154472901478
915	0.8119792169043814	0.3385670110788256	2.3994499875877735
916	0.852007597260823	0.30545576561447013	1.95606112956252
917	1.0153905790041056	0.2656838770256875	1.4234803698966978
918	0.9699211722446116	0.14574401115437782	-0.1826205005048953
919	0.5608262739713494	0.13247928993544256	-0.3602468480132809
920	0.4751983734404419	0.20816363638327917	0.6532334808381054
921	0.4676922148742663	0.22622367253963374	0.8950733359979215
922	0.5264646162134883	0.12058094416677571	-0.51957621991619
923	0.764322962756428	0.11148424653479426	-0.6413890456882452
924	1.0717498107901053	0.11436839232762429	-0.6027677829864878
925	1.0124164794332857	0.16787006891034997	0.11366697957743292
926	0.6618638158135279	0.2085461007702065	0.6583550172036761
927	0.8028398949924445	0.21936541579390884	0.8032352132125831
928	0.8642052055664948	0.13179424910566165	-0.3694201505259939
929	0.6368679269746528	0.07014575531287859	-1.1949480000049446
930	0.5587113149540651	0.0828806504958971	-1.02441649165838
931	0.63620608517678	0.15591269628958793	-0.04645281407422888
932	0.6308686438749581	0.29259395976997005	1.783830175227851
933	0.5001300521663671	0.2492168680649236	1.202972557647091
934	0.44885804577409644	0.15453119378362395	-0.06495235433277335
935	0.7036127284510678	0.12320389962532105	-0.4844525267688726
936	1.0086643711967327	0.10436182296363433	-0.7367645958767263
937	0.9848942616456463	0.09574929423552742	-0.8520939718609634
938	0.8268662676532513	0.20337130673972503	0.5890599489115134
939	0.6337290109078815	0.1789028872225658	0.2614061734268332
940	0.6279992135631752	0.15661754650614157	-0.03701424635460004
941	0.564055253660767	0.1488017981205766	-0.14167402893568495
942	0.5861896680331451	0.07025869876070343	-1.1934355873593254
943	0.5566643312399758	0.11250323857352196	-0.6277438411647646
944	0.505545839850893	0.16232962024612485	0.03947547238019258
945	0.618764754401393	0.2328410391853106	0.9836857273173485
946	0.6879247921996339	0.21763787739265825	0.7801019463063338
947	0.7762300960909478	0.15267493179577923	-0.08980934389760788
948	0.511334692948751	0.2426901978738503	1.1155746720603736
949	0.4285732319043043	0.2517740314366518	1.2372152365700309
950	0.4065182831514827	0.34867966864093913	2.5348674152678305
951	0.44091576235978586	0.3293680221762079	2.2762673912426914
952	0.45970937768923553	0.35748770097844906	2.652814757471621
953	0.5927498520228685	0.15658195322129298	-0.037490871914921314
954	0.6731328759139228	0.0897722512769223	-0.93213186275325
955	0.5169808244324355	0.10720968186447263	-0.6986292467483141
956	0.5491824062474417	0.10614312297222295	-0.712911413505235
957	0.4824655745748171	0.08784757016716242	-0.9579050448655896
958	0.477308239413022	0.0752359878671989	-1.1267852846588038
959	0.5355655781684703	0.12143319274671366	-0.5081638577620958
960	0.5307843596810846	0.10909422134555996	-0.6733935965423341
961	0.4426486924053149	0.11205211188826807	-0.6337848264250373
962	0.456331409936066	0.10249648899560473	-0.7617430672788578
963	0.54599208555828	0.07874896051562737	-1.0797434742703234
964	0.6099265728636644	0.06602947276963783	-1.2500686634098157
965	0.6195836399039448	0.12582550170776294	-0.4493469565244112
966	0.5919794543068284	0.11269596175891138	-0.625163107281565
967	0.6090980047928806	0.03182754530878827	-1.7080627178906003
968	0.4926813484351736	0.06579611171923276	-1.2531935742428457
969	0.38772658459822296	0.04483703725980863	-1.5338541159864156
970	0.33577322361375095	0.050905792547613106	-1.4525881159022138
971	0.34104623786129035	0.03206795813827398	-1.7048433774995833
972	nan	nan	nan
973	nan	nan	nan
974	nan	nan	nan
