ID	SN	ssim	z_ssim
245	0.5824226178640589	0.09645996042546344	0.8704274492955223
246	0.6955772056212212	0.11277430954342754	1.1765707377738908
247	0.7923583287488668	0.03864545046422615	-0.21447787382332748
248	0.9938962180382093	0.029839211267783876	-0.37972939610179496
249	1.0276881039319947	0.053711068902737504	0.06823263692868076
250	1.046163162007262	0.029744952485878603	-0.3814981883013361
251	0.9988843591457015	0.03634679023795952	-0.25761287085418144
252	0.8553042804108527	0.04324902498188057	-0.1280905204940996
253	0.6943158117554598	0.057244761474510346	0.13454335864806016
254	0.7930665643491434	0.03619011704099554	-0.26055288687248257
255	0.868854883523116	0.01862038735922425	-0.5902537400024844
256	1.0607216847141143	0.029545745337649813	-0.38523636571841774
257	1.0436523552480215	0.047644913908470275	-0.04560044491456223
258	1.023749932121887	0.05401249030551338	0.07388889319709423
259	0.8652144994915658	0.03849621046989498	-0.2172784037314884
260	0.8470891049382936	0.013175061113561103	-0.6924367980963717
261	0.8614669383295049	0.018177334797532363	-0.5985677442710192
262	0.9119879652447713	0.033330012598559715	-0.3142235404221696
263	0.9101695519600324	0.03245769172417225	-0.33059288370165385
264	0.8592714073191959	0.03326251160368658	-0.3154902153226882
265	0.87123903516915	0.01893484825347074	-0.5843527940581278
266	0.7835880209378788	0.040032913879860306	-0.1884417378037817
267	0.6237273915475262	0.0838143748697046	0.633129527154594
268	0.5778050161446324	0.0623006083115984	0.22941772755835654
269	0.6997392747281304	0.04601507563432282	-0.07618481241384481
270	0.7949777785300948	0.018007589484187753	-0.6017530621807535
271	1.1137055687275532	0.006821704040524993	-0.8116593066471327
272	1.1075623098317806	0.03640647145259469	-0.25649293629984027
273	0.9730807840672568	0.032946204984798944	-0.32142579680213
274	0.9231987776450029	0.062028269156321175	0.22430720773466434
275	0.9632300357277509	0.07381027642222353	0.44539984362092505
276	1.0218833845388868	0.05669383856828676	0.12420513743005086
277	1.1591398359854639	0.055439262556850805	0.10066267042692909
278	1.1339782176661388	0.053379707735326604	0.06201455266851854
279	1.4389070255682117	0.013654725734747512	-0.6834357583714682
280	1.3337335740866336	0.020404169138537653	-0.5567805799089883
281	1.4711542541576716	0.05837642552487484	0.15577934859324596
282	1.2253345422428468	0.05857744125906285	0.15955146462774025
283	1.3265913424673497	0.03420470397394879	-0.2978097140335692
284	1.3316334785443658	0.035908438783179814	-0.2658386575469381
285	1.3585006507371549	0.05178298526671693	0.032051612449885705
286	1.4263370655429386	0.03748674857407732	-0.2362212363351462
287	1.0761809383493626	0.039581691479581516	-0.19690905136055387
288	0.9777666720339591	0.02487729262093318	-0.4728411764569388
289	0.9313498892729462	0.020796525083424996	-0.5494179117232508
290	0.9721275144569091	0.04274260818040922	-0.13759357230585853
291	1.049472263451269	0.03115166822450193	-0.3551007770983224
292	1.1016208871789923	0.05177865117744115	0.03197028206190314
293	1.4057124019303942	0.014740714921748407	-0.663056869912209
294	1.82860943390481	0.0136995239323266	-0.6825951077622653
295	2.005334939354289	0.021041490439244342	-0.5448210688426954
296	1.789651203678905	0.009928683572685913	-0.7533559735301921
297	1.4515021210164916	0.01972749659042419	-0.569478528052956
298	1.3644895900547744	0.028754423641137096	-0.40008573694757266
299	1.3603550573679126	0.010263725070462084	-0.7470688268494231
300	1.2817055034443923	0.03904759061049589	-0.2069316023835047
301	1.3507354671572172	0.049232474898570106	-0.015809422382503786
302	1.3762309564000659	0.04704478340494303	-0.05686206035122743
303	1.2408332705668077	0.07574686971400063	0.48174055415144584
304	1.140623672791368	0.06400762225852616	0.2614503179738372
305	1.0130594270620756	0.06219487991585905	0.22743370487236744
306	0.8672984511263289	0.0394500406398884	-0.1993795159008897
307	1.1391048287072718	-0.0008279816559775705	-0.9552077815522402
308	1.238152858954254	0.02554909299576995	-0.4602346559965506
309	1.3077100049214048	-0.008991318679276628	-1.1083950661444348
310	1.313269690100983	0.012334571129317351	-0.7082088258891436
311	1.168944927808737	0.044559544683976826	-0.10349825461119888
312	1.1512131018818303	0.051589491758124675	0.0284206530661354
313	0.9642731666822629	0.08122911178797443	0.5846163480078331
314	1.0210084625235305	0.01706243417767834	-0.6194891637907748
315	1.1193948549296147	0.018269352503883382	-0.5968410064761587
316	1.1681062470204127	0.006513004760384364	-0.817452134303928
317	1.2690822651654587	0.07450020426688897	0.45834653108307427
318	1.3211575022751898	0.06946652803013792	0.36388819964050845
319	1.2398355452847867	0.06675094653811406	0.31292955936084493
320	1.1991519676185505	0.04970657919337697	-0.0069127237251194445
321	1.0294914670253301	0.06463090626927176	0.2731464153986211
322	0.9691598462636871	0.055827520639276644	0.1079484410864076
323	0.9183460289483191	0.051140708026715505	0.01999910180743942
324	1.0555925115760365	0.06314479535707954	0.24525913173119332
325	1.2506302568120666	0.08133452019491033	0.5865943660151277
326	1.2785920461763718	0.05643352664006672	0.11932031185967754
327	1.2096678367458373	0.04098039975959718	-0.1706619023404063
328	1.2001356092142712	0.10343343447053625	1.0012866249108323
329	0.8897063176506099	0.08397462751865388	0.6361367125827079
330	0.5972696867619347	0.016310771825355366	-0.6335943164206248
331	0.3772325063269818	0.03376875328483967	-0.30599044969229783
332	nan	nan	nan
333	nan	nan	nan
334	nan	nan	nan
335	nan	nan	nan
336	nan	nan	nan
337	0.2631839255954099	0.1611311076080628	2.0839994726101883
338	0.5327830648820996	0.1834121110992521	2.5021086861662316
339	0.6575311137793625	0.1287110293641372	1.475627707696041
340	0.7840092555027997	0.17862046430129694	2.4121921043065506
341	1.0053768703411752	0.1369404169361616	1.6300544491642879
342	1.1876840331211638	0.1150972477306478	1.2201613174792452
343	1.6202835814946122	-0.013577110716495507	-1.1944487262935994
344	1.625980413591916	0.015451234036787746	-0.6497237815473557
345	1.6389023279630777	-0.003344396899044951	-1.0024290119010166
346	1.373796369315504	-0.010820065556934755	-1.1427120087863167
347	1.2715567847111455	0.034584985658893334	-0.2906736226863009
348	0.8433826593305104	0.08017164221287285	0.5647726379801405
349	0.7639339329966357	0.27415297707591213	4.20488621707494
350	0.6861571274149262	0.26190393077239393	3.9750294640431147
351	0.741097702861804	0.06417015326737513	0.26450025745772027
352	0.5840185372825053	0.034139918403062734	-0.29902543324943215
353	0.5309004029906099	0.02476980570404788	-0.47485819828022635
354	0.4880979889407324	0.01143377036065906	-0.7251126022878741
355	0.702233628631976	0.009379821915922935	-0.7636555148300703
356	0.96439297455896	0.04016080890922759	-0.18604175208645857
357	1.0476922212405713	0.026182395814420615	-0.44835055286117964
358	1.1594230487396329	0.05193215897228836	0.03485089843107479
359	1.3207718327553062	0.05271915696737536	0.0496191342031362
360	1.2642321905522962	0.04040440194869127	-0.18147066110313903
361	1.1290867731484846	-0.015286789596033816	-1.2265313249090437
362	0.9497574068417092	0.016941981932919438	-0.6217494835895271
363	0.8377834224040701	0.026685793961504656	-0.43890414693668406
364	0.8849559076957693	0.020716212038321576	-0.5509250083017223
365	1.0604103491620547	0.035524405548076884	-0.2730451477739947
366	1.1068041067207726	0.03727762808727936	-0.24014544030145896
367	1.1979975574775705	0.05211592141749052	0.038299251709911254
368	1.1774615886391293	-0.0005203535718635886	-0.9494350551861448
369	1.1518550234545686	0.00893113083437833	-0.7720753274883472
370	1.1263365385880642	0.05180859378865709	0.03253216347053284
371	1.0038020601849604	-0.002414421618235448	-0.9849777676857558
372	0.7294527615928514	0.29186075325831184	4.537177551097544
373	0.47683031997470254	0.36475883616755456	5.905130306321487
374	0.3516102823623701	0.3967480942842147	6.505417611993648
375	0.4847672490446348	0.3211820666128686	5.087400132946331
376	0.7178659160987851	0.027099204037630394	-0.43114639213567485
377	0.7751184052684963	0.03256003679688163	-0.32867235001120415
378	0.7322485613833658	0.06665235420802754	0.3110794469271103
379	0.7578164560876468	0.03812299748868187	-0.22428184889165026
380	0.9000150238797187	0.03881747948445266	-0.21124970152021888
381	0.9610608771503624	0.03315179779914583	-0.31756779058830115
382	nan	nan	nan
383	nan	nan	nan
384	nan	nan	nan
385	nan	nan	nan
386	1.1803973148219404	0.05098003268239654	0.01698398438341426
387	1.3850071161522148	0.03527228986720251	-0.27777616848844383
388	1.426316102126715	0.03477925674738166	-0.2870280718000202
389	1.1879147228415223	0.04657069561543093	-0.06575844928217528
390	0.9618685358357602	0.017079346134622832	-0.6191718062255938
391	0.7997727514048387	0.04649623684284932	-0.06715568881219715
392	0.7717931853009145	0.07141778882978086	0.40050415002640827
393	0.8992852272386087	0.03805838743614612	-0.2254942744569629
394	1.024747847163419	0.0515501994001299	0.02768332106461874
395	1.0641924520222341	0.01594598580695531	-0.6404396272850927
396	1.0885899351514103	0.03103048193683	-0.35737487141603674
397	1.139257207649116	0.03450430018634115	-0.29218770796919813
398	1.0460675380027913	0.048061165091780995	-0.037789375948811266
399	1.0368630088954796	0.03587320014454996	-0.2664999203796529
400	0.9656142182551569	0.03835549078286697	-0.21991904770869522
401	0.9347805181214471	0.05921983431001659	0.1716061484948446
402	0.8398267753997594	0.06510153783232203	0.28197794728089975
403	1.0117520318974966	0.042683331092768576	-0.138705923305001
404	0.989547222508917	0.02091150469083006	-0.5472602874831162
405	1.0367453420540083	0.04335993540397689	-0.12600925564549442
406	1.07461305719861	0.04208230399080245	-0.1499843636601805
407	1.0013617085116882	0.0349295871656262	-0.284207079784529
408	0.8587241997634589	0.05644441651075629	0.11952466330513839
409	0.8141088376979394	0.04131227752497445	-0.16443412397604767
410	0.8991674286297893	0.048665141548376985	-0.026455590135547817
411	0.8354158179673874	0.03353357436558004	-0.3104036473750453
412	0.740369194447947	0.04113032695131377	-0.16784847698260855
413	0.9043587267243676	0.03362198004622451	-0.30874469024491585
414	0.8680464636056001	0.0516572439940087	0.029692042573943474
415	0.8452104317892342	0.05262976694494307	0.0479417056262007
416	0.7831968998444293	0.04381687061204556	-0.11743473966522419
417	0.7607966599379753	0.0208378155695278	-0.5486430842933007
418	0.7908605494150975	0.025589090792177357	-0.45948408624745973
419	0.8086820784926653	0.04253464527505593	-0.14149605393512962
420	0.8639688775602542	0.028798202222393026	-0.3992642197216203
421	0.903799321344995	0.03701973585343531	-0.24498485963539451
422	0.9292578796566866	0.025448122431760575	-0.4621293966498145
423	0.9703713437569955	0.060149945857907984	0.18905994979971158
424	0.8757385763874717	0.045946409372680456	-0.07747335386865292
425	1.0251177761983041	0.0259392863308028	-0.45291256978486333
426	1.1091465257761883	0.02840362803618722	-0.40666851382126723
427	1.3917804199707389	0.028455238260842074	-0.40570003363363005
428	1.4495325417876428	0.0350730257683383	-0.28151541460000307
429	1.200156838901055	0.01587431611938935	-0.6417845288608166
430	0.9282311011365687	0.0341255566986081	-0.29929493461893847
431	0.7886251409409969	0.05573124117696059	0.10614173025821345
432	0.8363818811136441	0.044562135070491324	-0.10344964528941447
433	0.9056598253060816	0.03677431144464907	-0.2495903167722621
434	0.991070849355407	0.016885506517305717	-0.6228092604356122
435	1.0914717266390779	0.00290461716745041	-0.8851645288234833
436	1.2131455474426633	0.01836340140763381	-0.5950761526984351
437	1.358761081553116	0.027460735040135093	-0.4243621625477597
438	1.1719459680931041	0.012898344484129453	-0.6976294624373336
439	0.9476658266781206	0.020665456001315557	-0.5518774594210895
440	1.031339104303372	0.03136857955616258	-0.35103037576617896
441	0.9332565628142282	0.04600445698657579	-0.07638407428552368
442	0.9905569101917361	0.03788012521618503	-0.22883941448282208
443	1.0209027507600419	0.01558292476156542	-0.6472525685523399
444	0.9314310187160275	0.013694172119153782	-0.6826955360215972
445	0.8186826990069604	0.04731277305263339	-0.05183316024440384
446	0.7600900315617046	0.056311890863446894	0.11703778275712143
447	0.8137743074183527	0.055415120409352404	0.1002096363296048
448	0.9696640594318395	0.0598034560278357	0.18255797198646012
449	0.985543492338025	0.05023557802560699	0.0030140861604058015
450	1.0180271314078277	0.037037759636895776	-0.24464663833710598
451	1.0100669117461063	0.0659863153618299	0.29858104315047673
452	1.090027904278499	0.05085352973366412	0.014610121445510778
453	1.0643957241039086	0.032080646573971104	-0.3376682405763143
454	1.0181053916245872	0.03981316258596768	-0.19256543181530592
455	1.0102220100034316	0.04206473165722629	-0.1503141133761113
456	1.0682296643793747	0.03196635333637206	-0.33981298489656936
457	1.1046333538784863	0.03269774586971713	-0.326088201044774
458	1.1221033770852946	0.03172267748377558	-0.34438562989130667
459	0.976460439014537	0.02234549435653609	-0.5203510734698008
460	1.0150111566912239	0.030118022683625113	-0.3744974225125478
461	0.7644211725460685	0.040491148793426954	-0.17984283248916988
462	0.7880790100185167	0.03532523990862962	-0.2767825462672722
463	0.8958496220035136	0.019570459212736355	-0.5724253780236015
464	0.9809271120085964	0.012223801432157509	-0.7102874499952642
465	0.9705881816049446	-0.007462911371322053	-1.0797140788731525
466	0.919855535767121	0.008753910655433572	-0.7754009133253654
467	0.8797861162035292	0.015393738027443742	-0.6508027101180074
468	0.8656864667175017	0.031061006221821952	-0.3568020747375841
469	0.8577275619619639	0.034412614400405536	-0.2939082171853547
470	0.9872989258778757	0.04329607798528113	-0.1272075578279415
471	0.9272800885608399	0.05212058301641253	0.038386727907290204
472	0.7482024862574778	0.06296675465607321	0.24191814856999244
473	0.6980613205677122	0.1254070856471761	1.4136282869931853
474	0.6353122428305048	0.11978191378526706	1.3080703760027577
475	0.6315755692944736	0.09404749307607153	0.8251568300174118
476	0.6587431785481286	0.06392279156235109	0.25985844641934486
477	0.6120800509020854	0.09141210195777916	0.7757029843538837
478	0.5634090462517727	0.08648850612342873	0.6833103422100004
479	0.6195262348978336	0.06569939826529997	0.29319696421375596
480	0.739294700768303	0.09040790146211654	0.7568588833841893
481	0.6619862662994458	0.055579625435973404	0.10329661880477566
482	0.6063299736992249	0.06370654172303365	0.2558004581745879
483	0.6165431905918165	0.06990694055133342	0.3721526628165096
