ID	SN	ssim	z_ssim
5057	0.5986897058245737	0.28657408475137613	-1.5048906691397845
5058	0.5260411212554812	0.3138933514084994	-1.2444214303759633
5059	0.49791402914008875	0.3244028871320124	-1.1442206891181135
5060	0.5729067896910341	0.4653569082889474	0.19967287333494468
5061	0.5991022623036506	0.5469787869469099	0.9778778254422203
5062	0.6767469031737877	0.4109161077592772	-0.31938036662304936
5063	0.742954446442582	0.4068641233593858	-0.35801307610858757
5064	0.7349916793840233	0.5139704058163491	0.663167038589474
5065	0.7427403490954018	0.5234371404571104	0.7534254337508706
5066	0.6196650319388894	0.4818289611033968	0.35672185679799084
5067	0.6551048722407706	0.42254512977062053	-0.20850614189079333
5068	0.6667714334741655	0.3330845723812535	-1.061447166078932
5069	0.7122548545133168	0.32881210119826965	-1.1021820558781061
5070	0.7607680073943611	0.40313750247824565	-0.3935436822648421
5071	0.8550227888233576	0.478846320010307	0.32828455411438395
5072	0.7773033111223872	0.4606173359143204	0.15448451509754543
5073	0.8041920991199208	0.45537197849126254	0.10447386612312266
5074	0.8191937063040575	0.5411841065407891	0.9226297833477821
5075	0.8990140765995943	0.5082117977187317	0.6082629195898343
5076	0.9976435251585158	0.5380360603625897	0.8926154640792537
5077	0.901723693365165	0.6019836196080711	1.5023086994989503
5078	1.0843397354325817	0.49504043058536795	0.4826835614846438
5079	1.1896375204269871	0.44525129606377595	0.007980556813501453
5080	1.064516970839768	0.4732433470856754	0.2748643027288082
5081	1.048972243172925	0.3964144210610671	-0.45764334939200074
5082	0.9879687210052756	0.4411656650960889	-0.03097294810226334
5083	0.7836088305841782	0.4806620380662702	0.345596098592579
5084	0.6333726140203587	0.4610122768636818	0.15824998837059892
5085	0.55669389955818	0.477493042016103	0.31538203760798833
5086	0.42908832396758995	0.3653906462741295	-0.7534323653913337
5087	0.5743825303711466	0.30389895940331657	-1.3397106528199494
5088	0.767887344489258	0.4254390538868022	-0.18091469073500024
5089	0.8428188392612703	0.3372121827865793	-1.022093417909835
5090	nan	nan	nan
5091	nan	nan	nan
5092	nan	nan	nan
5093	nan	nan	nan
5094	0.6861854711625571	0.4797908529128435	0.3372899849408704
5095	0.7461695129593933	0.48922593551658733	0.4272466010651228
5096	0.7294234325452478	0.49560487946712284	0.4880651689925251
5097	0.7101790983529639	0.37720908095397104	-0.6407522293147079
5098	0.553091240419659	0.5878155544131496	1.3672265539057349
5099	0.4747463661374302	0.6812185219148335	2.257755576839887
5100	0.5312882821097823	0.6819595835366246	2.2648210577302637
5101	0.6931436243534217	0.4267629753489223	-0.16829206730408908
5102	0.8333476338765982	0.42656712715610523	-0.17015933666884112
5103	0.7881569647422821	0.43827107770701	-0.05857072308031708
5104	0.7499018256627239	0.5000769382991587	0.5307029811383235
5105	0.8673484322485498	0.3052257792430976	-1.327060395476589
5106	0.8879641531290307	0.463234480827344	0.17943707886089633
5107	0.9117202286332813	0.5487475197056992	0.9947413994554108
5108	1.038254680388218	0.5042859106397385	0.570832455889175
5109	1.2773152514041504	0.2631649182736785	-1.7280799607510084
5110	1.1800689344516067	0.23867130180431823	-1.9616086903621959
5111	0.8738272165277065	0.41913569421137803	-0.24101261784697153
5112	0.5435669547472243	0.3412384542659647	-0.983705862326656
5113	nan	nan	nan
5114	nan	nan	nan
5115	0.4847874722538496	0.4145249075927111	-0.2849730980362685
5116	0.6888907720079361	0.6172509601767859	1.647871632274244
5117	0.8654810874579757	0.5891867609560737	1.3803000060194388
5118	nan	nan	nan
5119	nan	nan	nan
5120	nan	nan	nan
5121	nan	nan	nan
5122	nan	nan	nan
5123	nan	nan	nan
5124	nan	nan	nan
5125	nan	nan	nan
5126	nan	nan	nan
5127	nan	nan	nan
5128	nan	nan	nan
5129	nan	nan	nan
5130	nan	nan	nan
5131	nan	nan	nan
5132	nan	nan	nan
5133	nan	nan	nan
5134	nan	nan	nan
5135	nan	nan	nan
5136	nan	nan	nan
5137	nan	nan	nan
5138	nan	nan	nan
5139	nan	nan	nan
5140	nan	nan	nan
5141	nan	nan	nan
5142	nan	nan	nan
5143	nan	nan	nan
5144	nan	nan	nan
5145	nan	nan	nan
5146	nan	nan	nan
5147	nan	nan	nan
5148	nan	nan	nan
5149	nan	nan	nan
5150	0.7824183308013639	0.6971395741669636	2.409551172690923
5151	0.8537608796198008	0.6850183205742442	2.293983879623206
5152	0.87562779286566	0.44233712294713634	-0.019803953760803978
5153	0.9128592854227928	0.4077821648133817	-0.3492602218802114
5154	1.0287957703317172	0.4649572033546216	0.19586197894745447
5155	1.0948662351394187	0.3910175140104317	-0.5090989132913183
5156	1.1538423506334277	0.39183091692612904	-0.5013437110408687
5157	0.9957832861028362	0.42986844330971763	-0.13868370021628212
5158	1.1501369522302625	0.31205790759335866	-1.2619210455495211
5159	1.0114112393681927	0.302073246919575	-1.3571174868616598
5160	0.9264992493639325	0.43629443761470804	-0.07741654155025396
5161	0.870686365394853	0.5271243848432274	0.7885806138090311
5162	0.9992504385193819	0.25296746192323927	-1.8253052532986633
5163	0.9278663875640458	0.4562525412763297	0.11286938863801374
5164	0.8050532034602099	0.5437967584041978	0.9475395091672165
5165	0.7272959376768072	0.44354497854176556	-0.008287933538948475
5166	0.8110643042420048	0.32065295400231725	-1.1799735605244273
5167	1.2030403132862424	0.32140558899376415	-1.1727977360138497
5168	1.2598175758411898	0.3190654931192382	-1.1951088397020302
5169	1.1123663399872317	0.3192340722910771	-1.1935015605202202
5170	1.0567573528890786	0.3414826088236237	-0.9813780270823096
5171	0.8590141713275782	0.4800083058550419	0.3393632397991445
5172	0.7208330509820928	0.5632679459193947	1.1331830498070072
5173	0.5807779447586321	0.5195382156281088	0.7162520353960273
5174	0.40575823153771057	0.4833564647916719	0.37128548794839733
5175	0.3115569922305721	0.37670564803671136	-0.6455520942002864
5176	0.27668145965916346	0.3028382123677732	-1.3498241004588127
5177	0.3799362227144132	0.2758091065348857	-1.6075268678544112
5178	0.40730428259553697	0.3257018789277391	-1.1318357518341116
5179	0.4906146681010859	0.28148916243008376	-1.5533716866877005
5180	0.5115698773653738	0.33116112907506134	-1.0797857920771012
5181	0.534773891272933	0.30287478331098705	-1.3494754232465238
5182	0.5054453110111391	0.2030036122999962	-2.3016740387573633
5183	0.4068713786754577	0.3392784138782252	-1.0023934147470186
5184	0.37636913152005763	0.38093029215611	-0.6052732004935658
5185	0.42723262283886837	0.26795714082624444	-1.6823896215512113
5186	0.5268922485066538	0.2585348263870398	-1.7722245025593764
5187	0.5785705418117376	0.49264527294260263	0.45984748408328485
5188	0.6728129384214283	0.66844825588944	2.1360004246173645
5189	0.6873563971411258	0.6916689055949511	2.357392346600702
5190	0.7285471997513561	0.5724327924179344	1.2205631621951814
5191	0.750445167550765	0.5440176655398196	0.9496456972349656
5192	0.8990670878335265	0.5649526803259995	1.149245760930081
5193	0.823624848242811	0.49112388966013665	0.44534220652860373
5194	0.7774870050836818	0.4613107011700237	0.16109524600057387
5195	0.7112811244647921	0.3875263474741776	-0.5423846343726615
5196	0.6484550542956717	0.39002380144662163	-0.5185732362405462
5197	0.6336215620327201	0.3863101353891072	-0.55398032762276
5198	0.6959949952266749	0.42856654097654184	-0.1510963873474252
5199	0.6370703881506052	0.43140231677617724	-0.12405933788682752
5200	0.7029829166073452	0.5752215210037326	1.2471516508606468
5201	0.6817825739003998	0.571201642017784	1.2088250430298433
5202	0.6664341623511508	0.3788895178135763	-0.6247304921610157
5203	0.5896940049522584	0.4682728024707576	0.22747379300765222
5204	0.6472077884357443	0.5753809924646656	1.2486720946761816
5205	0.6319531271324557	0.5093865362999296	0.6194631932952531
5206	0.5993441950506125	0.5443014764968785	0.9523516272610452
5207	0.5391826801821522	0.604126099853476	1.5227356826091145
5208	0.5753289931684645	0.684583010295849	2.2898335143054718
5209	0.5873073622508752	0.49838331444404443	0.5145555156213885
5210	0.6914439863915673	0.4035847254916517	-0.3892797377263029
5211	0.7605415828642077	0.38354401066184657	-0.5803533050191899
5212	0.7469452799229817	0.32727075680682155	-1.1168776480165097
5213	0.9810833672090379	0.30321076370576416	-1.3462720957646586
5214	1.140758864942816	0.45621377414413167	0.11249977236904837
5215	1.1917472105740528	0.4085755942945914	-0.3416954517281701
5216	1.2245028021080422	0.3846107598836123	-0.570182630921949
5217	1.0898434401450323	0.4905145200523483	0.4395323127324592
5218	1.1507840059576215	0.42423004705761824	-0.192441687136849
5219	1.1791619641060862	0.4549630654615172	0.10057517927639495
5220	1.187445424721767	0.5824012920968589	1.3156055202340942
5221	0.9770987255947383	0.5246565702952265	0.7650518059242672
5222	1.2168235763976836	0.48061227870490597	0.3451216794532006
5223	1.227339923583924	0.4920743170913309	0.45440383737728096
5224	1.2297851750619346	0.3938565316180114	-0.4820309555615472
5225	0.9743536200404397	0.42597277829442015	-0.17582601863019204
5226	1.0936342871229094	0.40988189995269847	-0.3292407821123843
5227	1.0205280832672219	0.3858515009807461	-0.5583530714711222
5228	1.011032814974823	0.4962242307264615	0.4939702305401889
5229	0.9073836779094654	0.491946443621702	0.45318465731251684
5230	0.81154997067053	0.45385314700128615	0.08999291804461634
5231	0.798026100623085	0.40768407897258696	-0.3501953986770839
5232	0.7075716677438391	0.5077875811195077	0.6042183243941562
5233	0.7082449210658536	0.5280801306911594	0.797692951873846
