ID	SN	ssim	z_ssim
5057	nan	nan	nan
5058	nan	nan	nan
5059	nan	nan	nan
5060	nan	nan	nan
5061	nan	nan	nan
5062	nan	nan	nan
5063	0.27962380561226263	0.24344427792625076	-2.2243737188961576
5064	0.535178594195289	0.4026317435729618	-0.723989029952777
5065	0.6739329800499411	0.4408810182313283	-0.36347932633096486
5066	0.7326121585881494	0.38760506255232385	-0.8656195411077051
5067	0.7266398081862411	0.40832349102693594	-0.6703427789833198
5068	0.8707841449956937	0.3699541960773791	-1.03198370613792
5069	1.0723327382236931	0.412474939212612	-0.6312142629947944
5070	0.9903385878063627	0.5443564638512103	0.6118045859980459
5071	1.046428296980233	0.49265345962245927	0.12448986180138201
5072	0.9097562415274251	0.3715542003810926	-1.0169032351361202
5073	0.7060492807270395	0.36021668805670476	-1.123762338854566
5074	0.6173392610055408	0.4404620785187231	-0.3674279458270387
5075	0.5560416907122392	0.48854126012075466	0.08573127521811941
5076	0.5544221415892804	0.5021701697587075	0.2141874150574175
5077	0.4771635540715722	0.5371741442080835	0.5441092911463727
5078	0.3994712712794748	0.4327316710717115	-0.44028911567901136
5079	0.5963740753992887	0.4290698409454787	-0.4748028497383542
5080	0.7474026034951827	0.5157106318284628	0.34180991277194844
5081	0.6697335888390781	0.4231177558021471	-0.5309028534670495
5082	0.8213054223486134	0.4973119407487314	0.16839729965897354
5083	0.7776869909787326	0.5831217047998517	0.9771774107129311
5084	nan	nan	nan
5085	nan	nan	nan
5086	nan	nan	nan
5087	nan	nan	nan
5088	nan	nan	nan
5089	nan	nan	nan
5090	nan	nan	nan
5091	nan	nan	nan
5092	nan	nan	nan
5093	nan	nan	nan
5094	nan	nan	nan
5095	0.5048200813451122	0.5570860054982547	0.7317839405716022
5096	0.3995372574467849	0.4571271333634875	-0.2103553206181029
5097	nan	nan	nan
5098	nan	nan	nan
5099	nan	nan	nan
5100	nan	nan	nan
5101	0.4029519577924814	0.3521203931722948	-1.200072096236461
5102	0.44251799831880323	0.509198607914016	0.280432335488615
5103	0.4097283492268981	0.5488057602485314	0.6537404015095956
5104	0.4557045576971121	0.51736570899212	0.35740946029463
5105	0.6926378117370735	0.6027509769942264	1.1621885818870754
5106	0.844368524525876	0.6002495927354183	1.138612362315813
5107	0.7351930997422789	0.5224327100194265	0.4051673081210624
5108	0.7141119034172683	0.4609262557999242	-0.17454756960018422
5109	0.6539684227790082	0.42611682938989826	-0.502635778080205
5110	0.4655727461805823	0.4087583297069304	-0.6662443074424012
5111	nan	nan	nan
5112	nan	nan	nan
5113	nan	nan	nan
5114	nan	nan	nan
5115	nan	nan	nan
5116	nan	nan	nan
5117	nan	nan	nan
5118	nan	nan	nan
5119	nan	nan	nan
5120	nan	nan	nan
5121	nan	nan	nan
5122	nan	nan	nan
5123	nan	nan	nan
5124	nan	nan	nan
5125	nan	nan	nan
5126	nan	nan	nan
5127	nan	nan	nan
5128	nan	nan	nan
5129	nan	nan	nan
5130	nan	nan	nan
5131	nan	nan	nan
5132	nan	nan	nan
5133	nan	nan	nan
5134	nan	nan	nan
5135	nan	nan	nan
5136	nan	nan	nan
5137	nan	nan	nan
5138	nan	nan	nan
5139	nan	nan	nan
5140	nan	nan	nan
5141	nan	nan	nan
5142	nan	nan	nan
5143	nan	nan	nan
5144	nan	nan	nan
5145	nan	nan	nan
5146	nan	nan	nan
5147	nan	nan	nan
5148	nan	nan	nan
5149	nan	nan	nan
5150	0.6003459602771727	0.6893137396033737	1.9780659069250004
5151	0.6578006342954218	0.6723135175609863	1.8178342407105017
5152	0.7257520223346525	0.5359273893482813	0.5323582911859585
5153	0.5916481764327092	0.4985809699572011	0.1803582413479096
5154	0.4842340156921231	0.49155584030223864	0.11414450442253936
5155	0.4414488117649495	0.3358618551848192	-1.3533131907027247
5156	0.5406476773672587	0.3257315508434774	-1.4487940344132355
5157	0.6765591226029857	0.46954216086253303	-0.09334034650123947
5158	0.7922296435326492	0.44424182142835145	-0.33180285206284355
5159	0.9073330159653265	0.5469163726766161	0.6359324153539953
5160	0.7810730855548992	0.5991912137611911	1.1286368557545468
5161	0.7818780819477504	0.6620163457159696	1.720780625886518
5162	0.6426258366304488	0.5432340728778076	0.6012257491237967
5163	0.42678870942122255	0.6154577991240334	1.2819537988985772
5164	0.432668348362782	0.6065061822018746	1.1975824012088805
5165	0.47510675440654476	0.4803985829276236	0.008984352098580981
5166	0.5704091341415229	0.44976696633877333	-0.27972687488642245
5167	0.6353125070682685	0.5000990004006685	0.19466608666396723
5168	0.614885360656657	0.4712333994812967	-0.07739996753588581
5169	0.5471058705835695	0.4169396113027046	-0.5891335274424461
5170	0.398643887580211	0.30838257440475464	-1.6123128046364417
5171	0.42458743326039594	0.3391053513488145	-1.3227423667792795
5172	0.7559572641890893	0.4055280736276055	-0.6966903400059294
5173	0.8112632787570665	0.5653408929381827	0.809588475454433
5174	1.020626776256639	0.648889141966092	1.597053199013174
5175	1.075223087560333	0.5508158773532439	0.6726862959909307
5176	1.2307682940352285	0.23941148203739285	-2.2623839050668755
5177	1.20307568883797	0.18314813544677275	-2.792681082864965
5178	1.0253306724899804	0.6194672770813601	1.3197442072915333
5179	0.9963780930289201	0.6173476740354226	1.299766378359824
5180	0.8969725901491369	0.562261844726173	0.7805676177188715
5181	0.8548850548390502	0.5351328568909187	0.524869609027144
5182	0.9968846211062778	0.3737494807310317	-0.9962121272551968
5183	1.086945800883801	0.4998953929234524	0.1927470314159409
5184	1.0397332383939635	0.49186656221529756	0.11707314204472159
5185	1.1462355759546734	0.38734785093750546	-0.8680438297734245
5186	0.9887794056204563	0.35868890040285384	-1.1381621485034106
5187	0.8761829996660748	0.5069585311995772	0.2593190098209917
5188	0.8103271170757549	0.519689785973934	0.379314511080339
5189	0.4776799006314321	0.47371028955779	-0.05405461222245961
5190	0.35789018279683205	0.30047786805732224	-1.6868167885154397
5191	0.36413193175417685	0.30931015897352293	-1.6035700705334388
5192	0.397890940323051	0.3223033196505953	-1.4811060356820658
5193	0.3752448375977919	0.3308789025425649	-1.4002788598890208
5194	0.3506093467402139	0.3202336175362402	-1.500613534909071
5195	0.28995112352580127	0.35478005139487595	-1.1750041019771684
5196	0.28411961835579025	0.4338179863314386	-0.4300503021113821
5197	0.30290385185952057	0.3767501409721303	-0.9679300972337052
5198	0.4226633349390977	0.5203063417462808	0.38512571510290805
5199	0.5566775098866431	0.4649020383898373	-0.13707474910995787
5200	0.5045030882308382	0.47144541598383216	-0.07540165496199584
5201	0.5062662365298035	0.5531230742486457	0.6944322474210589
5202	0.44206970704058035	0.4463274853769837	-0.3121449082536623
5203	0.5573868928805618	0.47624980660968963	-0.03011898081767897
5204	0.6644244207949985	0.6401113464633763	1.5143201149638341
5205	0.5388108796433125	0.5387047769931548	0.5585359169223774
5206	0.5545697344045184	0.5216268530431126	0.3975718893245669
5207	0.5915098514549169	0.7187538713431147	2.255547068669321
5208	0.604942393055199	0.763057867256989	2.6731241489886495
5209	0.6428600436103773	0.6022073107828811	1.157064381585975
5210	0.6781145255639224	0.6667222271012198	1.765134823936777
5211	0.5745591495479944	0.5360275632632109	0.5333024572833407
5212	0.5848402767360807	0.3878058997766539	-0.8637265962383931
5213	0.7580130311690025	0.30174380441482146	-1.6748849977789508
5214	0.7868152765202404	0.34818646062205094	-1.2371504688441466
5215	0.7346847768638599	0.5319751739685765	0.49510759799208665
5216	0.8277317163568026	0.6208807860417529	1.3330669095108427
5217	0.5611182990231598	0.5523937813966742	0.6875584660940643
5218	0.5352837501843176	0.5526013020054994	0.689514403660233
5219	0.7203802214814675	0.5809516423720013	0.9567239885319154
5220	0.82851148738184	0.5215654588396541	0.396993232440466
5221	0.7527433383581754	0.45772401359562853	-0.20472956385516203
5222	0.8197058420455235	0.4890814877405632	0.09082306586892314
5223	0.695446744543232	0.5255380434603664	0.43443591121064445
5224	0.42053622564896653	0.45967559100143435	-0.1863354217845964
5225	0.2946297330534557	0.42657019752954883	-0.49836266139716084
5226	0.3016742264430291	0.40898504658162843	-0.6641074399061281
5227	0.28342031358296393	0.5026846156642292	0.21903620611517136
5228	0.27630355045840144	0.45930041247115994	-0.18987158036440124
5229	0.27281854812200124	0.5623632529321969	0.7815234173418715
5230	0.29094479204115165	0.5601544302993955	0.7607046698017738
5231	0.29141557635350773	0.4299059367109004	-0.466922422219562
5232	nan	nan	nan
5233	nan	nan	nan
