ID	SN	ssim	z_ssim
494	0.37629954703269214	0.3885316056536854	-1.1546690896166014
495	0.4242677686452521	0.3834010685297138	-1.1992588968481395
496	0.5052461574982613	0.3406200468477617	-1.571071333611058
497	0.5115028878914729	0.28003716599571443	-2.097600800886965
498	0.5189739850054733	0.25821087602968806	-2.287294401897571
499	0.6567523612240128	0.25461293631671045	-2.318564312699459
500	0.9253809544067617	0.40697606558252986	-0.9943671771961042
501	1.181175766777405	0.4748674362445565	-0.4043191846847008
502	1.1046999821768528	0.38020751484294346	-1.22701426433419
503	0.9368096766852075	0.30298324682081385	-1.898175030058815
504	0.8736991468271222	0.5526197569212555	0.27143091847310197
505	0.7709569701690078	0.554138908632936	0.2846339575199877
506	0.8154489336637859	0.4914144699774096	-0.2605079176432263
507	0.7355265769177679	0.5078393053184609	-0.11775868418669334
508	0.6889327477376884	0.6454581222960961	1.078294744955017
509	0.74479838191367	0.4505018978418021	-0.6160815468348889
510	0.6451264811590478	0.5085198693454356	-0.1118438612279561
511	0.48588320805067814	0.5292752279346064	0.0685422106685771
512	0.4215778871409556	0.45043466107991725	-0.6166659055830813
513	0.3637568254624196	0.5436353549829035	0.19334693996528118
514	0.42942443719263357	0.5835328933696416	0.5400988496952291
515	0.6042402499563951	0.5577102958880726	0.3156730993111378
516	0.6875548017194837	0.633620126433267	0.975410009735973
517	0.8036633941474922	0.6444983473162897	1.0699532827842708
518	0.9077722436171726	0.4854531633242849	-0.31231799290200307
519	1.1407056393517179	0.45532477075244426	-0.5741656678165011
520	1.1957108816838167	0.41751118021197975	-0.9028058612679032
521	0.9866254135407907	0.33839477469503904	-1.5904113079509772
522	0.8017196644744609	0.37074347812018027	-1.3092667776487286
523	0.6137313510696696	0.42918616876363286	-0.8013378324105978
524	0.5776883175664327	0.49676718781760104	-0.2139871244218357
525	0.7021960608323721	0.478017889268779	-0.3769384076534355
526	0.715782089051024	0.4112632161814459	-0.9571072930632986
527	0.6923628220662313	0.4153062016621828	-0.9219694626822152
528	0.7773556050790091	0.4211949901813855	-0.8707896468941797
529	0.716913319501171	0.6473416278886903	1.094664405531274
530	0.5826060402433894	0.714670054974533	1.6798198215077575
531	0.707376667187481	0.7262341385944218	1.7803239689216772
532	0.7622706359374795	0.5724907794041536	0.4441311719935538
533	0.7031333729861874	0.5634954774857365	0.3659524611023225
534	0.7513166822321077	0.5292410424925248	0.06824510293195837
535	0.7890961888950738	0.30179901526071806	-1.908467257891151
536	0.9388930546749117	0.21412816610294838	-2.6704198896156117
537	0.9593667366847808	0.07773038615278319	-3.855861212390707
538	0.9704190680563091	0.19465838495266924	-2.8396329305416534
539	0.7234034913919742	0.21207563718101738	-2.6882585421298755
540	0.4788474465179789	0.426581056404889	-0.823979020864364
541	0.33608979340503015	0.3680068403901432	-1.3330510610280963
542	0.3399222816064727	0.3900654188973649	-1.141338626311834
543	0.3794685812173701	0.34299294025189786	-1.5504483740817225
544	0.3977242652769418	0.2844089228111979	-2.059605599028905
545	0.4341404856944799	0.31044899655795233	-1.833289749322319
546	0.5502954660097295	0.4331087016429906	-0.7672468628447181
547	0.6239987636828469	0.6344598714571682	0.982708284328792
548	0.531969036116366	0.6624594488985339	1.2260542986947396
549	0.7071237494648517	0.7047060686082167	1.5932222157218385
550	1.050021885889546	0.6254242818165637	0.9041794304169133
551	0.797739821147972	0.6451949058810138	1.0760071152341721
552	0.7083133265846135	0.5972591009664028	0.6593941468484168
553	0.5640875055163266	0.5611978480003637	0.345983624825203
554	0.6322718752356202	0.5102401200899005	-0.09689305837201229
555	0.8962774180928597	0.4751901956411295	-0.4015140633245776
556	0.9268338943257071	0.4134802608228131	-0.9378388245202329
557	0.8626541350765289	0.5683347676284938	0.40801102327407246
558	0.8851569312493552	0.5956231902820248	0.6451763485357209
559	0.8964893182743306	0.629403477290103	0.9387628580024396
560	0.9949717967683214	0.651946427420306	1.134684995674801
561	0.9870145479620688	0.6021772576488239	0.7021381428676674
562	0.9738512564784318	0.49055870978230265	-0.26794538105382226
563	1.0201940823914102	0.3182996795898472	-1.7650589901309475
564	0.9440733685343892	0.3094027286905061	-1.8423829263902718
565	1.1291100124104836	0.46223484301449236	-0.514109813492577
566	1.0095459351153249	0.7437592523743866	1.93263578857663
567	0.7661030469109406	0.7093889920849693	1.633921785779096
568	0.7242886449247848	0.6287974268788108	0.9334956373666408
569	0.76065504884684	0.5639024299926941	0.3694893098569781
570	0.89999755519374	0.6127752737870038	0.7942461395977165
571	0.8090375477759767	0.595132556570342	0.6409122213894595
572	0.8103328594137729	0.749237175397353	1.9802447475844533
573	1.0506152697418536	0.7028385646270295	1.5769916261143309
574	0.9968101179708555	0.5740342567719939	0.4575456267836139
575	1.1968177201995889	0.6827801942909818	1.4026631211154608
576	1.1962905697041182	0.6669778047813425	1.2653236018787226
577	0.8225469792458617	0.6989651945068507	1.543327933050265
578	0.6770581241894278	0.7196920797664524	1.72346654152415
579	0.6565537794735067	0.7226687348373725	1.7493368300728778
580	0.7463076310937459	0.6845679109864413	1.4182002746159572
581	0.678579893605951	0.6015002784843076	0.696254476164525
582	0.6930336319675456	0.6241341248273413	0.8929665982986036
583	0.7229075027665145	0.6942972351278651	1.5027584168682067
584	0.7030221828232582	0.6146329904972672	0.8103916674439953
585	0.7368169647234346	0.5745026773359934	0.46161669812513734
586	0.8285434430537919	0.6212058209966267	0.8675165332914017
587	0.8654003936985856	0.6341995508648408	0.9804458223779675
588	0.7976854718397501	0.6105717357088075	0.7750950574088664
589	0.7701511504714037	0.5795780201008105	0.5057268078561026
590	0.8499219502414286	0.4415980823189904	-0.6934651439503532
591	0.9061406137697577	0.5633462340325157	0.36465537725927033
592	1.3343607109608633	0.6288661328339452	0.934092764961876
593	1.5857239279631852	0.6113255486354148	0.7816464909671601
594	1.9265208171287167	0.5038836470253902	-0.1521375487187789
595	1.8012651246572895	0.4753300995783002	-0.4002981497781721
596	1.4805820114308375	0.4164890242618034	-0.911689480210251
597	1.20289747961263	0.3443907357568684	-1.5383000491384076
598	1.0124242384412503	0.45536975247498124	-0.5737747289560269
599	0.9740333185796459	0.5475979990430373	0.22778651821976725
600	0.9228487757028612	0.6421534784183561	1.0495738859266663
601	0.9606531422357469	0.55181508774227	0.2644374901615742
602	0.9418708183107684	0.5714679207498811	0.4352414458075718
603	1.11699557308544	0.6877062890125575	1.4454761071112274
604	1.1438805210522773	0.7491433362927306	1.9794291862728812
605	1.0763306519852476	0.730682536277824	1.8189852611800166
606	1.0288577317733563	0.7320665349250786	1.831013676801736
607	0.9714658079160441	0.6089209874818678	0.7607483051198851
608	0.8963202959910128	0.6654364338825423	1.2519274545379933
609	1.0423749036079772	0.6225886093079673	0.8795344298107768
610	1.2798967041843579	0.36751202081033824	-1.3373515678063836
611	1.271376831112047	0.4246554373005558	-0.8407146925082556
612	1.2785080437039222	0.5607134059359282	0.3417733096581816
613	1.2627977369878607	0.5620624885922408	0.35349826829912484
614	0.8804873007201403	0.5379886308871226	0.14427092066427616
615	0.5604327209367619	0.5967271598445334	0.6547710145116757
616	0.6470348390028414	0.600713519759983	0.6894167086934633
617	0.6437810387551929	0.5685162410137692	0.40958821939829054
618	0.7371906043581663	0.46082353990318636	-0.5263755338563134
619	0.646348869584076	0.5129138190067418	-0.07365578000985165
620	0.7252038694967823	0.5612752957140756	0.34665672757087956
621	0.8696725374253005	0.5250026730471035	0.03140917874297585
622	0.9991725672343228	0.57822328351112	0.49395271053955286
623	0.9276784826550507	0.6166810552519959	0.8281915216121624
624	0.7206006602188133	0.526618631026211	0.045453566892123765
625	0.7142713193828846	0.5959171194236921	0.6477309044135915
626	0.67834889378763	0.5706871936607085	0.4284560996409906
627	0.6448287800550618	0.5629441390872971	0.36116074586633085
628	0.7545914089569584	0.581606652447362	0.5233577737941036
629	0.7891039694278468	0.5227827896848164	0.012116038705377915
630	0.6043646848927358	0.4250587067653892	-0.8372098532945855
631	0.6655159191970443	0.49919082153141014	-0.19292317780430354
632	0.5094182628285451	0.5267864601525871	0.04691217994025556
633	0.5251251238784811	0.5261574341581585	0.04144527712726402
634	0.633963976481104	0.6188586269383916	0.8471169283255384
635	0.5841354485757473	0.4841214273600289	-0.32389219039723804
636	0.5129369775032061	0.5536425152684	0.2803197728837911
637	0.4745849304488353	0.6028745921345696	0.708198718893913
638	0.5971883919316721	0.5139190870919625	-0.06491893451923561
639	0.6132023255985924	0.5412680356122088	0.17277242469639098
640	0.547095865140897	0.5060300446738157	-0.13348307744746848
641	0.6224551244524895	0.5722744474037483	0.4422510175451991
642	0.7132356855455173	0.5842750733080939	0.5465491802526432
643	0.8407332752075205	0.549641913338279	0.24555030049449025
644	1.0516920618945256	0.5098922360981257	-0.09991653910265492
645	1.1952834430196193	0.4104522448440793	-0.9641554938129869
646	1.4370103635963876	0.24791462043144227	-2.376779779595613
647	1.803383137542783	0.19532025459933017	-2.8338805815684585
648	1.6886276287670214	0.5776558711170053	0.48902129523877613
649	1.553773429093453	0.5279221477294417	0.05678250908972997
650	1.4539558062575324	0.5397728529411957	0.15977770202595032
651	1.1615916987603936	0.6489435316868922	1.1085866479474829
652	1.2629491889051134	0.6263926767620571	0.9125958092287518
653	1.435062210650821	0.4342312810828092	-0.7574904573039177
654	1.4252894632036928	0.4168917035294742	-0.9081897704356772
655	1.467944016555356	0.49243550307975625	-0.25163405743901196
656	1.3175848049977483	0.4649136790580104	-0.49082788805298494
657	1.4083461726809754	0.43954289803960117	-0.7113268743362574
658	1.6141150026851607	0.4032412328632503	-1.0268268333628254
659	1.4607202565679165	0.42249798628017027	-0.8594652293011767
660	1.2158409268261352	0.5056164949181042	-0.1370772632884923
661	1.1764090148233812	0.5847317267060721	0.550517982445368
662	0.9464329262344742	0.639671537896934	1.0280031913314995
663	0.7665477508043729	0.6203182449789048	0.8598025566497278
664	0.48010804907447097	0.5262593463000192	0.04233100169183071
665	nan	nan	nan
666	nan	nan	nan
667	nan	nan	nan
668	nan	nan	nan
669	nan	nan	nan
670	nan	nan	nan
671	nan	nan	nan
672	nan	nan	nan
673	nan	nan	nan
674	nan	nan	nan
675	nan	nan	nan
676	nan	nan	nan
677	nan	nan	nan
678	nan	nan	nan
679	nan	nan	nan
680	nan	nan	nan
681	nan	nan	nan
682	nan	nan	nan
683	0.37845031221236464	0.5382005010015876	0.14611229659311942
684	nan	nan	nan
685	nan	nan	nan
686	nan	nan	nan
687	nan	nan	nan
688	nan	nan	nan
689	0.5376947319621861	0.4360757455349628	-0.7414601056312474
690	0.6059352112926957	0.37589169267433864	-1.2645233348064677
691	0.6410438055734102	0.4553393530765323	-0.574038931959346
692	0.659918677254643	0.5429604345600301	0.1874811659097847
693	0.7764120170577561	0.6565568344681787	1.1747543210799414
694	0.7730052861404679	0.688144804869019	1.4492872748379417
695	0.8196604608855952	0.6545371788671015	1.1572013725776575
696	0.9226641971986758	0.6005864880942386	0.6883126688335087
697	0.9706597257877497	0.6039118744674012	0.7172138021392005
698	1.0309604127996792	0.5044019380959007	-0.14763304980073966
699	1.1742001785719562	0.4210811319409905	-0.8717791957207955
700	1.2351457867931857	0.4878239732307856	-0.291713141176137
701	1.1866958893625315	0.49853183756399316	-0.19865044716534286
702	0.9508933562491358	0.5302675790917949	0.07716679435949045
703	0.6071743749285304	0.4443285445810271	-0.6697345319354151
704	0.7064866737668349	0.566166365819519	0.3891653125177963
705	0.85623859171501	0.4530075609064381	-0.5943046781874955
706	1.0658559483100873	0.4951118928985817	-0.228373392285595
707	1.0951521813724465	0.5164489051328538	-0.04293213351800134
708	0.7715032704795859	0.3865907261559991	-1.1715373902584807
709	0.6682657687371674	0.5217740095691205	0.003348669946320929
710	nan	nan	nan
711	nan	nan	nan
712	nan	nan	nan
713	nan	nan	nan
714	nan	nan	nan
715	nan	nan	nan
716	0.5481787831293139	0.5531170394090662	0.2757528305332436
717	0.5429264966552151	0.5621897501225741	0.35460430592606984
718	0.5734261887817679	0.5838410707268195	0.5427772376724798
719	0.8554497949775817	0.597273832883462	0.6595221828270971
720	0.9779362991001853	0.4841217723264708	-0.32388919227310903
721	1.2265960467192574	0.3531517528569895	-1.4621575217173797
722	1.4977923839419929	0.20681815511977636	-2.733951635458968
723	1.753988207768464	0.23699167124914233	-2.4717117889875673
724	2.0493572635184494	0.2374015753629322	-2.4681492876401148
725	1.912712725043164	0.2411283211418634	-2.435759915559155
726	1.3771200246725386	0.35423036801850893	-1.4527832123678872
727	1.1964545822884634	0.4923707594855559	-0.25219674791665825
728	0.9091463485026989	0.6831465832731817	1.4058474298327135
729	0.7362798737195305	0.6298714516235481	0.9428300511273319
730	0.7964974843445981	0.623929024970547	0.8911840630870478
731	0.711912530852191	0.5018751455614886	-0.16959355594289344
732	0.5283443909556061	0.4061531704516841	-1.001519008353264
733	0.4843395441083735	0.4454603175961178	-0.6598982244780615
734	0.5034912511240989	0.5409541578489281	0.17004449414628126
735	0.8157995014589082	0.5939351252017263	0.6305052732260595
736	1.0829147673129529	0.47146642748630857	-0.43387755669500894
737	1.2441251976495291	0.4011371597523537	-1.0451134595286478
738	1.4162198715966248	0.3088946317474028	-1.8467988275328744
739	1.5385186408799543	0.2902446222709598	-2.008887183454798
740	1.3690725509548636	0.2667260562507172	-2.213288457603073
741	1.227752731697547	0.4432506980399193	-0.6791021611586051
742	1.1209207795651066	0.4754208237561278	-0.3995096604830314
743	1.0717348827673876	0.30423591469568845	-1.8872880180918183
744	1.0975033524894866	0.4442947608550525	-0.6700281483331473
745	0.9100817973521595	0.5009151395519592	-0.17793702600688097
746	0.9284088803607583	0.5036575886940108	-0.15410223529558903
747	0.7441966462440975	0.4876876226510851	-0.29289817227869835
748	0.732776132666113	0.4389383333952496	-0.7165811820820653
749	0.9126944849998658	0.26935854412447774	-2.1904093468990697
750	0.7884023204735915	0.4032480071643731	-1.0267679575036524
751	0.6792818033242788	0.38004710406208797	-1.2284084040944867
752	nan	nan	nan
753	nan	nan	nan
754	nan	nan	nan
755	nan	nan	nan
756	nan	nan	nan
757	0.5328588458566483	0.42116578073503697	-0.8710435079521059
758	0.6007209830236353	0.5381502282398845	0.14567537299249586
759	0.6824362482689688	0.5761966899260694	0.4763394636005809
760	0.6031432470692621	0.5411925899227839	0.17211672166440403
761	0.5804255784784309	0.5037172879151202	-0.15358338576837238
762	0.476710120519285	0.6070202969304842	0.7442292890314886
763	0.45912016817637424	0.6549660238629338	1.1609284902720267
764	0.6460249412401072	0.6048043558162678	0.7249704113093718
765	0.7387178814820367	0.5337598948514763	0.10751872102000994
766	0.7109713660648981	0.645123736827578	1.0753885807032106
767	0.6061027181727806	0.6680753618410564	1.2748625364065704
768	0.6637583352139024	0.7448518999964556	1.9421320548861394
769	0.7612292494190948	0.7458845009095667	1.9511064516306056
770	0.9658869274588975	0.5374546809541618	0.13963032962932004
771	1.1545663810696696	0.5108745941193066	-0.09137880635881679
772	nan	nan	nan
773	nan	nan	nan
774	nan	nan	nan
775	nan	nan	nan
776	0.8299836948098547	0.4029199455929756	-1.0296191603846023
777	0.8865127128494796	0.5221870016611458	0.006938009098652468
778	1.0255595029152662	0.5231747167676932	0.01552230059414652
779	0.7811979256093358	0.4770657236521001	-0.38521373639081796
780	0.684958594437802	0.40607649366815207	-1.002185410898302
781	0.6962855961453491	0.36822779116625914	-1.331130764521784
782	0.5969388546020379	0.4284397108663372	-0.8078253429660437
783	0.6279772370588337	0.3360928589758599	-1.6104173961443298
784	0.7699165274377805	0.5493783112587554	0.24325931894075087
785	0.9953077592241732	0.5712540726131026	0.43338287876763676
786	1.0204430303875882	0.6530623161960464	1.144383252251022
787	0.8699251328994138	0.6097925288410515	0.7683229235782014
788	0.8032976216925506	0.5677197164857575	0.40266557673904785
789	0.696382751085801	0.6110388489275725	0.7791547665341972
790	0.6019915092315344	0.5402801195545541	0.1641863867227171
791	0.5504980126625548	0.665211502870454	1.2499725655610583
792	0.6015470944693643	0.6018015426836449	0.6988727814705032
793	0.6081964269376205	0.5768799813960803	0.4822779909310594
794	0.5758082359196156	0.41116767999719767	-0.9579376037961382
795	0.7227609001109435	0.48848614743299357	-0.28595814529233465
796	0.60465572726357	0.6635715000750827	1.2357192024651913
797	0.5892235782688394	0.6560719539752078	1.170540195504105
798	0.7023524081709734	0.659451060044157	1.1999082099221994
799	0.8332682900042749	0.5944100432218618	0.6346328143502976
800	0.8299186593848046	0.47021131328552723	-0.4447858298278388
801	0.8177859275878628	0.5126234904130262	-0.07617904330856062
802	0.7747597096670659	0.5722242638262577	0.44181486904993883
803	0.7239242228773369	0.626433663731818	0.9129520294521866
804	0.6780550614840731	0.6200101551759224	0.8571249296112645
805	0.6780152242891421	0.552274584614407	0.26843100515951784
806	0.6054616781917953	0.5476512988965132	0.22824975045735416
807	0.6150515955126195	0.5747776909348897	0.4640068578812269
808	0.5723690046743386	0.5328531692890758	0.09963831453187766
809	0.6085837620378194	0.5800386693806924	0.5097303384991825
810	0.597692452776808	0.5191243836113585	-0.01967938887821547
811	0.4482641129231923	0.5150727384959499	-0.05489248066592651
812	0.5753745517028126	0.556276728716919	0.3032138806619765
813	0.605385162646475	0.6278193724928909	0.9249953077761262
814	0.7063457312135936	0.6939839880898815	1.5000359679896518
815	0.7625307755730026	0.6325597187986912	0.9661939431000524
816	0.6898940835717462	0.55328645922615	0.2772252683701466
817	0.739763578436384	0.6020156262080358	0.7007333942783586
818	0.686599015502887	0.5758012067050705	0.47290229510115517
819	0.601727146566108	0.7582476376544707	2.058555217892659
820	0.6255720926992044	0.7869647857505712	2.308137682048656
821	0.7223675397965256	0.5785066495786954	0.4964154621041229
822	0.7977174952056211	0.5990131285576282	0.6746385063144288
823	0.8477708889599777	0.4126424361348161	-0.9451204093580188
824	0.9035522196173668	0.4034234660792154	-1.0252430335043075
825	0.918031957154019	0.4567472033847185	-0.5618032201155361
826	0.9495091699734323	0.5281823644028041	0.059044067874569166
827	0.858913732429163	0.5687332599833114	0.4114743443368003
828	0.7216072927399425	0.3297427839146967	-1.6656062810585621
829	0.6579829414155036	0.3370004767698701	-1.602529235217526
830	0.7022577804577932	0.47422935979912867	-0.4098647455125675
831	0.6072793842955724	0.47968910827304634	-0.36241374260544557
832	0.5106374998517392	0.5569117492407382	0.30873288229103923
833	0.45907097953390014	0.5822110784192605	0.5286108763292676
834	0.6049120094576034	0.6417427829730398	1.0460045070692436
835	0.555167917264468	0.6144362736612523	0.8086819895710652
836	0.45403495539431205	0.5566526334485725	0.3064808913310032
837	0.41619563608700944	0.552375676390689	0.2693095998774166
838	0.4047248372898843	0.46424411615850186	-0.4966470995501554
839	0.4157824579707416	0.39356889914558446	-1.1108896684088299
840	0.49604281328034	0.5233508082161538	0.017052721981273996
841	0.6691468599987896	0.534375479784283	0.11286880675669403
842	0.7731279140811551	0.5168976020104497	-0.039032481923256736
843	0.616143616333571	0.5988914656716853	0.673581126843168
844	0.620426752082776	0.5848482382334197	0.5515305911487349
845	0.6017058591550898	0.5645244259294092	0.3748951140148585
846	0.5762481938980499	0.6086967175564904	0.7587991616873798
847	0.5774617152977675	0.5807669138971447	0.5160595554644617
848	0.7192152904631448	0.587036727957664	0.5705508871868068
849	0.6795755554675514	0.4707867319135213	-0.4397848318660838
850	0.5255996133806713	0.5948522221726513	0.6384758182504989
851	0.6117202314568865	0.6465863676838799	1.0881003935909257
852	0.5207776878333111	0.5597353889974556	0.33327330552568707
853	0.6888475279182998	0.5709217211994716	0.43049439260939565
854	0.690022013506232	0.6433667585206291	1.060118576389082
855	0.7553098150836479	0.49146657797420595	-0.2600550439038445
856	0.8188674437165682	0.5152353473104082	-0.05347923766316832
857	0.7100230067736051	0.565312612322987	0.3817452894454086
858	0.9499059468740367	0.6111946685074502	0.7805090038902004
859	0.8916604005914069	0.6502073616771644	1.1195706705318569
860	0.9214614373476615	0.5388370465305286	0.15164455213356942
861	0.9365326857496388	0.2858955448534252	-2.046685277298973
862	0.7687401730878198	0.1691598930785566	-3.0612418595657322
863	0.7861302356447561	0.5049505860236239	-0.14286471760782893
864	0.7437290829850803	0.548591148545897	0.2364180403810044
865	0.7316431759645328	0.5249214446372504	0.030703217739371
866	0.7529041115244837	0.500430306422937	-0.18215073993978603
867	0.6738225350125379	0.47480869864251063	-0.4048296767227043
868	0.6440660985197981	0.5263838911906298	0.04341342883928262
869	0.5066630680846983	0.6645099798088799	1.243875586369949
870	0.6316146557446511	0.6094852711310328	0.7656525283098142
871	0.5891595220139787	0.5976059953047166	0.662409026441209
872	0.5832801312393656	0.4804363744827689	-0.3559192069580012
873	0.6191838540294766	0.41265618777360086	-0.9450008930368786
874	0.6512012293167143	0.5507544544648434	0.25521946245004395
875	0.7632812834430551	0.6164388591753195	0.8260865809187645
876	0.6951017289052166	0.5374071970427874	0.13921764409491608
877	0.6142138731375294	0.4074830544121396	-0.9899609067346321
878	0.7028405994995319	0.4152034684982625	-0.9228623227989636
879	0.6898220042331744	0.3432726964935877	-1.548016995731396
880	0.6653060503485603	0.2807680837278275	-2.0912483508433315
881	0.6955987682819531	0.4246768071636254	-0.8405289657408995
882	0.5983387430198941	0.47819660242898143	-0.375385200811615
883	0.6879348551834249	0.5600054857333759	0.33562073252943797
884	0.697014413156642	0.5289366237488285	0.06559938129091218
885	0.8061283496259538	0.427406654504322	-0.8168036980443736
886	0.7688394969888638	0.41424562029690504	-0.9311870392221328
887	0.9594274420393744	0.5333821179071049	0.10423543883746074
888	0.9103664883895117	0.5369497520579755	0.13524196217333045
889	0.877119431877977	0.5096896752714755	-0.10167700745026616
890	0.8210122171688922	0.6766153003309361	1.3490836563072
891	0.7660094536946519	0.6082025132727632	0.7545040024843731
892	0.7173125190512519	0.6237229938210072	0.8893934339541347
893	0.6751104942081316	0.6329853513330224	0.9698931410979814
894	0.631327329071317	0.5150661482958309	-0.05494975649218516
895	0.44180442229851563	0.430414774085508	-0.7906599495413582
896	0.464617823967079	0.4036195453299321	-1.0235388969236148
897	0.5328364146181297	0.4343338263542959	-0.7565992301716288
898	0.6351724831417617	0.29349091487211104	-1.9806734588866288
899	0.8287257008444872	0.392446786810698	-1.1206420143125246
900	0.720741809666127	0.48505059072323736	-0.3158167756305282
901	0.7122086642811533	0.653786751842241	1.1506793660954273
902	0.6074125547190256	0.6643146028904057	1.242177553801087
903	0.6183740150099896	0.4755544903786342	-0.3983479558141379
904	0.7416607390647186	0.42919048879749605	-0.8013002867360342
905	0.6426378635673032	0.5715721158420157	0.4361470116305046
906	0.5038721441648587	0.5429030437542097	0.18698237895891456
907	0.6274795932425534	0.6129639464243948	0.795885904855787
908	0.7889970163842398	0.6498340710405225	1.1163263791200608
909	0.8186452071485337	0.6532819710783986	1.1462922860665632
910	0.766188922832053	0.6426006078436182	1.0534599146987473
911	0.6645046185669239	0.46227938716133904	-0.5137226776287886
912	0.7722850863354906	0.47191194952373083	-0.43000549782747993
913	0.6929503702056692	0.4399041200519246	-0.7081874720654829
914	0.8319281630580028	0.39469052218976974	-1.1011415749600961
915	0.8032377227762325	0.461956232022311	-0.5165312384104298
916	0.7800484803417049	0.61751076969083	0.8354026197858746
917	0.7441210511321765	0.6334486731862772	0.9739198992372538
918	0.6165553362346862	0.5869618455676963	0.569900079824338
919	0.5482215134168782	0.5285307570974671	0.06207196977266025
920	0.5527469762927649	0.5108188273885308	-0.09186347837563293
921	0.5642150002103786	0.41798955515951935	-0.8986482757793343
922	0.5181139198196987	0.5208711603692928	-0.004498046841160144
923	0.5597902622417457	0.5707175658791397	0.4287200664211376
924	0.70137877339703	0.6452258435301519	1.076275996206657
925	0.7052813044274399	0.5840524263208697	0.5446141418734016
926	0.512304648750274	0.5704557051016812	0.4264442186285509
927	0.4974810791176393	0.6738535131883552	1.3250807978682977
928	0.5982290086166454	0.6019739405739711	0.7003711019213683
929	0.4420674182085872	0.4523685483454041	-0.5998583748524916
930	0.5030307600759022	0.42695246140669507	-0.820751117618526
931	0.6496731393604659	0.44053613039355766	-0.7026946321111466
932	0.6271420870006061	0.5386551065100125	0.1500633004543624
933	0.7048545085171534	0.549531281725435	0.2445887944823063
934	0.6979595021712399	0.4388590957668373	-0.7172698410842352
935	0.8093854843561474	0.49449921788556167	-0.23369818773410655
936	0.9956467299424503	0.6776488210409685	1.3580660470621218
937	0.7908178576174643	0.6944399495165428	1.5039987562179737
938	0.5893580624403235	0.6264908758085117	0.9134492630574499
939	0.5749849704568938	0.5696425660038513	0.41937717774208066
940	0.6348675722598525	0.5059704730374261	-0.13400081812819914
941	0.623334485094671	0.4873325057918443	-0.29598451429622974
942	0.5469028783269845	0.45340419725334746	-0.5908574878013128
943	0.4591332237723014	0.46388618908949	-0.4997578652701069
944	0.40825027466236974	0.6433625618935244	1.0600821032500907
945	0.5108456521380744	0.7294041889722279	1.807875067733573
946	0.621942505687806	0.5449640246763297	0.20489448831600765
947	0.7673256791541587	0.42244072164259117	-0.8599629197162613
948	0.719927571319744	0.4430214245359201	-0.6810947909943502
949	0.6102651296387324	0.44288900550278426	-0.682245652788864
950	0.5251961835615739	0.41348741057885346	-0.9377766855597519
951	0.44265944122465534	0.3881784972892394	-1.1577379756848696
952	0.3565563631593752	0.4925495392117892	-0.2506429625454539
953	0.3692675062728473	0.49619444175068766	-0.21896489499423133
954	0.5209791436176233	0.5575863770792716	0.3145961134784104
955	0.4702660962312151	0.6493406566972447	1.1120380853370895
956	0.37650729304370495	0.5958139593944647	0.6468343343847427
957	0.38011553184638264	0.5139812462942439	-0.06437870514745267
958	0.37926597745667956	0.46630070044224115	-0.47877320164210213
959	0.4047319937096368	0.47768642132493294	-0.37981921552255143
960	0.359743284492459	0.49701188448498906	-0.2118604509439162
961	0.3379800217268856	0.4878688511143776	-0.291323104786189
962	0.3946578083499892	0.5110608782239857	-0.08975979998244109
963	0.4071628140359554	0.48083185923628174	-0.35248202513940446
964	0.392946515425465	0.5062013631251315	-0.1319941384660732
965	0.38759049254143996	0.686840581037402	1.4379521869449297
966	0.4404223419235904	0.6693516768075815	1.2859550666717101
967	0.43683710225248346	0.6039077810766758	0.7171782262338007
968	0.37780938677881876	0.5939838598244385	0.6309288287680481
969	0.2685120592332971	0.4413452107931031	-0.6956628656159807
970	0.21044479037044453	0.4165245248686924	-0.9113809422970592
971	0.21903722035504594	0.4152277993511416	-0.922650861890789
972	nan	nan	nan
973	nan	nan	nan
974	nan	nan	nan
