ID	SN	ssim	z_ssim
245	0.6477927781307741	0.4337467029858974	-2.0973252339183244
246	0.9722794591724286	0.505170024329151	-1.3036835927572126
247	1.2414677287699862	0.565064273476609	-0.6381506926410935
248	1.2105526816608754	0.7165161135663038	1.0447518196628818
249	1.210908513115898	0.7106010853082583	0.979025210399379
250	1.051248216305839	0.7060465093360873	0.9284156744471811
251	1.0744653568797142	0.6858728723448058	0.7042502608422386
252	1.124118203245066	0.7381280322308261	1.2848991311428464
253	0.8498805148367689	0.5129121237104063	-1.2176549351225137
254	0.9936237173693462	0.6255822720641424	0.034313186320375895
255	1.1894038675786365	0.6932755489496952	0.7865073205700328
256	1.3807989179153648	0.6264547851541903	0.04400837701855473
257	1.4122524421878466	0.5714553148302204	-0.5671347212018467
258	1.3874506305609475	0.5564671773603417	-0.7336799027452203
259	1.0777564189770927	0.4985737477027594	-1.3769800974403654
260	0.8902478357736265	0.5248559674385677	-1.0849373358857874
261	0.7821064076333474	0.6940471778029065	0.795081505834909
262	0.7572830608422012	0.6967585311293848	0.8252095209331195
263	0.9606950133794459	0.6740140665850509	0.5724775864779196
264	1.2772068846462417	0.516042456713807	-1.182871301773119
265	1.2991028508702265	0.41484614803410946	-2.307344414890082
266	1.2130296004353074	0.2918595127867779	-3.6739472723724984
267	1.1753585583023012	0.3848948585021964	-2.64015714512927
268	0.9269299307223824	0.37666645832465084	-2.731589479809607
269	0.8069970060640095	0.42604063667357106	-2.182953499308264
270	0.8566266040140821	0.5282486033972916	-1.0472390446343374
271	1.2029339804743304	0.6847307956495985	0.691559733355284
272	0.9909344237379696	0.7393506021453541	1.2984840831606486
273	0.98916885239815	0.6763532337817485	0.5984699438483552
274	1.1481760684715103	0.5834375645305935	-0.4339903624943587
275	1.2421113213610244	0.5546117305320288	-0.7542972562680621
276	1.5433958697343053	0.5858422785164317	-0.4072696623315684
277	1.514399094580745	0.7652734554689814	1.5865336371217185
278	1.2699213645209095	0.7185691604314459	1.0675648652170275
279	1.5099768251119416	0.7341058906284967	1.2402058992653484
280	1.5542557352521214	0.6329166868997216	0.11581173493996177
281	1.3650042913271476	0.593739716538885	-0.31951491282914873
282	1.3102327437356829	0.7341396995866647	1.2405815776368065
283	1.2660214593672436	0.7978175258764003	1.948156829133166
284	1.0602899439202451	0.7357072304635246	1.2579996667747086
285	1.2458859531002249	0.7776428026462968	1.7239793454599996
286	1.4103357431606072	0.7164108050648001	1.0435816526867487
287	1.055301120332389	0.640041510684369	0.19498134978125475
288	1.071549183381243	0.5594159584155105	-0.7009136382809589
289	1.143742130457974	0.609942623727955	-0.13947145347622755
290	1.325520441420302	0.6034336763200527	-0.21179757337497535
291	1.3850497213564148	0.62323930247676	0.008278577546243065
292	1.3868299373571866	0.7050926443214041	0.9178165174566913
293	1.8127786828676016	0.6176815314314549	-0.05347826112547559
294	2.1659734063843548	0.6840922400839098	0.6844642318076846
295	1.8521114474400735	0.6477742065979563	0.2809055179666776
296	1.5839524282327309	0.6427382336575884	0.22494679532441283
297	1.3321219166791116	0.6410174346021752	0.20582562088499926
298	1.3309206134946465	0.6512558790575921	0.31959316498285517
299	1.4879217969594272	0.7503631781620346	1.4208536221139831
300	1.2822813219312315	0.7561935990773105	1.4856400915309051
301	1.3350420602175734	0.754020235355223	1.4614901091610288
302	1.2283939255755978	0.7344000043992078	1.2434740325765037
303	1.3236172534401143	0.7258028251257729	1.1479438984465864
304	1.338273752233994	0.6939333595314321	0.7938167799993107
305	0.9902358642686427	0.5896052268851405	-0.3654565337514216
306	0.9020344343439649	0.5311491152595019	-1.0150091377742403
307	1.2091957279127938	0.5350749001742492	-0.9713866021095662
308	1.0655774480275853	0.584609643668752	-0.4209664538706147
309	1.0948253602327576	0.7297422776926621	1.191718306324324
310	0.9147410150492121	0.7325913607367942	1.2233767464587786
311	1.1779327944672116	0.7345240336808534	1.2448522211119284
312	1.2430875286153218	0.5281171323308622	-1.0486999247917412
313	1.031202476705065	0.4885025316588333	-1.4888894329244489
314	0.8895754897883321	0.6121585339990263	-0.11484870237582838
315	0.813738122422696	0.5865492194007438	-0.39941427682053954
316	1.0236611017508912	0.6466587916231119	0.26851125017623456
317	1.1079020116417697	0.6041937848875325	-0.2033513992177126
318	1.26491945651171	0.6353820084816324	0.14320589457102212
319	1.489895031132444	0.6343470767681885	0.1317059406610111
320	1.8466390550925467	0.6992728663874055	0.8531483107160072
321	1.8180395074332802	0.7430129976145357	1.3391798880613097
322	1.8284365470265849	0.6894138099359078	0.7435964501288669
323	1.876412089802667	0.5959014534219944	-0.29549412556522103
324	2.0613900840347177	0.6114751620271794	-0.12244219485223619
325	2.1752097395266556	0.6457927482267053	0.25888794941796184
326	1.8852077156916636	0.6705415548435669	0.5338917315270156
327	1.8073994060577327	0.7263067010763903	1.1535428670869237
328	1.5608074860185626	0.6244016137731377	0.02119394786855159
329	nan	nan	nan
330	nan	nan	nan
331	nan	nan	nan
332	nan	nan	nan
333	nan	nan	nan
334	nan	nan	nan
335	nan	nan	nan
336	nan	nan	nan
337	nan	nan	nan
338	nan	nan	nan
339	nan	nan	nan
340	nan	nan	nan
341	0.735947886041402	0.49459538150099097	-1.421186905834745
342	0.715522170279131	0.42821506317503905	-2.1587917075467797
343	0.911714522151843	0.5331918279966116	-0.9923109229809353
344	0.8798384660383083	0.593133357402241	-0.32625265410592874
345	1.1443953151907709	0.6356685571601015	0.146389966092421
346	1.2613403996221102	0.7234022050127451	1.1212686885784906
347	1.2108664153257083	0.6700720519731983	0.5286747096697088
348	1.217811396141802	0.6565644928226969	0.37858141786149596
349	1.0712390746646412	0.5056819699222102	-1.2979949558663575
350	0.9431984057317415	0.559152840406217	-0.7038373528994815
351	1.127295050575668	0.6433459830722026	0.23169998509153433
352	nan	nan	nan
353	nan	nan	nan
354	nan	nan	nan
355	nan	nan	nan
356	1.2646688118047458	0.6092402876055751	-0.14727567179496825
357	1.559309271444299	0.5699691667448923	-0.5836485010606665
358	2.050052542666209	0.5087522971401178	-1.2638780947866108
359	2.2106804750412494	0.5335644367538159	-0.9881705691018784
360	2.1038595943682394	0.6015470233229492	-0.23276168359503624
361	1.5285997327584513	0.6068632765347118	-0.17368854271526285
362	1.1674248542572774	0.5931330286680956	-0.32625630693390983
363	0.8253142054467282	0.5259366617035077	-1.072928877669479
364	1.1840694478226952	0.5224975161541695	-1.1111439741762803
365	1.6203680934677067	0.6762337441788666	0.5971421993140857
366	1.6831767498626469	0.5938831949062514	-0.31792060994871385
367	1.6578193682067146	0.442060184119415	-2.0049474966963623
368	1.4110619622749823	0.6026851374288194	-0.22011518760711574
369	1.296490647321444	0.7189395633543956	1.0716807083076598
370	1.2203283497723396	0.6439651304852394	0.23857982713418682
371	1.0709062436249681	0.6108439848158631	-0.129455709603884
372	nan	nan	nan
373	nan	nan	nan
374	nan	nan	nan
375	nan	nan	nan
376	0.5728371682809803	0.5071276955898046	-1.2819303418170584
377	0.7290005862053522	0.6088181224032211	-0.1519666869667099
378	0.7668342446661849	0.5895904339063621	-0.365620910368674
379	0.7234648045678107	0.6528227692225698	0.3370041346586522
380	0.8916479900808909	0.6643083442196929	0.4646295435441888
381	1.048060840715847	0.6777407042379368	0.6138872376566304
382	nan	nan	nan
383	nan	nan	nan
384	nan	nan	nan
385	nan	nan	nan
386	0.9962432541941267	0.6182992409737755	-0.04661439641422536
387	0.9983339529830312	0.7600634987165309	1.5286416412073645
388	1.0860482589145657	0.6846910357190032	0.6911179289701531
389	1.331875784493229	0.7021508640474454	0.8851280442710286
390	1.2576804615552357	0.6443793879212855	0.24318297279058584
391	1.1435718174240463	0.6024384667927531	-0.22285614230863396
392	1.0294531056327272	0.587247624315507	-0.391653741293441
393	0.8927448449045161	0.5994743809992209	-0.25579246996015487
394	0.9393986380819339	0.6773423511113199	0.6094608175010839
395	0.9736030053665711	0.6700489232920956	0.5284177083978134
396	0.8938287693493107	0.6957765504589182	0.8142979484069389
397	0.9573450423216784	0.713657344491426	1.0129857502948272
398	0.993504779146458	0.6619475937635072	0.43839735731730156
399	0.9516157303612295	0.7125250218657908	1.0004036080752832
400	0.8930777622762824	0.7171593328531222	1.051899143545562
401	0.8006435022505412	0.5847968972108003	-0.418885730016984
402	1.0076309836161785	0.6038615601955618	-0.20704301345254641
403	1.0073016918868376	0.6321882946366251	0.10771798600444583
404	1.1366746954141556	0.6604761493642135	0.4220469618726478
405	1.072469349892404	0.6282784515248495	0.0642725924613588
406	0.983957149482769	0.7466674365832725	1.3797872819226622
407	0.9650203363296472	0.7587629293917117	1.5141899753651575
408	0.9574492418987793	0.7891389289142613	1.8517219979537778
409	1.2361636317951579	0.5901059047762776	-0.35989310130748037
410	1.0986570927122932	0.5484682674778072	-0.8225621872327387
411	1.150986574228938	0.6408105478791208	0.2035267370564217
412	1.0175400842874558	0.5803486951607969	-0.46831326025202785
413	0.8717443681474965	0.6433561006527835	0.2318124096204667
414	0.8566622619539662	0.633163010178803	0.1185488298802389
415	0.9112531753810654	0.6220072390084189	-0.005411864940035878
416	0.8086937038173485	0.522356150290795	-1.1127148033354781
417	0.9483618985832853	0.5862126848082355	-0.4031537818069031
418	0.8561641007143408	0.6463232101805051	0.26478233640066645
419	0.8263787662314661	0.6398905337698608	0.19330372454688843
420	0.8623938039835929	0.5854438770734892	-0.41169661936844765
421	0.8194291363404161	0.647956010286914	0.28292568414433417
422	0.9035937615284211	0.6493152165875342	0.29802891231705586
423	0.8852027996675207	0.6155034367329799	-0.07768081315738648
424	1.097793004220326	0.5771931603729988	-0.5033769307819
425	1.117464430183918	0.5922350561049566	-0.3362343981977175
426	1.3757020885633937	0.6557902639201991	0.36997834136971997
427	1.246737402706862	0.6764940864432124	0.6000350704107127
428	1.2297978161303178	0.6283608285017043	0.06518794892862112
429	1.195026047603326	0.5551181755958191	-0.7486697401567237
430	1.119014386088033	0.5844808304814992	-0.4223978002069629
431	1.0182053546302259	0.6685618444322586	0.5118935859590784
432	0.9405836091016215	0.6800320883520969	0.6393486389845368
433	1.0871175826889405	0.5334972002698555	-0.9889176874446369
434	1.1083043826836287	0.5331200457824686	-0.9931085525670028
435	0.949412954864394	0.6227727645306611	0.003094501333567703
436	1.0048530055857752	0.4859321575463645	-1.5174509152337625
437	0.9367171641461887	0.48739616541761954	-1.5011831529991884
438	0.9295594529080836	0.6317313581523343	0.10264059931227422
439	1.0274070401392998	0.5868674849338136	-0.39587777396348794
440	1.1858947855829944	0.4503340571123951	-1.9130098771988118
441	1.1220314852289224	0.6563833915954111	0.3765690572972398
442	1.005795200342532	0.6683270831403715	0.5092849655047172
443	1.1420181958770883	0.7570514399949914	1.4951722479884775
444	1.0121267997121228	0.529957182352618	-1.0282536574994858
445	0.8909150579477872	0.3913814282536315	-2.568079681267094
446	0.9614558889932432	0.457686687120866	-1.831308925226428
447	1.0313197398199503	0.7713244733778701	1.6537713361475892
448	0.9351850338516434	0.7549650976513788	1.471989229746425
449	0.9840868452316309	0.7874355755605574	1.8327946766575034
450	1.159450848430438	0.5701874288298592	-0.5812232164889244
451	0.9980182226467866	0.6566566862151676	0.3796058523729212
452	0.9781259360895669	0.7186260253220067	1.0681967364912883
453	0.9437633068028538	0.7189301124172024	1.0715756913865275
454	0.9492485049789314	0.6119994582869829	-0.11661631982627263
455	0.9007987096010731	0.5797471293585367	-0.47499773895720787
456	0.9847442825920628	0.6631159508403502	0.45137990714121135
457	0.8742149148528648	0.6876428916868801	0.723918361248542
458	0.8612883856815071	0.7331846476500001	1.2299692318069924
459	0.7761403465377577	0.7137430601090916	1.0139382050700723
460	0.7905286056127582	0.640887564948799	0.20438253530869002
461	0.8123204351529453	0.5348835903103402	-0.9735123989992597
462	0.9877893101104679	0.6583972150095913	0.3989462597204863
463	1.1618604021282017	0.7934328239489685	1.8994348995414956
464	0.9244655556526268	0.6919627336420902	0.7719195798198957
465	1.1208208110182196	0.6519189860677974	0.32696147726443614
466	1.3572033850130043	0.6207780509685235	-0.019070356241356393
467	1.0633824252374837	0.5594564887261613	-0.7004632735869528
468	0.9655017027936021	0.665090788332702	0.47332390580971573
469	0.8008928503191735	0.6618145257021693	0.43691873167234124
470	1.0291628043614383	0.7352943212707986	1.2534115025280386
471	0.9295551062050058	0.6311244724409637	0.0958970068426016
472	0.7812745047328079	0.5585119089934093	-0.7109592543844016
473	0.7948405077684638	0.5653220152307817	-0.6352867178926455
474	0.8924902415732799	0.5959832303844894	-0.2945854363373455
475	0.834824349739048	0.578024719607337	-0.49413681112558866
476	0.6923679565515902	0.5778374062483148	-0.49621819965345276
477	0.717605325515028	0.4397367226428092	-2.0307653352508868
478	0.65514981276543	0.4259541495316721	-2.183914527106259
479	0.7910986585364225	0.5492144833670196	-0.8142703857337737
480	0.7580628666400158	0.5842255764602394	-0.4252341317655588
481	0.6679014716433264	0.5915616224893596	-0.3437174576500621
482	0.5991330009123869	0.4933657422137012	-1.434850411306729
483	nan	nan	nan
