ID	SN	ssim	z_ssim
5057	nan	nan	nan
5058	nan	nan	nan
5059	nan	nan	nan
5060	nan	nan	nan
5061	nan	nan	nan
5062	nan	nan	nan
5063	0.2636379302155874	0.22981366108046503	-1.6060339626202802
5064	0.34335520529218566	0.3128673677937278	-0.7228623925976647
5065	0.4389313758375117	0.3011067264844679	-0.8479220011402568
5066	0.42818137786635635	0.35007272528663125	-0.3272302734473098
5067	0.5062737569135032	0.4396331860489519	0.6251324310432366
5068	0.5829521485603786	0.4029650458297519	0.23521294100765375
5069	0.6162407983612492	0.44974229257914444	0.7326300472136934
5070	0.6042235561540396	0.495509717987461	1.2193089752632849
5071	0.5949141381999362	0.4810627709160119	1.0656838881714423
5072	0.5845228672513453	0.3795415886044687	-0.013866026225334003
5073	0.5307158884407539	0.32618592422522186	-0.5812363188253421
5074	0.5005018113413147	0.3270922213640381	-0.5715989901777633
5075	0.46841600573210335	0.3451109336470708	-0.37999267847234547
5076	0.34881469448562313	0.41484417307181576	0.3615324982201028
5077	0.3426219301043256	0.2867080787653062	-1.001033485450492
5078	0.35363755243004197	0.31957936811149407	-0.6514887225566706
5079	0.4259658063258196	0.29868840414399184	-0.8736378135077011
5080	0.4960521111700528	0.3482976255019812	-0.3461062240315341
5081	0.4839197184035929	0.3911001201370785	0.10904439938702215
5082	0.678891848591145	0.4834019417513586	1.0905580239681334
5083	0.5832413842376767	0.42417546866850525	0.46075907471626487
5084	nan	nan	nan
5085	nan	nan	nan
5086	nan	nan	nan
5087	nan	nan	nan
5088	nan	nan	nan
5089	nan	nan	nan
5090	nan	nan	nan
5091	nan	nan	nan
5092	nan	nan	nan
5093	nan	nan	nan
5094	nan	nan	nan
5095	0.40810377332223075	0.4339896047417552	0.5651200515737085
5096	0.354888505492597	0.36007215438923634	-0.2208989385874856
5097	0.41646674350706503	0.3465795363799298	-0.36437593802033325
5098	nan	nan	nan
5099	nan	nan	nan
5100	nan	nan	nan
5101	0.4073262713205023	0.13541798012607048	-2.6098131442005483
5102	0.4636275094110287	0.31787432481558736	-0.669619710614811
5103	0.38854026586883444	0.3505494275549874	-0.322161145199597
5104	0.3869807613940861	0.3053581830219417	-0.8027131153039305
5105	0.42117530714340273	0.4557374602593394	0.7963811049593331
5106	0.48854231943156223	0.43226925096956886	0.5468262558829077
5107	0.49069503064819087	0.4199175403299421	0.41548136942617586
5108	0.4155547130014287	0.3991903487100483	0.19507379113108247
5109	0.3881896492186925	0.249649990674335	-1.3950995799877632
5110	0.3280863772507416	0.25728000479414403	-1.3139639893421697
5111	nan	nan	nan
5112	nan	nan	nan
5113	nan	nan	nan
5114	nan	nan	nan
5115	nan	nan	nan
5116	nan	nan	nan
5117	nan	nan	nan
5118	nan	nan	nan
5119	nan	nan	nan
5120	nan	nan	nan
5121	nan	nan	nan
5122	nan	nan	nan
5123	nan	nan	nan
5124	nan	nan	nan
5125	nan	nan	nan
5126	nan	nan	nan
5127	nan	nan	nan
5128	nan	nan	nan
5129	nan	nan	nan
5130	nan	nan	nan
5131	nan	nan	nan
5132	nan	nan	nan
5133	nan	nan	nan
5134	nan	nan	nan
5135	nan	nan	nan
5136	nan	nan	nan
5137	nan	nan	nan
5138	nan	nan	nan
5139	nan	nan	nan
5140	nan	nan	nan
5141	nan	nan	nan
5142	nan	nan	nan
5143	nan	nan	nan
5144	nan	nan	nan
5145	nan	nan	nan
5146	nan	nan	nan
5147	nan	nan	nan
5148	nan	nan	nan
5149	nan	nan	nan
5150	0.660449291908728	0.5143111915698583	1.419238967549263
5151	0.6581277819617805	0.5455669172836854	1.751604245912798
5152	0.676306420409523	0.5592304213425432	1.8968984032624876
5153	0.4901339119563498	0.4994917061390176	1.2616524041937134
5154	0.44129391024766645	0.47102814046437425	0.9589782312985221
5155	0.4313954896481488	0.30766335788586907	-0.7782004838475151
5156	0.44366246023736794	0.2710817426068163	-1.1671998901173035
5157	0.5546320166013987	0.4887969825864257	1.1479274885375148
5158	0.5599951869027978	0.5056917417444586	1.327581974306194
5159	0.6371411673901569	0.45875900982390394	0.8285114791285507
5160	0.6985145596128284	0.5068255125834688	1.339638199266645
5161	0.7302271459790362	0.5440764640680005	1.7357551530952278
5162	0.658828820945637	0.3785566793630982	-0.024339295576622635
5163	0.5483520819519754	0.4385635349499174	0.6137580387626826
5164	0.5856019030233068	0.46420348030134706	0.8864065656911035
5165	0.6370105097190866	0.34830766001164093	-0.3459995196591308
5166	0.6988393678188514	0.4455083626662359	0.6876075349559468
5167	0.63851452770007	0.42075515313481876	0.42438832668586707
5168	0.5790311911977699	0.3558981348246021	-0.2652843797446167
5169	0.44343748185215576	0.2407610409612952	-1.4896223651178797
5170	0.35825488185588067	0.20458470019788505	-1.8743121873313418
5171	0.3295885367825708	0.24632931740687908	-1.43041075800991
5172	0.5671811212434967	0.32005159249868076	-0.6464672109355879
5173	0.6736660531988263	0.3702748111809816	-0.1124065332060332
5174	0.7748616055549172	0.48879463650046	1.1479025408680164
5175	0.8543879582396917	0.4602606774387614	0.8444798229574965
5176	0.9643000624176608	0.27337259171161177	-1.1428395950668713
5177	1.1257223100330123	0.18520915917597314	-2.080346663835049
5178	0.9977476291237874	0.5528069601521922	1.828592983444835
5179	0.8729151121640533	0.5732780699742569	2.046277454338789
5180	0.8963446415551095	0.46961907812571163	0.9439946279514402
5181	0.877040746155931	0.4066496207522083	0.27439375481968936
5182	0.75497933510297	0.31263766135964594	-0.7253050312234491
5183	0.8247746723364091	0.4293561631570244	0.5158492358457298
5184	0.8476437343011899	0.3633455230330171	-0.1860907856609529
5185	0.8054776462395906	0.34735345363366416	-0.35614630272653564
5186	0.7428152093840488	0.3949341044559287	0.1498139939580527
5187	0.6989044803446024	0.40244036840189445	0.22963365736031366
5188	0.6241243203076299	0.333858458972921	-0.4996485748541698
5189	0.44305466113726844	0.3274548878644025	-0.5677424887018295
5190	0.312945853480286	0.28041116436152425	-1.0679932395706297
5191	0.261138426274237	0.2537583555751194	-1.3514122934927928
5192	0.2878314614985702	0.3246917047776743	-0.597125460775441
5193	0.3160016493114021	0.27021812738602763	-1.176383350321826
5194	0.2924146640976589	0.223635758905494	-1.6717281715753636
5195	0.28934616377177663	0.1786318415033665	-2.150288153569015
5196	0.26148656912431956	0.22243661381068597	-1.6844795694114991
5197	0.31187267516490164	0.21200386639536722	-1.7954186987901168
5198	0.42661093963407326	0.37553098703946114	-0.056513722771034884
5199	0.5105309941542345	0.3802224073379984	-0.006626376442234994
5200	0.5015927763429754	0.31771889848700885	-0.6712724738696461
5201	0.5424972612811797	0.47854395173595016	1.0388994184843963
5202	0.5494855680435685	0.29802673621144027	-0.8806738186416161
5203	0.4512858010446643	0.34476738520757294	-0.3836458834489475
5204	0.43142037775696646	0.4011834987039156	0.21626843106993116
5205	0.40860126330353697	0.35878720295596844	-0.2345627787655038
5206	0.44850677522518945	0.39567517367162974	0.1576943317373852
5207	0.5669282011360727	0.523360339573786	1.5154652597433917
5208	0.5832362601568828	0.583855301991546	2.1587529954901745
5209	0.49197161722096255	0.4947046478667429	1.2107480684641743
5210	0.5553676316128849	0.5675384833104572	1.9852441788144424
5211	0.4570091135792933	0.46118391975683165	0.8542973422450636
5212	0.39650850616805167	0.3990201177926264	0.19326359971933793
5213	0.43667852568919635	0.43228682784852906	0.5470131638536858
5214	0.6241150574832872	0.4560929820143962	0.8001616310672731
5215	0.7323466045829744	0.42401246296562034	0.4590257143614221
5216	0.6652118886709899	0.4082268541336659	0.2911656454061398
5217	0.5009026421838167	0.3866403423027671	0.061620278926280816
5218	0.44507523617706035	0.41893099398495337	0.40499069153973494
5219	0.4830028604874629	0.43864331879309804	0.6146064394522214
5220	0.6195825812516405	0.492724335477802	1.1896899402855687
5221	0.5230612373996658	0.3860904366984367	0.05577272539543772
5222	0.47243416324983	0.3973134463183512	0.1751152980348357
5223	0.3326907625906061	0.4502895042951289	0.7384489546347581
5224	0.2623957475305023	0.27818564306925664	-1.091658855611062
5225	0.22423514571649852	0.28017305904590417	-1.0705251897237147
5226	0.26329001212748415	0.28280579293780783	-1.04252938054458
5227	0.27506509846904187	0.37720186643531856	-0.038746024762654666
5228	0.26927534947153586	0.3153310733942251	-0.6966639864172305
5229	0.26919740228539235	0.37097472143636273	-0.10496386913260451
5230	0.3190030723038157	0.40151699553940273	0.21981474989723634
5231	0.26550370477236634	0.36307903447572953	-0.18892455584227982
5232	0.25884393072596906	0.3534293849550124	-0.29153642537391145
5233	nan	nan	nan
