ID	SN	ssim	z_ssim
245	0.717902588112941	0.3361254286757635	-1.6703652013187926
246	0.9123083286656148	0.36989244089453005	-1.3384187855283143
247	1.1998554550270992	0.38818733603499744	-1.1585709260317116
248	1.0705913140910395	0.6139076748537302	1.0603715423294313
249	1.0093420659861645	0.6649264542490917	1.5619113542788932
250	0.9246507647751866	0.6863362266109705	1.772379996051882
251	0.9511786000308028	0.5941255763001065	0.8659037383926681
252	0.8348513265204616	0.5879714054299967	0.8054051977086398
253	0.7811480769397084	0.34747193525997	-1.5588234348169534
254	0.8617473541092903	0.43622566053612544	-0.6863304584588349
255	0.8651486929659745	0.588007119890607	0.8057562885044345
256	0.9630346058439312	0.573521782444676	0.6633582636054445
257	1.0479890669780514	0.5470252725131701	0.40288447795519994
258	1.068013165926587	0.5384899669715899	0.3189782068333051
259	1.0462496874907958	0.47147454577008613	-0.33981649867413416
260	1.0602603043338166	0.49683251553340196	-0.09053512547707454
261	0.9942434834353199	0.5678524930220881	0.6076263471505726
262	0.9003895404443023	0.5494925555106929	0.42713908900761893
263	1.0034159479034688	0.5768795574901556	0.6963668515183016
264	1.2180119455023801	0.5928911986294635	0.8537691959330886
265	0.9413235612839443	0.42183346705737607	-0.8278128321341349
266	0.9710647397048333	0.41726338069642555	-0.8727390393313286
267	0.9363316459656141	0.2739535425896259	-2.2815455632507713
268	0.7486586462351295	0.24340312414259554	-2.5818712728128084
269	0.7933673215329565	0.262868075641391	-2.390521181140509
270	0.9726645061213768	0.3314452742012579	-1.7163734324614486
271	1.0188156848178143	0.4993958966525106	-0.06533582240340209
272	0.9109145621865815	0.5678735783502504	0.607833626345543
273	1.1319529177122498	0.5262903878828522	0.19905031607344933
274	1.341057069875977	0.3731348901383582	-1.3065439072329488
275	1.3885397815555933	0.3451165586591449	-1.5819779506922464
276	1.3605436253230254	0.43723195724333186	-0.676438064574093
277	1.2302111512693543	0.5878684985060392	0.8043935717955617
278	1.2267585768067473	0.47021863920467377	-0.3521626808076149
279	1.3548769482972778	0.5015736381086973	-0.043927547776790685
280	1.21419375595812	0.5110834190843465	0.049558298390695844
281	1.2658927584078865	0.43423223168470537	-0.705926849104095
282	1.1600578014897502	0.5151363011447111	0.08940013174105245
283	1.3971350564318994	0.5386875992308817	0.3209210296004326
284	1.5247457388003967	0.49968284315185063	-0.0625149965227336
285	1.3451541886906626	0.5297636929885323	0.2331946215662673
286	1.2698980032230485	0.5848212637567933	0.7744377484455116
287	0.9355932743693649	0.5465623672704432	0.3983338906785312
288	0.7361169160760553	0.48213880783251456	-0.23498153294666296
289	0.8778666722047052	0.5505980677766387	0.4380068208612879
290	0.9626413840262268	0.5254445340486233	0.19073515491154894
291	0.9660909666643694	0.5151968707706107	0.0899955610936078
292	1.0235080861640535	0.6393695582228401	1.3106744376194657
293	1.2623303855585355	0.645337016681788	1.3693375030394321
294	1.7648885292556205	0.6299691731770438	1.2182640074994955
295	1.734322804018503	0.5682809019154185	0.6118378182665974
296	1.62723698622417	0.5162773462513814	0.10061716897729275
297	1.368757795148182	0.5356652577981753	0.2912099198527843
298	1.2409569760662964	0.524433780188416	0.18079894501034413
299	1.1876009967460113	0.6522345856131344	1.4371440140092038
300	1.13676863811398	0.6333889244674862	1.2518818525253672
301	1.0813310023953704	0.6727328156515947	1.6386517443121533
302	1.1640296428723689	0.6978846783718249	1.88590698342965
303	1.3114542327238763	0.658605293338379	1.49977121897904
304	1.1710074640807147	0.621704767833565	1.137020819187951
305	0.8100793346915208	0.4926652508823157	-0.13150139621540305
306	0.8383852250977162	0.39465060106080774	-1.095033837060917
307	1.0264133785607554	0.387094052112122	-1.1693184472304679
308	1.0971701665582771	0.4429747975399885	-0.6199831066825912
309	0.9695389846251777	0.5733907238366718	0.6620698927272739
310	1.1164089805364261	0.5339370861225925	0.274221138320567
311	1.5495266940198729	0.38292714019526736	-1.2102812504169993
312	1.3100456513129053	0.3001337848339274	-2.024180845246716
313	1.3287597487346954	0.29320087578281506	-2.092334767056804
314	1.0992879086817298	0.43860943299653854	-0.6628967972522206
315	0.8557766834443262	0.4576734538129586	-0.4754880523041351
316	0.885952559405269	0.4819439319501587	-0.23689725916646975
317	1.1647273350803875	0.4709149969706335	-0.3453171398690024
318	1.1535270316198356	0.5188971175970143	0.12637081584244583
319	1.3235001090500425	0.5246208326440439	0.18263776307953586
320	1.2023899761870132	0.5965381156445764	0.8896201922844694
321	1.2627962500334429	0.689545826212272	1.803931946128841
322	1.4804705758472765	0.6657787660084036	1.570290000035488
323	1.5127982489652476	0.585486768714718	0.7809799910354891
324	1.6248956736729623	0.7257267156463122	2.1596079677422195
325	1.8191894289568336	0.6710177543392676	1.621791844129113
326	1.7351066728862168	0.5966687985873912	0.8909048701881965
327	1.680057001734417	0.5992968976274062	0.9167403824041854
328	1.4379510874824217	0.5270726098633405	0.206739944669944
329	nan	nan	nan
330	nan	nan	nan
331	nan	nan	nan
332	nan	nan	nan
333	nan	nan	nan
334	nan	nan	nan
335	nan	nan	nan
336	nan	nan	nan
337	nan	nan	nan
338	nan	nan	nan
339	nan	nan	nan
340	nan	nan	nan
341	0.7461315230203168	0.46479866218426036	-0.4054437331535221
342	0.7857118898317186	0.4616098489340531	-0.43679134312782714
343	1.012105410108373	0.3658394625229089	-1.3782615656659145
344	1.1138137077101802	0.3994898623988666	-1.047461506828238
345	1.2991068452926178	0.49595870146527676	-0.09912514955448617
346	1.4037728255149249	0.6772478761879178	1.6830370204627194
347	1.085363853638652	0.6550309330964323	1.4646334915611914
348	1.0290980036675035	0.514920991133277	0.08728352793505695
349	1.0348928463961011	0.48319138164716074	-0.22463421222835173
350	1.0310564236212134	0.442392645786123	-0.6257059460883944
351	1.034220085661451	0.57593061312021	0.6870382594489995
352	nan	nan	nan
353	nan	nan	nan
354	nan	nan	nan
355	nan	nan	nan
356	0.9291032456652855	0.4690803762529029	-0.3633523680864155
357	1.2981252742078304	0.47155554384256204	-0.33902024759719185
358	1.3868002136270094	0.4324230600814892	-0.7237118999503693
359	1.5907621534591083	0.5410269022162588	0.3439175338932326
360	1.4933468960189895	0.6341909027461509	1.2597656952953415
361	1.1589876073177428	0.5941584059219348	0.8662264697977166
362	0.9312767091494638	0.5016499172390653	-0.043177686232593944
363	1.0325822605569366	0.4159610695629291	-0.8855414012994959
364	1.4160404419340702	0.38388139787823683	-1.2009004258551448
365	1.4960173687249931	0.574603728878187	0.6739943316814251
366	1.512736875532275	0.4631055915237215	-0.42208745436299144
367	1.5646010224858293	0.39741340755828075	-1.0678740839735794
368	1.465374023367184	0.5185803025347253	0.12325636722869444
369	1.472483438511762	0.6177582882584319	1.0982249748452975
370	1.2082832045383065	0.5094422327597037	0.033424625841284965
371	0.9681294277063326	0.439679755221158	-0.6523750008936473
372	nan	nan	nan
373	nan	nan	nan
374	nan	nan	nan
375	nan	nan	nan
376	0.5275705842880648	0.4062647314348715	-0.9808611964607761
377	0.6797513014109551	0.4884660920461435	-0.17278120255336524
378	0.8614922335075221	0.4510166747374993	-0.5409274800062905
379	0.8306689782433507	0.552869105082801	0.4603322397945053
380	0.9407128561668275	0.5929207973659694	0.8540601661389037
381	1.1906726110308374	0.6411074041129764	1.3277583214611737
382	nan	nan	nan
383	nan	nan	nan
384	nan	nan	nan
385	nan	nan	nan
386	1.190359906231159	0.5410230919964059	0.34388007754929045
387	1.3107885240859256	0.6574131785933819	1.4880521419624229
388	1.219756736270811	0.5991472654278316	0.9152694239428963
389	1.2478422596022636	0.5183869180152335	0.12135530184278533
390	1.0630801609991534	0.46819663678600154	-0.37203996373834747
391	0.8383908817443287	0.533829979427182	0.27316822657882545
392	0.7979621535899958	0.4959028421914378	-0.09967427381870493
393	0.8106986501787696	0.4594607048660999	-0.457918491296949
394	0.9762536359883015	0.5106835069448951	0.04562696444672806
395	0.9982095203652613	0.5763157578697495	0.690824422652954
396	0.9178839237228762	0.6449031567801717	1.3650724458183883
397	0.9107397063582721	0.6347322725854325	1.2650876283287515
398	0.8357853226404507	0.584382924141192	0.7701286534223819
399	0.7877182187257198	0.6134335034581286	1.0557102032029322
400	0.8289942984186786	0.561535790500472	0.5455300400186137
401	0.9168377045800717	0.3298146283810841	-1.732403486643429
402	0.8363744569081648	0.42099759891290467	-0.8360298290313763
403	0.8923154867814906	0.4948731351463567	-0.10979680289277295
404	0.837301152171022	0.4910782654557798	-0.14710224715351305
405	0.9490494267000864	0.5272502297933196	0.20848603635100643
406	0.8121159382638627	0.6390037729717004	1.3070785878511118
407	0.9558151373544641	0.6499336127853615	1.4145243141061725
408	1.0524985439042651	0.6825711237108076	1.7353671740499166
409	1.1138108783834486	0.44567012516427834	-0.5934867042627514
410	0.9078830760075983	0.4351692470766591	-0.6967155247830558
411	0.8642929202637021	0.4689367812415929	-0.36476397800383836
412	0.734257101927633	0.41457374240223566	-0.8991795128249518
413	0.8170958821354131	0.44482329267227944	-0.6018114861141267
414	0.7593127369947757	0.44874683972273377	-0.5632410798209757
415	0.688913838572373	0.4427426731505143	-0.6222650041334021
416	0.7058857916408414	0.3559024535999352	-1.4759472736666326
417	0.7144728498844802	0.42900366268501144	-0.7573262660236949
418	0.6546099476260033	0.5706278035368224	0.6349090209063423
419	0.7234653752102139	0.49201176856546724	-0.13792545030271586
420	0.7861685327580153	0.5076914280376978	0.016213350278803104
421	0.7368746285752755	0.5062042315545174	0.001593473963729647
422	0.80112743549913	0.5537837240696253	0.4693233963861306
423	0.7201409864202423	0.602969494112597	0.9528438206357225
424	0.7091697786366552	0.49326991938044673	-0.1255572060870135
425	0.9109672615007238	0.5351253294523671	0.28590215741252023
426	0.940304191914542	0.5923066214011957	0.8480225129153838
427	1.0873363251389312	0.6290591561194946	1.2093180901466485
428	1.1102377407747877	0.5841702380490644	0.7680378440397566
429	1.0973870577227134	0.45666346342022324	-0.4854167569428296
430	1.0349475510155863	0.5281087940475029	0.2169261472218041
431	0.9154398779323166	0.5186986680653269	0.12441995888382204
432	0.7508328049717758	0.5638897750240637	0.5686708710868197
433	0.9418605250132753	0.3911706698433205	-1.1292432805070354
434	0.9711616874144895	0.3767904080627918	-1.2706083596928797
435	0.9253148698045015	0.48023596369990534	-0.25368743104434915
436	0.9354526643744525	0.3826488896378699	-1.2130165908913468
437	1.0126750773795157	0.39015713068202235	-1.1392068712942958
438	0.8787308492659883	0.4990276184760619	-0.0689561788594007
439	1.002347797352321	0.46588405637940605	-0.39477377187699064
440	1.0357309668405428	0.3831173006599441	-1.2084118790830614
441	1.1184464359914923	0.5597495831236321	0.5279707388651945
442	0.9374849770130705	0.5401285236253361	0.3350860284183731
443	0.868349112083554	0.7004095739208761	1.9107279543323432
444	0.9082731787647966	0.4420697380562886	-0.6288802886347568
445	0.8836407789457187	0.3007947664657157	-2.0176830691878225
446	0.9306950001341464	0.3369002268371983	-1.6627485525320105
447	1.0138178249606502	0.7136901456375213	2.041282536787782
448	1.0587572905953269	0.6871032526395949	1.7799202409326056
449	0.9229718470295123	0.7277263726294337	2.1792655839996833
450	0.8421430065730016	0.4325091289683016	-0.7228658002627993
451	0.7673774015432312	0.5068658328462833	0.00809734158640216
452	0.8402587931305695	0.5435931569087453	0.36914508561316106
453	0.9020743683194885	0.5599712355225666	0.5301496914743555
454	0.9985910762157539	0.5399428908168409	0.33326116618200163
455	0.8858654219644748	0.4650634670855438	-0.402840570122831
456	0.924170980917966	0.5003753450173779	-0.05570736099073227
457	0.8513658850356209	0.5771862640157907	0.6993819282216978
458	0.9171125401434265	0.5584912799101556	0.5156009964969598
459	0.8335117809993896	0.6397515579189733	1.3144296833943343
460	0.7736535659432033	0.526569598948007	0.20179509881367877
461	0.8695058662358919	0.4195151016539162	-0.8506035096505615
462	1.1182063640728244	0.48053109005488465	-0.2507861931407409
463	0.9646857958307131	0.6779404608255272	1.6898454696851886
464	0.7736068246534377	0.5540824958419605	0.4722604705436988
465	1.0780938958550492	0.49040564191358527	-0.15371446894445043
466	1.0368747678321082	0.4472158429340552	-0.5782915347826421
467	0.9476809430687254	0.39331339842271384	-1.1081791997606156
468	0.8082449921714736	0.39890877412652825	-1.0531738916851188
469	0.7795932696445408	0.43514340085094916	-0.6969696059534757
470	0.9036623660067324	0.5321849920974302	0.25699718827095897
471	0.8422263255577772	0.3728631352330346	-1.3092153922376397
472	0.810243392379735	0.3237482318607918	-1.7920391620958072
473	0.8032891713569766	0.3518673631502822	-1.5156142066921223
474	0.84329121036615	0.41656887943157844	-0.8795663299466299
475	0.8784348015688522	0.4208202014794709	-0.8377737334614531
476	0.6477399393839056	0.4029739300457613	-1.0132114002370627
477	0.5711632250999941	0.3242609849590041	-1.786998545767827
478	0.5918666895659611	0.3335284222516763	-1.695895057756061
479	0.615179860060188	0.46708451950849755	-0.3829726261194433
480	0.7313899864902992	0.46696685921314657	-0.3841292849635711
481	0.6313762418978575	0.5181181115393294	0.1187128013562292
482	0.5221947827547166	0.38301147444701583	-1.2094522030492632
483	0.4542179572817416	0.30438978874338873	-1.9823422237488153
