ID	SN	ssim	z_ssim
494	0.36169522270369925	0.32560665083052587	-1.088033010323689
495	0.3750713017761989	0.3103957722027504	-1.2340015670858258
496	0.46606686680614534	0.2543166047363157	-1.7721555646169183
497	0.45943581303998904	0.20593692673490824	-2.2364227478148098
498	0.4916151129605028	0.2564477706627292	-1.7517042006877381
499	0.5583297449469795	0.29821688189065293	-1.3508741742063006
500	0.68272559589508	0.35219933787494706	-0.8328409045098116
501	0.7171607987752268	0.4101927730319216	-0.2763169693253969
502	0.6170382411108306	0.26153666754852356	-1.7028694849485484
503	0.5510738048053742	0.23767406990601314	-1.9318627616493702
504	0.4686409269063357	0.5586112006970716	1.1479547123661311
505	0.5822178223642419	0.5471701490220651	1.0381626456677486
506	0.895833725678024	0.432440944294383	-0.06281625518201726
507	0.7084372714057874	0.40796068227196375	-0.29773684090324243
508	0.5038716069952952	0.5452576657494723	1.0198098318715532
509	0.5648599291049968	0.38632786524549845	-0.5053324149213302
510	0.5520268712139499	0.36494381489472394	-0.7105407427119191
511	0.3664207859083051	0.2903447531111014	-1.4264176917581768
512	0.36165345287354295	0.34438494974189365	-0.9078303239689943
513	0.404884743007656	0.4081819355690337	-0.29561362203847596
514	0.43345853811116947	0.48759123794178405	0.4664239659594003
515	0.575133101759556	0.5002786962269588	0.5881769573668141
516	0.6046863244636127	0.56516340494438	1.2108318032295022
517	0.4747296807085929	0.5805947380020362	1.3589159126660746
518	0.6230163771002811	0.4562041402853561	0.16522313082190682
519	0.6945430135118023	0.41308141939524146	-0.24859657585121267
520	0.7338350318942617	0.37696403147837887	-0.5951908204871431
521	0.6750432127453007	0.20790569149250243	-2.2175298385159725
522	0.710067233172495	0.4337163129794184	-0.050577400948160225
523	0.6514843231537719	0.5255500820333682	0.8306894251742177
524	0.6684834804903426	0.5953184548679675	1.5002095061321237
525	0.696792636075144	0.5815114652802995	1.367713126885392
526	0.6832482476160806	0.4427884856598787	0.03648212962001878
527	0.6154026738811494	0.39419036157566834	-0.42988133349814384
528	0.6881520789059544	0.41448073741054836	-0.23516826338196264
529	0.7545124132264216	0.5957280096273236	1.504139727298251
530	0.659161372462317	0.569475690998785	1.2522139079132897
531	0.5764025145473538	0.5107507159312222	0.6886698769424628
532	0.6479810418223068	0.4624711491059384	0.22536339327101684
533	0.6424065156605869	0.45342984770365824	0.13860011356589688
534	0.5833866849252078	0.4054722885558682	-0.32161627931590414
535	0.5617100867257796	0.47638083642286977	0.35884529345247934
536	0.6430219267573889	0.40883885005418635	-0.2893096561953209
537	0.6534838295878468	0.2031469122895936	-2.2631966372063426
538	0.5930962038929554	0.2736013521379686	-1.587092833224043
539	0.46379835118235796	0.21704033819415305	-2.129870786846388
540	0.40175019104351917	0.3095406599981894	-1.242207502944227
541	0.36133331317390216	0.2869485030313764	-1.4590092161975015
542	0.33943634004269135	0.23711215735175806	-1.9372550579511345
543	0.31968691536460186	0.207989833332487	-2.216722385952159
544	0.34616299001014167	0.16325860266838788	-2.6459778774995044
545	0.4083352799009055	0.2047728345476138	-2.247593756451166
546	0.630724188199037	0.3607718152779073	-0.7505766129454042
547	0.6529331155940554	0.4897121920143736	0.48677733360572073
548	0.4759597659130152	0.4734896812849935	0.33110082495868604
549	0.5570150433558639	0.5289668779104523	0.8634781137919852
550	0.6763383989552456	0.5739701720893909	1.2953444156403375
551	0.6541665372711876	0.6198923813902784	1.736028926970214
552	0.7264089432328646	0.6432532071422808	1.96020703681095
553	0.8103446311775676	0.5370488995115569	0.9410358313770463
554	0.8171561578665407	0.45768559318615953	0.17943963646455172
555	0.8324904001948871	0.3135176262846239	-1.204043236215908
556	0.7569115174853985	0.28105028755753386	-1.5156104173021356
557	0.7102611805061244	0.46680958307186016	0.26699642184946165
558	0.7696394379525149	0.5341430456510677	0.9131503091427982
559	0.6003913186054044	0.5382438971136916	0.9525034184629954
560	0.6602339232118445	0.5232567621649757	0.8086819790841603
561	0.7347172886430073	0.45932489616206174	0.19517092295653488
562	0.7119993971131956	0.3716543167238442	-0.6461445765787067
563	0.6693748922454104	0.1913785397830626	-2.3761297814548783
564	0.7298478063764215	0.2984631662708929	-1.34851074889627
565	1.0114154548035137	0.4008732044312893	-0.36575059190364523
566	1.0574077989531643	0.6174934860675839	1.7130083443565485
567	0.8423953557229592	0.5487988752064323	1.0537924338154672
568	0.7144568539121359	0.4961855765366477	0.5488980446576956
569	0.7036080865958138	0.45136723965493	0.11880665341106672
570	0.7749419277655168	0.43678663683527075	-0.021113570948704617
571	0.7123919839394073	0.3729141369302355	-0.6340549306215744
572	0.7837785425920734	0.48106405547857184	0.4037869923043451
573	0.9579488520142668	0.5574283287471204	1.136603486996842
574	1.0692336812763787	0.37399518620506855	-0.6236808288817847
575	0.9898501431931527	0.5206437638602166	0.7836067943626724
576	0.9961667008808679	0.5308673277769161	0.8817154510947742
577	0.7254336972093615	0.5542894793110442	1.1064820631600192
578	0.6282502046546641	0.5835462254804404	1.3872393499945066
579	0.6550622968133558	0.6007282413101456	1.5521235828057858
580	0.6977836410414068	0.5778651729015172	1.3327221149203274
581	0.6613641403196452	0.5072384729344175	0.6549652466060306
582	0.5954189913706825	0.5466400575268995	1.033075714636696
583	0.6262701412702654	0.6175673315938798	1.7137169901330696
584	0.4996242253739244	0.569639633189913	1.2537871506967584
585	0.5964336239264468	0.5433815219710914	1.0018057437245043
586	0.6538548286685568	0.574425565260219	1.2997145171664737
587	0.5650952287891872	0.5232625752419859	0.8087377632687751
588	0.5577323453458836	0.5514774852064771	1.0794972497832442
589	0.5779499705491847	0.534668029568861	0.9181882261940641
590	0.5587088463335526	0.4504839635062897	0.11033044715142268
591	0.61276103622938	0.5270696483967986	0.845271680046017
592	0.8696973018350562	0.6241920290405524	1.7772897494022708
593	1.0101483939839273	0.6343921211758993	1.8751731632583677
594	1.0572014447588716	0.5928926108294281	1.4769303148440518
595	1.0770449332004401	0.4454048281172343	0.06158940592148968
596	0.9772079075764885	0.26341717306150625	-1.6848235401724136
597	0.9294388633111672	0.32362441604841663	-1.107055182374937
598	0.823724700447277	0.3833604657238754	-0.5338085494108287
599	0.8938222374754912	0.4362349305580038	-0.026407924484746766
600	0.9429711216587897	0.5563801108425703	1.1265444458037832
601	0.7841560809920768	0.49677662979555803	0.5545699846740442
602	0.8318325246584918	0.5037628322514334	0.6216118640215065
603	0.9976226090959242	0.548914596569918	1.05490293379564
604	0.8549752045250982	0.575449762104755	1.3095430444261844
605	0.7990152778126642	0.6347530303037658	1.878636565064807
606	0.8354220323088788	0.6553655499385418	2.07644103224564
607	0.9219918475551918	0.5808698743661196	1.3615562110315285
608	0.8639129713657538	0.5834219029838474	1.3860463107332763
609	0.6983802853589576	0.5326134865393904	0.898472160596782
610	0.7872509166724686	0.30404010378064944	-1.294992636013212
611	0.8366099788903466	0.35760871694692864	-0.7809307370935372
612	0.9201615495605414	0.5523345821400862	1.0877222317494881
613	1.1045064929188555	0.5427924144910307	0.9961524760371785
614	1.0557127114547873	0.4892772488186016	0.4826034767159271
615	0.670577428587226	0.4542752833127499	0.14671318965534016
616	0.6015962516009665	0.4834253954410707	0.4264471814219758
617	0.4598406022530784	0.4535465446729693	0.13971997577804707
618	0.4449181904666558	0.41929884870628104	-0.1889320945604447
619	0.6122268165884548	0.4089928398870504	-0.28783191949060755
620	0.6215718639037473	0.4484439274156847	0.09075359487514895
621	0.5738899117828595	0.44434258749121774	0.051395798115651696
622	0.6111590027288876	0.5199852388053848	0.777287372967121
623	0.5522256462468369	0.5041362023295224	0.6251948451740417
624	0.6324682285276831	0.456766262197305	0.1706174361884437
625	0.7318049813420613	0.42225007485348115	-0.16061116505155665
626	0.8342212506973916	0.29732021177806073	-1.3594789133163627
627	0.8380408815693948	0.31992460605042544	-1.142559766884259
628	0.6792361502852978	0.4350313720700112	-0.03795766462600969
629	0.8012983976227537	0.3662911749123945	-0.6976110361491932
630	0.8371818907680335	0.3449040998655013	-0.9028483899111209
631	0.7717423862672745	0.38889908798769807	-0.4806581221354078
632	0.5513851656050506	0.4458904070247074	0.0662491796303242
633	0.5535489455074581	0.4310786419112839	-0.07588935356119188
634	0.6861488282218824	0.4958245685669851	0.5454336943331157
635	0.5894039721407122	0.41389256184547657	-0.24081258810884001
636	0.5363344071855681	0.43543793463882824	-0.0340561574970681
637	0.515575137861807	0.4355853280480467	-0.03264172222699849
638	0.6152229531296175	0.3476351440890208	-0.8766403980182154
639	0.5950287228034675	0.39566939361592224	-0.4156880592235996
640	0.47175767121250767	0.376750637129761	-0.5972386223170829
641	0.6176085919814999	0.44723777194661407	0.07917893325570102
642	0.6719505720363305	0.469405102753424	0.2919038759970333
643	0.7742939372669017	0.5206089073918712	0.7832723003138594
644	0.7987881746462331	0.547595068787184	1.0422403144449393
645	0.7986277152818866	0.4526438648783278	0.13105756579723532
646	0.7675993179551008	0.2185103809198185	-2.115763776969113
647	0.7680443905285711	0.19889756108503648	-2.3039747985264927
648	0.7017584260345459	0.4719853592116612	0.3166648592710247
649	0.7748353662279306	0.5318845366333032	0.8914769193390443
650	0.9554700754455348	0.5526063843886933	1.0903305348544396
651	1.067485091851286	0.6650970340441094	2.169827530475237
652	0.9796141401672691	0.632712529254225	1.8590552508908043
653	0.9593222364225416	0.4630625989397203	0.23103913894929098
654	0.781265216586712	0.3864965791981211	-0.5037133807568611
655	0.8023042405235367	0.5756162293025658	1.3111405179980475
656	0.8578274316787833	0.5026719003901332	0.6111429257558999
657	0.9512283159216074	0.3332003216279711	-1.0151616664681262
658	0.9851431634343345	0.38941685994228636	-0.4756894134373346
659	0.9298455378523538	0.29797753956634265	-1.35317098128146
660	0.8536778452369167	0.4009092241411128	-0.36540493500987953
661	0.7735631312955874	0.542030344080775	0.9888393996095601
662	0.7956992275051349	0.5882532129105892	1.4324091379265276
663	0.7596207119677508	0.5521725140370587	1.0861669733272092
664	0.44592727687244865	0.4202286421684923	-0.1800094929746283
665	nan	nan	nan
666	nan	nan	nan
667	nan	nan	nan
668	nan	nan	nan
669	nan	nan	nan
670	nan	nan	nan
671	nan	nan	nan
672	nan	nan	nan
673	nan	nan	nan
674	nan	nan	nan
675	nan	nan	nan
676	nan	nan	nan
677	nan	nan	nan
678	nan	nan	nan
679	nan	nan	nan
680	nan	nan	nan
681	nan	nan	nan
682	nan	nan	nan
683	0.4153288524730775	0.29931552798074157	-1.3403312076830014
684	nan	nan	nan
685	nan	nan	nan
686	nan	nan	nan
687	nan	nan	nan
688	nan	nan	nan
689	0.5102970591429815	0.4003451414726823	-0.37081805643568483
690	0.5321876720301306	0.4298499719604349	-0.08768007149742896
691	0.5185347368710018	0.4752870758757517	0.34834921019436593
692	0.5707633523014477	0.3866363664915914	-0.5023719362564568
693	0.6866616626665855	0.5420734586655737	0.9892531412396437
694	0.7019433430540709	0.5645163358309074	1.2046223167869194
695	0.7211334632203292	0.5365965310011264	0.9366947554794578
696	0.8836680943851261	0.5288680450327767	0.8625296812347362
697	0.9798244308945189	0.5346878574556767	0.9183785010685775
698	0.8972956687644162	0.4845410444472249	0.43715331347828384
699	0.7119283407981368	0.409410977492027	-0.2838193345361158
700	0.711716527275017	0.3887347467341281	-0.4822351944523404
701	0.7931705455591782	0.4172224152801345	-0.20885822755014674
702	0.7988842447468152	0.4512478599296141	0.11766104659653324
703	0.5705721521001146	0.32998572086497463	-1.0460100247663922
704	0.636258306037861	0.4229803572375982	-0.1536031368996703
705	0.71257258827856	0.4741153711750662	0.3371051493944746
706	0.6203177417884908	0.4606129647785749	0.2075316498786274
707	0.7397312276969743	0.49560149098449485	0.5432929690299353
708	0.6641195413153776	0.2689157047208961	-1.6320578354243356
709	0.6243484591171236	0.3170910833662085	-1.1697511755391587
710	nan	nan	nan
711	nan	nan	nan
712	nan	nan	nan
713	nan	nan	nan
714	nan	nan	nan
715	nan	nan	nan
716	0.435167796344471	0.43699287181749497	-0.019134472735787212
717	0.44281789104926966	0.3974494798480065	-0.3986057706479075
718	0.5849402219894059	0.4364894401683467	-0.023965567181598653
719	0.6984713694535766	0.48738857418130554	0.4644791383561469
720	0.5722881468705809	0.45927018936228114	0.19464593864731383
721	0.7037294130653499	0.3808098877745224	-0.5582847280252939
722	0.7953588519419317	0.2929933410713504	-1.401000977084696
723	0.8428766533009096	0.28339137812828596	-1.4931445479579328
724	0.8879146373030037	0.3007717138190038	-1.3263571730206998
725	0.92095104563201	0.2552458199520157	-1.7632385120733873
726	0.8024711833075752	0.3949759364451031	-0.42234270060743057
727	0.8613663991355409	0.48374034355424966	0.42946952632792634
728	0.8488096328838449	0.6155349648233643	1.6942137351559539
729	0.6780748396519966	0.5988436453847028	1.534038385096407
730	0.6005202472763862	0.539049360137231	0.9602329045728004
731	0.6015800487734309	0.41946800456191324	-0.1873088197504406
732	0.5290799191212153	0.3611524272296722	-0.7469241364090328
733	0.6925910907666305	0.4729977793783448	0.3263803736856778
734	0.7279756972065534	0.48536486326915745	0.4450589478215489
735	0.7748761003630618	0.5468703233822991	1.0352854209532603
736	0.6245594896337299	0.39138425308236824	-0.4568096666278975
737	0.6458841807380563	0.30899922626119136	-1.2474032778304733
738	0.7641750028407652	0.2979769783746043	-1.3531763666605772
739	0.7729777099410939	0.3440271783386172	-0.9112636151459859
740	0.878717944691331	0.3176842994209165	-1.1640584806283112
741	1.0270386194792906	0.36874099137941907	-0.674101797611801
742	0.9822830564806645	0.3579518003669278	-0.7776383965988303
743	0.7416382970112159	0.36099661251242576	-0.7484193852999965
744	0.7945329124417876	0.3532479187139871	-0.822778380478911
745	0.8065196265050457	0.44464008684885914	0.05425069906747975
746	0.8350746604603677	0.39872363212239753	-0.38637858948767934
747	0.6035155361264716	0.34694031744246195	-0.8833081813382971
748	0.5909981803643027	0.32823519309951216	-1.0628086606472948
749	0.5518918232791387	0.2590121602741739	-1.7270954808551522
750	0.4484080944638599	0.34077578579307255	-0.9424650393999198
751	0.43727835984620417	0.2743692008353704	-1.5797243064667021
752	nan	nan	nan
753	nan	nan	nan
754	nan	nan	nan
755	nan	nan	nan
756	0.3289253510533468	0.19135597156948345	-2.3763463533995677
757	0.42012692928375905	0.3111498024851618	-1.2267656463496261
758	0.4760005298468033	0.4322349978342222	-0.06479258464302887
759	0.4878273357123744	0.4648264834806491	0.24796595080776376
760	0.5289495470991368	0.4447494770676472	0.05530044331639079
761	0.5504103165697398	0.4050604189665594	-0.32556871434591195
762	0.48135260818117975	0.4447998274414511	0.05578362193982429
763	0.4189177093157879	0.49939966756637943	0.5797415113891559
764	0.48140975227119087	0.4502799415301816	0.10837258566761046
765	0.6152374621895589	0.3968262397082971	-0.40458658647951173
766	0.7139702815457554	0.6483320790694778	2.0089455497748845
767	0.7981075816887393	0.6606233690519991	2.1268967808245756
768	0.8155624779277275	0.6731603905424577	2.247206131641199
769	0.7934442540926153	0.684159945781781	2.3527614544203557
770	0.9258721614036465	0.5510803090576465	1.075685817804602
771	0.8763815705433429	0.4408384288570538	0.017768747962185878
772	nan	nan	nan
773	nan	nan	nan
774	nan	nan	nan
775	nan	nan	nan
776	0.6584063702421207	0.26931782010636396	-1.6281990049185544
777	0.6947394400083169	0.379336704519354	-0.5724218754488765
778	0.8730498907167845	0.3977152055568578	-0.3960557800020816
779	0.8413628511742235	0.4775004832349078	0.3695897897590953
780	0.7413666793880214	0.3713852385735147	-0.6487267383473307
781	0.7584393256251645	0.24647795402742662	-1.8473778156741123
782	0.8354633794992317	0.2816901081420635	-1.5094704901095037
783	0.8135381085664884	0.28128876452138163	-1.5133219145084633
784	0.7132179382048133	0.36359874974263584	-0.7234484269953784
785	0.5921615476330409	0.4597797553504882	0.19953590021323125
786	0.6187198880289684	0.5820591742748243	1.3729691211913646
787	0.594546186794962	0.5707849617244911	1.2647780971964293
788	0.5108458113240207	0.4944121756872206	0.5318799111963629
789	0.4757062774712445	0.499849481045197	0.5840580683693201
790	0.5430302590640637	0.4378784607354409	-0.010636072386903813
791	0.5565615540716832	0.4921233939166736	0.5099160141746498
792	0.627619729180436	0.46490719110325746	0.2487404475005672
793	0.5689303352452483	0.4664564942316448	0.2636080660761839
794	0.5154612546840525	0.3495844361171312	-0.8579343553881964
795	0.8038649563668431	0.4037749162065846	-0.3379048184710624
796	0.8626462892803765	0.5621693594529541	1.1820999653154465
797	0.7771358512993265	0.5796186202435369	1.3495487680109426
798	0.7323759478344511	0.5942279006741089	1.4897441920865722
799	0.6204225986887241	0.5356754377092884	0.9278556435686334
800	0.5373777588536927	0.38061298525267523	-0.5601742689019382
801	0.5885019833295263	0.523222863620548	0.8083566775859672
802	0.6871167020562177	0.5819096186948017	1.3715339370244382
803	0.5988200300909013	0.5394026922172995	0.9636235945551124
804	0.5517609558008196	0.5120309072912135	0.700955011139514
805	0.5848334721086639	0.3770100414832167	-0.5947492934611807
806	0.6270475427545926	0.38891385319807575	-0.4805164303566578
807	0.8986888308476876	0.4071689255474751	-0.30533479689306214
808	0.7237365413119232	0.4531126011650777	0.13555571221949284
809	0.5905402920992642	0.4865934586877057	0.4568489505214974
810	0.4807327206914662	0.4742188960723807	0.3380986081038457
811	0.492357206237701	0.3448019055465843	-0.9038290799558344
812	0.6680768616053784	0.48550044784779006	0.4463600616984334
813	0.5817673744134145	0.4845233297928834	0.4369833178724382
814	0.6406277785321024	0.5511858281161326	1.0766984131355508
815	0.6581462008335746	0.5231821499695993	0.8079659761008703
816	0.5720117495985881	0.49147704135986936	0.5037134040437695
817	0.5905528615748787	0.5791223771408247	1.3447866572033658
818	0.7002367384478491	0.5291333269247316	0.8650754128687438
819	0.666333903663868	0.6805770324485905	2.318378648466291
820	0.7160790820403197	0.6885805653298412	2.3951831626737214
821	0.8956808210795032	0.459731057617666	0.19906858087214666
822	0.7960477334287536	0.43065267037077487	-0.0799771155183684
823	0.7082130770955851	0.3798077052011633	-0.5679019991524376
824	0.6225443517466126	0.4221808861050599	-0.16127512286743123
825	0.6223001653757089	0.3778437526580996	-0.5867487288697374
826	0.6394782841484293	0.36316922910486005	-0.7275702472484964
827	0.616243395666144	0.4041197075424646	-0.33459608825802983
828	0.5089873687657969	0.3392579292627613	-0.9570308861549481
829	0.6128226078609739	0.404076871605063	-0.3350071558967295
830	0.5603738661550024	0.4297437471973057	-0.08869943900050388
831	0.5963540319087387	0.4075700402811372	-0.3014855689686625
832	0.615986887183543	0.39213220709336055	-0.44963205577577764
833	0.569109940954248	0.4005478542832495	-0.3688727581317682
834	0.6059948711460115	0.5165139970920981	0.7439762043318159
835	0.5384856566812616	0.49467683294532644	0.5344196486400493
836	0.49895847743532384	0.3833249356492585	-0.534149507605315
837	0.4612513685228287	0.38000803836629843	-0.5659795367029005
838	0.4576100216522863	0.3138239787933089	-1.2011033775366362
839	0.4446085980001363	0.23683725086146218	-1.9398931503726835
840	0.47351906936755583	0.3699135766261328	-0.6628492868047771
841	0.6065485104279202	0.4453136769663444	0.06071468972210366
842	0.6306214302781572	0.455047178904871	0.15412055173547853
843	0.49426496820362315	0.6174380847448245	1.7124766951781023
844	0.5329317648017331	0.6286483951005264	1.8200544928530775
845	0.5609781389265474	0.5161766532179348	0.7407389423925715
846	0.5413239661826394	0.4629651147651674	0.23010364898747823
847	0.5902657532909461	0.45709612032829616	0.17378286249255717
848	0.7444310562923954	0.47434918995493647	0.33934895073407806
849	0.6422728070079609	0.36163490409985544	-0.742294130862663
850	0.4693466673636912	0.4598324349537157	0.20004143088256904
851	0.6319348400205174	0.5778411729015426	1.3324918030859942
852	0.7168063105569951	0.49279414108819614	0.5163527229917624
853	0.6581896757188612	0.6028633774228845	1.572613045938975
854	0.6326768261885173	0.5754045801633001	1.3091094637667584
855	0.6375637141960012	0.38482144820860414	-0.5197884845632135
856	0.48408545919353374	0.4547309980241088	0.15108637678937373
857	0.6304168289065067	0.43979513539900117	0.0077569633652565355
858	0.8652228479632759	0.4241774613535476	-0.14211533501950335
859	0.7432805512010014	0.4141020370681352	-0.23880239549096763
860	0.6609084699874469	0.4422852209867969	0.03165263753104901
861	0.6714644642028672	0.42988028731251915	-0.08738915548266343
862	0.6535776363730551	0.26926461704035926	-1.6287095589075822
863	0.7147367199781413	0.44091669970109526	0.018519860532397348
864	0.658469853506513	0.45897775543449576	0.19183964721394658
865	0.6414154736261807	0.43118463269131313	-0.07487223143632622
866	0.6468423078586557	0.4083954067008045	-0.29356508337233594
867	0.5458624395406185	0.4224104256836442	-0.15907238614027358
868	0.42811581688218575	0.5031946549642292	0.6161594492972989
869	0.38619612448554785	0.5555549276854049	1.1186257188542492
870	0.42114470164627554	0.4949653471974578	0.5371883255862986
871	0.44687473574034114	0.47681892632117284	0.3630493471269726
872	0.562451942750118	0.38196210227299743	-0.5472277015682099
873	0.5739759362792313	0.3129780238528455	-1.2092214372994534
874	0.5608978061122847	0.41491688108975744	-0.2309828862612205
875	0.6453003277594487	0.5006071250996592	0.5913286680418017
876	0.579577533173809	0.44965310381585016	0.1023572463355383
877	0.6510269981189027	0.34589115151915595	-0.8933763200288094
878	0.6427364305185498	0.33011123380895235	-1.0448055615834475
879	0.5357246493608605	0.2759791333347266	-1.5642748686553736
880	0.5658291348075227	0.24319348961739562	-1.8788966083356604
881	0.6435112606517182	0.31222100304612077	-1.216486056083193
882	0.6374461556373338	0.39475828240694333	-0.4244313798087502
883	0.6443554370388727	0.499525486185615	0.5809489079316594
884	0.6224764809088985	0.5060072409493599	0.6431499425531759
885	0.6308125235522309	0.43699613290021627	-0.019103178321443398
886	0.5184045686776274	0.3843546832559585	-0.5242677134198831
887	0.6773322356040414	0.4350089948908975	-0.03817240334160684
888	0.7901489280052489	0.46303119452828917	0.2307377719655196
889	0.6744295732169061	0.444414640041778	0.052087237911713574
890	0.6014950276807002	0.6304553828349835	1.8373949370272848
891	0.6595813223840133	0.5184307934006713	0.7623704074292303
892	0.616316731892931	0.5503008202962568	1.0682055891934428
893	0.48584100966944715	0.5497626207740487	1.0630408508881
894	0.6283155066802053	0.4775280316718515	0.36985415355293827
895	0.3819910409549069	0.3629395785346042	-0.7297740490879667
896	0.39614591135889543	0.3299511116568299	-1.0463421460256037
897	0.39454480422305865	0.3531101042113807	-0.8241008934341857
898	0.41798634700222836	0.30414511994261356	-1.293984866641454
899	0.6847429074162044	0.4064119390708282	-0.31259908623416793
900	0.7307733284514562	0.4222141689555671	-0.1609557297690864
901	0.7379684951062881	0.5410868474918752	0.9797852983467822
902	0.6232035784250326	0.6762916496597541	2.2772547163012216
903	0.6508326833636715	0.40643953687358175	-0.31233424870989834
904	0.8685279584830934	0.3219985645380945	-1.1226573842121077
905	0.6450417660461283	0.40081359773689584	-0.3663225972010966
906	0.484267434772312	0.3440558911053496	-0.9109880780634054
907	0.4816858764632659	0.45876620646018207	0.18980955419823523
908	0.6436924660534317	0.5129530130234907	0.7098038387592954
909	0.71783282823293	0.5642799910303062	1.202354274927786
910	0.6205887335046306	0.5248135910872717	0.823621817634849
911	0.5663386601623447	0.39577988928831176	-0.41462770668106413
912	0.7399635582180604	0.433040915459766	-0.05705873602398978
913	0.8243240835208777	0.35500153705731674	-0.8059500864039045
914	0.6389906984930117	0.32417280053402964	-1.1017927058359742
915	0.6079642941422392	0.3521270881190531	-0.8335342367526318
916	0.7122926162564225	0.5404519006081078	0.9736921407776391
917	0.6572082712754548	0.5689182301266746	1.2468643314065961
918	0.5792815384077209	0.4806692417496946	0.3999982308787657
919	0.6883576163949877	0.4026497693422038	-0.3487020950754008
920	0.6684477218289449	0.35669232208358376	-0.7897247613507835
921	0.6428735257500611	0.29046800076395207	-1.4252349670483706
922	0.5522934436329143	0.39502612296638806	-0.42186109436625646
923	0.45848593242777835	0.501523304282748	0.6001206225609044
924	0.6124142972560982	0.5580598260473525	1.142663541236295
925	0.6422015300670015	0.48912893097850235	0.48118017030535415
926	0.4144322268416943	0.5509845700270921	1.0747670748142852
927	0.4787345070589115	0.5575269211592812	1.1375496119685131
928	0.5482718285862624	0.3840365633727381	-0.5273204956665462
929	0.49897665015334264	0.3463217439623976	-0.8892442143805598
930	0.49944603254710973	0.3431007007860229	-0.9201543961806697
931	0.5335534619994466	0.3649198397982838	-0.7107708155638063
932	0.46854511872249	0.4114470828307839	-0.2642802030377341
933	0.40799200214942927	0.46940245419824095	0.29187845959690045
934	0.46477341902024816	0.38663983244236594	-0.5023386758613969
935	0.535456273505335	0.41663492099469407	-0.21449601449528402
936	0.6605228286137972	0.5942124548990365	1.4895959693868477
937	0.5488002487750079	0.5654172533792904	1.2132678156773653
938	0.43740999411461673	0.46461412851767214	0.24592812326173233
939	0.45765499394448006	0.4421923876667153	0.03076177868697128
940	0.46905738768084787	0.34302477297215694	-0.9208830242684568
941	0.5101207254271146	0.35461355729080996	-0.8096732668956936
942	0.41927597404453265	0.35141192589261566	-0.8403971669355895
943	0.4983039554211945	0.3259881837334057	-1.084371696039783
944	0.5467773405404334	0.4241715337502199	-0.14217221823604737
945	0.5850962507074339	0.49955585490039656	0.5812403360322882
946	0.5943635365036782	0.4324070435094777	-0.06314157818056515
947	0.6140453807709132	0.3503151963316451	-0.8509217418198385
948	0.531868037826765	0.33212352156180847	-1.0254949914143996
949	0.6146666371103493	0.3569146065528298	-0.7875916470211988
950	0.5057939572208813	0.2780738325416201	-1.5441734512709295
951	0.5030328513547522	0.31192778911103924	-1.2192998327212001
952	0.4236634415975819	0.4015559467657842	-0.3591987735869406
953	0.40271908018326036	0.4291728065624242	-0.09417837171109238
954	0.44981275374925417	0.4310579962279383	-0.07608747627816818
955	0.3762936014086906	0.5120619423845384	0.7012528340261778
956	0.3936099545129924	0.4560194819279911	0.1634510889446269
957	0.3972467712010516	0.3763722462428394	-0.600869784790172
958	0.4304813202113939	0.35324069454142487	-0.8228477059970821
959	0.3203045617060252	0.34572024981950544	-0.8950163485279276
960	0.31749538908323716	0.36153987823980616	-0.743206030036005
961	0.30555747115765153	0.345557659093243	-0.8965766222133741
962	0.3375074772666197	0.41515754966599794	-0.22867335203959602
963	0.3807179880218089	0.42298430282578076	-0.15356527374746984
964	0.4651312045185092	0.39134481543060307	-0.4571881232082911
965	0.43755127419601164	0.5865172581181273	1.41575034905175
966	0.42452683846290556	0.5624890112420781	1.1851674482312367
967	0.4797356812848216	0.4689842364791275	0.2878651058409992
968	0.47026246409350675	0.46993209744035636	0.29696108904535534
969	0.3720177441265989	0.3753320200662365	-0.6108521347530237
970	0.275187730832646	0.36879259024080685	-0.6736066380939549
971	0.2965141710205723	0.3753557211103699	-0.6106246917965339
972	0.3488065519535952	0.32756451634124206	-1.069244693755851
973	0.33927791192004625	0.2181524152352658	-2.1191989325326523
974	nan	nan	nan
