ID	SN	ssim	z_ssim
5057	0.7417567122849724	0.3523859667765728	-1.2817961583824475
5058	0.7265847380756952	0.4190098444631955	-0.6719454223254258
5059	0.6145721626228283	0.4007176168437151	-0.8393858185499554
5060	0.771836205078199	0.5648723037257493	0.6632264594850013
5061	0.7811629018642852	0.6045645833575515	1.0265551456820832
5062	0.8056214706962931	0.4639161539133887	-0.2608894042320279
5063	0.9034073589936764	0.4401976933568491	-0.47799956249364245
5064	1.1870263161645622	0.5662762903412389	0.6760780421397663
5065	1.3875403762129495	0.5778424969226501	0.7819508889626323
5066	1.179715810733503	0.5468877449562909	0.49860235197200997
5067	0.9585707191768921	0.49652792979761007	0.03762692681473695
5068	0.8187585219345916	0.35223312962695064	-1.2831951740421537
5069	0.8790117812425771	0.36904985378455896	-1.1292609996636402
5070	0.9374976271910157	0.47283140924313316	-0.1792824006505983
5071	1.2581227493994829	0.5576589691584313	0.597198219339686
5072	1.2338487884023797	0.49245846762256085	0.0003765506885769246
5073	1.0850841127299262	0.46699322975208757	-0.23272297156113916
5074	0.9495038709437066	0.6049176003869876	1.0297865351285955
5075	1.078604487745692	0.5849822097934414	0.8473052228842997
5076	1.2449118784355258	0.5924762643968335	0.9159030721032722
5077	1.1799416041398418	0.6426676866802994	1.3753370901485238
5078	1.3704135246922022	0.5147630085672624	0.20454420326085354
5079	1.528747520083528	0.4526836305493075	-0.3637078362900294
5080	1.383894190756783	0.5166679403746856	0.2219812559397715
5081	1.2981621680754418	0.4327607929866429	-0.5460742426569025
5082	1.2193784659549223	0.4873394063114162	-0.046481474045540566
5083	1.102106880762347	0.5335972294723528	0.3769458088242019
5084	0.9393454473590143	0.4955218110714332	0.028417282059356706
5085	0.8137822103292218	0.5074806942185659	0.1378845472942523
5086	0.5989779851698849	0.37400041130383305	-1.0839453973322537
5087	0.7940421275663819	0.35009900999407767	-1.302730128688041
5088	0.9841704690144586	0.440891747083208	-0.47164644720554694
5089	0.9963806920303735	0.3569649049329808	-1.239882224489559
5090	nan	nan	nan
5091	nan	nan	nan
5092	nan	nan	nan
5093	nan	nan	nan
5094	0.8312122832727284	0.5045764970984999	0.11130058351391345
5095	0.8861036636732885	0.524347576985935	0.2922778553369172
5096	0.9050406042362052	0.5293211456165352	0.33780409300907005
5097	0.9526858678398579	0.37924019935835945	-1.0359822839141746
5098	0.8120240914492988	0.6247036509694356	1.2109008432468422
5099	0.6461204935706167	0.7348320967431166	2.2189765669656447
5100	0.708735107478043	0.7342552812137765	2.2136966074773694
5101	0.8368372321166451	0.4599381528238652	-0.2973025788582874
5102	0.9252053864980638	0.47727174588039234	-0.1386371746355236
5103	0.8714081783890226	0.45577745685157467	-0.3353880759700885
5104	0.7970519128973521	0.5585476512461649	0.6053328918346474
5105	1.1124886834635586	0.39119907452603575	-0.9265150917203193
5106	1.2623843257878549	0.5401091590779357	0.43655364314744527
5107	1.1260971188672364	0.6087547561651037	1.0649104630190822
5108	1.2297393792692128	0.5577942912663262	0.5984369086800554
5109	1.5560969198078738	0.30697449821545897	-1.6974762191812238
5110	1.4231572901021585	0.3286126531598783	-1.4994084215991021
5111	1.100582814429999	0.4962909652904705	0.03545783993303079
5112	0.7759746356266385	0.43011284161688623	-0.5703126260708049
5113	nan	nan	nan
5114	nan	nan	nan
5115	0.5666717647633119	0.48103137045195554	-0.10422293920103684
5116	0.8491866499500755	0.6654248335860867	1.5836477330134138
5117	1.1657121793826757	0.6257424881589502	1.220409980911402
5118	nan	nan	nan
5119	nan	nan	nan
5120	nan	nan	nan
5121	nan	nan	nan
5122	nan	nan	nan
5123	nan	nan	nan
5124	nan	nan	nan
5125	nan	nan	nan
5126	nan	nan	nan
5127	nan	nan	nan
5128	nan	nan	nan
5129	nan	nan	nan
5130	nan	nan	nan
5131	nan	nan	nan
5132	nan	nan	nan
5133	nan	nan	nan
5134	nan	nan	nan
5135	nan	nan	nan
5136	nan	nan	nan
5137	nan	nan	nan
5138	nan	nan	nan
5139	nan	nan	nan
5140	nan	nan	nan
5141	nan	nan	nan
5142	nan	nan	nan
5143	nan	nan	nan
5144	nan	nan	nan
5145	nan	nan	nan
5146	nan	nan	nan
5147	nan	nan	nan
5148	nan	nan	nan
5149	nan	nan	nan
5150	0.916525497961806	0.7456080937995347	2.3176161233048345
5151	0.9549300626739401	0.7345897897547293	2.216758576954394
5152	0.9025940409254574	0.5049482768878994	0.11470372043852897
5153	1.08334562855274	0.44517070975839995	-0.4324783797252853
5154	1.1233880252061152	0.5067540913291664	0.13123348881029936
5155	1.3293284207465692	0.42968034316799686	-0.5742715595126461
5156	1.3631632801629638	0.43366379105803443	-0.5378085268562328
5157	1.352734153654465	0.4624320752002572	-0.27447412080807204
5158	1.549534209826178	0.33790416811102275	-1.414357274340857
5159	1.3569015597081222	0.3214802851684126	-1.5646955231677682
5160	1.3018276439230676	0.4561492364871576	-0.3319849404534539
5161	1.1903623407446313	0.571783358090244	0.7264877366346425
5162	1.3940198104847388	0.32860845997295124	-1.4994468045065927
5163	1.3036148767137454	0.49635337274838903	0.036029095096623595
5164	1.1684183687475806	0.5938544518552826	0.9285184986611966
5165	1.0804420173839275	0.5094505512977414	0.15591590228852242
5166	1.1515263779836884	0.3700585583192045	-1.1200276853583526
5167	1.7585572832932865	0.3438015480480745	-1.360374804086937
5168	2.044322383390192	0.35851763916736656	-1.2256690602514282
5169	1.6463444239508973	0.3957978178864484	-0.8844198681958543
5170	1.3467617134060044	0.3900244164026399	-0.9372674847968356
5171	1.147003741294747	0.5481864936026116	0.5104906245465557
5172	1.0033688724873784	0.6303240629285521	1.2623480494021686
5173	0.7815857260033934	0.595227772481781	0.9410893760101822
5174	0.609355740019065	0.5354793934792815	0.39417445334118123
5175	0.4511946550719356	0.4097452017808353	-0.7567505906123677
5176	0.36009074735048785	0.3605601214001052	-1.206972921025219
5177	0.4480451483433746	0.3064154543590327	-1.7025935032416526
5178	0.49299688459734214	0.36931942251533645	-1.126793465581402
5179	0.5677008397009279	0.3049773737574244	-1.7157571698406662
5180	0.5823316957507755	0.3753030815085696	-1.0720212282387809
5181	0.6554097638848171	0.32873856828863113	-1.4982558403231847
5182	0.6670737266540141	0.18420455492445245	-2.821267611718744
5183	0.45827372338860956	0.3977943153082851	-0.8661446571976282
5184	0.4446792430060375	0.4662269867581383	-0.2397368811395715
5185	0.511466875475009	0.271647027291616	-2.0208510345481256
5186	0.7556069639542596	0.25502776443909253	-2.172977719983783
5187	1.020728834681501	0.5471646218255712	0.5011367820951262
5188	1.1829263123529665	0.6967866984786363	1.8707228336073034
5189	1.1963047458301652	0.7251283027845505	2.130151567676157
5190	1.0760249231316004	0.6296251873077092	1.2559507962463539
5191	1.0853599286158184	0.5984651695732018	0.9707233310975525
5192	1.238868220049816	0.5969582354189643	0.9569294041292976
5193	1.0090655695570805	0.49609554346625545	0.03366901965601637
5194	0.9630671034040097	0.4722837603060441	-0.18429537976531715
5195	0.8915283942258648	0.38366586777771805	-0.9954713254289094
5196	0.8602887103829215	0.3702927844580687	-1.117883664503517
5197	0.8045624531949426	0.3943464557778291	-0.8977051088777317
5198	0.9051668172894404	0.4337478633408518	-0.5370389597679985
5199	0.9256251857373853	0.4459120494602789	-0.42569242582170536
5200	0.9455747723008804	0.6348634899900453	1.303900313107837
5201	0.8596287165693149	0.6134763610484106	1.1081303162224532
5202	0.7611246922839372	0.4242717371575573	-0.6237799710767975
5203	0.8011336619645519	0.5379323414893525	0.41662784695011823
5204	1.0106628576337013	0.6031074033275607	1.0132166498647515
5205	0.89561481652751	0.5695399431888624	0.7059523328665784
5206	0.9820985165377616	0.5853348047911996	0.8505327492063833
5207	0.8145282664875189	0.6490930933837483	1.4341529253059369
5208	0.8276213048320622	0.7259338713120885	2.137525448880944
5209	0.6954938646537684	0.5406441193541807	0.44145047487741207
5210	0.7234387844442424	0.5008309854846257	0.07701553295928348
5211	0.820794477754498	0.44234477589001636	-0.4583459501748546
5212	0.8360211825243511	0.4092751181201534	-0.7610535654080363
5213	1.0818442612992498	0.38712912852900455	-0.9637698965768696
5214	1.3877234762463786	0.560720587056642	0.6252231556475293
5215	1.5499692635486542	0.47588867285330355	-0.15129732191122128
5216	1.6147478412285545	0.4367337359868242	-0.5097073679401574
5217	1.5506814041872985	0.5412051230125343	0.44658569825163413
5218	1.6163942285633084	0.48221354674637473	-0.0934017275223677
5219	1.6618157895962764	0.544410080691381	0.4759227147589859
5220	1.7001240389004497	0.6438672014302369	1.3863170117406216
5221	1.3170874875684615	0.5809874489297631	0.8107386353832665
5222	1.4549619001510377	0.5847779793580824	0.8454357717857794
5223	1.4604405051146125	0.5917257850452301	0.9090334571714644
5224	1.3132599315149522	0.5105829171142574	0.1662811669754013
5225	1.1149067303393734	0.5067103520105573	0.1308331150017697
5226	1.313439977511553	0.47719655524190424	-0.13932544238304578
5227	1.2967031441090144	0.44971150719254666	-0.3909135721269394
5228	1.302148469329892	0.5229406776714376	0.2793996108951851
5229	1.1607496940330446	0.5212521642150058	0.26394357306006067
5230	1.0237711750118286	0.48127167377024804	-0.10202329005682241
5231	1.0754641413898385	0.4707139724938638	-0.19866464624984204
5232	0.99227878007195	0.5573461294217821	0.5943345982133266
5233	0.9251258611470067	0.5685981229339422	0.6973312529228661
