ID	SN	ssim	z_ssim
5057	0.27947443258115273	0.4041013268275298	-0.19812277550686075
5058	0.363695819107476	0.3861123324297181	-0.3456174698062022
5059	0.39177058435292167	0.23307021250988275	-1.6004347315896168
5060	0.7537503110378877	0.4162970561112599	-0.09812800522219643
5061	0.7459997321568709	0.4660908571494691	0.31013947764645705
5062	0.5364024016452406	0.4001904841254025	-0.23018841164232198
5063	0.48485950897313046	0.377656774270291	-0.4149459680132346
5064	1.0586745270939184	0.474359460302505	0.3779351013133341
5065	1.536209956213148	0.41226606318217207	-0.13117877263312738
5066	1.252003704713779	0.3859361288488682	-0.3470621916576398
5067	0.3094923107856442	0.4753258035042372	0.3858583065784977
5068	0.2102936953124712	0.3236882277751144	-0.8574428686767968
5069	0.19675866683824197	0.31607594364163966	-0.9198572258308113
5070	0.19560961854184625	0.3789131997973763	-0.4046443305270457
5071	1.0838221578167297	0.45777340915539844	0.24194336717430345
5072	1.2345340388981592	0.4344433602857155	0.05065649755133154
5073	0.8408352734104335	0.4579098796555375	0.24306231102707015
5074	0.3397745115114131	0.5751929224386356	1.2046850765494141
5075	0.35228702448900007	0.6222418881597013	1.590447207698498
5076	0.6374194372353926	0.6740571987178072	2.0152893762925888
5077	0.6072542413637465	0.6855568990825034	2.1095772921324656
5078	0.6431701807806729	0.6377147910297309	1.7173120578546603
5079	0.9820748138146197	0.5263312794307256	0.8040605091588136
5080	0.9420874999069622	0.46885323419105795	0.33278865682115477
5081	0.3206669869083494	0.5513225793047337	1.008968246275481
5082	0.3915784757899034	0.6125794645248384	1.5112234229388448
5083	0.6386353429090625	0.5068523013034341	0.644349195640482
5084	0.6289046136342741	0.4978694298682533	0.5706971700206703
5085	0.6097318613667383	0.5036528430056016	0.6181163160738683
5086	0.4374333025152006	0.3545808543027329	-0.604149193386693
5087	0.7203060874245817	0.3683134235820691	-0.49155362172724487
5088	0.8452910389285491	0.4433088807570022	0.1233463435093719
5089	0.514357295445894	0.5208742128105752	0.7593171313406447
5090	nan	nan	nan
5091	nan	nan	nan
5092	nan	nan	nan
5093	nan	nan	nan
5094	0.5081689740284883	0.40738120795775523	-0.17123049604183263
5095	0.4242416852700426	0.4985843254280042	0.5765587151248392
5096	0.45596288698164716	0.42926100478866425	0.008165520963942635
5097	0.6884903553075975	0.33839100685597584	-0.7368923888708656
5098	0.4403722505384707	0.39679620983224584	-0.2580186192773943
5099	0.38395367206970926	0.6224561746957402	1.5922041779007552
5100	0.43658691760380053	0.6264452742234494	1.6249114544920853
5101	0.7538332514766173	0.4467796182244962	0.15180348516169068
5102	0.5718309778659755	0.5106361968538916	0.6753739714080071
5103	0.4324793621552883	0.5070430885537079	0.6459134913722534
5104	0.5656389739079895	0.47895286894057615	0.41559720670298705
5105	0.7038601679835904	0.30674790161735727	-0.9963393613164006
5106	0.7943599079982557	0.35804453738823117	-0.575749891761055
5107	0.3709708082282003	0.5173929681296747	0.7307738393346674
5108	0.42863634013977064	0.5992576068315092	1.4019953424511475
5109	0.5109298305170761	0.45224008884042266	0.19657477289551667
5110	0.5254252535803076	0.3888955944169058	-0.3227970515617469
5111	0.6697187407972423	0.44901717962547577	0.17014961544085938
5112	0.5899266840587094	0.2659415261108609	-1.3309174787862115
5113	0.3641982829011109	0.27308564660120244	-1.2723416715755111
5114	nan	nan	nan
5115	0.34803311439160123	0.46753716772085	0.3219980135306913
5116	0.7980680150128024	0.6138735856916495	1.5218341331133023
5117	0.9203647535558215	0.6213054932576136	1.5827695534187411
5118	nan	nan	nan
5119	nan	nan	nan
5120	nan	nan	nan
5121	nan	nan	nan
5122	nan	nan	nan
5123	nan	nan	nan
5124	nan	nan	nan
5125	nan	nan	nan
5126	nan	nan	nan
5127	nan	nan	nan
5128	nan	nan	nan
5129	nan	nan	nan
5130	nan	nan	nan
5131	nan	nan	nan
5132	nan	nan	nan
5133	nan	nan	nan
5134	nan	nan	nan
5135	nan	nan	nan
5136	nan	nan	nan
5137	nan	nan	nan
5138	nan	nan	nan
5139	nan	nan	nan
5140	nan	nan	nan
5141	nan	nan	nan
5142	nan	nan	nan
5143	nan	nan	nan
5144	nan	nan	nan
5145	nan	nan	nan
5146	nan	nan	nan
5147	nan	nan	nan
5148	nan	nan	nan
5149	nan	nan	nan
5150	0.368655637034273	0.6738236413019029	2.0133744010083476
5151	0.4646977682432839	0.6835618918051203	2.0932199026088814
5152	0.5116276507676278	0.46901809389861393	0.3341403684082797
5153	0.3853006002965514	0.496904462882244	0.5627852485723146
5154	0.5718476587705051	0.47827189943247117	0.41001382682059995
5155	0.577362528265214	0.5616689258873706	1.0937996266502896
5156	0.6185993034898886	0.5611853040098387	1.089834332126004
5157	0.8021337299921947	0.563114482817072	1.105651983303674
5158	0.7434802871140123	0.38350665273381485	-0.36698186192786536
5159	0.39733368581323963	0.36631584860295463	-0.5079320642554354
5160	0.5527572940921058	0.45924179034139845	0.2539828636216603
5161	0.5425400528158669	0.4011336903285899	-0.22245491039573215
5162	0.5815832373673283	0.2912344468793793	-1.1235367028411203
5163	0.5355979814004612	0.33488977546871856	-0.7655995551367905
5164	0.29647323622987465	0.48578926233899883	0.47164990937841006
5165	0.3343524249071881	0.3911719567088077	-0.3041327864597762
5166	0.5442852055710117	0.21610836235593844	-1.7395077029788115
5167	1.2558713031695115	0.3714762592377553	-0.4656210171670232
5168	1.5379052913008644	0.48245718868461385	0.4443296949090461
5169	1.0348629472648208	0.41734714521388855	-0.08951815367884808
5170	0.5251711035630838	0.38798424147393434	-0.3302693827410112
5171	0.9847554600247987	0.4698149927397574	0.3406742717695624
5172	1.496926699336745	0.39824156283996714	-0.24616793461352998
5173	1.1785779309566207	0.32055243778492726	-0.8831537214216202
5174	0.6710659565827238	0.3199592352478716	-0.8880174856168693
5175	0.2698417220989151	0.2510607976933773	-1.4529269941794265
5176	0.3055692788231908	0.17308532740757435	-2.09226057216147
5177	0.32114299720858447	0.1816315276604843	-2.022188884670298
5178	0.3688476963510706	0.18456526720882127	-1.9981346763990178
5179	0.40744346269832815	0.19168773286259982	-1.9397364207194552
5180	0.4079898353920701	0.28541375469562585	-1.1712615058661144
5181	0.4635503051134222	0.2778184694859599	-1.2335364860758067
5182	0.4931989507339686	0.12789106660306188	-2.4628156756895003
5183	0.34364934280209253	0.20093645381767722	-1.8639046515964965
5184	0.29218391197425164	0.2611597826979828	-1.3701237716619346
5185	0.33244115613630326	0.20066469369090506	-1.8661328571278677
5186	0.4425859151495597	0.17351961965622914	-2.088699739296921
5187	1.3041366712898985	0.3125068701645777	-0.9491206404380882
5188	1.853557388069982	0.5888508960391781	1.3166690260916707
5189	1.644857028450423	0.6500738261322571	1.81864579913948
5190	0.7866891729170266	0.5557479516736181	1.045252594931944
5191	0.6872222905921407	0.4980027036788646	0.5717899036954676
5192	0.5566978315493504	0.5278779818593573	0.8167421742279205
5193	0.4070835679947183	0.4488581177145907	0.1688454409327216
5194	0.5100356924613547	0.4233344686564619	-0.04042711382944642
5195	0.5612888018560972	0.4125820692391941	-0.12858778751486669
5196	0.6920190111777964	0.3702849490308854	-0.47538876353973525
5197	0.59387896239778	0.350975344514268	-0.6337113552442567
5198	0.6605114973469124	0.29158821566926174	-1.120636094927056
5199	0.6501243656057154	0.2972954747998246	-1.0738413479760036
5200	0.5386617254872735	0.4937684776123812	0.5370727946976322
5201	0.24809238624302496	0.4446022595129112	0.13395096653595245
5202	0.3300748222419642	0.3230290878072841	-0.8628472646038661
5203	0.9693221557227426	0.35710697894077037	-0.5834370861387917
5204	1.3758694213356564	0.4169379472323143	-0.09287323456138712
5205	0.8545010377839002	0.38674754583599463	-0.3404092516533855
5206	0.8342643997236903	0.3394205852995773	-0.7284507075607274
5207	0.548204369242875	0.4453535533488948	0.14011094703385404
5208	0.286371482287069	0.5210983332215262	0.7611547310846014
5209	0.3936788080916021	0.34893402376990185	-0.6504484764250723
5210	0.561220706283982	0.24152658118120915	-1.5310995878635427
5211	0.582599140225077	0.2980544453926155	-1.067618424498997
5212	0.40339916058624653	0.31020388958369377	-0.968003153225802
5213	0.27729232814932603	0.36647177880233534	-0.5066535671598729
5214	0.27388417565355394	0.40319436873339765	-0.20555907260485803
5215	0.2715884274232028	0.31716362594874814	-0.9109391414824565
5216	0.7798333346836057	0.3601626128697287	-0.5583834459921678
5217	0.8970280942314406	0.5923984203279817	1.345755755395463
5218	0.6411641629526487	0.559368103783058	1.0749348115634587
5219	0.7586524373832095	0.5445825938061546	0.9537060076694224
5220	0.7980916280846934	0.49049395514955485	0.5102244518191861
5221	0.3168453355736378	0.440800073469965	0.10277622404218693
5222	0.6514353313224653	0.3474450439621579	-0.6626568643262769
5223	0.9686671390662578	0.412412461996304	-0.12997842491725947
5224	0.6225984306220531	0.37925477211176867	-0.401843723501533
5225	0.49953952712587296	0.4705574448982194	0.3467617579137326
5226	0.4894632075601714	0.4737289083836774	0.3727651034551633
5227	0.444697162693589	0.44159524171029274	0.10929593792557936
5228	0.3850319896113804	0.557007538488097	1.05558015232824
5229	0.3926125312173487	0.5081145990538576	0.6546989804420222
5230	0.3309283835079691	0.48373596109352657	0.45481455811818455
5231	0.567728344573605	0.4903868538574163	0.5093463108851404
5232	0.5202827938841558	0.6464526130898128	1.7889548837455058
5233	0.4845531519993901	0.5972385138495773	1.38544047031398
