ID	SN	ssim	z_ssim
245	0.6484446305845646	0.3418653283741816	-1.1344092059968918
246	0.7310112870167481	0.35174927308379017	-1.0577181225457
247	0.9654896413266871	0.3596189952510708	-0.9966557089850603
248	0.8181651043189941	0.6177047683770517	1.0058724461075634
249	0.8462239946930274	0.6248657958073112	1.061435985603734
250	0.7264894081282453	0.6751820860262389	1.4518480048436706
251	0.7474119166218136	0.6186941144665985	1.013548938211145
252	0.7525205491452102	0.6270909387968084	1.0787012204580404
253	0.7286266569134038	0.3967501714004028	-0.7085490661037996
254	0.7249748854404353	0.5132631364865511	0.1954933775858172
255	0.6586374742999128	0.599739795173031	0.8664793900285865
256	0.7440672658895999	0.5414934308871306	0.4145366773345366
257	0.7871804531748563	0.5065155623055747	0.14313788695834484
258	0.8454836963817723	0.48974780883577934	0.013034247326389286
259	0.854269640285019	0.4487397571936655	-0.30515368300458523
260	0.8162111149479486	0.4900399311095166	0.015300870049537176
261	0.8213316648202948	0.5583151718285462	0.5450592142603343
262	0.7813040402507423	0.550992766166237	0.4882435156490591
263	0.7816255299369114	0.5684182974581525	0.6234509569847532
264	0.8829417027992927	0.5780964991858029	0.6985456482400723
265	0.7394292004129142	0.44933626557888084	-0.3005252805100413
266	0.7762287290557767	0.40048972544280004	-0.6795332774119702
267	0.8006173819394619	0.28219425258732667	-1.5974064795797092
268	0.721320582061389	0.29112808285448283	-1.5280874837043883
269	0.7203446529082607	0.30851164411683035	-1.3932056944372369
270	0.8272412397703078	0.3443869126698554	-1.1148438363666127
271	0.8178376427193373	0.4890158498421753	0.00735486223161342
272	0.798524207563571	0.5517953669642925	0.49447102162871415
273	0.9346795410599062	0.5262877942376807	0.2965537481020592
274	1.100462327303944	0.40185598676839784	-0.6689322406380902
275	1.1367626487868687	0.34822744128845573	-1.0850445700373057
276	1.0580269395105102	0.4343806714627369	-0.4165680903517781
277	1.0052390730592884	0.5748420629517478	0.6732939650158766
278	1.031973426867076	0.4519481589286055	-0.2802591887081902
279	1.2009956013235301	0.47022236145751833	-0.1384667736022649
280	1.0678285459733268	0.514806267018469	0.20746677038356834
281	1.0861430900325553	0.4428673020689552	-0.35071898706731625
282	0.9613361756352955	0.5294697024970092	0.321242675349191
283	1.1703042946780462	0.5504178794452594	0.48378287905215306
284	1.2449500214714029	0.5047139379974988	0.12915880024572596
285	1.1017553876137254	0.5545965678247665	0.5162059802171933
286	0.9832948881362152	0.5650378010694138	0.5972211531693613
287	0.7240082615948847	0.5533613324810396	0.5066215946696364
288	0.5739300012235831	0.498118835212913	0.07798635919289824
289	0.7561616001324479	0.5584013990977331	0.5457282652203782
290	0.7603660134793843	0.5321928321191831	0.34237186690562804
291	0.7886101206021013	0.5134956773991105	0.1972976991451612
292	0.8427985626377343	0.6221553382769399	1.0404051188030998
293	1.0951444695870074	0.6239746690265466	1.0545215925838332
294	1.4166140050653349	0.6027945176018242	0.8901814623883263
295	1.350968070652016	0.5298677870993422	0.32433147646606475
296	1.2833848933182088	0.472208953640047	-0.12305249202441651
297	1.1293922580686242	0.5103234419634544	0.17268382486010686
298	1.0404709403181194	0.5186169318400626	0.2370343188091739
299	1.0326209936435062	0.6370093607933028	1.1556598186074034
300	0.9708517758693881	0.6405025249849192	1.182763829647402
301	0.9027223049888825	0.645524257097699	1.221728239895097
302	0.9482136696141782	0.698872455031263	1.6356653085349402
303	1.0285923718875036	0.674691794904903	1.4480437588258646
304	0.9286315796748457	0.6077342903733457	0.928509937200857
305	0.7007636292542005	0.46049709667809124	-0.21392663448745558
306	0.7512419112354012	0.4130168560655215	-0.5823332982318803
307	0.8860844626961698	0.41161385525262617	-0.5932194024731603
308	0.9287950914284704	0.45798094291695157	-0.2334498677451247
309	0.8790389681000402	0.5446723035501082	0.43920205091155845
310	0.9766997104126003	0.495520420840878	0.057824852901509384
311	1.261443786928898	0.39858859568496785	-0.6942844425786182
312	1.0732237981158657	0.35055313953484835	-1.0669991111100623
313	1.0951412820676205	0.3620675176404892	-0.9776572381906568
314	0.9212834128487961	0.4855517794491603	-0.019523405443564287
315	0.7423942376175322	0.48203817136340454	-0.046786043877541005
316	0.7777975382492834	0.47640859216330916	-0.0904668353949094
317	0.9270406240087031	0.44927450216732373	-0.30100451254635086
318	0.9291067163830801	0.48711707460485554	-0.0073780338396062526
319	1.0587103701530307	0.48969112404659454	0.01259442112080977
320	1.01182855698285	0.5938861606968098	0.8210601183412165
321	1.0991943885077868	0.6900037815098992	1.5668518741106163
322	1.2051376707216646	0.6677499841931447	1.3941811563691455
323	1.225056898033392	0.5807015008291072	0.7187582662065539
324	1.324223192603717	0.6924292543819341	1.5856715000699773
325	1.4390270539495114	0.6297693900765785	1.0994837457201563
326	1.3134285226904632	0.5717944088457658	0.6496467368858958
327	1.2428078857593021	0.5908852182985782	0.7977753337074798
328	1.0284584991309613	0.4341706939358916	-0.41819733904825396
329	0.5464845319755333	0.1723165748486733	-2.449964683864923
330	0.4791319009772036	0.15540740959885946	-2.5811655597665064
331	0.34210872239766715	0.2309119335052416	-1.9953140688918498
332	nan	nan	nan
333	nan	nan	nan
334	nan	nan	nan
335	nan	nan	nan
336	nan	nan	nan
337	0.16711791330332054	0.23267624806913545	-1.9816244743595979
338	0.3050149298682786	0.13158852962621315	-2.765980000292498
339	0.3675879943965483	0.11029950786365245	-2.9311648725833748
340	0.4514145431978307	0.11440544151874565	-2.899306286781929
341	0.5404274773403841	0.06563390832244362	-3.2777322930265855
342	0.6062284531469657	0.06522919130699487	-3.280872556081247
343	0.8531466236811649	0.40879936016601065	-0.6150575130557465
344	0.8701529572894969	0.4054455181353243	-0.641080501509682
345	0.8803000222761923	0.4718361310598114	-0.1259452811337627
346	1.0506244551647093	0.6454520168014448	1.2211677160606018
347	0.8686260152585977	0.6148998732380887	0.9841088230305408
348	0.8293442114985801	0.42522093339368283	-0.4876399404362879
349	0.7984975091899988	0.4933422656170369	0.04092420352020984
350	0.7880576269928742	0.49404788428233726	0.046399209859800096
351	0.7369553997917417	0.3646104124639874	-0.9579265168191664
352	0.6423146520946823	0.27912840619455115	-1.6211948645277057
353	0.5640023242745767	0.1491093029169744	-2.6300335612897654
354	0.42642878179764626	0.12821520537051698	-2.792154154398199
355	0.46676221822426145	0.04982918118112618	-3.4003636597257314
356	0.6787940705335529	0.4403043403004226	-0.37060541102532035
357	0.9477080075857356	0.45146730023209203	-0.2839902470564524
358	1.0842766490221907	0.406044832964277	-0.6364303233762424
359	1.2741534047036833	0.47728686787731006	-0.08365215582571689
360	1.1386998211618309	0.588737411347758	0.7811101613555673
361	0.879981431797375	0.5640380507361227	0.5894639329001855
362	0.7859436500550799	0.5110257554814421	0.1781331860412292
363	0.9073256786452126	0.4679322864907842	-0.15623582589295162
364	1.0875241515601788	0.40645576349723433	-0.6332418486607742
365	1.1316205400194677	0.5780713224238685	0.6983502977795762
366	1.2022667370707982	0.45953734324293277	-0.22137351252560897
367	1.2282285918226483	0.35315053666687773	-1.0468454977440644
368	1.1465810562493268	0.46861996923492694	-0.15089998719003742
369	1.129795102482168	0.6039391129940188	0.8990625582786451
370	0.9531391660661126	0.5138863862152512	0.200329270375485
371	0.9012913908455918	0.39867147651495194	-0.6936413571673213
372	0.634078590669142	0.20179363603345168	-2.2212475243061407
373	0.46513072939630457	0.5763427843252087	0.6849382984748843
374	0.3350761040306509	0.6075697964050543	0.9272336025976097
375	0.2912345223207319	0.48726096033349	-0.006261601813088325
376	0.4058510681602801	0.3046733156983097	-1.4229878890676546
377	0.5700288516364461	0.4679760878223848	-0.15589596446355808
378	0.6921040239808849	0.4569886141165448	-0.24114950317196346
379	0.6894674961555629	0.5768522645715574	0.6888914359354242
380	0.7043324984116421	0.6311528063873383	1.1102178907253462
381	0.8782797210900776	0.6505675523345769	1.2608599618182679
382	0.9170492153188747	0.5922075704943577	0.8080356726286195
383	0.8066967565053161	0.6925860509686663	1.5868881094775804
384	0.7340026341368059	0.7002882705532743	1.6466508441222143
385	0.7422037484005455	0.7523792900412177	2.050833267231473
386	0.86454775175189	0.5028553412225965	0.11473765519140555
387	0.9877104103465641	0.6159918162148741	0.9925813805383932
388	0.9484270605439766	0.5583345714416692	0.5452097389134611
389	0.9561566449740195	0.4715407891658598	-0.12823688539715553
390	0.8133166257183714	0.4603019033284678	-0.21544117042476563
391	0.6603131083327141	0.5445999194768822	0.4386404114888983
392	0.676322573401662	0.5121422379125351	0.18679614903934286
393	0.6697791444750962	0.47307197338321133	-0.1163561859353406
394	0.7885337027053606	0.49544194035671596	0.05721591046637925
395	0.7713092476252429	0.5468519770715216	0.4561144810028114
396	0.7346923939409662	0.6326933662950007	1.1221713376446967
397	0.7168726945287021	0.5887873388858814	0.7814975569860803
398	0.668719962863909	0.5565627525692761	0.5314619172698417
399	0.6597228097719543	0.5817602730452841	0.7269734465593628
400	0.6653316785473603	0.5689459114735511	0.6275447972149211
401	0.7439721531799932	0.3889309919745505	-0.7692193105746057
402	0.6643087804009565	0.4225588782942185	-0.5082952451534644
403	0.7132824038611169	0.4670744665393506	-0.16289178597916495
404	0.6528430275930112	0.475338607153685	-0.09876901757778225
405	0.7059405471543312	0.512979151096642	0.19328989022562781
406	0.6628424220053551	0.6698985234747764	1.4108520109911467
407	0.7457769993513815	0.6693219617628032	1.406378377875341
408	0.8093342084719368	0.6954777887429106	1.6093255582370758
409	0.9023822535350994	0.43298588474193944	-0.42739046015897714
410	0.7630959523364035	0.45020415415373893	-0.29379119638914647
411	0.7515747247107291	0.46157772988639556	-0.2055418312542253
412	0.6393165971465986	0.40508960168010255	-0.6438421133327965
413	0.7009161004516359	0.4395551786165306	-0.37641827450299065
414	0.6724335353930496	0.459356724201481	-0.2227749641107627
415	0.6413925782099793	0.4636942665262374	-0.1891192901694073
416	0.6249933326476659	0.4263282388303275	-0.47904818318322273
417	0.6418417076277066	0.4688220202115866	-0.1493322418446657
418	0.5632549646498782	0.5901774755396065	0.7922838461906073
419	0.6114952861971575	0.5226138821220111	0.2680472854565069
420	0.6572744708926382	0.5344338797982471	0.35976050875083326
421	0.6108129994243231	0.529038721834701	0.3178986285227458
422	0.6654134580062881	0.553293089285148	0.5060920849662878
423	0.6227653890436323	0.5896414014835107	0.788124363172446
424	0.6248337029928185	0.491027117323948	0.022960603341977064
425	0.8095156121911464	0.5483977276511386	0.46810820316324553
426	0.7984393634046444	0.5676110873452355	0.6171876866052469
427	0.862128104757619	0.5687138155597122	0.6257439284707248
428	0.8836800922371786	0.5338152148965464	0.3549601903558378
429	0.8648851644082913	0.4293308825581179	-0.4557501976655264
430	0.8169142194519112	0.5272930413505708	0.30435361874973454
431	0.7472122522711363	0.5396148152200975	0.399960202543748
432	0.6948641093494377	0.5697446344592392	0.6337422146377685
433	0.7963576132941302	0.41263158636556213	-0.5853226665032424
434	0.8353849738400094	0.3828843417624263	-0.8161362217515145
435	0.8004611814298159	0.46473214857417977	-0.18106619992155687
436	0.741852358240182	0.37199964473521513	-0.9005923000259396
437	0.7842849636500469	0.3480446910538566	-1.086462557885694
438	0.6746545958151466	0.45945980648636314	-0.2219751324297385
439	0.7986855531157474	0.4386127074084679	-0.38373105701963256
440	0.7721961810499842	0.37821868771030714	-0.8523377662540466
441	0.8360378622114564	0.5713231361929141	0.6459900581599433
442	0.7571163712988174	0.5818315603443034	0.7275265759382415
443	0.6859689511330437	0.7067802869487513	1.6970234216486775
444	0.7147366987998315	0.4841086817658563	-0.030720627616498665
445	0.7852088314912009	0.3644354144652882	-0.9592843538484432
446	0.8041303178265855	0.36924773247626685	-0.9219448205935822
447	0.8078288747917048	0.7391817546628595	1.9484315119820945
448	0.8093289701005343	0.7166167418887266	1.773346024498953
449	0.7282168807797729	0.744306532805629	1.9881954726033941
450	0.666820323677841	0.4385298832954081	-0.3843737023553826
451	0.642769139064483	0.5222413188549975	0.26515650839928456
452	0.7209954945297102	0.5677361376896533	0.6181579719195731
453	0.7854241360642423	0.5654796667049068	0.6006496582168311
454	0.8152399262584317	0.5431863566469262	0.42767235489401695
455	0.726175248387189	0.4837332902090409	-0.03363334981967103
456	0.7063314598560834	0.47650614181084744	-0.08970993231827448
457	0.6419416920353737	0.5547362780248685	0.5172900136602968
458	0.7665779651210843	0.5332552044234519	0.3506149809088565
459	0.6575744930264514	0.6125440855551336	0.9658298954267509
460	0.7283940266872478	0.5785092294305202	0.7017480872024914
461	0.726375314862674	0.5230900329077574	0.27174181438375977
462	0.8203274272627528	0.48299911416361185	-0.03932993736868142
463	0.7351241754215784	0.6861294157408218	1.5367900600023379
464	0.6153564779268054	0.6072325983712505	0.9246172299539142
465	0.7998405454691055	0.5020964072039319	0.10884896662936107
466	0.8183157098901063	0.4514707616520833	-0.28396338935366194
467	0.7773040826383195	0.3728513358327886	-0.8939838946819529
468	0.718874387276482	0.41749692261093485	-0.5475717564188046
469	0.7165939566505716	0.45747148135554655	-0.23740286022624454
470	0.835524572091625	0.5331528598516516	0.34982087325980427
471	0.7882540268059934	0.40697135380932614	-0.6292413022379659
472	0.7875245356067001	0.3158007521869849	-1.3366483570869439
473	0.7264716200994341	0.3333448118185466	-1.2005212356989825
474	0.7028417608551207	0.4687551641716795	-0.14985098838629152
475	0.7721754024690529	0.4695619552739943	-0.14359096917603095
476	0.5992893266229903	0.4361180273305152	-0.40308767258793987
477	0.5351959981737759	0.35842155712216434	-1.005946819990804
478	0.4572693462372388	0.3573495254018374	-1.0142648829243202
479	0.44065944272790264	0.5458061930430415	0.44800007804362413
480	0.5528419826254882	0.5703721962509263	0.6386115654031838
481	0.5401395484459209	0.5482561020853663	0.4670093080962889
482	0.5234243562057036	0.3996997685559519	-0.6856626772934993
483	0.5139103168244096	0.3412996940420236	-1.1387980518519498
