ID	SN	ssim	z_ssim
494	0.48272564632411186	0.38022152171854773	-0.9169932495928591
495	0.43903528820817617	0.3181228592122632	-1.5016046005531931
496	0.5557896172736807	0.27453518100173374	-1.9119492104923057
497	0.5270708410794437	0.2736651923541892	-1.92013948735229
498	0.5765916760698935	0.2148958940369618	-2.473407424173766
499	0.6292596328730143	0.31504173617795383	-1.530611014328696
500	0.8054426165708068	0.36622607122425244	-1.0487496979695117
501	1.1401829173078255	0.38530501484219704	-0.8691360548857521
502	1.2270525915413328	0.2550116793947902	-2.095748026590099
503	1.062758024808641	0.2928987109111404	-1.7390706395947078
504	0.9020546767273336	0.5481070924937712	0.6635208287533106
505	0.7597352879791578	0.5592763701105689	0.7686710238343444
506	0.9808801677619122	0.4665907920690999	-0.10389271274982047
507	0.8940873194079717	0.4195266459599057	-0.546965605598456
508	0.7804477017098443	0.5390142242214231	0.5779184374898302
509	0.7458850768974945	0.42910197465129357	-0.4568212189686312
510	0.687105492225563	0.4430305883424569	-0.32569398790835635
511	0.5350570494131829	0.4391837029724077	-0.3619094676370284
512	0.4261385035683202	0.419945800477685	-0.5430195868114123
513	0.3708917177366649	0.5563358179641074	0.7409879773156179
514	0.4246752387597019	0.5844504627357443	1.0056658270205643
515	0.5328920859303165	0.5608945531772018	0.7839049781661256
516	0.6051288678925851	0.6194883334034778	1.3355205465769497
517	0.7473260156633469	0.6078279125531447	1.2257466140805877
518	0.9099587420403716	0.4760208124009393	-0.01511629304477266
519	1.1374391518445042	0.37016037089140186	-1.011711279577453
520	1.2284234817160302	0.34490673539395406	-1.249454917990417
521	1.1147067968683815	0.29927688924604146	-1.6790249751223838
522	0.8353667085828584	0.5076303517952614	0.2824633130647532
523	0.5706257726201148	0.552071374958283	0.7008415122210429
524	0.5322808388658103	0.6310098270658109	1.4439865859918217
525	0.7099617188738483	0.5990443717988266	1.1430563045094697
526	0.7575513250380815	0.47193607324802905	-0.053570983985366714
527	0.7336353485697958	0.43327321375472305	-0.4175521972374837
528	0.8805470032533447	0.48673613727245696	0.08576028458655466
529	0.8662082158752835	0.6223506850023464	1.362467394827807
530	0.8123905036305658	0.6446322497847243	1.5722312635362177
531	0.7778086664915362	0.5511654846425491	0.6923132486493524
532	0.7289521140292987	0.4990903207221989	0.20206546065752887
533	0.7701391744279239	0.5359059338550244	0.548656264088053
534	0.6136220386470229	0.5189622745195343	0.3891446872754268
535	0.6170340329450883	0.5184635799157149	0.38444985949188226
536	0.8978103480571386	0.4347704317565839	-0.40345703635279584
537	0.8961642691731683	0.14872474584427078	-3.096358109071538
538	0.8861327361684144	0.23140499945704365	-2.317986839683659
539	0.6034649046286688	0.22215562902024974	-2.4050625789725593
540	0.5118459714116402	0.36946024801516003	-1.0183024002876058
541	0.4646220231662987	0.3539842689110413	-1.1639968917040213
542	0.4536659141459377	0.34784232910934015	-1.2218185513029889
543	0.49034641966188297	0.3135537306236731	-1.544619447074514
544	0.5592735483062363	0.22667496652511065	-2.36251647737343
545	0.5722460658920194	0.27055004265854726	-1.949466236085865
546	0.7624960300283529	0.43227862523153604	-0.4269154865052865
547	0.6155941177573989	0.5695528179754591	0.8654159105500433
548	0.5414125432556393	0.5344232984875104	0.5346983875380351
549	0.6659075916178469	0.616079632838803	1.3034302412192118
550	0.8171807269547674	0.6206656928504339	1.3466044841220024
551	0.7850892261965632	0.6470737529436146	1.5952161460197705
552	0.7448898447537299	0.6965989701065147	2.0614581380961194
553	0.8043008550799755	0.5745854247315416	0.9127940490764207
554	0.7230019913916146	0.4843273347429943	0.06308325348619344
555	0.8624163548536455	0.34546030352060547	-1.2442434980127723
556	0.9136463698381758	0.3077324399831808	-1.5994224403809567
557	0.9000179787394711	0.47464074370917836	-0.02810858289041583
558	0.8532600537918551	0.5507799461534689	0.6886836990286087
559	0.744853084893724	0.6010161609474293	1.1616191893035963
560	0.9233955270346367	0.5345217383457572	0.5356251234159974
561	1.0662587218646855	0.4472919162904192	-0.2855768486979724
562	1.0968821274797578	0.34650477361948406	-1.234410611910253
563	0.9362839604420397	0.24205096827246433	-2.2177631962060746
564	0.9726686535690253	0.3192680979327299	-1.490823055049272
565	1.210094030812951	0.42415454967127514	-0.503397436307463
566	1.1309736009222733	0.6573765110042691	1.6922087230796572
567	1.0160572568888333	0.59519869176057	1.1068521720565552
568	0.7857506675349066	0.5477824224000868	0.6604643084608477
569	0.8078274926850969	0.4892396331353489	0.1093287809028924
570	0.9473727436972732	0.4661356801297553	-0.10817724312390871
571	0.9863996918617178	0.39022083077428005	-0.8228574125263205
572	1.0519409899831376	0.5007699487869819	0.21787787259094704
573	1.1942691810845287	0.5551453619195211	0.729780745333544
574	1.2711295815939214	0.4269669214512713	-0.47692110977563346
575	1.1803719749460524	0.5716825646910598	0.8854658448700405
576	1.230336276930267	0.5402591472220243	0.5896384341507793
577	0.8925611042706445	0.6216803221787137	1.3561564422220596
578	0.7016446870992515	0.6524182077294866	1.6455300949264613
579	0.6224401285156714	0.6793982778987404	1.8995267936324254
580	0.70576236756479	0.6390615979536722	1.5197878426758822
581	0.67122234097773	0.5571734558014356	0.7488736960723853
582	0.5746501886483307	0.6344966480020393	1.4768123348214197
583	0.5979693481382014	0.6832583743655554	1.9358666457197955
584	0.6112475066707864	0.6576720626127064	1.6949911151331019
585	0.6794027078426698	0.6291317280527154	1.4263057220735067
586	0.763099585740197	0.6214890830791431	1.354356072554756
587	0.8467135938619204	0.5527259947494978	0.7070042562329408
588	0.7121063611493307	0.5755872968562427	0.9222259078745342
589	0.6459754856648466	0.5808632148878147	0.9718946357264611
590	0.7517875395108888	0.44115249763617265	-0.3433747736244057
591	1.031963958673302	0.5627025168328397	0.8009255714051935
592	1.1613528111486031	0.6381714283148008	1.5114075772376072
593	1.3897015363402119	0.6847424356987816	1.9498379466449574
594	1.5249142262706112	0.5690316803374418	0.8605097987868996
595	1.8131850656941282	0.4305150442623937	-0.4435182507402475
596	1.634000050986746	0.32688866466475375	-1.419081255266693
597	1.2929051237009435	0.3802956127639281	-0.9162957391411728
598	1.0125421867791495	0.42847251465775954	-0.4627471027532968
599	0.9259243611163852	0.49556618129014607	0.1688883867690779
600	0.9541175458777286	0.6375827336965663	1.5058654682423558
601	0.9320763268774337	0.5645670795405855	0.8184790013750456
602	1.0847774080825918	0.5676181782997509	0.8472027595933258
603	1.305189535613082	0.6036822013110621	1.186717917614217
604	1.101366146451653	0.6200884974079399	1.3411706310600233
605	0.9989403195104255	0.6123234406383433	1.2680685682273796
606	0.9831497677004418	0.5873201624105854	1.0326818517793823
607	0.9507976951531105	0.6281219589794664	1.4167995195524727
608	0.9608963466836009	0.6613547238080668	1.7296605500236033
609	0.9300185495930059	0.5917008941132516	1.0739230858982534
610	1.2487904883834942	0.32473186133234927	-1.4393859069133386
611	1.379130561034832	0.3136194271424938	-1.544000964661672
612	1.2763974715982978	0.5236920425513735	0.43367183113368124
613	1.3184310410055036	0.5470491835997635	0.6535614266863788
614	1.118339737638602	0.4602138136140709	-0.16392708127204406
615	0.7405217952038293	0.4759366900514772	-0.0159082405421928
616	0.5100224089468447	0.5436535422621827	0.6215940639506838
617	0.49612489995059544	0.5506567294365056	0.6875237080005
618	0.6218573807724723	0.48729929977497993	0.0910620282654437
619	0.9451955886435738	0.4110846245153282	-0.6264407724114466
620	1.0309780427906636	0.4879807462294136	0.09747732476709203
621	0.9100707118737161	0.5535922634754433	0.7151595128798687
622	0.8932587176675391	0.6017706466257058	1.1687220941626635
623	0.785185082418948	0.5852645858136568	1.0133301723255577
624	0.8958683741942113	0.48332489663220857	0.05364606636253761
625	0.920853212299802	0.4976746175144558	0.1887376991336183
626	0.9723585526015917	0.3917876360809079	-0.8081071404587566
627	0.9212266504454738	0.35609747588627483	-1.1441026663730804
628	0.796088005384687	0.45006405150264095	-0.2594793186376807
629	0.9675456422462421	0.4373983374437346	-0.3787173168168717
630	0.9759837291985918	0.3172772131508475	-1.5095657106068674
631	0.9727478354103616	0.40016650472234666	-0.7292265089234966
632	0.6537264626787379	0.5400609067873846	0.5877721522755789
633	0.6248651643291283	0.5613162508146808	0.7878749384775645
634	0.8339681606824125	0.5892002734234048	1.0503816571342641
635	0.744215436627939	0.43625907320782736	-0.3894426171240579
636	0.6721378297751941	0.4446803631356817	-0.3101626216643595
637	0.562609695801548	0.5246167383534319	0.44237713395745837
638	0.6898022553968423	0.476401624607212	-0.011531237757168758
639	0.7250050092506737	0.4509276964763388	-0.2513487626088371
640	0.7090677710862384	0.43728804342884564	-0.37975565050144233
641	0.8292319796304287	0.4904369185577308	0.12060030624682327
642	0.9033964036357358	0.47857942427495004	0.008971078307181869
643	0.813962985806111	0.536251757531916	0.5519119291665275
644	0.9020842821766116	0.5573851721024963	0.750866842909821
645	0.9447207049326596	0.44125943890241365	-0.3423680035007459
646	1.1288627766920536	0.2701929304821611	-1.9528281737420967
647	1.186040720188826	0.2672676345724669	-1.9803675944752244
648	1.0948491528200521	0.4621737694998935	-0.14547559758481524
649	1.0739442498676872	0.5346606832213093	0.5369331830122457
650	1.0862945561141408	0.6310615520470378	1.444473537077933
651	0.966990390539189	0.7022424764204223	2.114587428118956
652	1.0882677955052873	0.682242538629213	1.9263033302117236
653	1.1644893377925996	0.5024223172091438	0.23343365586512768
654	1.247915015463522	0.3979945876954427	-0.7496734444294517
655	1.252008189200421	0.5467643872740043	0.6508802873827141
656	1.1602684706404167	0.4785639190692033	0.008825108669307736
657	1.2752435883437598	0.3521835289298553	-1.1809494795801752
658	1.445030956490738	0.3992707831604614	-0.7376590414651606
659	1.325743079781489	0.3297053568673591	-1.3925642552646735
660	1.129037430923525	0.4209397910087273	-0.5336619271816961
661	0.9544142874852193	0.5339460408339042	0.5302053722238546
662	0.9582269055469633	0.5959098431297147	1.1135471175815232
663	0.8817424133823865	0.6118182043476718	1.2633121554718907
664	0.5850939320135955	0.4611906681894183	-0.15473074354209962
665	nan	nan	nan
666	nan	nan	nan
667	nan	nan	nan
668	nan	nan	nan
669	nan	nan	nan
670	nan	nan	nan
671	nan	nan	nan
672	nan	nan	nan
673	nan	nan	nan
674	nan	nan	nan
675	nan	nan	nan
676	nan	nan	nan
677	nan	nan	nan
678	nan	nan	nan
679	nan	nan	nan
680	nan	nan	nan
681	nan	nan	nan
682	nan	nan	nan
683	0.61215082180306	0.3911485852205668	-0.8141233149095118
684	nan	nan	nan
685	nan	nan	nan
686	nan	nan	nan
687	nan	nan	nan
688	nan	nan	nan
689	0.7047782997258251	0.43541426112761644	-0.3973958758833707
690	0.7146158938904381	0.4315133747581768	-0.43411973366613804
691	0.6559429973955871	0.46901473263115406	-0.08107316866565262
692	0.6703145283110127	0.4882926688860176	0.10041383770171315
693	0.7847510724390968	0.5696927275940815	0.866733052463477
694	0.777352488028598	0.6118602568960136	1.2637080480097531
695	0.8595954406823607	0.573676705452713	0.9042391529836757
696	1.0766773241317755	0.5352758600908359	0.5427246021227153
697	1.1103480862082833	0.6008233373749132	1.1598039030369365
698	1.0210508036618986	0.49251053006919465	0.14012177060945905
699	1.0844148821479558	0.3996157991012756	-0.7344109806032727
700	1.1159090510687186	0.3957403994131065	-0.7708949008001449
701	1.0806841560966112	0.40365924114538454	-0.6963450703157988
702	0.947466415670272	0.5266129371401039	0.4611698168005647
703	0.764064664668213	0.41043668393699495	-0.6325406367491538
704	0.7786305402444514	0.4960864239649555	0.1737860731390022
705	0.8320092055476602	0.5031542013058437	0.24032378414244449
706	0.7882391579244076	0.5185465579799906	0.38523103442059164
707	0.9784644954116526	0.5247126676349776	0.4432802346784343
708	0.8130348063976206	0.3214468670863076	-1.4703116120181947
709	0.7706368318905324	0.40190688651637274	-0.7128421471558114
710	nan	nan	nan
711	nan	nan	nan
712	nan	nan	nan
713	nan	nan	nan
714	nan	nan	nan
715	nan	nan	nan
716	0.5328876876493662	0.5039583340200322	0.24789407782381961
717	0.6101687383027624	0.4601946308299413	-0.1641076724940217
718	0.6010465923820176	0.5190062081237322	0.3895582885136198
719	0.7239221263636662	0.5472115969140566	0.6550904236607217
720	0.6525289352645236	0.5184970193458894	0.3847646661183164
721	0.9540863856904531	0.4273994080232566	-0.4728495799082238
722	1.336644283809194	0.29033160988774726	-1.7632379297869183
723	1.405123674384749	0.27951872208745965	-1.8650329876767546
724	1.6266796730948112	0.272611111413525	-1.930062852170024
725	1.6589231604568646	0.227878885671243	-2.3511825006006415
726	1.2589197467213147	0.3724213571314628	-0.9904258256408085
727	1.2000476178011688	0.5116697025104504	0.3204907066236766
728	0.9419308439889056	0.6393944444481691	1.5229213375203243
729	0.7019176095919658	0.5926615261442767	1.0829667007969888
730	0.5832021200625144	0.5724829551660399	0.8930009082351574
731	0.6580292274765156	0.5124269885556441	0.3276199747926853
732	0.6567973193618261	0.39764125886238366	-0.752999764805627
733	0.6814092949310737	0.502658523019186	0.23565735267501473
734	0.727247118115492	0.5608520159270001	0.783504522531448
735	0.8237632770330424	0.5780233967899736	0.9451599231311221
736	0.8428837756652721	0.4157422109123228	-0.5825931633669534
737	0.902961849441851	0.3619935762899028	-1.088595396437695
738	1.19674144441278	0.3256988395052038	-1.4302825479492962
739	1.1686324407147943	0.33154417313896956	-1.3752532082738427
740	1.0767013367460196	0.32090416257189563	-1.4754207594062008
741	1.2589520389373066	0.38251194539978706	-0.895430664691367
742	1.2515192543732232	0.3551984115094019	-1.152566668957851
743	0.9744524074233689	0.39107521499548714	-0.8148140393900871
744	0.9795675115152466	0.3766604209805299	-0.950518285871181
745	0.940642304442187	0.46126340775517244	-0.15404595623610087
746	0.9098511275493464	0.4275206104972632	-0.47170855143500084
747	0.7266839074514306	0.3606454521963161	-1.1012869523554114
748	0.7735453840882051	0.34591000384221415	-1.2400099138753307
749	0.718875586396102	0.2607252225395685	-2.041959393440376
750	0.6085943862488794	0.3548180968139341	-1.1561470405622312
751	0.5999878416641377	0.2613636433865594	-2.035949150082835
752	nan	nan	nan
753	nan	nan	nan
754	nan	nan	nan
755	nan	nan	nan
756	0.32529316432963024	0.25759673145022616	-2.0714117411785047
757	0.5285815291844259	0.3739150513491837	-0.9763638384852062
758	0.5703275565582379	0.43278895215366625	-0.4221111493531332
759	0.5858845735382424	0.4985904805777919	0.19735984848663193
760	0.5714686785388884	0.503101288403029	0.2398256496843222
761	0.5635567139282867	0.4811732374893206	0.033389843320655206
762	0.4991121422584514	0.503158751494011	0.24036662067940495
763	0.43676132143424323	0.5505472107616252	0.686492673548337
764	0.5719551149541924	0.4983998081412807	0.19556481351807026
765	0.700364382053267	0.4411548075217081	-0.3433530278210511
766	0.7301121169769453	0.6284730716303898	1.420104976271042
767	0.6850125121868713	0.6536399689804127	1.6570320414520021
768	0.6249690873098256	0.6811615273061671	1.9161264364677504
769	0.6828755887296469	0.6837873814654775	1.940846842440164
770	0.8949754336813746	0.5632865831036888	0.8064241080543032
771	1.041355695455609	0.48589501399143303	0.077841753046623
772	nan	nan	nan
773	nan	nan	nan
774	nan	nan	nan
775	nan	nan	nan
776	0.7183274795936319	0.3287723138012321	-1.4013481411871354
777	0.7597960938088996	0.45726548806774925	-0.19168330839741116
778	0.8794933992890743	0.48851835054160037	0.10253845765699586
779	0.7935293594639767	0.5581271676921051	0.7578521631492697
780	0.8253315019243911	0.3646369419502052	-1.0637101330941388
781	0.9206579598549447	0.28104332980030666	-1.850679973638782
782	1.0378732409340303	0.2778829965750844	-1.8804320907008045
783	0.9979234877482981	0.2038231835964914	-2.5776485132429685
784	0.903599011429995	0.38072084505224085	-0.9122925027990484
785	0.721835629115258	0.5007827539984894	0.21799842385077434
786	0.7487494168824529	0.5766361745399036	0.9321002880123527
787	0.8065455553286892	0.5487359769135158	0.6694412939515362
788	0.7185896902702222	0.5180985580453703	0.3810134581244514
789	0.6007968449903062	0.5638694509062179	0.8119113620419924
790	0.5971376553198846	0.5322305296487987	0.5140551481926914
791	0.6342033075720593	0.5938011092338237	1.0936950028670083
792	0.7128234243596677	0.5484663560708914	0.6669030201998631
793	0.744343794370801	0.49205788235818415	0.1358604390579756
794	0.7317044558513327	0.3538456907143337	-1.1653014992997595
795	0.8211527869246129	0.4567176483872717	-0.1968407994413004
796	0.741587182880387	0.6012766503476162	1.1640714975177828
797	0.6000307865335714	0.6218826353483888	1.3580610657786276
798	0.7337859774360572	0.6209191880355404	1.3489909471575308
799	0.865563301927292	0.5732529737156997	0.9002500431828805
800	0.8473713998381192	0.4283653286254875	-0.4637561771616917
801	0.8554445744851742	0.5150860361841026	0.35265287185683264
802	0.8251289395845464	0.5925523144237264	1.081938556084771
803	0.6431718385254048	0.5821853865734873	0.984341869598597
804	0.6319347632002186	0.5215560797197616	0.41356337684187894
805	0.7432285715997474	0.3999341164871812	-0.7314142661895026
806	0.77019420442133	0.44442104464352594	-0.3126039066761395
807	0.9369247108607013	0.46794191660881046	-0.09117290992965671
808	0.7755413294477141	0.5105066589012022	0.3095415417272574
809	0.6153430627357137	0.5520787509266656	0.7009109513146847
810	0.6067275560156822	0.5509275273069026	0.6900730625672589
811	0.6414156641446965	0.47350594289406855	-0.03879186350898135
812	0.7250638051968307	0.5565054438748879	0.7425848753623229
813	0.6939808771912456	0.5164110288030991	0.365126662655879
814	0.7072793730753816	0.5560390504576732	0.7381941385136946
815	0.6991298001855444	0.595658591440041	1.1111817753373747
816	0.6098218995392198	0.5699995804906373	0.8696218374897792
817	0.6228980057213523	0.6502061996611471	1.624705732968002
818	0.6610669447606622	0.6104023881074754	1.2499833298339953
819	0.6663699320210458	0.6626160702659456	1.7415351609573722
820	0.7181724151445791	0.6588844762635611	1.7064050611625703
821	0.7772986804318677	0.5088999464509791	0.2944155744645226
822	0.7501069091712054	0.45610742458937525	-0.2025855891755443
823	0.7554179531139088	0.36779449821941873	-1.0339841589462835
824	0.6777882982105083	0.4292386792246249	-0.45553425010211834
825	0.8358170065681798	0.3906413817637133	-0.8188982470281037
826	0.9770253836776068	0.34610629714044566	-1.238161962798253
827	0.9584473008076972	0.3964706820707564	-0.764019848845066
828	0.7539343084363828	0.368161587333397	-1.0305282960631827
829	0.7053398742462437	0.4217350123085483	-0.5261755276420321
830	0.6641727064532844	0.48188568284764993	0.04009697076283111
831	0.6426750780002076	0.47692908713621057	-0.006565581989178791
832	0.6285086831778643	0.4572095727485847	-0.19220970830615083
833	0.5666317182697427	0.48309572710032744	0.051488610722999276
834	0.6286372096408496	0.5505604766874731	0.6866175620808544
835	0.5988380079621575	0.5423836141801276	0.6096386635972939
836	0.59109494619992	0.5210260382268643	0.40857344210381047
837	0.5359777902907282	0.4836111184709222	0.05634062577897901
838	0.5073172085958683	0.4338817950137571	-0.4118228707487362
839	0.5007965317797599	0.36472825548802795	-1.0628504860654746
840	0.5229622345645918	0.460309069189612	-0.1630303229771618
841	0.642542231218659	0.5222729873275257	0.42031251294519356
842	0.6636135504150951	0.5179473639247694	0.3795900812668125
843	0.5313435243839104	0.6783079840316051	1.8892625118446293
844	0.5639318492889904	0.6779095714028062	1.8855117620577362
845	0.5717830917481694	0.5942682201261731	1.0980924941945718
846	0.6799450189184648	0.5418835526235994	0.6049309670008388
847	0.7131442433458672	0.5286281057836786	0.4801410863188712
848	0.8277425602567376	0.5451039820525412	0.6352488437978715
849	0.7640914098895064	0.42022862145906587	-0.5403570438623065
850	0.5912908593873393	0.5090277652812656	0.2956188908651676
851	0.6366886970425579	0.6182791840503757	1.3241373314109508
852	0.6054430684484328	0.5368894663748958	0.5579154695515723
853	0.6142847292247086	0.6187469125753272	1.3285406372764659
854	0.73310635636315	0.6092378054871116	1.239019676326532
855	0.7741593451185156	0.47041693204587365	-0.06787253501155345
856	0.7525359640117734	0.46119106681650773	-0.15472699077332994
857	0.7552985587588634	0.4702951091993291	-0.06901940381712612
858	0.8915743237707141	0.49279198417628234	0.14277144548387707
859	0.8816635304791631	0.4952078381092018	0.16551486014766253
860	0.8852233514611589	0.4828964477826848	0.049612548559925765
861	0.8856849168684104	0.4359303335640598	-0.39253744911400174
862	0.8292900715533349	0.261858953515635	-2.031286184537097
863	0.9712669464671159	0.4656540446498825	-0.11271147231975272
864	0.907355376708212	0.5012141835148889	0.22206000234936052
865	0.8669844316281982	0.44120495552509464	-0.3428809227736227
866	0.8032382381627429	0.46410673969849536	-0.12727816347653115
867	0.6376494813941644	0.45658903972924286	-0.19805155146527226
868	0.4839828005723843	0.5690329459129961	0.8605217132115379
869	0.47713177072827434	0.576333616898611	0.9292519395249509
870	0.6358329773847909	0.5580266751816334	0.7569061031225771
871	0.5946036304495423	0.5334137565844275	0.5251943236501434
872	0.6981511733574374	0.4531081434855688	-0.23082152385173205
873	0.8150045851910551	0.33919432027903434	-1.3032329316028919
874	0.7991799369002103	0.4427341193842913	-0.3284850161069662
875	0.7914436898038478	0.5523488692750285	0.7034539087018847
876	0.7209428068499624	0.4809673695033143	0.03145175389068644
877	0.7583334957718924	0.3786215444079978	-0.9320558106734915
878	0.8574487172010988	0.3756083470708352	-0.9604227560293667
879	0.7494102358595722	0.333907698674011	-1.3530024254018285
880	0.7251184017838953	0.2791275225024653	-1.8687158321801371
881	0.8178915447951227	0.3121159796021109	-1.5581547718808255
882	0.7685185660160321	0.38647426416381503	-0.8581284679598441
883	0.7443095222674149	0.4975362376487473	0.1874349586723507
884	0.6630245673377989	0.5636580398516163	0.8099210888662046
885	0.8166914403168752	0.4706687844250538	-0.06550153773572374
886	0.8588104200519655	0.40555818218191153	-0.6784679947081605
887	0.892659449996702	0.43941346291612254	-0.3597464537222263
888	0.8500583762305249	0.495556335634454	0.16879569746075912
889	0.7918717402798321	0.46599628097930107	-0.10948957937046686
890	0.7448532901839345	0.64040568154425	1.5324413603520766
891	0.7200344885591773	0.556844880120206	0.7457804076641705
892	0.676481118376597	0.6022595815558927	1.1733250420931334
893	0.5098889763323139	0.6099023765930397	1.2452761043455174
894	0.6895053335216482	0.5151958722599688	0.3536868943962034
895	0.4817973512453269	0.4299273017041666	-0.4490513968196375
896	0.5627933802533175	0.39236903584037613	-0.8026337069722247
897	0.5439024394136339	0.38804545337260293	-0.843336924810733
898	0.5892850311490251	0.3653678548382459	-1.0568291480025747
899	0.7745524395868173	0.4601891987951448	-0.16415881094165746
900	0.792236379220555	0.48412860717785305	0.06121238565037637
901	0.8790616060382331	0.5617635717723709	0.7920861227258822
902	0.8247072904675647	0.5943390529643563	1.0987593311207045
903	0.6771359205574576	0.42557119731816495	-0.49006078361225863
904	0.8636118123003061	0.35210714248112474	-1.181668599496533
905	0.6543644707395281	0.45631564094882326	-0.20062539160805848
906	0.5845406493285223	0.4163053934900807	-0.5772912306951012
907	0.6026300593852064	0.511378923040322	0.3177532405978001
908	0.7151082750940029	0.5668589409820782	0.8400551216882548
909	0.8378497094967469	0.5378106941274227	0.5665881233449193
910	0.7390736023179673	0.5044659681515465	0.25267306441452336
911	0.6236974077817904	0.43325038572725816	-0.4177671056338547
912	0.7598722263748909	0.4911288839387149	0.12711463038631587
913	0.8540740744107851	0.4236425358558349	-0.5082176542682699
914	0.7466802603938895	0.3786646354841017	-0.9316501411920775
915	0.8218497811875267	0.3612448539218512	-1.095644044144666
916	0.82794666929804	0.5075932281796319	0.282113822653692
917	0.7278084740029152	0.5684732864545826	0.8552529480102303
918	0.6417744588838008	0.49702641953083926	0.1826354115222953
919	0.6777336387822485	0.4444030535562235	-0.31277327898511736
920	0.7928219289585613	0.3862478832494482	-0.8602596709010706
921	0.7532936943858922	0.31184343202144044	-1.5607205986298414
922	0.6555159416947498	0.45143491966234084	-0.24657364475542032
923	0.5309291017880706	0.5283553503299924	0.4775733026046059
924	0.6159206416441739	0.5831150087888094	0.9930935508304948
925	0.6362743840204855	0.5507112204573769	0.688036699231568
926	0.5031873602284027	0.5756370201746099	0.9226940148377394
927	0.5676561053310787	0.6084221023689009	1.2313404561521615
928	0.6693389620827677	0.4628910531942977	-0.13872292091380004
929	0.5985323491156115	0.38232760846047564	-0.8971660558056577
930	0.6321359973185725	0.35907499691481937	-1.1160715861411339
931	0.5762786781507171	0.3657135354086946	-1.0535748301616663
932	0.5000324275588695	0.42522295148656825	-0.4933392514223415
933	0.5318559332768366	0.46275996579352546	-0.13995700840242464
934	0.6067647965466442	0.39927471207487125	-0.7376220537448417
935	0.7099116546074825	0.4466218412771291	-0.29188509178975613
936	0.8026826959483577	0.5989841890403761	1.1424897299279524
937	0.7049949584010311	0.5795745142406283	0.9597625060488079
938	0.6533638842020723	0.4854430262505362	0.07358663460833997
939	0.6363412534855921	0.5024787537549502	0.23396496272353393
940	0.6521892438723484	0.4201800666723053	-0.5408141499953223
941	0.6709838188899081	0.40957526557611096	-0.6406502309235447
942	0.5754321833472825	0.40821503059988445	-0.6534558015265315
943	0.5616351002887512	0.3962658478684702	-0.7659482059930048
944	0.535506759825729	0.4497286333543528	-0.26263702363313846
945	0.6613584672498107	0.5287463764104942	0.4812545136960644
946	0.7154833068119604	0.4711264840988114	-0.061192645823881384
947	0.8408006516295399	0.37309870860628697	-0.9840490802361573
948	0.7799798474906119	0.3581683154629255	-1.1246072976539014
949	0.7612882184598437	0.3992811623478467	-0.7375613293645401
950	0.6178989926627974	0.350874050292618	-1.193277218121912
951	0.5300916514327965	0.33067086343793756	-1.3834747503090743
952	0.45866015369523927	0.3699822587533369	-1.0133880689550994
953	0.4325010824002357	0.4008257648567228	-0.7230200796344132
954	0.4810026815616198	0.42786899665300615	-0.4684287625805444
955	0.45346473599232867	0.5621513278803959	0.7957365495306893
956	0.42360928269955833	0.5316603776135636	0.5086876034160569
957	0.38483018194722085	0.4739172516760096	-0.0349197063164157
958	0.4657296356554155	0.41125902775165435	-0.6247988995033114
959	0.4209468853027612	0.3566335869255383	-1.1390555915041674
960	0.38884669864468224	0.4382114867026143	-0.37106213927229975
961	0.3629107756575596	0.39960474722328654	-0.7345150255707659
962	0.3740504971302362	0.44824799127099607	-0.2765761349393169
963	0.41247412236986714	0.4936584526402078	0.15092858251092214
964	0.45113605058447304	0.4629299640748071	-0.1383566047726215
965	0.41640306069389577	0.6556824012208798	1.6762599768559834
966	0.4244641690891428	0.6180210880986449	1.3217075556810225
967	0.5149937644209284	0.5363654008654847	0.5529817941214851
968	0.505908097659042	0.5406357637403655	0.593183990249659
969	0.3811992970408183	0.4623641803183964	-0.14368302554944895
970	0.264682530807458	0.4382511556110367	-0.37068868687883444
971	0.28516799420269423	0.4246944940031716	-0.4983142739240313
972	nan	nan	nan
973	0.3471815435960004	0.31061243250139803	-1.5723095163842404
974	nan	nan	nan
