ID	SN	ssim	z_ssim
5057	0.31638403271446003	0.4434104493080979	-0.11584140864584229
5058	0.38221896849487225	0.42522552493737975	-0.26305139119243487
5059	0.42810312662091987	0.24336204732657626	-1.7352664424718434
5060	0.9672120567054027	0.4367456361241419	-0.16979417812044623
5061	0.9860243533916742	0.4809968571117522	0.18842680407626236
5062	0.6268469727532797	0.41937733158804014	-0.3103934874989583
5063	0.5876498507030091	0.4160832714899011	-0.3370594510008634
5064	1.642084514075628	0.4990764329535905	0.3347839727875283
5065	3.304653664470205	0.42436552509115727	-0.2700132327580968
5066	2.7832566706422996	0.4231091287050211	-0.28018397013947
5067	0.35009625925438054	0.50322388190094	0.3683582607364694
5068	0.22638142681583578	0.378843783469914	-0.63851929046512
5069	0.2013492256623625	0.375047975395546	-0.669246987154235
5070	0.2096671080953842	0.4714324513137081	0.11100135088791893
5071	1.9660399357719212	0.5136901672606556	0.45308457874152713
5072	1.8933430044314536	0.46049951453280075	0.022497412136767043
5073	1.1287827430603201	0.4825962768564334	0.2013743725070843
5074	0.4218203344596405	0.6059725465764424	1.2001257635984595
5075	0.4850590458052633	0.6536841903173238	1.5863594426163403
5076	1.0827921647384278	0.7134804622525232	2.0704201936253566
5077	0.995464860529403	0.7347788789665752	2.2428344137138527
5078	0.8452648453649002	0.6936921334039619	1.9102303855712963
5079	1.4410535884388629	0.5772730672725152	0.967798712833795
5080	1.4850600310093305	0.4944575153000844	0.2973930673707506
5081	0.3816266374265089	0.5627041963585221	0.8498612834966731
5082	0.4989586451973071	0.6311999027521346	1.4043454010636691
5083	1.0259692047761368	0.5257892977462749	0.5510290491889794
5084	0.9061353043471859	0.5457289519105828	0.7124438608028993
5085	0.8377067168985903	0.5721959121211555	0.9266982987775512
5086	0.5746325681215702	0.43937498818142856	-0.14850913658982098
5087	1.0254501475399205	0.3618034357148653	-0.7764637352409175
5088	1.1872546956382277	0.41866105583083985	-0.3161918586973444
5089	0.6815418485620564	0.4877417602784859	0.2430279152610934
5090	nan	nan	nan
5091	nan	nan	nan
5092	nan	nan	nan
5093	nan	nan	nan
5094	0.6304879488845486	0.40434747645640917	-0.43206266062831733
5095	0.5073865114559806	0.5413534464850864	0.6770234177925882
5096	0.633766171959752	0.4450374544585864	-0.10267053177421277
5097	1.0729604655848495	0.3220974016365399	-1.0978906746389534
5098	0.6008188855607771	0.48198376072498483	0.19641595270935097
5099	0.518450504604419	0.698160759117173	1.9464046527740964
5100	0.5642586522133061	0.6367753495105324	1.4494795684245634
5101	1.0065816413028805	0.47438167423303007	0.1348758001640725
5102	0.71604956577475	0.547363537393261	0.7256761017223856
5103	0.47896191776411157	0.5545283812848724	0.7836767028099285
5104	0.64816265915997	0.5217210933455692	0.5180962590043692
5105	0.8457492145740642	0.34485285274548044	-0.913681519170539
5106	0.9608267044019937	0.38700576162231287	-0.5724467219536427
5107	0.4805080623024607	0.5708718320279302	0.9159796505478206
5108	0.552529456424894	0.6277691944307385	1.376573247502867
5109	0.6107698127391864	0.4759171093466292	0.14730540238107764
5110	0.6628212773200748	0.3597126388266649	-0.7933890832459968
5111	1.0381571723447982	0.38188835104723046	-0.6138730103496872
5112	0.6829323329557291	0.21589701221441074	-1.9576004625139496
5113	0.4690971218785256	0.2402994682940201	-1.760058528308401
5114	nan	nan	nan
5115	0.5118883856910846	0.4656909808181017	0.06452319380462844
5116	1.1600259881076807	0.618584850380036	1.3022244572718282
5117	1.991775959528951	0.6328728857131387	1.4178884759464403
5118	nan	nan	nan
5119	nan	nan	nan
5120	nan	nan	nan
5121	nan	nan	nan
5122	nan	nan	nan
5123	nan	nan	nan
5124	nan	nan	nan
5125	nan	nan	nan
5126	nan	nan	nan
5127	nan	nan	nan
5128	nan	nan	nan
5129	nan	nan	nan
5130	nan	nan	nan
5131	nan	nan	nan
5132	nan	nan	nan
5133	nan	nan	nan
5134	nan	nan	nan
5135	nan	nan	nan
5136	nan	nan	nan
5137	nan	nan	nan
5138	nan	nan	nan
5139	nan	nan	nan
5140	nan	nan	nan
5141	nan	nan	nan
5142	nan	nan	nan
5143	nan	nan	nan
5144	nan	nan	nan
5145	nan	nan	nan
5146	nan	nan	nan
5147	nan	nan	nan
5148	nan	nan	nan
5149	nan	nan	nan
5150	0.4098266509431895	0.714946537432412	2.082288315661154
5151	0.5511238208307206	0.7242284569938693	2.1574269958550185
5152	0.6106074625659075	0.5057930971567536	0.3891564848729284
5153	0.4832718312227869	0.5590183929189048	0.8200240925930956
5154	0.736165330347228	0.5301368019388808	0.5862228175691927
5155	0.7104579485299815	0.60202364270329	1.1681587309952892
5156	0.7478987833984416	0.56542582417005	0.8718933125810773
5157	0.9871208767798889	0.5740568662938312	0.9417630318330664
5158	0.8332704330486561	0.40471089182712366	-0.4291207528540849
5159	0.4086349489264975	0.42339841710143516	-0.2778421325316315
5160	0.6783009375139423	0.5001371997899313	0.3433710564773116
5161	0.6141961958557438	0.43054550344455467	-0.21998528174792592
5162	0.6683345782505566	0.3354185710978241	-0.9900535957532409
5163	0.6402010031492132	0.41267980960986306	-0.3646110400943629
5164	0.30680689850388104	0.5138271753872596	0.4541936822777834
5165	0.3774955167226676	0.4179845382043364	-0.32166838122555447
5166	0.7030733611408244	0.22224418600596843	-1.9062190366676075
5167	2.2885580492783624	0.3637794134342387	-0.7604678674742194
5168	3.2995253725068414	0.47283073996286146	0.12232072970086676
5169	1.775607218628432	0.46973392082753046	0.09725146454647854
5170	0.7427792769551269	0.4395224800068327	-0.14731516577086784
5171	1.733202162546254	0.48874900432820845	0.25118172310527503
5172	2.4799964657539375	0.4098090713208043	-0.3878501432554769
5173	1.7182795785520795	0.34547778454688094	-0.9086225924628144
5174	1.0113044030772314	0.3557693605038681	-0.8253105760848667
5175	0.24487214499958285	0.3034481150869053	-1.2488597461352728
5176	0.27781578139740054	0.24064007401657628	-1.7573012684237517
5177	0.28162712101032866	0.21782715278185766	-1.941975654103756
5178	0.3695032632577342	0.25247789165647994	-1.6614721688556493
5179	0.4318225774756128	0.24028173698321278	-1.7602020662138254
5180	0.4407343226125216	0.3287410949103216	-1.0441088743443558
5181	0.45567359647639466	0.30197662048234614	-1.2607717393137192
5182	0.4720321027165045	0.14255629278570292	-2.5513057651568025
5183	0.29951445536009347	0.2652633623775231	-1.5579716602296456
5184	0.2533590082905445	0.3143093356718017	-1.1609363618999307
5185	0.3220077653958978	0.23528381217657526	-1.8006610974726525
5186	0.500537774389125	0.19012534041646628	-2.166226425329658
5187	2.289317792079503	0.30619093026124644	-1.2266562018305491
5188	5.31991560581758	0.5568459932350971	0.8024381564067181
5189	6.2804835288921845	0.6342352152184604	1.4289167595187404
5190	1.1623480217345956	0.5710129239839916	0.91712181336169
5191	0.8852440890723551	0.516255574943772	0.4738519799447221
5192	0.6953537357646269	0.5669912475970635	0.8845656751749934
5193	0.4743190830889763	0.4912343767865348	0.27130122587324595
5194	0.6266341450851263	0.45163260974909214	-0.04928165451439071
5195	0.8365572301086925	0.4239936250512538	-0.2730238253383673
5196	1.2253753349847614	0.38217938471915663	-0.6115170444467599
5197	1.067278253039869	0.4055469107561357	-0.4223530407954825
5198	0.8902486985143068	0.31837215545606656	-1.128047161079572
5199	0.8725890453993511	0.30839908442098396	-1.2087808272241762
5200	0.6762499612310063	0.5486171552165462	0.7358243461760751
5201	0.2622049843039664	0.48822819568938264	0.24696569068915375
5202	0.3868112524246128	0.3537518191626253	-0.8416429082726001
5203	1.5606285748478712	0.3954757885553072	-0.5038804474090529
5204	2.3828006693222545	0.4366096516335444	-0.17089499515324605
5205	1.175220134712774	0.4197483929813534	-0.3073896839020998
5206	1.1977355508681762	0.3612197164110116	-0.7811890399373054
5207	0.7544167942916878	0.4666812396775219	0.07253950371277366
5208	0.3036753620451571	0.5499616624292767	0.7467083553303022
5209	0.44076117989920377	0.3562620946112251	-0.8213218116630067
5210	0.6312058257388661	0.2857832709336727	-1.3918595929574542
5211	0.6387908168615987	0.3469573960640819	-0.8966448915286485
5212	0.4732202678162003	0.35616452639566226	-0.8221116425700429
5213	0.3184931985795872	0.39507069031860187	-0.5071597849052852
5214	0.33238488168090624	0.4274802418235522	-0.24479908358342353
5215	0.3826017203920024	0.3573656030837189	-0.8123887273309428
5216	1.112037959505019	0.39118513858248005	-0.5386139714390171
5217	1.2469837147650082	0.6216394598357295	1.3269520280602654
5218	0.8682549885205245	0.5765194577081354	0.9616981182666862
5219	1.0443100313504003	0.5734099371667091	0.9365260331207768
5220	1.1557707692754406	0.4879946496090096	0.24507509638616634
5221	0.3700768795674677	0.44426244327632486	-0.10894437599200033
5222	0.786919281928308	0.36961721742378495	-0.7132098747604672
5223	1.4299222812490353	0.44646366056768766	-0.09112515648704846
5224	0.7774635226688227	0.421802795223426	-0.2907589566010743
5225	0.5454719910281998	0.4977396520972045	0.3239625097709389
5226	0.5715230811501377	0.5066100111546307	0.39576953934145265
5227	0.49758975792721755	0.493560028914242	0.29012776604189777
5228	0.45835889717936384	0.6033744647025375	1.1790938593949971
5229	0.49683305818297924	0.5655514496487606	0.8729102716924477
5230	0.4333601578337651	0.549554651856081	0.74341353715262
5231	1.0685460422492596	0.5491445773433952	0.7400939158759714
5232	0.8108434271722493	0.6835144727391623	1.8278405324002376
5233	0.6597559270619061	0.6407277962688119	1.4814752812711651
