ID	SN	ssim	z_ssim
494	0.29049366496506007	0.4492221883915287	0.35480160990117326
495	0.3808397741298593	0.41256664245382507	0.11846465697488648
496	0.4248459316675665	0.20315624199878426	-1.2317107309112698
497	0.46841064463555315	0.24829051531669438	-0.9407071090684648
498	0.5280532173820083	0.4413262322424589	0.3038923635927922
499	1.8100665466504484	0.38948391562808626	-0.030361426054849115
500	2.7480795683290284	0.29384853313833625	-0.6469713908328948
501	1.4513758021402896	0.4376719510982097	0.28033135396451914
502	0.24918004079347297	0.3803971401328424	-0.0889484905094596
503	0.3545324642737952	0.16788641488264636	-1.4591132496196615
504	0.4210805419770676	0.5030010072507881	0.7015410147042743
505	1.4035241840606891	0.5526246542968578	1.0214899129116368
506	2.403767976215919	0.4610965846406801	0.4313618835397979
507	1.9927681256657217	0.6090469008546561	1.3852728409135295
508	0.41933832466501175	0.710926371450162	2.042141618347799
509	0.7443492546772242	0.6164955263676452	1.4332979190346036
510	1.047493152901128	0.44418086685460445	0.32229764521372256
511	0.8358176992103423	0.5059983060161474	0.7208661247004154
512	0.5791310148961424	0.44624057837107756	0.3355776532249995
513	0.8579516427335082	0.5427705173020642	0.9579552784793546
514	1.1926868292844623	0.6165573525569608	1.4336965439307852
515	1.0784770571910198	0.5378207268214639	0.9260414610778425
516	0.6678625496626924	0.5884540986236428	1.252500568478615
517	1.4724009155053535	0.6305913946203798	1.5241811528394797
518	2.3533150237418505	0.5216772183562326	0.8219560490996219
519	1.7202592795942326	0.6095121040998704	1.3882722429044925
520	0.3167608543429916	0.6059758479058313	1.3654722001746342
521	0.5028079977043993	0.22074699365646183	-1.1182942057959713
522	0.846648596393758	0.21091588448471896	-1.181680368137793
523	0.8758703215203707	0.2887913070998161	-0.6795778999334439
524	0.8991779854108921	0.3566565995776313	-0.24201583331147578
525	0.5924097681048004	0.26658748861577947	-0.8227372137454353
526	0.7909175541752603	0.21414252833178649	-1.160876553722089
527	0.5311420437873919	0.2654992881900898	-0.8297533955046067
528	0.9662751833790466	0.20126811637681905	-1.2438844373674687
529	1.0272682299337887	0.37756583093017915	-0.10720338134881055
530	0.4693074713099303	0.5660346939648616	1.1079512609200086
531	0.9538940920243709	0.5337161381775318	0.89957708990816
532	1.2091843456407851	0.4646292173191959	0.45413856362163735
533	1.3637016383103748	0.45901411446297635	0.417935138861249
534	2.3186755845167393	0.34933563096140197	-0.28921784247454013
535	0.8558133325131274	0.24927744493123793	-0.934343871749606
536	0.355555881161044	0.24939260584299358	-0.9336013707641672
537	0.8000245856946548	0.15293170562206487	-1.5555338683317932
538	3.079142227592539	0.06840774905888741	-2.100502817296972
539	4.657417889401238	0.3201732335064615	-0.4772426550428536
540	3.1203443512563624	0.5992007829252178	1.3217899094752399
541	1.2122738846108394	0.5970183900147038	1.3077189121032355
542	0.536139040448645	0.5634630044273424	1.0913702701416246
543	0.652332587764478	0.48466383578287425	0.5833119413362539
544	0.9256538162018282	0.5349546359519137	0.9075623151371296
545	0.7594292389038746	0.4713301780823208	0.497343066730854
546	0.728626922473617	0.40613161478628773	0.07697475982462182
547	0.7551608630647207	0.6804768557620273	1.845818099717217
548	0.7820569044860364	0.6998535801830696	1.9707496998397278
549	0.7621035002888205	0.696840825493883	1.951324937639573
550	0.7956000611800382	0.497078103402087	0.6633530403536436
551	0.7800336789983794	0.5992212979515932	1.3219221802871655
552	0.7828495324016018	0.6712790479726902	1.786515153575644
553	0.6183608557923905	0.6437697045847205	1.6091484215573852
554	0.5950977973444167	0.6214165981830526	1.465026572591187
555	1.0463142319665075	0.43339176057924045	0.25273478817018213
556	1.3150766585040774	0.2728883836390349	-0.7821121379919493
557	1.006374697475809	0.3314464039713421	-0.40455878990505323
558	1.6288473945526123	0.43253576434449736	0.24721574496238566
559	1.7417021681278197	0.41325253285644137	0.12288694134274752
560	1.011307572324451	0.31844210079185004	-0.4884041483562421
561	0.4708692893487732	0.5437553694980017	0.9643051216235877
562	0.38920284896745244	0.46736474823718754	0.4717759231331432
563	0.5237836992147917	0.10431891662518598	-1.8689652504286935
564	0.6912419230465523	0.15802405622486135	-1.5227008932959654
565	2.8926046518546125	0.2787408458615417	-0.7443783366421035
566	3.6517881829905754	0.6190003567073904	1.4494478345507655
567	1.4621788043623076	0.619684739841355	1.453860400790816
568	0.5386050829061771	0.5928625667434799	1.2809242052261256
569	1.063652133126427	0.46254292243839035	0.44068715913639894
570	2.0016618357936182	0.38140458414162426	-0.0824529864543846
571	2.523851366410158	0.33087168669605527	-0.40826428456243
572	1.375962104178163	0.26729940686384207	-0.818147114616488
573	0.5379872703613612	0.307185963979861	-0.5609781888680926
574	0.4146072951404925	0.2968610641169398	-0.6275480710086802
575	1.0957490421061211	0.2909107876281476	-0.6659125306956275
576	3.1754040150236	0.4015562261502255	0.047474901589302204
577	3.016447755207432	0.6218164490286527	1.4676046144142372
578	1.1753053474054242	0.6952438616507002	1.9410284992978082
579	0.9802526462819698	0.707572860934972	2.0205198299801332
580	1.247043882651065	0.5835013240914756	1.2205675113785344
581	0.5109267387711598	0.424398850458066	0.19475292153558374
582	0.4019159944384173	0.5447978859658625	0.9710267556652258
583	0.564401369255475	0.609651054119267	1.3891681243694431
584	0.6065552609865458	0.5763235010453993	1.1742884345306062
585	0.6241364379251851	0.6100667108528587	1.3918480747935154
586	0.8713776281082144	0.6024564145461473	1.3427806228163692
587	0.7955669985892613	0.5345298825859416	0.9048237140962491
588	1.5268089097216528	0.5293789020446058	0.871612722019066
589	2.1308096008289716	0.40086656271026205	0.04302829053015625
590	1.6635329971357122	0.2977009708179668	-0.6221327652101948
591	0.34455026491082935	0.3838387627085581	-0.06675859886115867
592	0.7773468815101116	0.24313833683164704	-0.9739258248982021
593	1.0467565102059493	0.12317995173845492	-1.7473585616269134
594	0.9369281248720553	0.1656106779484434	-1.4737860834005414
595	0.38364957968842817	0.19582464351242374	-1.278981276254946
596	0.3372920946983086	0.19992335009683873	-1.2525548297154288
597	0.32825971798448905	0.1735180546102142	-1.4228032032366669
598	0.7350166538783633	0.16328376823838753	-1.4887888541011556
599	1.0408209437538012	0.10285085256221593	-1.8784306063105178
600	1.0038837174252517	0.2787120360954989	-0.7445640878605588
601	0.6208852816566015	0.36931249334910166	-0.16041684756477878
602	0.9693818485942117	0.3618696224656838	-0.20840482266137741
603	2.403310496574669	0.33433574468097754	-0.38592974041710854
604	2.1929135933131634	0.2765423365544196	-0.7585532446221498
605	0.830336083901596	0.3104024766959581	-0.5402396950079007
606	1.7038239639625363	0.4281651978337731	0.21903647917101782
607	2.0363380796052546	0.35404269090724183	-0.25886903231817837
608	1.359701928336034	0.4182462367162309	0.15508389064053313
609	0.6361523893778913	0.4450086000558279	0.3276344622657869
610	0.6903068687849229	0.16751056891577049	-1.4615365197772534
611	0.29158589414683667	0.28224496306859803	-0.72178551031182
612	1.4881754393412279	0.5443620589488696	0.9682167571625675
613	4.546966728120933	0.473854366049533	0.5136177907193601
614	3.5422064025957294	0.5244997612299778	0.8401544189566261
615	1.2628611152279645	0.5978676056688461	1.3131942374583234
616	0.6561441759749672	0.5306675378711792	0.8799212127779155
617	0.49068077078123085	0.5348080110709156	0.9066169499348987
618	0.4439274718851227	0.4704221176391175	0.49148833908379375
619	0.9007393407901608	0.4527852591164666	0.37777453955345036
620	2.0565914351776566	0.5537181869179422	1.0285404740472368
621	0.8182303018223888	0.4779175316936826	0.5398150867357687
622	2.596419548139435	0.6122629544399377	1.4060083745237744
623	4.1091664252379045	0.5717443704449392	1.144764449947114
624	2.0862014030070926	0.4029126563177753	0.05622049695434803
625	0.4303349211672382	0.32312964114384896	-0.4581811909518368
626	0.25484077442643716	0.464713004114149	0.45467877971467646
627	0.7336718048087105	0.40733766597639137	0.08475078541776493
628	0.7953591298669429	0.305600418553947	-0.5712010068646809
629	1.158145678604366	0.3849643968644234	-0.05950106279938298
630	1.2734583234096986	0.4640931743310119	0.4506824217684997
631	1.5237315355878007	0.5675266660052559	1.117570763695312
632	0.9316279383200283	0.5890298084282989	1.256212462477778
633	0.8939015922222019	0.5745524278312123	1.16286942449699
634	1.9940181889365731	0.4782188939438682	0.5417581224787614
635	0.7505537523479782	0.3139008622073628	-0.5176838238354455
636	0.5220304607368844	0.4662681570575057	0.46470564191424374
637	1.0646342302876273	0.48733911826409987	0.6005608485249364
638	3.009140493051605	0.21918699715468845	-1.1283522968807793
639	2.444796868332747	0.5484196876559992	0.9943783537291287
640	0.7915248969612615	0.5405759039878174	0.943805489947436
641	1.406652244782333	0.5738450167307676	1.1583083852417169
642	2.145023232843126	0.5985370236434607	1.3175103157026191
643	1.3819190271962885	0.5181884554071421	0.7994622194818211
644	1.019202858177694	0.4431752816673157	0.31581412592647645
645	0.7258417610382856	0.32113212386732704	-0.47106020105724133
646	0.6723466348673122	0.13956649808879684	-1.641706160759472
647	0.5219610591855219	0.1953065724964084	-1.2823215436603908
648	0.3851669456123499	0.2682452838471239	-0.8120485644966273
649	0.5090437681637144	0.20977696548566857	-1.1890235583421587
650	0.6204699868592476	0.17478981143802952	-1.414603539969889
651	1.6360338552295068	0.1854495724686377	-1.345874637522825
652	1.6173531968504584	0.253463955974977	-0.9073513051908899
653	0.9079862810858796	0.32683784699613927	-0.4342725012969851
654	0.3349722450117237	0.3231800001053745	-0.4578565011070938
655	0.4075267761651463	0.2649938797086577	-0.8330120211076127
656	0.42389404854374163	0.24940280643666354	-0.9335356023472925
657	0.47377654882926606	0.17925445634200274	-1.3858177029154866
658	0.4419811497087899	0.22803732443786903	-1.0712897343408005
659	0.5517726030776758	0.18832889711917103	-1.3273101666635152
660	1.3603814878710827	0.25469118041164024	-0.8994387649054283
661	1.6534867804678806	0.4024875923228899	0.05347989313083332
662	2.7531988628210633	0.5443182077467781	0.9679340261536754
663	1.9747166675976842	0.6262023612006122	1.495882821490592
664	0.9438040409572663	0.5408176730882304	0.9453642983362248
665	0.7709121254161815	0.3107484892420613	-0.5380087760915853
666	0.6051454821402529	0.24513352279995454	-0.9610618459228936
667	0.5400644989547116	0.2611963390876277	-0.8574966974650003
668	0.9047767534035238	0.0921053119337135	-1.9477125734650078
669	nan	nan	nan
670	nan	nan	nan
671	nan	nan	nan
672	nan	nan	nan
673	nan	nan	nan
674	nan	nan	nan
675	nan	nan	nan
676	nan	nan	nan
677	nan	nan	nan
678	nan	nan	nan
679	nan	nan	nan
680	nan	nan	nan
681	nan	nan	nan
682	nan	nan	nan
683	1.6146881231822754	0.32517264947377117	-0.4450088768818888
684	0.9830236026335681	0.41571539870805363	0.13876629045476108
685	0.6301217975057736	0.5303798056714637	0.8780660569045015
686	0.7750981999240276	0.6990347911718979	1.9654705505312242
687	0.7950750705800668	0.5730164860273568	1.1529664262873263
688	0.36018606612874393	0.4906093871850645	0.621645935986022
689	0.3503748487684616	0.4163150596817376	0.14263260982564527
690	0.9173457839643584	0.362607084218329	-0.20365003156329795
691	0.7778228837029277	0.471052581112245	0.49555325783915777
692	0.6148146644457168	0.4662463334241594	0.4645649338474314
693	0.4724166215915605	0.4484877392150347	0.3500662424141684
694	0.6790711229893094	0.3835912994750204	-0.06835412022305516
695	0.6853658781165787	0.4501769385175629	0.36095736968651077
696	1.1756509399674961	0.43996049829970624	0.2950867820557792
697	3.611291698583709	0.4070298736670348	0.0827662918120469
698	3.0770628340030983	0.24767728350591073	-0.944660926530204
699	0.6138792913161253	0.34088085072494667	-0.3437301119723441
700	0.30269944429235374	0.43365748452483177	0.25444804563270457
701	0.9970008263156968	0.23966330671628577	-0.9963311119504624
702	2.0480831634859196	0.2631469405288047	-0.8449201776181844
703	1.2320180571789732	0.33832811932850254	-0.3601888699703887
704	1.0000866141078502	0.45007790664037306	0.36031886079245706
705	1.4102088112645625	0.38479968065400416	-0.060563072006235584
706	0.8242548367489009	0.5171308587081147	0.7926433555178845
707	0.9624982833780277	0.37620958343354066	-0.1159477989415587
708	2.021026757585717	0.15458258587715296	-1.5448898034528584
709	1.5257100879408916	0.2085786308418658	-1.1967498314355585
710	0.8885243354162262	0.33100055823521557	-0.40743338418692265
711	nan	nan	nan
712	nan	nan	nan
713	nan	nan	nan
714	nan	nan	nan
715	0.7081459547371697	0.3989617677504642	0.030747108372535588
716	1.151356220252294	0.3769105509532119	-0.11142830472966106
717	0.9413875843300855	0.31905380753421386	-0.4844601637864739
718	1.2004692712650062	0.3715049235728806	-0.14628113452773875
719	2.2988908732299755	0.4167661945254061	0.145541305674636
720	1.6745312012351263	0.3126928175790032	-0.5254727021391733
721	1.5187512217545285	0.21768773545969983	-1.138018799767816
722	0.6864930475390021	0.07363071542366215	-2.066827695993768
723	0.5473317204211845	0.19790004766722208	-1.2656000898208606
724	0.3347301075208255	0.26155958533717644	-0.855154664095039
725	0.3236690687334203	0.2311474186884509	-1.0512373744674741
726	0.4405953189861003	0.21691055497803885	-1.1430296777185003
727	1.313854783168723	0.17139304136960537	-1.4365042446852658
728	1.3412041165378628	0.32192162167676697	-0.46596990702800717
729	1.0036463812439005	0.4391208797199907	0.2896733339219687
730	1.1369856275976467	0.46812283135021593	0.4766636706325937
731	1.4241803121218721	0.4505831654456976	0.3635765213574509
732	0.7087779271651503	0.4998650591987407	0.6813219622199495
733	0.6320710736504423	0.5000331014000755	0.6824054157823105
734	0.9438889684208709	0.44594836699657187	0.33369361783296236
735	1.6127131228579443	0.4501175891257114	0.3605747139636348
736	1.9741445963203628	0.4639511906130986	0.44976698050583774
737	0.6658404877287037	0.4817361669672364	0.564435771049742
738	0.35588936189210757	0.4316861925448323	0.241738123355926
739	0.6214012341304292	0.12936896417008636	-1.707454849861154
740	0.6276854117242329	0.07194540779520134	-2.0776937316635338
741	0.6383556791081468	0.08685417911581303	-1.9815692982210102
742	0.4258412127803375	0.4367416611359479	0.27433330129896827
743	0.401643429574871	0.5131027977806408	0.7666723974691759
744	0.41450099879246466	0.2792310245561547	-0.741217905222773
745	2.12481712651299	0.2607262613208358	-0.860527527976454
746	4.098130152870416	0.31761399976101623	-0.49374333699293543
747	1.7873173524863852	0.3446540763807746	-0.31940220656569146
748	1.5773809805492098	0.2912966929751007	-0.6634244025970347
749	1.4071346020016782	0.3276395672339614	-0.4291034030538913
750	0.4806634698040198	0.5495094409923607	1.001404547893434
751	0.6973020586505638	0.36672482424625397	-0.17710086673033357
752	0.8422251851353076	0.15266329248742994	-1.5572644643641869
753	0.7211859134550893	0.7668987828592442	2.4030242302952702
754	0.7166211489763451	0.7465208305147626	2.2716372043822806
755	1.1526536798543043	0.10057455276070243	-1.893107069183304
756	1.2341853004384618	0.11316230274675837	-1.8119474410888727
757	0.7370254595544964	0.2804948030227034	-0.7330696825100196
758	0.3835773689443313	0.4471944280352855	0.3417276072748391
759	0.9262337248120461	0.5423536868748644	0.9552677606554822
760	1.0089828991270833	0.39638776823737604	0.014151224006473532
761	1.4415108419316771	0.43600782380959463	0.2696018787210953
762	1.0196082072248769	0.6749203070559244	1.8099922033516662
763	1.070276565108094	0.7251716637032163	2.133988264701205
764	1.40719063329915	0.6194823968540666	1.4525557926111148
765	1.9707018801551672	0.5110015637481963	0.7531246726731264
766	1.2885583461459253	0.4744764693272207	0.5176288070415296
767	0.9160758318670565	0.35613370612786177	-0.24538719340071485
768	0.9898760825177806	0.5648756152073922	1.1004780904969718
769	1.443795464988334	0.592929594324073	1.2813563661380463
770	1.5244580366779352	0.23242655599990292	-1.0429901254679186
771	1.177415872609503	0.2202790082329143	-1.121311545906063
772	0.44519832058012554	0.1450596770969591	-1.606288841075458
773	0.5712647149276836	0.10280250361833625	-1.8787423365489146
774	0.5058351574057967	0.1511772599139233	-1.566845672374801
775	0.543924142415026	0.15511555151023151	-1.5414535028736696
776	0.704142764071507	0.09951845057935957	-1.8999162972314028
777	1.2066984368134521	0.11527039145582715	-1.7983555207053556
778	1.3652940224481318	0.129519976156574	-1.7064811987579214
779	1.0336854290625974	0.23847747602914815	-1.003976765673937
780	0.5015530155631938	0.38383316361014436	-0.06679469909713627
781	0.46313936371283937	0.40469031829245267	0.06768198807883401
782	0.48901585052421426	0.3012990700792609	-0.5989339887634939
783	0.4012464979228447	0.2754286751936156	-0.7657335859830855
784	0.7183380780474008	0.22919012959277918	-1.0638570130251173
785	1.83423864790458	0.14735013275669057	-1.5915211081830418
786	1.604701362168954	0.48811625301994827	0.6055714316580444
787	0.9662595408656479	0.5160414291099579	0.785619248658484
788	0.49915692374560855	0.5471318513969797	0.9860750181890735
789	0.5576467067746731	0.5174856652642319	0.7949309738906545
790	1.2434695564289944	0.39814439279376057	0.025477076192578475
791	1.211167759733662	0.3808729692195004	-0.08588057831288316
792	0.7000322233907671	0.44542142260851136	0.33029613928367335
793	0.40849253296529014	0.5769068294465935	1.1780494494975613
794	0.9877708611153727	0.1945385697947785	-1.28727324779408
795	1.4318182927670393	0.21090637241852472	-1.1817416972677477
796	1.0096691149660786	0.4929598218135011	0.6368003838035828
797	1.0942088137290906	0.3793220312570697	-0.09588026438607722
798	1.3628475344164774	0.44054538015040257	0.29885781290198127
799	1.0515451067903507	0.27928169924788154	-0.7408911797047968
800	0.7350697715031558	0.11075169899147053	-1.8274898298778879
801	0.7180633501539814	0.3893910550569034	-0.030960145399464734
802	1.031450844692601	0.3889759355491209	-0.03363663205543521
803	1.1529214547249285	0.27744022146509684	-0.7527641238100199
804	0.8832487207706157	0.43783209713750965	0.2813638969531212
805	0.643883388801147	0.4494211795903962	0.35608460739572456
806	0.8276591199142408	0.41941352191463327	0.16260997216323694
807	0.9037394449758029	0.23464009830787635	-1.028718292083444
808	0.5984135485328481	0.4649978699982483	0.4565154549930942
809	0.9871973239951014	0.42840932868516324	0.22061051496988168
810	1.0739182418068254	0.5303238299925049	0.8777051532249989
811	1.0253072353688624	0.5457249630348865	0.9770040931735341
812	1.9405882567822985	0.45674139804848124	0.40328177990759484
813	1.7859008119038366	0.4930642202236106	0.6374734934655577
814	0.7482450540487295	0.3986126372158134	0.028496086197797674
815	0.9347317832314915	0.2564186264335347	-0.8883010415755669
816	1.0321731647844232	0.21657385561105885	-1.1452005498309905
817	1.324428880086274	0.1377277335382639	-1.6535616112760292
818	1.3340447681130474	0.09161847954949218	-1.95085142951883
819	0.6688961119127927	0.33503192891286615	-0.38144108649501146
820	0.623455343318725	0.42959582355716164	0.22826045103105314
821	1.215825805378748	0.09896871878081943	-1.9034606978089978
822	1.4796505167711131	0.2025115070408034	-1.235867665190007
823	0.9782592012050677	0.2294104265566123	-1.0624366464246655
824	1.8736438883585953	0.23194212407670164	-1.0461135045283254
825	2.0216632345078263	0.2653422903027939	-0.8307656407556374
826	0.8581122793095962	0.3204871664731835	-0.475218569495082
827	1.0561944420149396	0.45288771084352775	0.37843509795945024
828	1.839048809355852	0.4593220051280233	0.4199202666161407
829	1.5096958125946907	0.49287234554312276	0.6362363797854811
830	1.6075146845708155	0.570177237472836	1.1346603464074576
831	1.6618955870136605	0.32024516104275913	-0.47677890162368564
832	0.8167251496557983	0.5254798421728145	0.8464734994047748
833	0.9071378314570052	0.588804509235336	1.254759843961276
834	0.9783492655921322	0.6308847195349632	1.5260723677909036
835	1.1261726897291815	0.6554193051737112	1.6842593232116523
836	1.826830241310903	0.6196727775270133	1.4537832736645073
837	1.056353334677087	0.5765583964481571	1.175802924693664
838	0.8614854812559146	0.3653437260418968	-0.1860055094783768
839	0.5183957385739043	0.505858901852623	0.7199673151372306
840	0.7287493519906073	0.5096513147668847	0.744418930560396
841	1.438404879702033	0.3279131992198527	-0.4273391584323922
842	1.9888575225624459	0.2525593001041357	-0.9131840818278788
843	0.6189713775123316	0.4053573237908296	0.0719825118614942
844	0.357862404709158	0.4932271719245989	0.6385241259824265
845	0.4206384671495964	0.48957014399530685	0.6149454064335733
846	0.45951613317498174	0.4924527637765792	0.6335311226771336
847	1.3024861880154412	0.44103175841423764	0.3019937410106423
848	1.8952513366650066	0.3320289492249198	-0.40080282428920316
849	1.5260660611472836	0.2959930607724467	-0.6331445301615726
850	0.6802248922124075	0.31869055628683585	-0.48680222937998313
851	1.1445773201503184	0.3067334437598609	-0.5638958169430941
852	1.177711433883258	0.2776820432825934	-0.7512049755273736
853	0.9540737255765537	0.4344073916048755	0.25928307808800044
854	0.561418615997936	0.4641005804397951	0.45073017271963367
855	1.1645341927330484	0.37272419263187373	-0.13841988660936208
856	1.0964516561969235	0.38977581206916984	-0.02847942119880466
857	0.8924537716428407	0.31037603871496355	-0.54041015412152
858	0.8508481314882682	0.2645053319311985	-0.8361619371743338
859	0.7336245726216373	0.2257356332038302	-1.0861299086968004
860	0.3240744654009143	0.2727435485214457	-0.7830459636789523
861	0.417158190920492	0.1644145124880848	-1.4814983706647187
862	0.5622718034368756	0.05387862613960497	-2.1941794643525196
863	0.5759267396806036	0.0983721421239187	-1.9073071310204546
864	0.4694792996981965	0.20622438370330415	-1.2119288604454848
865	0.48513067091864714	0.2776248344076434	-0.751573830248812
866	0.7776101250179508	0.24858262974046935	-0.9388236987671116
867	0.7661683553690404	0.281391901883692	-0.7272856297601298
868	0.7311815484755531	0.16504383022576585	-1.4774408390486633
869	0.5061439512380085	0.24536763844162246	-0.9595523832762803
870	1.1909500492232161	0.28717025580929767	-0.6900296423025101
871	1.7818347715659195	0.3695417520090194	-0.15893870035046623
872	1.5374604484727703	0.4386287892886921	0.286500576563643
873	0.7749895053359228	0.3777517366936615	-0.10600475231331535
874	1.0016533762867	0.34711713755149215	-0.3035215981320389
875	1.144811402602701	0.3400528433883543	-0.3490686965145967
876	0.6987028688809942	0.2540351136723071	-0.9036687609435121
877	0.6895370789547697	0.1947128164880192	-1.2861497907159076
878	0.5756837870101017	0.10464633882226232	-1.8668541929502709
879	0.5566829022224014	0.05832515466545073	-2.165510432804492
880	0.49073517343536804	0.07685637118350296	-2.046030252279097
881	0.4317110365143464	0.18645596248642712	-1.339385929083889
882	0.3501502523337966	0.31450926176707783	-0.5137611623547214
883	0.5091335181461397	0.3776986029080297	-0.10634733286074478
884	0.6851332977487725	0.29633051519305986	-0.6309687898341808
885	1.1473349528916001	0.44324154506931934	0.3162413597902604
886	0.6235757530480608	0.39467850342223537	0.0031307241661220975
887	1.0141281423610125	0.4262817894999848	0.20689318747158478
888	2.460191898887847	0.4497638387741831	0.3582939054791861
889	0.8250429722244137	0.5336274731734105	0.8990054215188571
890	0.5586283414297815	0.6074245040560295	1.374812423369172
891	1.0488211795932079	0.4762184526181354	0.5288602595405036
892	2.322310173185696	0.46635752000913866	0.46528181032623056
893	1.6889145950179307	0.5054689794331534	0.7174532869284644
894	1.00066494289984	0.3481167691442558	-0.2970764646975478
895	0.6321796094026123	0.40865585455921805	0.09324981783094832
896	0.8795551522194003	0.4086383455468376	0.09313692832053758
897	0.7510286836299406	0.48002600902607495	0.5534095127715625
898	0.5433224863734594	0.44642465653724	0.3367644988107951
899	1.7895015123565474	0.4797090368992825	0.5513658322126641
900	1.9526606926622674	0.19790631244771817	-1.2655596975938368
901	0.7741262167902855	0.279462869064262	-0.7397230857296495
902	0.24575768332231135	0.5625874320319015	1.0857250094665674
903	1.0498296619034797	0.27144766962186495	-0.791401154214346
904	1.4389733940698295	0.14002927292961084	-1.6387224159271132
905	1.0496600109580156	0.5322101100698571	0.8898669605161684
906	0.5265137312358746	0.5437370539878736	0.9641870322118976
907	0.7722214035868035	0.554179430209403	1.0315143442017503
908	2.232871138306477	0.4391665200374342	0.28996760026773594
909	1.8804038525955549	0.46957979047115694	0.48605742730359125
910	0.5722583950083933	0.3795719515843036	-0.09426890089109102
911	0.46249076023495767	0.2349333817218465	-1.0268273447075864
912	0.6350162141974874	0.19389357980112737	-1.2914318264175308
913	0.7109719855792629	0.1786998790345425	-1.38939334495421
914	0.9603811944588486	0.06488106115206192	-2.1232411684113606
915	0.6951123080203755	0.1251080776665483	-1.734926952847216
916	0.9329520258974372	0.34397707217059054	-0.3237671971301505
917	1.615878013510603	0.4109306621649469	0.10791665975836602
918	1.3972706143778004	0.36599639452656557	-0.1817974237169539
919	0.5198382621555159	0.44078821313264727	0.3004234806781822
920	0.4822015076044174	0.49611151821363186	0.6571209738998686
921	0.3151009127645177	0.35228011268192916	-0.2702332708367526
922	0.34634746679178574	0.41166590475265813	0.11265714277113105
923	0.9605840151111323	0.5000527558342485	0.6825321379184867
924	2.6154874384466256	0.5828339174165971	1.2162644010068726
925	2.2660539710579375	0.4975402285291036	0.6663325961506134
926	0.7848129435064686	0.7078312345158883	2.0221856959021465
927	1.2022622712444397	0.7315133224317463	2.1748761648008608
928	2.0808304742881445	0.4966551499266604	0.6606260441227922
929	1.2815964866039957	0.5225339837071871	0.8274800511909159
930	2.2177025154963474	0.47800375365862047	0.5403710036085759
931	4.1349923981734635	0.40357680171678156	0.06050258022130891
932	2.7777032970708873	0.32576694958194424	-0.4411771217382581
933	0.405056856838122	0.35652634477792894	-0.24285565227142242
934	0.2782727642625786	0.6034376923470604	1.3491074200174296
935	0.8030460601398027	0.5798631263406708	1.1971101995701174
936	1.2562133435057965	0.3958895956021646	0.010939251585240773
937	0.9996818978043115	0.37488655774857393	-0.12447801861308266
938	0.716231846043045	0.39065096111927333	-0.022836890046511807
939	0.6751766046571788	0.4041212850283439	0.06401314113322513
940	0.899465993816851	0.39501221368203254	0.005282323983916101
941	0.7832158228786141	0.3548042008721823	-0.2539591901610626
942	1.033931404837495	0.34756177535808014	-0.3006547919864307
943	1.2794484925886416	0.2642152148859973	-0.8380324693598689
944	0.3729498238637769	0.3728886248586693	-0.1373597083894061
945	0.4592488285190466	0.4992471863998867	0.6773382219470487
946	0.6018013591041734	0.392965420073395	-0.007914395703644899
947	0.9638088688160227	0.2835394726893593	-0.7134391482135871
948	0.7324348116670413	0.35015385268660426	-0.28394235074728436
949	0.41702750506234276	0.4260468802560757	0.20537860806758265
950	1.3425535005482445	0.40492287117972237	0.06918137485280096
951	4.273776305127079	0.3255630043027642	-0.4424920607089402
952	5.0182383801388495	0.6680604456768096	1.7657631871315278
953	1.277962214058475	0.666134026320632	1.753342581489179
954	1.4037423122396655	0.702479113246312	1.9876778472209855
955	2.1373668823558782	0.7191952690034527	2.0954554076206584
956	1.0559000858323506	0.699870153436582	1.9708565560366547
957	0.6306830492072191	0.6468764077364123	1.6291789172909683
958	0.6434551638259187	0.4305402715891589	0.2343497879750127
959	0.9839181430720965	0.5007218983252352	0.6868464399796828
960	1.8461667366606804	0.3993939199769936	0.033533413631549824
961	0.5116364872837228	0.40594700268059264	0.07578447165902107
962	0.29667412371492574	0.4574427028370794	0.40780344866384755
963	0.30547549620204895	0.4657677931159343	0.461479541026096
964	0.40216782031160364	0.43282228671238815	0.24906310043453211
965	0.32243933253251633	0.619923595924523	1.4554004274754484
966	0.5944597873607013	0.6590881055855357	1.7079139459445645
967	0.8721760513660357	0.5124608193917939	0.7625332361940317
968	0.6238127274609337	0.4111397656447049	0.10926485627237448
969	0.7853589178551129	0.3910403859103744	-0.0203260703010034
970	0.6607055120657331	0.5999565921838026	1.326662996278284
971	0.3352567739330188	0.5725179480556433	1.1497520983558023
972	0.38734314218212185	0.5031601412597038	0.7025670326181253
973	1.2568224067810811	0.3890928655246357	-0.03288272501594189
974	0.5957074742460872	0.46761524056173603	0.4733909745858163
