ID	SN	ssim	z_ssim
5057	0.4692773152383642	0.5576224929373712	-0.16270280853751382
5058	0.4458465443902611	0.5955893197573481	0.15557492370830323
5059	0.43402020538944014	0.4494731599930856	-1.0693238595043961
5060	0.6493997777441204	0.6006987107306566	0.1984071935699034
5061	0.7363981351441176	0.6352034358312972	0.48766196086635843
5062	0.5466146872742286	0.5874601924507631	0.08742805916928262
5063	0.5427366421082153	0.6339017937974315	0.4767502331968594
5064	0.7910009039333014	0.6916724516271162	0.9610444316971781
5065	0.9550888370094581	0.5980629468185679	0.1763114581361071
5066	0.8136695274187344	0.6018106532854764	0.20772866139795648
5067	0.4182426605432709	0.5955297727325605	0.15507573814030065
5068	0.3015728006155046	0.4530786324633861	-1.0390990106656157
5069	0.3313553632428566	0.4490681270444282	-1.0727192701610404
5070	0.34424741057972336	0.5749441812377079	-0.017494263798156353
5071	0.6936147768263764	0.6172279152307663	0.33697230856008087
5072	0.8039258191523726	0.5496211099737924	-0.22977878611534497
5073	0.7061443703207604	0.5710392446396462	-0.050229534799019114
5074	0.5752974574455759	0.6770576461264921	0.8385278154414094
5075	0.5181992158657011	0.716286313422769	1.167383616988542
5076	0.749805179206602	0.7610954706582405	1.5430209336485698
5077	0.7304546976668516	0.7631686219676006	1.5604002606193035
5078	0.646609207327154	0.763200007644587	1.5606633682564937
5079	0.6975257519552721	0.7447798755827465	1.406246516721609
5080	0.7953552277144931	0.6975973678930475	1.0107132892450714
5081	0.49207217818475274	0.6730855355468996	0.8052294217279504
5082	0.5835407611277833	0.7210275077808848	1.2071292769456639
5083	0.6182796685560484	0.6324864496780382	0.46488533548486743
5084	0.5822297813108112	0.7155770965128554	1.1614382175789995
5085	0.5774200183076783	0.727150148546406	1.2584556684675532
5086	0.4343258374790264	0.635371532208523	0.48907112086795274
5087	0.6151236112415819	0.6415218540053492	0.5406295638044026
5088	0.6996033609047271	0.63399703128118	0.47754861359604317
5089	0.5467652835490159	0.5886435930605352	0.09734856330312795
5090	nan	nan	nan
5091	nan	nan	nan
5092	nan	nan	nan
5093	nan	nan	nan
5094	0.4512778563859669	0.5444898476281289	-0.2727944047415721
5095	0.37015539722235175	0.6279106223400852	0.426525955198027
5096	0.4243052187755501	0.64548575952332	0.573859174092313
5097	0.6698258850107158	0.5141833404315556	-0.5268553097667337
5098	0.5878847834654171	0.6546215764097298	0.6504451657161804
5099	0.550633628302005	0.8157532959355532	2.0012201073966858
5100	0.5553962310018948	0.7537610747130805	1.4815363402721713
5101	0.8267237808512323	0.574520139844623	-0.021049023157144534
5102	0.6652299832029158	0.6422735414686208	0.5469309959020098
5103	0.5610637851533798	0.6570485448934242	0.670790559048232
5104	0.5669405681092635	0.6559379642504224	0.6614805081923427
5105	0.5383830886504886	0.48906328423466694	-0.7374379470290716
5106	0.6031641292594849	0.5577261218764101	-0.16183408216570666
5107	0.36124560057334976	0.6552261929261429	0.6555136950045186
5108	0.4991624039471834	0.7049537656240044	1.0723823246482425
5109	0.6452431708717566	0.5451229527330006	-0.2674870542482781
5110	0.6701315813148554	0.5374548178929579	-0.331769396805275
5111	0.6988328672267458	0.6163903373506613	0.3299508529740481
5112	0.473328661356561	0.5101756326803034	-0.5604521162794485
5113	0.3813532959829987	0.46463124632952135	-0.9422528939158632
5114	nan	nan	nan
5115	0.437711853629541	0.5492224588945599	-0.2331206972541689
5116	0.6916508140375458	0.6922649924423331	0.9660117298025621
5117	0.776029200670802	0.7441271794307269	1.4007749335393913
5118	nan	nan	nan
5119	nan	nan	nan
5120	nan	nan	nan
5121	nan	nan	nan
5122	nan	nan	nan
5123	nan	nan	nan
5124	nan	nan	nan
5125	nan	nan	nan
5126	nan	nan	nan
5127	nan	nan	nan
5128	nan	nan	nan
5129	nan	nan	nan
5130	nan	nan	nan
5131	nan	nan	nan
5132	nan	nan	nan
5133	nan	nan	nan
5134	nan	nan	nan
5135	nan	nan	nan
5136	nan	nan	nan
5137	nan	nan	nan
5138	nan	nan	nan
5139	nan	nan	nan
5140	nan	nan	nan
5141	nan	nan	nan
5142	nan	nan	nan
5143	nan	nan	nan
5144	nan	nan	nan
5145	nan	nan	nan
5146	nan	nan	nan
5147	nan	nan	nan
5148	nan	nan	nan
5149	nan	nan	nan
5150	0.4246503175825667	0.7576678280556856	1.5142868411297739
5151	0.502544054191914	0.757800550901006	1.5153994631149106
5152	0.5105951131990585	0.5754863810148783	-0.012948977031889568
5153	0.4882329372685881	0.5841271930741729	0.05948736535813516
5154	0.6449860327851559	0.6298291254913884	0.44260885923418775
5155	0.6616590045780393	0.6361618643598097	0.4956965132407522
5156	0.7651212633721923	0.6403321946395719	0.5306565922184452
5157	0.7336065591374389	0.6674178514432056	0.7577169537473436
5158	0.5805119342255445	0.5460634784920647	-0.25960258164978867
5159	0.34860641307738577	0.49226725316799036	-0.7105789216193508
5160	0.5021567176079116	0.5217995103285527	-0.4630085918224351
5161	0.5649921648086104	0.5303043304647601	-0.3917122762534344
5162	0.6746919504839874	0.3853144078943604	-1.607169758992613
5163	0.6494873434469067	0.5099419581648296	-0.5624110209627738
5164	0.46952744568574206	0.6308492738105094	0.45116081157678845
5165	0.45802451576890574	0.5482157443552254	-0.2415600335757837
5166	0.5441424332849891	0.38137109165936134	-1.6402267683327572
5167	0.8401639067680279	0.548974752421501	-0.23519723251168811
5168	0.9722739999402705	0.6553271470206918	0.6563599980265308
5169	0.7762413471981827	0.6056439751017555	0.23986358224448232
5170	0.674287368759774	0.5703610039653993	-0.05591525893761289
5171	0.8299571103290795	0.6433417453701247	0.5558858004991613
5172	0.911332228824271	0.6256868516019909	0.4078839783240772
5173	0.8093748325598294	0.5276008000082677	-0.4143761018828428
5174	0.43861239251392187	0.4492838455807227	-1.0709108913133492
5175	0.2172009311093855	0.3706387574646306	-1.730196441210603
5176	0.2263303751293171	0.31423058709930907	-2.2030688418760103
5177	0.23265355237925422	0.2671574131639169	-2.597685519240428
5178	0.22266181716306366	0.33286715529079264	-2.046837595873937
5179	0.24400679053454666	0.32545206940670574	-2.108998616882766
5180	0.25768310147291873	0.42874063176177946	-1.2431256391598529
5181	0.270182099260643	0.4140764085147285	-1.3660565267567588
5182	0.26666417408884224	0.2225135325818991	-2.971937313778635
5183	0.23541346406399438	0.3329973373300197	-2.04574627358828
5184	0.26752793033979655	0.38009691643091126	-1.6509082404536115
5185	0.30860919710747736	0.29671022035114086	-2.349942917583278
5186	0.4320312288958556	0.24329042941343648	-2.797763590017039
5187	0.8353020376725655	0.5445772713991345	-0.27206152707149545
5188	1.0087880840006969	0.7241894255853725	1.2336357857232294
5189	0.8348793094227644	0.7605301902994341	1.5382821612582127
5190	0.6044665442126255	0.7054091838318016	1.0762001173515532
5191	0.6515014602977118	0.6709498682399521	0.7873260201476752
5192	0.575505165964493	0.6637360073046202	0.7268518775462709
5193	0.5453057794208808	0.6066974401223933	0.24869483009563242
5194	0.5429264034349068	0.6218662217973735	0.3758554552207302
5195	0.5956522791569033	0.5867910075070515	0.08181824965458528
5196	0.6424637497839604	0.5607743808485814	-0.13628038083688854
5197	0.5334997742350984	0.4905362347770045	-0.7250901319075096
5198	0.5364442373619057	0.4654328369212526	-0.9355331214962319
5199	0.5260452500235576	0.5245205309493041	-0.4401981453062363
5200	0.5120568506127675	0.6633695791249304	0.7237800925215275
5201	0.34728608544256173	0.5478089507978106	-0.24497020350017848
5202	0.37467970383164045	0.4319264388289979	-1.2164188655457497
5203	0.7102769922261839	0.5649786761745201	-0.10103557124623365
5204	0.9139769179265866	0.6216243455693404	0.3738277951872077
5205	0.6315917070395934	0.5539126018084569	-0.19380300400521694
5206	0.7561722882609697	0.5448270691526801	-0.2699674605092416
5207	0.5729354425208708	0.575847891990748	-0.009918413162873639
5208	0.30076134336339116	0.6471690409818096	0.5879702033832206
5209	0.3255361780311731	0.4249212426461214	-1.2751437615080807
5210	0.4248524567190107	0.3775364662202495	-1.6723726175120852
5211	0.45314571979487084	0.4163831683012871	-1.3467188487047337
5212	0.39715670998987923	0.47825398171791866	-0.8280528490460988
5213	0.3824664546655059	0.46848301060048736	-0.9099633690861643
5214	0.370692198743067	0.4916006521561568	-0.7161670699090447
5215	0.4644816608384775	0.43784423500293673	-1.1668096960709073
5216	0.6288751242117143	0.5325995016545559	-0.372471745964509
5217	0.7180791889605243	0.7149443142941916	1.1561335738562897
5218	0.6460162317706798	0.6805363138293483	0.867689653826051
5219	0.689678745255373	0.6649910020202068	0.7373725585068193
5220	0.650888108085314	0.622187975817685	0.37855273462233263
5221	0.3206633800509691	0.49525612192378216	-0.6855230913261209
5222	0.5127385651423544	0.4895691729644456	-0.7331970575166001
5223	0.7382999372011179	0.5761250724123876	-0.007594796379182547
5224	0.6823762994258626	0.5666188726621086	-0.08728572533515672
5225	0.668678655049278	0.6192520610063854	0.3539408197884156
5226	0.736060960002429	0.6158961804252621	0.3258083117410031
5227	0.6721219642071236	0.6200984607269125	0.36103622928629664
5228	0.5466689755823285	0.6834700634437938	0.8922834177107758
5229	0.499604483036142	0.6524296092996511	0.6320698001829671
5230	0.4332406163765946	0.5909745537090234	0.11688911834273748
5231	0.6234870182744517	0.6188781038556928	0.3508059190382443
5232	0.6466376038258739	0.76066429709491	1.5394063849639545
5233	0.6612421131785203	0.7510199167682724	1.4585570816014921
