ID	SN	ssim	z_ssim
494	0.34678940240566464	0.4359023139239592	-0.805309928197389
495	0.4640015505861463	0.4957590362807336	-0.38710405882798476
496	0.40265914619896725	0.4046544260811191	-1.023632108008385
497	0.5144791371735478	0.4535624389875249	-0.6819224845722699
498	0.6846653393180339	0.4746323732961176	-0.5347114471459282
499	0.9319878006275308	0.5167073020712463	-0.24074309281175593
500	1.0313649986445907	0.5683259230166434	0.11990495803622668
501	0.6686926514489516	0.6133288200873686	0.4343303885071013
502	0.47454602047621025	0.47632827543341466	-0.5228625486468365
503	0.46806922342997653	0.3922026625511684	-1.1106298651055193
504	0.5211245705063088	0.5550739446115702	0.027316274066447432
505	0.5828972742369642	0.4862242594921965	-0.4537214655133356
506	0.6297063234465248	0.4462349424114511	-0.7331181056360659
507	0.6568262328061248	0.5727355112240042	0.1507137894792282
508	0.609124349848139	0.6069000348173862	0.3894138674053088
509	0.9043129859280958	0.5809914010211761	0.20839589157403965
510	1.2196633973463842	0.6334492798498004	0.5749076542802846
511	1.1168316331477242	0.6422777045211818	0.6365899327192996
512	1.0568997509445752	0.6682460185314572	0.8180248811949867
513	1.1486469364688294	0.7297380981356139	1.2476566351174174
514	1.2017215729399524	0.7957701504364376	1.7090081884836967
515	1.2543653002481074	0.7732080817286486	1.551371933319698
516	1.099853516066779	0.760252238927597	1.460852284252847
517	0.9699260629936067	0.7564711341352709	1.434434529411104
518	0.8130932734901845	0.6053076633864012	0.37828831537984414
519	0.4957438378446715	0.547184493159937	-0.027805603197594942
520	0.41154681370153795	0.5078684771873718	-0.3024980352680443
521	0.8084347832794595	0.485642549235099	-0.4577857482573946
522	1.045392398415869	0.48336053178499194	-0.47372970666443476
523	1.0111405075645512	0.5286608296866321	-0.15722640142616703
524	1.0020383638262935	0.6096053710048919	0.40831546154019505
525	0.8305212870095359	0.6747107141494142	0.8631923000690394
526	0.7199327670626964	0.6420727286656065	0.6351578111044596
527	0.6800568284790104	0.5850602755485667	0.23682423081620357
528	0.7664791855474711	0.46434133773971537	-0.6066126689656621
529	0.7120009415784385	0.6245898280654412	0.5130085961673083
530	0.5329585151780699	0.7151461452684199	1.1457058417169907
531	0.8645922733182898	0.735837175132477	1.2902695563966835
532	1.0260179426767753	0.6217137642715163	0.4929141654677613
533	0.9429215941696185	0.6289039386168416	0.5431503460437938
534	1.174510692260751	0.6086998615913308	0.4019888646833991
535	0.7488623757127997	0.5002339737207028	-0.35583864654394237
536	0.5351280177128754	0.37951478734675576	-1.1992772829959406
537	0.5867734324682925	0.35191007987216716	-1.392145355846439
538	0.848834465474076	0.449690970955059	-0.7089715876722164
539	1.1953882277100278	0.5206746891431504	-0.2130238242951626
540	1.092628566743438	0.6747093714873942	0.8631829191822277
541	0.8328646665879075	0.6001100480935666	0.3419737104933374
542	0.7596991317170513	0.6467810467639517	0.6680538031678018
543	0.9106183326475527	0.6433440850841587	0.6440405012245416
544	0.9367876922986618	0.6351700872769408	0.5869305606097546
545	1.2151111511821144	0.7093270439459158	1.105049049435229
546	1.4306078971683718	0.7549953712041688	1.424123695551775
547	1.2267041380350114	0.8110375222758719	1.815677986990864
548	1.1552409801731893	0.7973013620915346	1.7197064304888559
549	0.9109132960947296	0.7842539590504417	1.6285470699864562
550	0.756881663392443	0.6710469970148107	0.8375947071993889
551	0.7883993873120971	0.7426389219389302	1.3377918784421268
552	0.7965203170199462	0.7079717007774282	1.0955795622038236
553	0.8005352237629789	0.6789654002929668	0.8929188645633781
554	0.801812782035093	0.6796473072023472	0.8976831994724406
555	0.9256700032939199	0.6017314199674803	0.35330188229097703
556	1.0914708894696303	0.5042089586728178	-0.32806629329477693
557	1.1058447883572189	0.618798429608848	0.4725453577699915
558	1.1938740323225756	0.7282953160278979	1.2375762310807321
559	1.1702907376365146	0.7175448117292027	1.162464801330244
560	0.8620042758883375	0.540987642365365	-0.07110164868517684
561	0.435701789491768	0.5122145485566186	-0.27213298212524334
562	0.42452303301880945	0.43256021225872027	-0.8286604638999839
563	0.4224283729211527	0.28294101151373585	-1.8740172000900326
564	0.6494867986678629	0.404432800339611	-1.025180558746292
565	0.9524833937399585	0.5465566501942867	-0.03219220511863286
566	0.9900543686530565	0.7174742044620508	1.1619714837481843
567	0.8581261553064025	0.7162225499141457	1.1532264463029862
568	0.9063610389067119	0.692980036569832	0.9908360728115684
569	0.9901448939427242	0.6341103749476635	0.5795265815995888
570	1.1029725130535346	0.6779435799064214	0.8857796282960211
571	1.152312228588307	0.6554648507450364	0.7287256483733723
572	0.8432298009929784	0.6077805257289175	0.39556566544286265
573	0.4727173798043002	0.5390193082650305	-0.08485396991541976
574	0.4689579333816748	0.5887969204786284	0.26293135429327774
575	0.8765433876959056	0.6001503327432732	0.3422551705581299
576	1.2211055435318867	0.6492070907326972	0.6850040434604499
577	1.3925042184486542	0.7768376795378816	1.5767311419015522
578	1.201956555946413	0.797700600273558	1.7224958206262477
579	1.0574184156535562	0.7972095528212686	1.7190649791334192
580	1.0832305772302346	0.7323859248776386	1.2661564232947218
581	0.6466280258455108	0.5811241546432994	0.20932341218936987
582	0.6597260925184536	0.5504788514867569	-0.004788639791710647
583	0.8354720562503968	0.6711403112946341	0.8382466737284868
584	0.9988442306902584	0.7295593015706509	1.2464074224985753
585	1.1174371689075477	0.7538880369019827	1.4163869921992585
586	1.3117515774718518	0.7504060819092985	1.3920593317880994
587	1.3408387406915352	0.7367253534607887	1.2964750647393
588	1.4430319742126243	0.7142329402287241	1.1393254771981625
589	1.2889557424190545	0.6662681501280775	0.804205945868
590	1.004814469995935	0.5752935520150819	0.16858626279206015
591	0.5157315874177232	0.5647562370335485	0.0949643403218484
592	0.4613747491905775	0.4889393307563481	-0.434751854520329
593	0.5115254749172226	0.309274341003025	-1.6900319680417775
594	0.4855521715784549	0.3978529849837188	-1.0711522941313256
595	0.49237116873144926	0.3764109379903142	-1.2209632017598402
596	0.4985195286970419	0.3112142166718258	-1.67647847966826
597	0.5232518841555668	0.3024124596153134	-1.7379744372961583
598	0.6433338592011482	0.38046360308010724	-1.1926481143242498
599	0.8254781782129013	0.3772655916429106	-1.2149919230175226
600	0.9718740122583239	0.5035741551696331	-0.33250152697405716
601	1.172997934844833	0.5403831624371818	-0.07532501815695375
602	1.1212369429355076	0.6126988124925303	0.4299286627938519
603	1.217333380645674	0.6557202972101212	0.7305103971334426
604	1.0338096378007604	0.5978606307165744	0.326257521689805
605	0.6018489196194251	0.533760086225734	-0.12159900770818499
606	0.5882953290802473	0.6204374841620407	0.48399707459264263
607	0.8418055131991892	0.61209080074521	0.42568061727175843
608	0.8700425610712706	0.6598862725149024	0.7596171583376891
609	0.7101553962000642	0.6864511298836008	0.9452200252025398
610	0.6474668125487328	0.396049757248395	-1.0837510531851073
611	0.5571107896872527	0.452019806692975	-0.692700520095402
612	0.739246067094305	0.5874929719244022	0.2538209500268564
613	1.137175015195411	0.6193736460719252	0.4765642697909833
614	1.234066430704483	0.6988282979144911	1.031696599810769
615	1.0789885326197632	0.7205492295120478	1.1834560133671228
616	1.094952091875447	0.689647112551378	0.9675496593261839
617	0.8931830237300457	0.6675396729109943	0.8130897983396268
618	0.6959366310325231	0.5386520876539155	-0.08741966026522474
619	0.7088863522082045	0.5851306382886837	0.2373158399411817
620	0.9181729355897963	0.7062317952384843	1.0834232215308814
621	0.8943626449479908	0.6422016309416747	0.636058423204559
622	0.823123971172727	0.7098039939767395	1.108381395317743
623	1.0102910234399036	0.7360713270621024	1.2919055248800535
624	0.8649320825757877	0.6629645193377901	0.781124197781416
625	0.5471029138980406	0.5450989900218953	-0.04237655894954535
626	0.438046052547636	0.6130932814333537	0.4326847312827508
627	0.7081251857415373	0.6565498702356931	0.7363064430027244
628	1.0466295940272579	0.683987170408819	0.9280048775354124
629	1.1325219027880198	0.7290567929267735	1.242896504158848
630	1.0344221380939922	0.697886601849934	1.0251171747127414
631	0.9249247166651624	0.6948964778877493	1.004225830484532
632	0.8576984818475907	0.6950726680871998	1.0054568329957683
633	1.0285611428030734	0.7339640664848415	1.277182554643753
634	1.1710588784595637	0.734360287977312	1.2799508678289258
635	0.839265042197575	0.6584336956089728	0.7494683201813102
636	0.5565376808245194	0.6900587331257336	0.9704255625392377
637	0.5753689777247775	0.7492505501459452	1.3839858832822372
638	1.0353767282674244	0.6659446218613572	0.8019455244028404
639	1.1256541716161184	0.6895980853777978	0.9672071171530986
640	1.019604568019856	0.6593308148276895	0.7557362965759276
641	1.1011508851897094	0.7059143455263326	1.0812052696012688
642	1.0818113905859732	0.6959154817403782	1.0113453882434644
643	0.6388581391617038	0.5954168222010777	0.30918316438196697
644	0.49719992450871314	0.44994149588078375	-0.7072212246346792
645	0.4294190338292166	0.33029512186011223	-1.543164355064854
646	0.44451732790614634	0.19612602714370383	-2.4805745688072225
647	0.45438206784237734	0.23656804832923237	-2.1980149838012175
648	0.42709722615257223	0.5216691987484482	-0.20607540250218895
649	0.4916892739508134	0.46262719830735943	-0.6185889874693039
650	0.5015569508477035	0.3723074032821562	-1.249633704128544
651	0.7240095575485199	0.4871472149532348	-0.4472729769263375
652	0.6774528820680733	0.40786787217231285	-1.0011804607526396
653	0.6511028073861594	0.3059887924322794	-1.7129873796026405
654	0.6206068894485576	0.3155992976160361	-1.6458408751299098
655	0.592972113568401	0.3838577097910488	-1.168934230705275
656	0.5358195807831561	0.3797506337047525	-1.1976294759109531
657	0.49838044506352147	0.3374641203556174	-1.4930761255348357
658	0.4613591978022428	0.3161709936900309	-1.6418465592999352
659	0.4981065593271431	0.371181388588277	-1.2575009233051915
660	0.5718016302645555	0.48179149717327835	-0.4846922094214556
661	0.9468744450968769	0.6288059344610031	0.5424656123734475
662	1.2834838683162615	0.7263300717623686	1.2238454978526392
663	1.2393429166843368	0.7731628349179773	1.551055803718077
664	1.0256452396912155	0.7140082937676835	1.137755921351448
665	0.7964161545541609	0.4981546700529303	-0.3703662879487071
666	0.5458348601571015	0.4225999133169783	-0.8982509010990384
667	0.3903372098438969	0.424463921881279	-0.8852274796444026
668	0.5309285016223135	0.2766711993399904	-1.9178230108271341
669	nan	nan	nan
670	nan	nan	nan
671	nan	nan	nan
672	nan	nan	nan
673	nan	nan	nan
674	nan	nan	nan
675	nan	nan	nan
676	nan	nan	nan
677	nan	nan	nan
678	nan	nan	nan
679	nan	nan	nan
680	nan	nan	nan
681	nan	nan	nan
682	nan	nan	nan
683	0.8331057195332902	0.4619764460818704	-0.6231356513942444
684	0.9024353061206413	0.5628936428640883	0.08195080093560209
685	0.7256206509712684	0.6429000441777557	0.6409380842196312
686	0.8328121487393799	0.48660202911939987	-0.45108207148797824
687	0.7729373907718377	0.5986796302131818	0.33197969261741284
688	0.4864777474258698	0.40696626739313974	-1.0074797767802408
689	0.472167897120581	0.5137100283108169	-0.26168439112152875
690	0.5110588744259214	0.4075939565230926	-1.0030942496756823
691	0.46077218331419106	0.5339381922679594	-0.12035461962116564
692	0.5847690490309341	0.6003966443904769	0.3439760963372035
693	0.6829791792829404	0.6253846739447653	0.5185620110368381
694	0.7287147794225833	0.5601828676166261	0.06301120527460288
695	0.6470706011368312	0.6015790792094952	0.35223751062769404
696	0.7676857280190602	0.6258515697430037	0.521824110188265
697	0.9755273604957246	0.6386097645501242	0.6109628358119906
698	0.8302429125151268	0.659076940898484	0.7539625347812074
699	0.5751985124995733	0.6456245372753755	0.6599735235089673
700	0.5827953817622141	0.6367517920862218	0.5979815872748699
701	0.8248448717044796	0.49058010157955234	-0.42328814649328195
702	0.9883712598442869	0.6047158090007431	0.374153157821117
703	0.7537791002873812	0.550659361334254	-0.0035274568413263597
704	0.8281274506604774	0.5646775869049392	0.09441482902026029
705	0.7962077543698921	0.5582760989645116	0.04968902840880576
706	0.5847353390998349	0.7771511644176867	1.5789213924119563
707	0.6257814050480669	0.5643815269842725	0.09234632290043177
708	0.8218604985037083	0.5123841827377426	-0.2709477850847364
709	0.752685219087005	0.410435788533859	-0.9832389889819793
710	nan	nan	nan
711	nan	nan	nan
712	nan	nan	nan
713	nan	nan	nan
714	nan	nan	nan
715	0.7580618224438778	0.5770248476921428	0.1806824482371155
716	0.9113362340345993	0.6117597713070048	0.4233677867568106
717	1.0788280789477187	0.6558022591502268	0.7310830473399272
718	1.1797967566636558	0.6953451866922588	1.0073608610758342
719	1.1251736506994716	0.6003464117406101	0.34362513176411735
720	0.8278175776466249	0.49306944681483816	-0.40589563405202117
721	0.6798191689323306	0.2707251924031131	-1.9593664649690372
722	0.5719519133436552	0.19792855030769163	-2.4679807324397576
723	0.5606676397142374	0.301717729184193	-1.742828367355882
724	0.584204390147731	0.31291383259582983	-1.6646036337511123
725	0.5595572015539573	0.3399414065967099	-1.4757678666569471
726	0.5458406767304526	0.41111528248317736	-0.9784915128988059
727	0.6189422243786664	0.45560468061841425	-0.6676537875390818
728	0.8712833106429889	0.638415760412208	0.6096073711964227
729	0.8728745663254494	0.6596731673740905	0.7581282391792176
730	0.8307466163214481	0.6900116658182467	0.9700967135232639
731	0.9072986973161165	0.6516059105485512	0.7017640745321517
732	0.8017993753075423	0.5746356151503677	0.1639894013592211
733	0.8914500755612059	0.6392191421773038	0.6152204244388773
734	0.9668802455342376	0.6343109958698989	0.5809282762446288
735	1.007012233490457	0.6289941667521828	0.5437807503542242
736	0.9806453534284465	0.5413649429003318	-0.06846553210500698
737	0.8042521508972433	0.4535047379530914	-0.6823256291200945
738	0.4845209503779624	0.3684556066495551	-1.2765453674463194
739	0.5041902712436012	0.2927236749100318	-1.8056678637195762
740	0.5084854639897638	0.18709763033721769	-2.5436540089570414
741	0.5144677052090856	0.30886170642414945	-1.6929149558833425
742	0.5289121051376451	0.4013886900337396	-1.046449093787941
743	0.5282492876149079	0.3170900828470652	-1.6354250837360962
744	0.5533769858771171	0.29426203569943366	-1.7949196722716563
745	0.8761363989759723	0.5267099812544738	-0.17085655410502268
746	1.1828907387180998	0.6409141596258087	0.6270631418102547
747	1.0964650255801223	0.6229057453456888	0.501242277361776
748	0.9040796342729999	0.5579141847992916	0.04716041303957794
749	0.7340823405058845	0.47493051707599615	-0.532628381556102
750	0.42117614053140184	0.5926253084163319	0.2896794661632791
751	0.7010814387185154	0.5601846367335841	0.06302356570909248
752	0.6722221777148599	0.4695434094368592	-0.5702669281538152
753	0.6099804105326752	0.6755588977091991	0.8691183736834682
754	0.5284425974279562	0.616226115562846	0.4545731603368047
755	0.6808545270851718	0.3661991281444693	-1.292310890812401
756	0.7667847062831155	0.3183025388915903	-1.6269539176881036
757	0.42983192552390087	0.4100792785548032	-0.985729846480678
758	0.3957613040880446	0.5527856980704996	0.011328794358887603
759	0.5990993239638951	0.6632312742022112	0.7829879558622342
760	0.7379950223610184	0.6095679203941378	0.40805380228769733
761	0.9492585555880165	0.6163586054031971	0.4554988379664013
762	0.9192473465618508	0.7172610153241756	1.1604819777205442
763	0.891689173209135	0.7152101335156	1.1461529136495614
764	0.9551956361365651	0.6426490762476477	0.6391846260070501
765	0.7699791417822323	0.5317949401450234	-0.13532905494035616
766	0.5435665494933736	0.6275382481598543	0.533608564563518
767	0.6970419405447253	0.6466795049944236	0.667344352961864
768	0.8943577812239153	0.6918420189547301	0.9828849918411697
769	0.8718025086013061	0.6873883286669396	0.9517680287771755
770	0.7275328854470829	0.5153793312757924	-0.25002133524039627
771	0.6420003397473206	0.5017966145518353	-0.3449208157378933
772	0.5549953479489309	0.3824932999440339	-1.178467064842867
773	0.5024165388599647	0.25840461213729726	-2.045447673199743
774	0.5073292341521528	0.2497179260184062	-2.1061396552738136
775	0.5180074674597955	0.2622253012890363	-2.0187533510688147
776	0.5055824736933974	0.2515998567672416	-2.092991015423161
777	0.5759483228542223	0.3080649472748042	-1.698481738353386
778	0.8355071807741513	0.41513002522043707	-0.950441380672677
779	0.8850906376023869	0.5087859411120853	-0.2960879148481039
780	0.8762326172313485	0.44671035607716764	-0.7297964940016031
781	0.8560480518351387	0.5662756323527283	0.10558002416410718
782	0.8380881404724941	0.4369589923484101	-0.7979271464188042
783	0.6854968874004864	0.3505600912783238	-1.4015774318321887
784	0.6206397338848636	0.3577805100282491	-1.3511299401949877
785	0.6443983451980683	0.19858614259894403	-2.463386278466574
786	0.48225835062688505	0.34527901169949904	-1.4384751834883396
787	0.466270112992891	0.44265626450230244	-0.7581215479773958
788	0.8336250112179876	0.5988187274969158	0.33295153501339564
789	0.8351617323049959	0.6157128084866921	0.45098679570499445
790	0.9318539299126017	0.5881470831843845	0.25839108279347694
791	0.7656055900307988	0.6479909422313888	0.6765070790219277
792	0.5819196124628673	0.6370929824464246	0.6003654099365688
793	0.6702658228962889	0.76185507248808	1.4720509328962006
794	1.035650327954646	0.6555071602263407	0.7290212554950918
795	1.1743969520109288	0.6662281481787075	0.803926460968826
796	1.2682617608947067	0.7048261692714224	1.0736024193483038
797	1.2421725838707087	0.6829693785904001	0.9208937879952621
798	0.8014368215730415	0.5506834026515005	-0.0033594853991223287
799	0.6615872689267429	0.43695343274132803	-0.7979659901814022
800	0.6090552390723619	0.2899821891762979	-1.8248220268527708
801	0.6286889843234219	0.3821994893896844	-1.1805198551306355
802	0.5737771886899269	0.281602446927112	-1.883369459027959
803	0.6227258079419122	0.29219023147746387	-1.8093949166835985
804	0.5566566752232885	0.6407546354346708	0.6259485810656384
805	0.6072858364011418	0.6197722774847589	0.47934942056433166
806	0.9541573254978175	0.6627804660269672	0.7798382574253063
807	1.1467539711682628	0.6757539757024651	0.8704813410922478
808	1.1387643506414329	0.7815930520973885	1.6099558932263947
809	1.312376567654008	0.7544673926557428	1.420434824541819
810	1.4526302051173434	0.7893844318147616	1.664392564664392
811	1.2921600628094638	0.7711886909916059	1.5372628904999504
812	1.3039021032054376	0.7269070669097855	1.2278768371533297
813	0.9148745541977399	0.7002860666930285	1.0418817124491464
814	0.6698817919670801	0.5609219029415553	0.06817468396818287
815	0.6535014131384674	0.4872750112691281	-0.4463800919288632
816	0.6902480368227999	0.3786262673543751	-1.2054851784709189
817	0.5999897438441911	0.24255534962228287	-2.1561830149955727
818	0.6088994950973483	0.20572746577010645	-2.413491410394068
819	0.6519555412720149	0.4782946423604304	-0.5091239716276958
820	0.6441568285138866	0.6392898186933443	0.6157142258478244
821	0.6111879879394485	0.27309589522063327	-1.9428028812347315
822	0.6257123323044103	0.3181436496643344	-1.6280640420785093
823	0.6532410605257843	0.4489667526783584	-0.7140315428801799
824	0.7015528488945812	0.42418425718990815	-0.8871814358715672
825	0.6530625669844722	0.4665258792034797	-0.5913497540238506
826	0.6193919591245983	0.5648570018692719	0.09566836226067754
827	0.6590732114642757	0.6568129686074751	0.7381446539666479
828	1.1348797245346305	0.6299311595148877	0.5503273145076067
829	1.3054401492536534	0.6601819380838553	0.761682909208068
830	1.5933998333029242	0.7184194404481299	1.1685756415061261
831	1.6226384289026197	0.646713716560533	0.6675833817155934
832	1.620588025823522	0.7304323102277057	1.2525069436553553
833	1.842399234819248	0.7445681312306035	1.3512708431640974
834	1.6892064383505618	0.758826032389385	1.4508876901065426
835	1.6229465405577543	0.7601512434549818	1.4601466509043375
836	1.4947747272185585	0.7650389029281242	1.4942956620540564
837	1.346476261286411	0.7928249830801108	1.6884309462593465
838	1.296518840342726	0.6634185509428611	0.7842964176197846
839	1.2731743790415146	0.6663140042288657	0.8045263184732685
840	1.5403589274196492	0.6829201613125937	0.9205499176053947
841	1.4599911016814104	0.679094031498124	0.8938175827501199
842	1.2714802864556547	0.6432987487517543	0.6437237461540883
843	0.9894534425979704	0.6759839790026103	0.8720883240059084
844	0.8702063881765781	0.7218366296038894	1.1924507971346963
845	0.9237612987157494	0.7135646105202573	1.1346560032318336
846	0.9921747689279143	0.7277943084714947	1.2340758005119257
847	1.2426127858371803	0.7183426125687576	1.1680388618626774
848	1.3824659971005884	0.700674661302141	1.0445967382630805
849	1.1744026574667408	0.5929674051320739	0.29206962133353
850	0.9068821635508438	0.6469088714001727	0.6689468860332323
851	0.5833760113308855	0.546900619275847	-0.02978896813661582
852	0.5282848006480737	0.2983728723250473	-1.7661981529976267
853	0.5743391526101006	0.632207962949973	0.56623484372843
854	0.6702471147282616	0.7196733577717023	1.1773364884715898
855	0.6516983096671518	0.4295947708499989	-0.8493793565083424
856	0.7489698773980319	0.5112993406179338	-0.27852734046264316
857	1.0941709213023565	0.5854476703880148	0.23953087410106266
858	0.9806643107308634	0.5067402340470833	-0.3103808241139158
859	0.8833523873944535	0.521717992086627	-0.20573449408607397
860	0.6802538096798639	0.5524998460455417	0.00933160858088963
861	0.4795214893655679	0.40910236182757875	-0.9925553506700862
862	0.4341417329650234	0.21664884777777615	-2.3371860953450905
863	0.441120620370766	0.39079060213843336	-1.1204956233572014
864	0.5532279767807393	0.4655790081646974	-0.5979653355385617
865	0.5757564287145094	0.4777618218128	-0.5128466726304585
866	0.650686712749165	0.5209449956677075	-0.21113525153929377
867	0.7683502499501773	0.6073731297877312	0.3927192788207239
868	0.6579872157524584	0.5610615473535205	0.06915034902983472
869	0.4832322623610642	0.5928415286377884	0.29119014971107665
870	0.625799456767934	0.6046457714562715	0.3736638207672162
871	0.9710953508052362	0.6577355893774022	0.74459080413982
872	0.8935551416597859	0.5772184493640247	0.1820351009102461
873	0.8385661873793896	0.4930898880398916	-0.4057528156690916
874	0.9038602896424112	0.5565199153496756	0.03741895636849027
875	0.6616258480580283	0.5352153781497725	-0.1114312003121974
876	0.42972888510444684	0.4110702425938997	-0.9788061967857618
877	0.4005387728341961	0.34745325818019324	-1.4232841973487655
878	0.27956996052502614	0.3207273199457501	-1.6100125011043307
879	0.2785964319698808	0.2741258375522341	-1.9356068987079884
880	0.27532896374034416	0.18710833905355087	-2.543579189490696
881	0.2895099827692367	0.2650129516143514	-1.9992766459988724
882	0.3794796363975479	0.39049597222506205	-1.1225541383278217
883	0.6087354100008979	0.5478733567756322	-0.022992663298186
884	0.6290120292955652	0.46459245522289605	-0.6048581658583674
885	0.6731400419708555	0.4311698504356356	-0.8383746188364235
886	0.5763450072400276	0.46298671986757667	-0.6160770887096039
887	0.5379859087870651	0.5555978612802707	0.030976765608316706
888	0.7591394495283807	0.616869499153596	0.4590683412173055
889	0.713960675396184	0.6446265151913274	0.6530005607927427
890	0.497402815306361	0.6890332229011447	0.963260546177915
891	0.7351661064132513	0.5630650852127057	0.08314863124817636
892	0.8598153584803852	0.6692301578270854	0.8249008478951951
893	0.8798095214933404	0.7024580332879264	1.0570567695237139
894	0.734917279817621	0.5822756449319008	0.21736862379224794
895	0.6974911276442991	0.5393574389365159	-0.08249152463172822
896	0.7965078467552411	0.4996776735404591	-0.3597253946208328
897	0.7018448150513741	0.5518803921404499	0.005003619197022923
898	0.6079495779476611	0.5499085792779738	-0.008773007385877316
899	0.9037268137659411	0.6726303051398485	0.8486569358821476
900	1.0130011938726968	0.5494178638770488	-0.012201528908214597
901	0.6260063074548057	0.5663870021970022	0.10635814098561493
902	0.49423210929786054	0.7726383948781673	1.5473916554963685
903	0.5998972070547213	0.48830130778166975	-0.4392095819450385
904	0.6895369902604688	0.34411164290307505	-1.4466313347636015
905	0.673024096905981	0.4964976961568256	-0.3819432033135767
906	0.6181292652403166	0.49329131059227027	-0.40434552020900894
907	0.7209564204189219	0.5995495490063245	0.33805762556867885
908	1.00778921353964	0.6114749412620005	0.4213777413299406
909	0.9684455420838668	0.7085045712218803	1.0993026118248008
910	0.5520870358691877	0.6576639845985623	0.7440905171610706
911	0.4166361305730382	0.36607612044675025	-1.2931703187786887
912	0.4219000040830379	0.3242009445315885	-1.5857430434296396
913	0.43330148553124304	0.327041849291865	-1.5658942612329534
914	0.3905674703163302	0.3071904297189959	-1.7045918018567918
915	0.3341759164106902	0.21717274904333383	-2.3335257114216215
916	0.37040649658953656	0.37034139729518245	-1.263369759338302
917	0.4038052973699372	0.3157137895880227	-1.6450409446827483
918	0.4159148314594009	0.24335761237728126	-2.150577780032706
919	0.3920105699982749	0.32780292706942005	-1.5605767767284897
920	0.3595915787534426	0.46897599714145694	-0.5742313141566971
921	0.36882899025202787	0.40450584695417324	-1.0246701979756936
922	0.4755404326978773	0.47050965837306274	-0.5635159574945182
923	0.6944679687616682	0.5942685514377959	0.30116044690058785
924	0.9723981800839212	0.6575801186804566	0.7435045642753978
925	0.8784614991499572	0.6421597606118354	0.6357658843383838
926	0.6343630223700849	0.6736947510221896	0.856093987195579
927	0.8844042147294826	0.7224725080386086	1.1968935411262558
928	1.0500258135027054	0.6352505565738273	0.5874927820434875
929	1.18141137752713	0.6725080418177802	0.8478027087062464
930	1.2316317899034228	0.6651450363987522	0.7963589950982335
931	1.346858136791451	0.6198378067687973	0.47980725938545976
932	1.0775093780561453	0.5446058689590529	-0.04582188830722648
933	0.6135507053291309	0.44866634369499636	-0.7161304349528942
934	0.345823674145228	0.4743796501030861	-0.5364771689978801
935	0.39203983531809333	0.36503305376628276	-1.3004579982696423
936	0.6717820245885457	0.41853893194894065	-0.9266240925576404
937	0.6516222114026635	0.526684878744571	-0.17103193986895832
938	0.5676804623038157	0.5611095640845811	0.06948583146132799
939	0.5116797298352137	0.5244867009800072	-0.18639012867152124
940	0.5001293974759666	0.43204538874822007	-0.8322574235279642
941	0.5480377628197293	0.3816748224640229	-1.1841855885543235
942	0.514510327722192	0.3767492960790989	-1.218599167561059
943	0.457259822185543	0.31826102156318253	-1.6272439902102371
944	0.4021227101086764	0.361392348123726	-1.3258948148612415
945	0.47428082014604966	0.6080859924030193	0.3976998944981171
946	0.5703134138888362	0.47958172469837945	-0.5001314079372942
947	0.6835263791668459	0.4862062912494457	-0.45384700570806674
948	0.5303454014664668	0.46513237680222996	-0.6010858514952325
949	0.38963862582958037	0.569607217021056	0.12885707990215975
950	0.5090917310016292	0.519758907173828	-0.2194221932594792
951	0.7545185942961339	0.44515060844738685	-0.7406941106405722
952	0.8051555535537942	0.6034610880718015	0.36538669624013825
953	0.7904922783020498	0.6219831220993716	0.4947961098866062
954	1.196324129331396	0.661042419108135	0.7676949025258752
955	1.2130450220829827	0.7225132695789649	1.1971783331220474
956	1.1102778898598478	0.7028244011595753	1.05961650196878
957	0.9211840819335732	0.709779184774242	1.1082080588287015
958	0.7941510432654598	0.576846603644989	0.17943709593974813
959	0.7170168581964993	0.5654953058663783	0.10012805312782436
960	0.8072950624206545	0.49306353055327956	-0.40593696968169
961	0.43065188984258057	0.45021699611053057	-0.7052963645929615
962	0.5910597530717439	0.4586538583559027	-0.6463498474575067
963	0.6347154117080012	0.5055331203581603	-0.31881466428803656
964	0.6442253931381697	0.4742006523910358	-0.5377277869875676
965	0.5399286478287094	0.585829426348113	0.2421981197652705
966	0.6342753687036029	0.6337681057911093	0.5771352216229781
967	0.8385740242915795	0.6021106340022654	0.35595136807720384
968	0.6139670322120623	0.55200835092594	0.005897639334149331
969	0.7801358679602811	0.5584487893569309	0.05089557853132982
970	0.742900613557858	0.6118456311200879	0.42396767055198936
971	0.6261026755653183	0.5546637683649963	0.024450462056717366
972	0.6593963646738079	0.515024986816344	-0.25249706272571637
973	0.9547870075090777	0.47122139675281843	-0.5585431966056886
974	0.802633653617493	0.48744250028338376	-0.44520988270158346
