ID	SN	ssim	z_ssim
494	0.6694635916749354	0.3992403614091391	-0.05528754742736761
495	0.7896537372251815	0.37101862457361867	-0.23642070623111297
496	0.7057865645742121	0.22352692856461318	-1.1830540389396833
497	0.7703663794722548	0.2624258314395353	-0.9333925389122771
498	0.7437416645198556	0.3635472184410924	-0.28437379293791143
499	0.6886421382659789	0.38716770129687467	-0.1327724688566589
500	0.5792281878288956	0.41918069365745686	0.07269378089357519
501	0.4107338751746167	0.46781407950628684	0.3848332800838806
502	0.3220840030958393	0.3563931030267605	-0.33029043977636957
503	0.5127183258178478	0.14207533869355854	-1.7058278089920682
504	0.7011102053415763	0.3852620307899467	-0.14500347081698287
505	1.0175701800479182	0.37920170837484857	-0.18389991963632868
506	1.2989629789258033	0.24680260320446956	-1.03366576792799
507	1.2682785882154486	0.43585496622554376	0.17971283782173902
508	1.4521920080914694	0.34861199536844817	-0.3802312572872257
509	1.7059915425501373	0.2682157099170037	-0.8962318572779097
510	1.3341746729007022	0.5069985770455004	0.6363277879088616
511	1.2732211312293893	0.5374951634055378	0.8320614187735731
512	1.1939095110011513	0.5127894248579388	0.6734946909429275
513	1.0044402105713381	0.6746910031133959	1.7126137379256337
514	1.1867028537392272	0.7339678840831485	2.0930654711645
515	1.2305001314706352	0.6813107557345519	1.7551007297701684
516	1.0467852192107618	0.640264337804783	1.4916560176134004
517	0.9678031937765107	0.6408026002576904	1.4951107014597136
518	0.8893465926268652	0.47871616346067686	0.45480519271672964
519	0.8393186660433304	0.4691489207891425	0.39340057767702435
520	0.6357980710224119	0.4126362822938185	0.030690345395765418
521	0.7584728028155334	0.2361773763780334	-1.101860752145133
522	0.9900743289571236	0.25414816661724476	-0.9865203667819284
523	1.0780035113676933	0.3022861321255899	-0.6775605815734606
524	1.070515936727892	0.3925675869679621	-0.09811484468265343
525	1.0758657732798687	0.31344675346261247	-0.6059293205788147
526	0.9580445798184895	0.23533305305374214	-1.107279800294858
527	0.8824283091590237	0.24292200210731285	-1.0585722979152083
528	0.8180971073670986	0.2550072493752167	-0.9810065894218676
529	0.8592911286025878	0.4402130469440355	0.20768393440813204
530	0.7898478838509161	0.5583417149426702	0.9658590568173557
531	0.7279529135540224	0.5736274747607757	1.063966341167198
532	0.8022798540689449	0.531448378097163	0.7932518540080385
533	0.7977740390984053	0.5610658468463408	0.9833431195306355
534	0.7119843652869682	0.496556125754848	0.569305896274273
535	0.5630241841223504	0.34368002477670434	-0.4118857021435521
536	0.5849969456466789	0.2592926257954432	-0.9535021246122551
537	0.728582958686244	0.1826924834379859	-1.4451382641910102
538	0.8548055799742034	0.18676961243333987	-1.4189703760102477
539	0.9674864115138649	0.40100599994117253	-0.043955300709997015
540	1.0773279609042088	0.6254908894064026	1.396836857814038
541	1.2314738173762545	0.5475781082572995	0.8967759209917662
542	1.3990985236950826	0.5099482313305822	0.6552593016264514
543	1.463203736499093	0.4864513989850851	0.504451593035492
544	1.2556785381008044	0.4576930117632463	0.31987409697448915
545	1.2761412690151621	0.506124465040623	0.63071754961933
546	1.3704316877477152	0.501764096829327	0.6027317714135954
547	1.2510490252698183	0.707739709965881	1.9247274253807316
548	1.0246878893753222	0.745984216205088	2.170188867473063
549	1.0006161862104859	0.7172277618333085	1.9856237768582161
550	0.9461685374224057	0.5181108189634993	0.7076485394178609
551	0.9311883565075249	0.6303767558799797	1.4281953965535266
552	0.8509976568033527	0.6770466673597619	1.727732896201119
553	0.8999723171603994	0.5941142975971734	1.1954551632704102
554	0.9770362090193205	0.5971852495313558	1.2151651913106696
555	0.969314028458702	0.4916162820358961	0.537600919999233
556	0.9129712314600242	0.39704149039691505	-0.06940037310380992
557	0.906427721704167	0.49280587322360736	0.5452359713347001
558	1.0430452820015688	0.57073339641341	1.045391525735425
559	0.9535657292969382	0.5578809094066501	0.962901508073279
560	0.7451151155280356	0.3770531779237815	-0.19768964879637083
561	0.4090651082967237	0.4836141261061805	0.48624136728151385
562	0.38953924586262706	0.38949187375140903	-0.11785543165416451
563	0.541579733015781	0.099566791236896	-1.9786567819875645
564	0.6145759567755205	0.16536085307146217	-1.5563763844315806
565	0.8710676746571584	0.3584540538777538	-0.31706281526993485
566	1.097938904190624	0.6803072526709032	1.7486600319191719
567	1.4446857939827908	0.6161212825297613	1.3367007116864444
568	1.5639307793471584	0.5839306538610072	1.1300943540185107
569	1.2469197751341998	0.5363502911899365	0.8247133833905237
570	0.7936817676378596	0.5898832721176549	1.1682995344531317
571	0.5745292569626919	0.5586316946136094	0.9677202085279049
572	0.5006335575206403	0.4063398418894023	-0.009721559311530507
573	0.4768053935525828	0.29687242036188255	-0.7123069445747308
574	0.6563575427845104	0.3006405148215131	-0.688122506312776
575	0.7804424142614768	0.37881375881509116	-0.18638986310171235
576	0.8611432181698072	0.5492414020188601	0.9074512970257047
577	1.0493503100900015	0.7481337522720538	2.183985050891585
578	1.0917639710862588	0.7450484566480273	2.1641829619740838
579	0.99284726309099	0.7352556787598347	2.1013308135507
580	1.042066328788822	0.6647013968644935	1.6484983028758702
581	0.8397301630226873	0.4682176529781139	0.3874235011672771
582	1.0150985645015902	0.4940206190153069	0.5530324703126497
583	1.1746286354680826	0.5509947498722636	0.9187046595320485
584	1.1504095766976667	0.5650764749177078	1.0090841905209709
585	0.9688103323754481	0.6644595873347745	1.6469463174611483
586	1.1450632611808784	0.6816771367247862	1.7574522415312468
587	1.202456752448875	0.6350331639823875	1.4580812222624153
588	1.1800800317030247	0.6371767525765596	1.471839233525187
589	0.7353268091783746	0.6091172415927593	1.2917472750250567
590	0.6308385881344748	0.40073526122859315	-0.04569295982381313
591	0.48197580733302126	0.3861132117006418	-0.13954040920719568
592	0.4576287751130247	0.2837716588942659	-0.796390440965963
593	0.5205425279020388	0.23754470988055826	-1.093084912518608
594	0.508652099450224	0.20216174444698806	-1.320180372099245
595	0.4294002627993831	0.2217390998884543	-1.194528706760446
596	0.39815799860090095	0.2443585721473747	-1.049352083343874
597	0.4394268595530815	0.24189240402454174	-1.0651804791946782
598	0.5433879017441559	0.23693143210087494	-1.0970210608182538
599	0.5723236564588667	0.218693195552222	-1.214077973945922
600	0.6892789149038121	0.4090121190267793	0.007429688392080221
601	0.9634777612360702	0.40122767121849723	-0.04253256691753434
602	0.9618611399771992	0.4735348714216322	0.4215505493478056
603	0.8555447734978909	0.5698948485500441	1.040009545732393
604	0.6680945081811998	0.453242210806114	0.29130790201382245
605	0.5428198081727491	0.3388285206727947	-0.4430236958259415
606	0.6390820648450881	0.4423743383329565	0.22155556600374177
607	0.8154061748070575	0.3917402162598195	-0.10342508730666328
608	1.0065840333709253	0.3652022606723957	-0.27375137699460017
609	1.044569305710547	0.29022982299707617	-0.7549405588827789
610	0.7748555479776695	0.053829084819693965	-2.2722111896439694
611	0.5965353902585426	0.22801830685359742	-1.154227409961897
612	0.7268310128595619	0.5284303322045169	0.7738813882873877
613	0.9271817917942655	0.5584113028752087	0.9663056870906372
614	1.1925834974038687	0.591640741206926	1.1795793479350203
615	1.403191251553692	0.6322321375442563	1.4401036339379103
616	1.3035489680790067	0.616965619453822	1.3421198471224063
617	1.0407135814568433	0.5973322461695885	1.216108647256411
618	0.8160652674494803	0.4594292324899128	0.33101753390873984
619	0.7122171771586409	0.5172733019016922	0.7022731753202757
620	0.9382309832385738	0.6589837214290155	1.6118010358480237
621	1.0452606312847081	0.6033117834547974	1.254486599788782
622	1.1641462707152896	0.6671454969987927	1.6641850616440643
623	1.0889834131914982	0.6400159788245785	1.490061996421016
624	0.9582310433817378	0.40907723698291554	0.007847629398281989
625	0.8942245121618408	0.24701580817592417	-1.0322973727020934
626	0.7947494339169832	0.4585699336145385	0.325502369460847
627	0.860181362182821	0.44521284016332374	0.23977367943174033
628	1.1311962131275093	0.45195934416437095	0.28307418881264185
629	1.304110719695949	0.47581214746269995	0.43616659531233043
630	1.1600435591575584	0.5490714289860859	0.9063603736527996
631	1.153984733073299	0.5929029773743296	1.1876806503279471
632	1.1765815989968813	0.5479020879899581	0.8988552923893122
633	1.0814605881229729	0.6052479173431898	1.2669131222638306
634	1.3190328544913914	0.5462192808146278	0.8880546750813956
635	1.216795883286766	0.3878754925507687	-0.12822971281231335
636	0.8940533012334925	0.5351314914971759	0.8168908656062566
637	0.9947414158542945	0.6075129094512268	1.2814503273120303
638	0.9628861528902724	0.4866449649291267	0.5056939407721115
639	0.9970993211833027	0.6272792645660125	1.4083150330827752
640	0.9976246738960748	0.5831735649209806	1.1252351948533033
641	0.9209079772454558	0.6328474659452942	1.4440529435651392
642	1.0811327973580491	0.608875064115733	1.290192928045615
643	0.9298262829544075	0.5007039629389181	0.5959276047726894
644	0.7823090583348477	0.40099214992643467	-0.044044193074544526
645	0.6332208252280042	0.2449962235834154	-1.045259499691105
646	0.5129631123447637	0.14346913562094007	-1.6968821214300673
647	0.33496734118557997	0.18072989995924665	-1.4577345458086837
648	0.4145786535581532	0.2864043088665377	-0.7794935289055402
649	0.5341817849863226	0.24094761844869914	-1.071244315617715
650	0.6101968818499084	0.2306856283104405	-1.1371079688786356
651	0.8260488788208628	0.2740028676030499	-0.8590886382663292
652	0.9620767633237571	0.18754372214132112	-1.4140019739064194
653	0.9082971707447922	0.1656174475609796	-1.5547295059744253
654	0.8127347884210333	0.1402580663274213	-1.7174914527289373
655	0.39635468212947134	0.26631018411996066	-0.9084619304591611
656	0.36008846787901555	0.3131983455656304	-0.607523655729567
657	0.4358505497549057	0.21199398899170235	-1.2570749182111818
658	0.414575162378365	0.19944597850819423	-1.3376107402559707
659	0.5877573560192143	0.21149438610050306	-1.2602814767003996
660	0.6273548015404427	0.27499436068306227	-0.8527250230656995
661	1.0250155213957362	0.4241780783037909	0.10476806717947554
662	1.25063489793991	0.6178738809380161	1.3479492640931148
663	1.2867183826613502	0.6845404775331912	1.7758297768466953
664	1.2180421402407127	0.6200597496566382	1.3619786382610433
665	0.7512277044082919	0.4368359362649505	0.1860089138912294
666	0.47844580808932063	0.5474570079145374	0.8959986730234876
667	0.47316721165235814	0.554042720791345	0.9382671904894024
668	0.5734929341759363	0.21033227801154403	-1.2677401356146731
669	nan	nan	nan
670	nan	nan	nan
671	nan	nan	nan
672	nan	nan	nan
673	nan	nan	nan
674	nan	nan	nan
675	nan	nan	nan
676	nan	nan	nan
677	nan	nan	nan
678	nan	nan	nan
679	nan	nan	nan
680	nan	nan	nan
681	nan	nan	nan
682	nan	nan	nan
683	0.6512360546690315	0.513978047326659	0.6811235248321804
684	0.8458349351681503	0.5096980684431489	0.6536537025706475
685	0.709493664674544	0.5295795658823004	0.7812574164699827
686	0.7976591243031567	0.2739893340256652	-0.8591754996680881
687	0.79049119491668	0.5627609716320063	0.994222793903039
688	0.722141852585451	0.4206327261812852	0.08201323700145635
689	0.7506742005371282	0.49659377251738684	0.569547521269118
690	0.9433923663293359	0.2979574771974627	-0.7053428171273066
691	0.9531687689516077	0.420352820558238	0.08021674269053015
692	1.0828179271140628	0.4431741661703742	0.22668903257721987
693	1.1667167002495338	0.4561985295512003	0.31028218966483045
694	1.0232158662723918	0.42622900274038955	0.11793134000828816
695	0.9950172690800275	0.4779613870791898	0.44996087604812746
696	1.0553444095303453	0.4523413171091768	0.2855257730816572
697	0.8486660435725645	0.48937801201517656	0.5232352230376492
698	0.7310959085113025	0.4023540204531889	-0.03530341599798134
699	0.6523661030470929	0.3839228566335052	-0.15359857772193006
700	0.5800312978290615	0.44433022844949543	0.23410888818750716
701	0.7761020616335922	0.3236798660803886	-0.5402510094367684
702	0.9899885605968906	0.3708255247324869	-0.23766006241930732
703	1.1598833405640148	0.32073548502071114	-0.5591486784629373
704	1.1041943566849282	0.3088643988327132	-0.6353398552213156
705	0.8752167069486845	0.33188726555195236	-0.4875741596555946
706	0.6266544035560281	0.4779754571467678	0.45005118075899075
707	0.7385619210215534	0.3819220162982501	-0.16644040004841973
708	0.702800476754432	0.24158423667687345	-1.067158363314591
709	0.726479049251719	0.3404244521243726	-0.4327806655424643
710	nan	nan	nan
711	nan	nan	nan
712	nan	nan	nan
713	nan	nan	nan
714	nan	nan	nan
715	0.7701558706454432	0.48726633625655563	0.5096820351967475
716	0.7921829287296349	0.535047185277516	0.8163497702100807
717	0.8240770654285151	0.49374763355043927	0.55128039106086
718	0.866343236693764	0.5392902766952308	0.8435828408060903
719	0.8496893999096388	0.5728626215828962	1.0590573494585085
720	0.6850909740104058	0.40734321763684117	-0.0032816786032701046
721	0.8022358535373846	0.2034435685749924	-1.3119533499747933
722	0.7717801174447787	0.13733800505522903	-1.7362330321439565
723	0.5810667517959064	0.17039496387193587	-1.5240663818129543
724	0.3494730802296193	0.25803692575368053	-0.9615614767492291
725	0.3284999862358162	0.2993518120342174	-0.696393677147601
726	0.39824253144796934	0.24261635744620272	-1.0605339908918325
727	0.5897700058478329	0.27069015836935945	-0.8803503164966169
728	0.8386395734534292	0.3966901507000779	-0.0716553466184508
729	1.132479299773949	0.44734679499589614	0.25346985914672726
730	1.315954510744798	0.4687629069030077	0.3909230577800313
731	1.1521453906938863	0.5282669356570683	0.7728326742075465
732	1.274857050596121	0.47630313064957275	0.43931783069079466
733	1.2555821930978917	0.474442125459622	0.427373500312741
734	1.4386194606072504	0.4490474556399525	0.2643850638453776
735	1.4843721429202572	0.4639467431380432	0.36001188597127903
736	1.3781045942278707	0.330319214840079	-0.497638245372977
737	1.132378029463473	0.33439390801184493	-0.4714859908303339
738	0.8609303147326857	0.17109523216801092	-1.5195719097250937
739	0.6375153559386301	0.11446051880079629	-1.8830656447115541
740	0.5266079135039443	0.12717481838520997	-1.8014625435585656
741	0.5344188246021159	0.16942545608371695	-1.530288890696387
742	0.6127824639313585	0.24017425466146447	-1.0762079302422385
743	0.6737132179977325	0.2752138559706986	-0.8513162552416702
744	0.6661467849782445	0.16459778685768825	-1.5612739070214492
745	0.8355650999882694	0.35484949626617984	-0.34019763897266025
746	1.0842978605106564	0.5248663535241234	0.7510070088666156
747	1.4325781202290648	0.48606581230540225	0.5019768150411165
748	1.436168819157569	0.3880316449935874	-0.12722749294939295
749	1.249633075338721	0.3853618049535573	-0.14436309883962647
750	1.1712898583453801	0.5393799994427231	0.8441587006394007
751	0.7402134755710109	0.5507470000256536	0.9171145478896944
752	0.7072524679262872	0.313144436783771	-0.607869653851595
753	0.9060478272178742	0.39357416972208625	-0.09165438071778508
754	0.9091324696354007	0.4014650959230332	-0.04100872425110713
755	0.8441590267130537	0.28699687447810335	-0.7756903157423354
756	0.7670270866823958	0.19215842340861902	-1.384383831608768
757	0.5612042929378077	0.25616573330792397	-0.9735711911195722
758	0.6165479417715517	0.4460090011583875	0.2448836114246828
759	0.701774153244958	0.5221245796448167	0.733409716170606
760	0.7177966116563789	0.46796411563131923	0.3857962441076818
761	0.720655095061455	0.5518878173054945	0.924436557825504
762	0.8006083241954716	0.6971977732992547	1.8570670152697666
763	0.9244642828972667	0.6724258760782528	1.6980756668863333
764	1.1169952301952037	0.5988518662473474	1.225861894778712
765	1.1072132262360064	0.4209797569089662	0.08424055462804927
766	1.0574193606457967	0.40939173734407963	0.009866160156845084
767	0.806033719200538	0.4264579180464453	0.11940056753053666
768	0.879965503665504	0.5911668399200115	1.176537747853485
769	0.8900588036173438	0.6328646700353909	1.4441633631045792
770	0.7310381978613794	0.3489036346353011	-0.37835945393422316
771	0.629834992211699	0.27923010684815236	-0.8255390958761311
772	0.5500807805313543	0.18769060060805542	-1.413059276410695
773	0.5114094700860938	0.16341898491360565	-1.568839710677691
774	0.4752827828599543	0.15888246039064238	-1.597956097866192
775	0.5186830543025427	0.13264977710997064	-1.7663230844276216
776	0.6282279376746526	0.09051456464301974	-2.0367559134021964
777	0.7279939424675778	0.14161224721768184	-1.7088000293883359
778	0.7364755286164185	0.25388943602050806	-0.9881809552332782
779	0.8603751552003053	0.3163213896982212	-0.5874792887894116
780	1.1356640073024438	0.25876392800335657	-0.9568954204144003
781	0.9629350572808303	0.3812247362713076	-0.17091569278419128
782	0.8296485486301158	0.27867961011733194	-0.8290723019415754
783	0.6503289723473289	0.20924551128059565	-1.2747152375372357
784	0.6318926674040994	0.2523305366156293	-0.9981863058999874
785	0.8547360518493476	0.08371665977350051	-2.080386324579216
786	0.8444118484288612	0.33129959302603773	-0.49134596794583124
787	0.8220105546855172	0.372525046886213	-0.22675216479573163
788	0.9707443959825585	0.4228563091096482	0.09628466905483533
789	1.046037286825794	0.44900710783164904	0.2641261029596103
790	1.1103826691852052	0.40709259345169374	-0.004890238366722791
791	0.9256990372477932	0.440901658410788	0.2121035904657411
792	0.7109145512130877	0.49717838071135356	0.5732996620198059
793	0.5137682747342156	0.6612325155111034	1.626234278492221
794	0.834169008314067	0.41408810755385383	0.04000847124017791
795	1.1192453828659412	0.42351484565035113	0.100511297787872
796	1.2879388762745032	0.5442937994598164	0.8756965228511707
797	1.218760182622941	0.4999388527983697	0.5910169638224884
798	0.8386974565104691	0.47220455746323575	0.41301230909386843
799	0.6106657872232829	0.34666678793510747	-0.39271601571945874
800	0.6862853478413105	0.12925563142878174	-1.788107439240967
801	0.6984070027619468	0.19986777554074034	-1.334903556452068
802	0.7004869991217462	0.22486941951127387	-1.1744376441638655
803	0.7465724068092007	0.16866748292840622	-1.5351537249448968
804	0.7469957119057988	0.4744848912240363	0.4276479801593276
805	0.8301911666703455	0.4742123672559433	0.42589886289279955
806	1.0995638629429443	0.41312975679286956	0.03385757055002011
807	1.2493615896797838	0.27949818291118966	-0.8238185262180474
808	1.1796054181360178	0.5301525871022997	0.7849351895370684
809	0.9271560432105708	0.6083571435723307	1.2868688029365705
810	1.1050599624141535	0.6235335498070442	1.384274232538714
811	1.1506907912131796	0.5647815339760685	1.0071911963111866
812	1.0929892797184575	0.5930709827994058	1.1887589451727179
813	0.9325075865522178	0.5907100483477657	1.1736059615896552
814	0.6943955338069369	0.45109761540966437	0.27754342887813754
815	0.7193548057507482	0.20828696957326953	-1.2808673637619616
816	0.6362386013393194	0.21069006185992917	-1.2654438021535306
817	0.6125038166578963	0.17039255449729496	-1.5240818456960594
818	0.7421507151978741	0.13489943841517713	-1.751884275759484
819	0.6219024117841201	0.36515636404602425	-0.2740459513846013
820	0.5574301588527111	0.45914565265640844	0.32919745772721176
821	0.600023325473826	0.1946103182483931	-1.3686470447493602
822	0.673751764621513	0.1718902620670752	-1.514469237348825
823	0.7010730648440261	0.22056101088870683	-1.202089934587063
824	0.7051430181265045	0.23858607906227086	-1.0864011818019688
825	0.684787017584335	0.2440098736946683	-1.0515901047873024
826	0.7065680724532817	0.30355847161465566	-0.6693944338955772
827	0.7834829684582663	0.45635891891770886	0.3113116030125468
828	1.1977109753155295	0.32554827766901373	-0.5282591432038145
829	1.7344463188927635	0.28548066349324214	-0.785421682975382
830	1.826725099791928	0.4343669825218084	0.17016263933194029
831	1.5405874240467865	0.4192135876096779	0.07290490133262062
832	1.0609435873912982	0.6131177285902703	1.317423258428759
833	0.9831881754785395	0.6510512895237901	1.5608889868709148
834	1.1229007899899253	0.6459137559237942	1.5279151945472478
835	1.24693530881085	0.6166396321580176	1.3400275907540946
836	1.0833167825627834	0.6572013645136816	1.6003614869615854
837	0.8805447885811606	0.6727678296605029	1.700270398304821
838	0.8542524328753024	0.45400086209236334	0.29617708865211306
839	0.7168720087618553	0.48088797199652034	0.46874432561655677
840	0.8528368094038306	0.5214375284895941	0.7290000745269847
841	0.9692033353250751	0.47664040048955303	0.4414825008470259
842	1.0182411617425022	0.4453233968216661	0.2404832557724542
843	0.9609823938380202	0.4495556945465741	0.2676470501334598
844	0.8755894719777195	0.5142281000059489	0.6827284165484874
845	1.1751463987233013	0.5080988764770261	0.6433897456056454
846	1.1089229719345226	0.4887106233642109	0.5189517795627235
847	1.1956824499757133	0.4477518367199598	0.2560695037878261
848	1.2212577881449087	0.4526797628237703	0.28769799025330756
849	1.2933151257774806	0.2223147962548918	-1.190833764029869
850	1.1790716977503708	0.263225444598866	-0.9282604501887965
851	0.9649872860906753	0.28639733946616713	-0.7795382600116182
852	0.6760602769330767	0.2075435738578195	-1.2856386368754986
853	0.8183886964805986	0.25901313009899607	-0.9552959879263586
854	0.9140167352410882	0.36129130379968144	-0.2988527368587578
855	0.956441066950532	0.22896192857086078	-1.1481710434327963
856	1.0385730742433907	0.23629300511212464	-1.1011186221346205
857	1.2262949662071614	0.23647161880319092	-1.0999722411639172
858	1.1932794584016688	0.24303023961776904	-1.0578776063629398
859	1.0655522112959581	0.26884878200497164	-0.892168664863055
860	0.9476158240735686	0.29905695628659174	-0.6982861245639364
861	0.6279539563959556	0.17260971903361974	-1.5098516082591245
862	0.5460929991664711	0.1157507034764978	-1.8747849627991684
863	0.5784107554762073	0.20588788956457799	-1.2962651737100113
864	0.6777857829049122	0.23628542538092775	-1.1011672704748192
865	0.6840430343937135	0.2838560217380699	-0.7958489821438877
866	0.7546257419360927	0.31807326426775584	-0.5762353821348655
867	0.8474857071072052	0.30561778550360935	-0.6561773157625382
868	0.7326768443915497	0.15404286952485138	-1.6290176298316932
869	0.6053233720585984	0.22515417656209047	-1.1726100123491883
870	0.6112329516442081	0.34806285848751756	-0.3837557355444748
871	0.5884326809187992	0.5009219921109996	0.5973269627526985
872	0.6825815652936872	0.4626334968292328	0.35158318955232626
873	0.63527685573963	0.4058583052680195	-0.012812164606983728
874	0.6499405467218392	0.48567696942186983	0.4994811380321829
875	0.6247968261909469	0.49157210579899097	0.5373173874377425
876	0.5175107853607536	0.31758461192928283	-0.579371657628479
877	0.4186094389112553	0.24456082549821376	-1.0480539779675242
878	0.4543498846259037	0.15094672243491086	-1.6488893657843895
879	0.46117477741420904	0.1278621195439113	-1.7970512973390076
880	0.3882332806161032	0.12340185295193543	-1.825678244773886
881	0.43278259319061363	0.18087920825546028	-1.4567762531463149
882	0.46906068795410877	0.28349258669692656	-0.7981815861719788
883	0.6348008490021751	0.39705664799880425	-0.06930308836452968
884	0.7237247103568268	0.3365026095596497	-0.45795189211223186
885	0.808497697982512	0.33046492784775816	-0.4967030280433864
886	0.8535647901049097	0.2957612789459505	-0.7194384884523606
887	0.9326062127587176	0.2976716688552904	-0.7071771963553409
888	0.866181588339326	0.3483989350461228	-0.38159872412399265
889	0.7574043604016057	0.4064614568580358	-0.00894100836405379
890	0.7804005706918443	0.5527564851597089	0.9300118543886511
891	0.7021960307388148	0.3688156020440263	-0.2505601772362654
892	0.7195810050496348	0.5858058199710874	1.142129572218585
893	0.7667057172195909	0.641540075497123	1.4998439756885995
894	0.7686680201447699	0.5226205110035524	0.7365927099771591
895	0.8167503004038171	0.5109364910354705	0.6616021643321784
896	0.7850844070466871	0.4937175027401187	0.5510870050590527
897	0.6592696164971009	0.557484601146592	0.9603579166769483
898	0.7483134340757129	0.46589425802028217	0.3725114541053445
899	0.7468621621350512	0.5849329912240997	1.136527570153368
900	0.7260659729541081	0.4079572647060341	0.0006594071614128602
901	0.7096988747738396	0.3432633732927566	-0.4145598607131529
902	0.754013412894542	0.5092312350439522	0.6506574657081038
903	0.8472637476674157	0.38061429875843195	-0.17483361164240635
904	0.8778806994606805	0.26257334167423196	-0.9324457865942958
905	0.8283922003454772	0.4546826576641261	0.30055299883409575
906	0.6535328186618584	0.42805843097279295	0.12967300270152504
907	0.6387887110499986	0.5621509507876649	0.9903075493128256
908	0.6944725593544825	0.582469740887815	1.120717901282313
909	0.5854349434424186	0.5724154054877065	1.0561870206597639
910	0.5760500972681626	0.40112335378904873	-0.04320209854928392
911	0.514670294010078	0.15309029800233195	-1.6351314381300988
912	0.4470640800694209	0.2202546409623472	-1.2040562824715826
913	0.5084563021195916	0.2002242292740203	-1.332615759954897
914	0.645233613051461	0.13416925402374585	-1.7565707557624677
915	0.5016938653542586	0.10614991782925104	-1.9364048638498614
916	0.6358576598954357	0.2466158051909223	-1.0348646776354002
917	0.7485390389599305	0.2636973959765441	-0.9252313650428736
918	0.7462778223130729	0.2446043564227724	-1.0477745871590525
919	0.5224294387325155	0.24866513578326635	-1.0217116344407933
920	0.5050679099333354	0.32873065905502824	-0.5078339370470645
921	0.6303178495459448	0.23186361148185392	-1.12954742028096
922	0.6877965324694256	0.32618533123702287	-0.5241703967962774
923	0.8206219157300981	0.5348091079571188	0.8148217389151106
924	0.9004954078480213	0.657010865552528	1.5991388237788162
925	0.9309084618464855	0.5650323480221129	1.0088009746425897
926	1.0599034043724476	0.5397306876522263	0.8464094927686292
927	1.066915580271619	0.591462761172804	1.1784370339104655
928	1.018131556665208	0.5301576720587637	0.7849678258780588
929	1.259712738795155	0.4801572663190194	0.4640544998877947
930	1.2660228020302886	0.4917984613978894	0.5387701862105587
931	1.000367750556865	0.5635900968383396	0.9995442972726662
932	0.7979372992305106	0.4294145679533913	0.1383769806493734
933	0.5976337534997149	0.30660536663024923	-0.6498388083175217
934	0.4823262186493123	0.42512877380157554	0.1108698347488441
935	0.6742521584531564	0.33030613445447166	-0.49772219809272755
936	0.9037080936426475	0.22268945258586414	-1.188429139357392
937	0.9384931299025402	0.3185217277089696	-0.573357047601861
938	0.989522009881542	0.31790755842311874	-0.5772989177792622
939	0.8305521468793563	0.3227877842439107	-0.5459765819589145
940	0.8878856844489589	0.20772870783661326	-1.2844504072999676
941	0.842579397375023	0.2392110165194849	-1.082390199191661
942	0.7506972112654552	0.2711107021772908	-0.87765117615703
943	0.719073419584895	0.1939302637659012	-1.373011780247048
944	0.4172606212177331	0.3206665106933155	-0.5595913704868319
945	0.4545039967609749	0.47813890838599693	0.45110024586240755
946	0.5434571942258489	0.362752495558734	-0.2894744948151259
947	0.5230096179112143	0.34446110971524563	-0.40687253151423974
948	0.5055991208976353	0.3230994829603359	-0.5439760327570626
949	0.466557567871499	0.3886840473457951	-0.12304023475351744
950	0.5132306565318463	0.38132658482299153	-0.17026200693935414
951	0.8039132953289276	0.3503667352397861	-0.36896896051127814
952	1.0269961776207792	0.5583395366595713	0.9658450761293219
953	1.2711865695856455	0.5718076432048295	1.0522862720013488
954	1.2645377540802127	0.6384076225853963	1.4797392211863567
955	1.0110288136970713	0.7484085915435548	2.185749028271873
956	0.8924497384986585	0.7201707719646386	2.0045126469722736
957	1.0136838037182638	0.638874766112184	1.482737448514282
958	0.8865415571253417	0.48428413306092105	0.4905416155915289
959	0.7761433543130093	0.48438022834445515	0.4911583757276651
960	0.7792547826233244	0.4668910048590277	0.37890878905612563
961	0.9603970947741561	0.33171899462496834	-0.4886541585485432
962	1.1319488378930034	0.2557247387917907	-0.9764015884897941
963	1.1826073920272304	0.30485092816982845	-0.6610991705735692
964	1.0349906542573615	0.3489468545752137	-0.3780820590918965
965	1.041815005907596	0.5198807395885627	0.7190082695265385
966	0.8621317390136636	0.6369622123646151	1.4704622684395012
967	0.8690443595571179	0.5311569008826138	0.7913810907414712
968	0.9509240184551075	0.44077887520340364	0.21131554151144746
969	0.7896247646842977	0.47677765610540324	0.44236343682227774
970	0.8273393624023327	0.5937704917051053	1.1932485433303064
971	0.8591334760860135	0.4824641197024146	0.4788603795778628
972	0.82434448077107	0.4156927301298199	0.05030728302367933
973	0.7933794255489723	0.3811918910711143	-0.17112650032226837
974	0.7310905800864931	0.46312571726190577	0.3547423658396475
