ID	SN	ssim	z_ssim
494	0.24404484169408275	0.3139232220975077	0.13935918208062187
495	0.3109142922208485	0.24672792796925241	-0.4938510115212867
496	0.3236349096592892	0.14082602591505367	-1.4918102402517388
497	0.310366941649267	0.16150434192531526	-1.2969495635616826
498	0.36735385423530426	0.2530079121616712	-0.4346720160590689
499	0.6909846700307495	0.24919492217529499	-0.4706034627295308
500	0.7725425856789925	0.21124788065541794	-0.8281947765134696
501	0.44835163254228055	0.2996475178046083	0.004833072828733554
502	0.222523328214059	0.25652957919317965	-0.4014858310478592
503	0.23664406043231956	0.15528944156986196	-1.355515246000423
504	0.28219410507070014	0.38692902925221967	0.8273243421744755
505	0.7565399889632514	0.4603577186797282	1.5192745040352273
506	0.9608979953766033	0.37865357041602493	0.7493411298112744
507	0.7607430719440472	0.4463046797322767	1.3868466662222647
508	0.32418252926572677	0.5348430661639669	2.2211820098045583
509	0.6599145352777418	0.4010442598318037	0.9603382385192738
510	0.8966461391644048	0.3019909762046985	0.026916490521449076
511	0.7195385225942479	0.30230042123584056	0.029832524309538627
512	0.6039802266618257	0.245308013552467	-0.5072314765436544
513	0.8445473132222457	0.35630052453669014	0.5386987523580271
514	1.0739916770365334	0.391231941603374	0.8678725382687726
515	0.8710915627477404	0.3730655859772889	0.6966831460312967
516	0.5900023698877556	0.4530305730277033	1.4502276551887523
517	0.7032410587156521	0.5050529355206642	1.940456779908736
518	0.7206201393558226	0.3670053545529746	0.6395749755374227
519	0.5620539870722469	0.46592837647249946	1.5717692113687194
520	0.18384587381819156	0.4761078091416336	1.6676943890884135
521	0.24849760122629388	0.1946493011476755	-0.9846103392395309
522	0.4839389639446258	0.1508129906237995	-1.397698771007329
523	0.6228311543324333	0.16064461803557514	-1.305051112006838
524	0.5731751840117064	0.20734149559164636	-0.8650063252179537
525	0.37843742694118965	0.17999547445276654	-1.1226996587204672
526	0.45649917507053756	0.11882279431402124	-1.6991561671162623
527	0.401796353520792	0.15300483347689253	-1.3770440919057994
528	0.5775651750931899	0.21320213795121865	-0.8097789684323266
529	0.5169916776824363	0.24353786455241344	-0.5239123528694389
530	0.37443495086845774	0.35474038747466846	0.523996908964014
531	0.7228948632269048	0.36506292035925014	0.6212705816386535
532	0.9671951050399986	0.2711270212355085	-0.2639278484297138
533	1.0047402057840664	0.31005067150544563	0.10286647017355824
534	0.876116917398504	0.24744561300550033	-0.48708795636030566
535	0.5066304373625969	0.21603918001557731	-0.7830442993139736
536	0.3397572600103606	0.1938108894503244	-0.9925110537179063
537	0.43391095980159977	0.13504999074213117	-1.5462403070822632
538	0.7327692908055894	0.1279059045184065	-1.613562108103017
539	1.0898965333995556	0.2366521777002847	-0.5887991453343469
540	1.0238985273887509	0.4654271757657291	1.5670461812713778
541	0.6717019382555948	0.41010151257368	1.0456886315280203
542	0.39904743444986424	0.4028876617951316	0.9777094090637027
543	0.47967154921136496	0.3149236228302101	0.14878638899819052
544	0.48752830623731414	0.2899827403057198	-0.0862422875902514
545	0.53642923340378	0.23306945274198476	-0.6225607054837436
546	0.6545118894256922	0.23474758233666596	-0.606746967642088
547	0.6115188227246533	0.4824428826998945	1.727392515368687
548	0.6398648359461062	0.5038973462383243	1.92956716445742
549	0.6493282076515867	0.5154515164010767	2.038447085597454
550	0.6756886745827612	0.3491933745045787	0.4717250169770739
551	0.6771168184830663	0.41872966084354957	1.126995388307179
552	0.6872772677076668	0.4910955000164475	1.808929854512112
553	0.6051632902625828	0.3907372243557526	0.8632106045990333
554	0.44594586221999294	0.43035064425625	1.2365049194739812
555	0.5583672226677726	0.26108457525683926	-0.3585621415731075
556	0.7967379084525139	0.17211040751985013	-1.1970040400604174
557	0.7175742883872681	0.2772759042106588	-0.20598427619534268
558	0.7111797329471315	0.3497926572047343	0.47737231593618695
559	0.5372982729825008	0.3317836540843695	0.30766572412251325
560	0.41723186115384414	0.29413107491776447	-0.04715074409905685
561	0.27991562821560323	0.4369350189248281	1.298552317475989
562	0.3027194329503071	0.3356071711317731	0.34369637182241763
563	0.34633464311562157	0.12188579063616879	-1.6702922337216555
564	0.38777269130918024	0.18557399767504335	-1.07013083205757
565	0.8409856587515295	0.3144007797841746	0.1438594138178804
566	1.1083953377416762	0.5975183695669266	2.8117983843098435
567	0.7529590059518827	0.5320888784323952	2.1952281127445077
568	0.360265957915725	0.44094231413841706	1.336314785978224
569	0.6021438288310069	0.3791554286171593	0.7540703557611518
570	0.813449220088888	0.385115370245618	0.8102334523198065
571	0.7553702863943628	0.33787715849747274	0.3650874403184503
572	0.4505749607895961	0.3046114546133811	0.051610387051233185
573	0.32612240933704173	0.2445119587556129	-0.5147330437080394
574	0.29356142297067467	0.19405556796106727	-0.9902053427426407
575	0.45577997902966094	0.25607897297279225	-0.40573208751196693
576	0.9389707561818477	0.380452273875582	0.7662910871056742
577	1.1197024551394403	0.5175868012683338	2.058568794442279
578	0.8322843459090948	0.5911694767089847	2.751970032817522
579	0.7592924986229233	0.5650936278850615	2.5062460800267936
580	0.7631406138651903	0.4576748365764625	1.4939925506178138
581	0.4020926640564431	0.2989680396885771	-0.0015699420695888327
582	0.334832978296721	0.3729793021212581	0.695870056098575
583	0.4589918820108912	0.38100235533994126	0.7714747416318216
584	0.44908260030710223	0.3387624026026144	0.3734294767433791
585	0.4185772081489435	0.3888214643796303	0.8451575733397342
586	0.5349873977743428	0.40735844660317955	1.0198395396120281
587	0.5193514385207288	0.38403062374102287	0.8000114188709665
588	0.8592174876402144	0.4329622290257601	1.261115007411879
589	0.9391901547201141	0.3940520792252793	0.894447909546146
590	0.7080944047432698	0.2953675613746475	-0.03549879973440229
591	0.2738818380690318	0.24360746949496487	-0.5232564355210527
592	0.3540398728765035	0.21645892676341688	-0.7790888449490302
593	0.40731915651796347	0.16750947756143547	-1.2403605844064525
594	0.41407833130263255	0.17252436785652822	-1.193103113539713
595	0.3186768180045116	0.17064317772935372	-1.2108303782251915
596	0.3025472611569028	0.1820946700803669	-1.1029180343224252
597	0.28625982296441066	0.1751172440074418	-1.1686693249715434
598	0.33312711184871424	0.18117190339629116	-1.1116136621674009
599	0.5497739347993552	0.12960634978537774	-1.5975380800713346
600	0.6005457523615317	0.22791590992663005	-0.6711247587583358
601	0.4188245635225128	0.24549680369518012	-0.5054524257281414
602	0.5837468669960516	0.2669682026726622	-0.3031181867041288
603	0.9247871672263384	0.3036676057465124	0.04271609271895242
604	0.8891309365040279	0.29314304775171396	-0.05646134956950324
605	0.4390364078479097	0.25449985387122576	-0.42061280683905045
606	0.5190604579074861	0.31600343121258506	0.15896188839479355
607	0.5532816996895821	0.33070594074524623	0.2975099672206821
608	0.4496378054370308	0.3934786177904885	0.8890439354902541
609	0.33109121147825576	0.36587049686408507	0.6288807228190587
610	0.3536009949542182	0.15072462245300539	-1.3985315023356564
611	0.2424369706444945	0.18480853834842995	-1.077344084930221
612	0.5014024576961948	0.42919668532202715	1.2256306674950668
613	0.940924752469017	0.4361711005777824	1.2913535859174132
614	0.9996154867732323	0.382913535177673	0.7894846122746725
615	0.6950400848979572	0.47742615026153673	1.6801176851926596
616	0.49444470548140823	0.4277015967709564	1.2115418042322836
617	0.362450726197367	0.3967273237344274	0.9196578906251301
618	0.3284002578709051	0.32333923042684815	0.22809028348481536
619	0.5523556953881487	0.31388244264081094	0.13897489969887258
620	0.6626716307778273	0.4057449894835651	1.004635238353529
621	0.4988182153814252	0.36855915185058064	0.6542170766011862
622	0.8023434595570914	0.5040574522736405	1.931075912576387
623	1.0037784689424503	0.485134661652326	1.752758307627136
624	0.7247939305516401	0.29127239992635373	-0.07408926960504121
625	0.3428797282591481	0.17892643835783062	-1.132773646213546
626	0.2639898598234207	0.32370833050523157	0.23156847247295417
627	0.44906919708921506	0.33607513489716306	0.3481061959079509
628	0.5071979861176799	0.2368140433989134	-0.587273815150204
629	0.5961897303558555	0.28174385682359854	-0.16388083464118053
630	0.745590082956674	0.328319839054447	0.27502470343567714
631	0.8088165295766008	0.36094070554539953	0.5824251762540908
632	0.696286459600174	0.3767512432154986	0.7314146813811164
633	0.7255101950607039	0.37174215459406523	0.6842118821837065
634	0.940494759774536	0.31973544211145205	0.19413023425076187
635	0.7091158939377717	0.19785293670652998	-0.9544211017524493
636	0.46766955232548824	0.33786304935536926	0.36495448379643775
637	0.682097598672105	0.336649292093275	0.35351672642239484
638	1.0240500575130909	0.18486508079992872	-1.0768112610602647
639	1.0034931398590223	0.3494449226869526	0.4740954638264791
640	0.7245117025093893	0.2829650215472864	-0.1523732735665862
641	0.8822113080348228	0.3658857983108438	0.6290249149412924
642	1.061770063181722	0.44894608089047594	1.4117377268309321
643	0.7091551035280464	0.3937556654835417	0.8916546752099186
644	0.5181279857055263	0.32476751776475243	0.24154965014860724
645	0.3929423056956051	0.25723714703070677	-0.39481811460730215
646	0.3511961695411424	0.18162075688247542	-1.107383922472488
647	0.33884180022052873	0.21029609770676877	-0.8371638371151064
648	0.277619427766094	0.21736573486981176	-0.7705436016539551
649	0.3432155983600488	0.16118618890414244	-1.2999476564898473
650	0.37882847145591997	0.18764777235138858	-1.0505887602305024
651	0.6649226367078913	0.20448197478282668	-0.891952821225626
652	0.6036228436980298	0.22817892019639108	-0.6686462997234398
653	0.4708114512880875	0.26587380183627873	-0.31343119707895895
654	0.23665473166652806	0.22411649091620298	-0.7069283202782141
655	0.2460832082923661	0.19734140119470905	-0.9592415211683706
656	0.27021972838724684	0.21306089036179715	-0.8111100052944121
657	0.2875002966232268	0.15840772614798043	-1.3261303075604265
658	0.2949373745636202	0.21778245086700432	-0.7666167073575231
659	0.3152488671394501	0.21958600707202555	-0.7496210205528246
660	0.5301276924463378	0.20835917953893918	-0.8554162511264428
661	0.7881639828719679	0.28427743255382365	-0.14000585947433553
662	1.1705690875421475	0.38025746952414236	0.7644553618113678
663	1.0895048902690987	0.41567441395250754	1.0982044811391
664	0.8004748213077691	0.3130596317959263	0.13122119877165112
665	0.4761544054002545	0.20964431490221258	-0.8433058671666703
666	0.30448381889517434	0.441086399394209	1.3376725633925333
667	0.2562971577466004	0.4256945197608675	1.1926282532370815
668	0.3248865584902142	0.10975373614933824	-1.7846178077080124
669	nan	nan	nan
670	nan	nan	nan
671	nan	nan	nan
672	nan	nan	nan
673	nan	nan	nan
674	nan	nan	nan
675	nan	nan	nan
676	nan	nan	nan
677	nan	nan	nan
678	nan	nan	nan
679	nan	nan	nan
680	nan	nan	nan
681	nan	nan	nan
682	nan	nan	nan
683	0.6974057179108342	0.16374617984239703	-1.2758237594422757
684	0.7237607784110052	0.21988899904598547	-0.7467657967015117
685	nan	nan	nan
686	nan	nan	nan
687	0.5072219648615433	0.40296773118400203	0.97846393739617
688	0.3126252241919469	0.350128918531756	0.4805410512285399
689	0.3120491779317626	0.3152410847300853	0.15177796919274278
690	0.6085752111082158	0.20720571466976068	-0.8662858473176795
691	0.5611975074768217	0.30125894180671287	0.020018215145393703
692	0.39625792655671616	0.30821302721914545	0.08554955669925168
693	0.37879473701369404	0.28987457773510805	-0.08726155007233562
694	0.5155573936580191	0.17127577379401654	-1.2048691530862348
695	0.47206544191284033	0.25412680274038996	-0.4241282282959322
696	0.509391889877977	0.3272120528370219	0.2645855568510014
697	0.9110090652748032	0.2887208341656039	-0.09813377257676072
698	0.7865605767620248	0.25647281402552025	-0.40202075366810763
699	0.45774709781770495	0.26861573862301674	-0.28759274594783285
700	0.2884985819201333	0.2996145778747678	0.004522665684570752
701	0.5490239496472191	0.21538588195216585	-0.789200608302263
702	0.973156166674508	0.26020028250724064	-0.36689521296506156
703	0.894525149316141	0.2675150615213575	-0.29796490027317213
704	0.6456414611197789	0.3037874206479009	0.04384516013191398
705	0.5627803117489414	0.2456272002437725	-0.504223642896689
706	0.4389655021672814	0.47783950302131456	1.6840128862545856
707	0.4150006247410094	0.2602315138034912	-0.3666009070110241
708	0.6126755791506411	0.12114579500732944	-1.6772655312044755
709	0.7453685211293368	0.1498106681916562	-1.4071440869262917
710	0.5990165688312905	0.176362931877984	-1.1569306717234749
711	nan	nan	nan
712	nan	nan	nan
713	nan	nan	nan
714	nan	nan	nan
715	0.390021432437023	0.20841590216890732	-0.8548817293571774
716	0.5123266478231526	0.2531542402246865	-0.4332931037064496
717	0.5039919848342391	0.19050194113380184	-1.0236926986724584
718	0.7753456770336502	0.2483672045367517	-0.47840340248646257
719	1.083327420049172	0.30193922938258455	0.02642885793237941
720	0.8952919965046816	0.23182336605991188	-0.6343031169046104
721	0.5638701888110134	0.1712478336494746	-1.205132445100418
722	0.43972629287459897	0.11919102103864175	-1.695686208116733
723	0.39609390590083765	0.19422843791157335	-0.9885763147541781
724	0.3299582456756711	0.22438633331057056	-0.7043854791909592
725	0.3034268854546464	0.22635895308720747	-0.6857966335452643
726	0.32273603777849047	0.21002433955861063	-0.8397247311753313
727	0.7319299279634427	0.18804567350678214	-1.0468391662907799
728	0.8450125145155941	0.2624804899789031	-0.34540783600934744
729	0.7431619452207227	0.27532282006515724	-0.22438902917601045
730	0.731726867186978	0.287880928668231	-0.10604856377603256
731	0.774313712027442	0.22540465416344854	-0.6947894032638418
732	0.6035767910259787	0.25623800700489996	-0.4042334413408823
733	0.5323569037257774	0.23868467712340524	-0.5696460279932213
734	0.9088192882492081	0.2124340459521469	-0.8170170301112885
735	1.1091675163460666	0.20734865470952302	-0.8649388617671941
736	0.8516943687114429	0.23564409998686747	-0.5982986957472125
737	0.4416739789240154	0.3125639560471295	0.12655023273256658
738	0.25250119185016856	0.22764299230622886	-0.6736965790248229
739	0.2902381013676835	0.14269129161006122	-1.4742330383482787
740	0.3236863159690595	0.1035476080129262	-1.843100825749052
741	0.31879574273594613	0.13941151093767873	-1.505139824031323
742	0.27045024906268694	0.3668773548442199	0.6383687791599375
743	0.2753727776930782	0.4011171187060787	0.9610248190675668
744	0.3071782017801458	0.21012208268590346	-0.8388036555946781
745	0.8128202236132617	0.2075823120828756	-0.8627370077157082
746	1.2548016857378996	0.2525212631285091	-0.43925791946945625
747	1.2762060697304873	0.16437871156605038	-1.2698631406163592
748	1.0423825229770929	0.09942005307305951	-1.8819965534407401
749	0.9349474452631577	0.30164891185541554	0.023693070851310307
750	0.38377756484229536	0.38083381462552524	0.7698865098993811
751	0.5109992723130674	0.3054782235201024	0.05977832372527332
752	0.6316292991804435	0.14150540432316336	-1.485408164944099
753	0.6436308460532251	0.5090942233421867	1.9785395753941304
754	0.5216827414997006	0.536513970725958	2.2369276630517807
755	0.5734014192840607	0.08220542863445846	-2.0442173728443285
756	0.5070444979683131	0.08028932012827769	-2.0622736884524597
757	0.3818851125760537	0.20920690666481995	-0.8474277533534293
758	0.28787360940166623	0.2649614525312084	-0.3220286574754189
759	0.6530067990145056	0.38651711821891105	0.8234427271219351
760	0.7309267965222519	0.3278949227897634	0.2710205344873078
761	0.8696843630643264	0.35968936240719274	0.57063323098343
762	0.8126967377335097	0.4657971212277473	1.5705323366735637
763	0.8055958216126331	0.5349288321128634	2.221990219275321
764	0.7702257794762372	0.5243520659110796	2.122320796569462
765	0.7752888950904121	0.4572072792372468	1.4895865564611444
766	0.579101846464446	0.35694296934948255	0.5447527864918812
767	0.45222580949016034	0.26191529657599555	-0.3507338968402521
768	0.4744768410793921	0.4832344597411422	1.7348518867136893
769	0.5338132300744666	0.4862328456767923	1.7631069686124659
770	0.5140133449961022	0.202804788703202	-0.9077576679185879
771	0.44145988594303803	0.16585171778791089	-1.2559823686512743
772	0.27996381918708685	0.17922767706434337	-1.1299349441564162
773	0.2837546713291242	0.18006780989967877	-1.1220180106536226
774	0.2688267963778844	0.15465353193669062	-1.361507696322393
775	0.3018008154105011	0.1897944922351863	-1.0303592943004318
776	0.325468440244353	0.16460677810063623	-1.267713971446215
777	0.4634760967143173	0.21906681521501553	-0.7545135890065968
778	0.6806819002644479	0.20685314117222758	-0.8696082992174466
779	0.6720862885112908	0.2529803027556351	-0.434932191381882
780	0.39378903516979685	0.3332612236606515	0.32158949854147784
781	0.2578062987552601	0.35052906909178355	0.484311842276814
782	0.25223477632714564	0.17908872927908942	-1.1312443089734414
783	0.20735404124014292	0.1690768754365733	-1.225590319243644
784	0.3081288460874868	0.22385121837974548	-0.7094280976264151
785	0.5602816568051123	0.24401084347168056	-0.5194552688291918
786	0.530871946799778	0.49674356249274376	1.8621539795120707
787	0.42397293701118344	0.44742742390549783	1.3974267680659118
788	0.38387991631848273	0.4397831363513999	1.3253913545019782
789	0.42538198106329533	0.37698698142560316	0.7336361440534097
790	0.535041975944787	0.30647911946890105	0.06921019727737762
791	0.5998437803788451	0.357707912489427	0.5519611751152597
792	0.4090384123273786	0.37132313058789473	0.6802632385247528
793	0.2717830983615622	0.4544296375514065	1.4634116426897927
794	0.5726932815628187	0.23422187571691155	-0.6117009275107228
795	0.7627175788869167	0.20732708927759375	-0.8651420821192173
796	0.7434390173870719	0.3949054514486038	0.9024896035033805
797	0.6751391073202203	0.3674227111532279	0.6435079065123656
798	0.6754566828613736	0.40652494737164574	1.011985117414557
799	0.488594710475263	0.2472345336073191	-0.48907704842875627
800	0.3217624304710423	0.17737855322077178	-1.1473600344424562
801	0.2700406963420586	0.3146601806918752	0.14630386027974268
802	0.32677740210372214	0.32530456459448176	0.2466104736993922
803	0.4004277208756043	0.29938899862752233	0.0023969352941620808
804	0.3661429104410473	0.39771859812937027	0.9289990961318186
805	0.32728194005582717	0.37362845895762276	0.7019873405210209
806	0.392051549684469	0.3972900102865306	0.9249603283213536
807	0.46808937398182165	0.20375543152333733	-0.8987993512389229
808	0.37937926221770085	0.3304815727097383	0.2953956506000737
809	0.5712569912633696	0.3468621196507049	0.4497565985556997
810	0.5811413356059645	0.38929865659721496	0.8496543611044456
811	0.612087404599969	0.37938808969781296	0.7562628213174919
812	0.6456290510894178	0.3737242419386587	0.7028899447993768
813	0.6070927017061853	0.4020559787832086	0.9698721018857626
814	0.41453657273844935	0.34898891972264673	0.46979835152036975
815	0.4866892452314404	0.22062882212151777	-0.7397941252628122
816	0.467199016051954	0.2137373411151287	-0.8047355185385141
817	0.5059115403663739	0.22239970050582852	-0.7231063756350696
818	0.4816328657390737	0.17814393436897402	-1.1401475182786405
819	0.29078261526396376	0.30539882658698947	0.059030132232995955
820	0.33049630145509257	0.3710936358374612	0.6781006106616277
821	0.4960978373611607	0.17290925183938755	-1.1894761860225054
822	0.5431717690407758	0.2067420536445139	-0.8706551248299081
823	0.462016354651536	0.19609277856069893	-0.9710078299564262
824	0.5895648625637666	0.22581700213585365	-0.6909036707460314
825	0.5596231740814762	0.2786613801130964	-0.19292834012430182
826	0.3482439733801477	0.30829546889631937	0.08632644012600657
827	0.4349125862277351	0.33539497858834266	0.3416967901069184
828	0.5985136829734359	0.39839651133434917	0.9353873641993807
829	0.6722959641221279	0.43598850962868063	1.2896329527729253
830	0.7869439514869768	0.4985739574453873	1.8794025793934723
831	0.8010183414828101	0.24676751300712269	-0.49347798466250503
832	0.44121672721620153	0.3726321965704388	0.6925991310154122
833	0.5303051293232725	0.4724685269156107	1.6333998654493997
834	0.6084578138760695	0.5064579961402187	1.9536972712031462
835	0.6900047478663786	0.47027385795671156	1.612718554735823
836	0.569004345505679	0.443035849954875	1.3560430755385258
837	0.6718186844065608	0.38505110025463385	0.8096278085174864
838	0.5749393057811758	0.23825908321720146	-0.5736565826494553
839	0.36740877619182877	0.349514527693227	0.4747513817753543
840	0.48524519213472744	0.3619250604001485	0.5917011759536959
841	0.6801524263901535	0.3113336362969166	0.1149563999004999
842	0.6666607676432644	0.1971367439559599	-0.9611700944628491
843	0.4396622861612547	0.29523565517511635	-0.03674180865676782
844	0.33602016999385415	0.3354526652146335	0.3422403960286687
845	0.3236315346721637	0.35840392127629916	0.5585199656436968
846	0.3499481981864811	0.32526674150477713	0.2462540504369421
847	0.6894483855403802	0.290649297320391	-0.07996103379439674
848	0.9287636803695406	0.2770801750266082	-0.2078287165856125
849	0.7591523306866804	0.2637156269679841	-0.3337686082609269
850	0.4353636999456229	0.2722888775499728	-0.2529791760358512
851	0.5052864529463705	0.32896384910180965	0.2810934874489403
852	0.5176810721426044	0.28034927260322334	-0.17702260231456018
853	0.47708230117396644	0.37029948588611605	0.6706169936767779
854	0.36845424876254657	0.35290988757500885	0.5067473201216854
855	0.4654834793221564	0.3097579856207494	0.10010836503959904
856	0.41809746115480834	0.3597525677834902	0.571228842463091
857	0.4589894024382315	0.27718816551550884	-0.2068110757035974
858	0.38357825809791607	0.256194514088673	-0.4046432938203107
859	0.35897535019247784	0.23323807858966716	-0.6209716715038721
860	0.23708145679778447	0.20712006550497086	-0.8670929562815138
861	0.26069437879120677	0.1691190770533164	-1.225192635235338
862	0.29855214929407403	0.13884110740011668	-1.5105149822047732
863	0.28109245987307124	0.13663275333957564	-1.5313252535244837
864	0.3136516140161785	0.1873091884452281	-1.0537793821862775
865	0.33225415531656344	0.2520676769517045	-0.4435322573461738
866	0.4003218555339608	0.23079778803462622	-0.6439675802925595
867	0.3673046521492011	0.22629158443721795	-0.686431477345801
868	0.3535796478181673	0.19805425134153318	-0.9525240272525303
869	0.290821767059779	0.22082820217963145	-0.7379152811140307
870	0.46997474348185364	0.2589247740173777	-0.37891487875096347
871	0.6922548773998384	0.36324356728275947	0.604126034111322
872	0.6585203723310353	0.3552548055790935	0.5288444922914056
873	0.5851094338967092	0.2857167512623343	-0.12644253945476217
874	0.7713209519891511	0.3376525520984772	0.36297087749604906
875	0.6176236039857328	0.37676594377507244	0.7315532110846408
876	0.33500785254105053	0.27200233136499474	-0.25567942413536104
877	0.31086540443373595	0.2099736787925659	-0.8402021293903608
878	0.29126776796428844	0.16464906584980776	-1.2673154757749439
879	0.27036211331798143	0.10351387091509279	-1.843418744950505
880	0.24438791922642128	0.14410476748219375	-1.4609132465048746
881	0.2327026454964785	0.17945124165986642	-1.1278281986967789
882	0.20673174761157143	0.28700995198710794	-0.11425615212029994
883	0.2657857359857642	0.32069444448226003	0.20316732657637854
884	0.3596132017033433	0.23275714573078032	-0.6255037089424462
885	0.5516752306291148	0.2823806706955492	-0.157879863287791
886	0.4946351613419344	0.2688350694144016	-0.2855258974478384
887	0.43047174373589764	0.30758680512568914	0.07964839623586557
888	0.4624261782147544	0.33544552657034377	0.34217312550933526
889	0.3536403291402889	0.416192787568378	1.1030893389542464
890	0.3148008433642304	0.4482954265174529	1.4056063304756539
891	0.5241956669782983	0.3520963815440301	0.49908130246293153
892	0.7405540769331825	0.40650018846867414	1.0117518036096633
893	0.6319261313055603	0.42025076426483177	1.1413294008950279
894	0.5645424964242906	0.23812784620548821	-0.5748932855268334
895	0.4190016115888938	0.25354145410861917	-0.42964422052807777
896	0.5302207625924461	0.3093898811016844	0.09663955763564618
897	0.5347625513870572	0.34385842520458787	0.42145149227673223
898	0.43413976281340255	0.3337057627012133	0.3257785813573147
899	0.648423733044462	0.39753995438409395	0.9273156591888048
900	0.6833118609725876	0.2467858032917414	-0.4933056274340011
901	0.43200133529309015	0.27134482710536323	-0.2618753699219914
902	0.21010749688858837	0.39016013853593656	0.857772476402241
903	0.5324874229719009	0.22204455797734227	-0.7264530366198377
904	0.6937979884124286	0.12142356213494593	-1.6746480119431033
905	0.6604784742827451	0.37323935673967584	0.6983206627580391
906	0.385579884251953	0.3882915593513693	0.8401640500597359
907	0.5853263925833923	0.43943148213439565	1.3220775653785142
908	0.844047922229731	0.41439444288772204	1.0861427625879365
909	0.66195562674184	0.46347420627580904	1.5486425087396296
910	0.37677731997232433	0.35746351625142037	0.5496581241175457
911	0.2742133987489062	0.19785556957260061	-0.9543962911216464
912	0.3481659920713844	0.21288071058350522	-0.8128079169380105
913	0.3655933148233488	0.1432798887608903	-1.4686864339221022
914	0.40308255242714985	0.12147607656737534	-1.6741531458314667
915	0.3292186138906791	0.12141340787794093	-1.6747436998796985
916	0.3608091352519766	0.2830606395046914	-0.1514722243769709
917	0.40227552243557946	0.3098607257596619	0.10107652961266107
918	0.3991739766603846	0.359525181608624	0.5690860846155759
919	0.2903011723857669	0.36542660131842636	0.6246977039328093
920	0.1916625058319319	0.34510880531403637	0.43323436251268427
921	0.2046532851857166	0.22896347457556526	-0.661253105947401
922	0.2708222987607932	0.2510048429082887	-0.45354780023692287
923	0.5891935353880584	0.3791579560479841	0.7540941728302285
924	1.1409427515289456	0.4193593037778167	1.1329287848266791
925	1.105250418216078	0.4311499471168433	1.244037094541729
926	0.49408149338081886	0.5993894926359973	2.8294307827715244
927	0.7484790080568192	0.6040518012879976	2.8733657249793834
928	1.1962493755900547	0.3131351541229985	0.13193287818264396
929	1.0137546249811946	0.20116309766844329	-0.9232280295181656
930	1.0155986999855917	0.22609038660110328	-0.688327451199495
931	1.3289686199108046	0.24588928080625883	-0.5017539448938123
932	1.0341720228745137	0.23985790186450795	-0.5585902260194368
933	0.38464361852990353	0.2796503266690702	-0.18360907084668138
934	0.24859245540072628	0.4168610068415555	1.109386256927842
935	0.43534453051543315	0.3756502216007631	0.7210392805606983
936	0.6384766162356659	0.26491077431676596	-0.32250622011421387
937	0.6237154181678062	0.28105379458870183	-0.1703835882495254
938	0.5158895718306491	0.29325513457008157	-0.055405107210874584
939	0.4697603860125315	0.2421869706815788	-0.5366424075642534
940	0.4870150921012096	0.24517955030097938	-0.5084420410839323
941	0.5346013674974037	0.2519004050549911	-0.4451085324629979
942	0.48545756952825797	0.2707050476146181	-0.2679042875783976
943	0.4573286288599989	0.19048441062305205	-1.0238578962246059
944	0.2869185063074432	0.2553555890490846	-0.41254884574365397
945	0.2960024197820809	0.3680478837126889	0.6493991767649416
946	0.4016294753092636	0.271688639167179	-0.25863548080401977
947	0.507352597801071	0.2010403767589899	-0.9243844814965686
948	0.34897682423200804	0.23421288382171745	-0.6117856620114133
949	0.26311867760422186	0.2640063181640489	-0.3310292999369359
950	0.4655457486632916	0.26432362512267626	-0.328039179820486
951	1.0391119098458994	0.22244956731022625	-0.7226364592625522
952	1.146124254352171	0.5472617616146187	2.33820872503228
953	0.6981115007990326	0.5003276175851966	1.8959280740884004
954	0.8271099183699734	0.4951929793426259	1.8475421667442309
955	0.9095958657682554	0.5246236054084826	2.1248796301894615
956	0.8409971717814676	0.44769719020992693	1.3999688921249087
957	0.6202972534672045	0.41057160477981325	1.0501185128272705
958	0.6662143791584666	0.20744846647325524	-0.8639982925345334
959	0.6907438398052185	0.2086894157396872	-0.8523042931936315
960	0.8056263155847782	0.2371212830174968	-0.5843785639143952
961	0.44055749640088643	0.25061149436964086	-0.45725449290850795
962	0.3576158176401594	0.2897314794487639	-0.0886100268485091
963	0.37470958139116206	0.24640676386678423	-0.496877479165192
964	0.46991442759412294	0.26973060531789766	-0.2770868769749486
965	0.45826219098045956	0.38427859017825744	0.8023481133934786
966	0.6397051080619556	0.43343875592229514	1.2656055255698253
967	0.660510216562887	0.21147237546608005	-0.8260792652359885
968	0.6162751194382203	0.16819232516931165	-1.2339258173354344
969	0.63171184252874	0.13398864593157234	-1.5562418162904765
970	0.5163944476927975	0.33736238700237264	0.3602365268385432
971	0.30848665853236723	0.33888391076810376	0.3745745005131518
972	0.3011929674063339	0.27064562985548557	-0.26846420671041143
973	0.4808779699340754	0.13421333772812685	-1.5541244487301011
974	0.3375984795393918	0.1615836763797863	-1.2962019608325537
