ID	SN	ssim	z_ssim
5057	1.4099085326443612	0.4752261696148539	-1.3389775214451656
5058	1.387416203179835	0.530209024775362	-0.8658352174396988
5059	1.1513355274982768	0.5667009764146388	-0.5518121274080838
5060	1.2204824811339148	0.7392906068688425	0.9333682103930463
5061	1.3491763036434292	0.7819263071053781	1.300259914796388
5062	1.4706031284083785	0.6439086035123308	0.11258033575441555
5063	1.4308529131401864	0.6469029742123629	0.13834770356250334
5064	1.5716927173858233	0.6958553106329072	0.5595957666696907
5065	1.5538847925920753	0.7036345271161406	0.6265380234784649
5066	1.303481124159091	0.6916949574642299	0.5237948051161655
5067	1.036835879178115	0.6316629446960758	0.007203137544648504
5068	1.0259852010158423	0.4948332557251661	-1.170253255126418
5069	1.1507694132896826	0.4570620548827391	-1.4952846297152598
5070	1.255965138668287	0.531820205998018	-0.8519705682934798
5071	1.6108375944577216	0.6441618800630335	0.1147598488117171
5072	1.729411878464599	0.6593136470537919	0.24514489198260264
5073	1.7971168102386665	0.539310619911908	-0.7875135355179608
5074	1.915203220783251	0.6959897645688332	0.5607527790663903
5075	2.0966604505829203	0.6611328765770875	0.26079985289094587
5076	2.203425963450194	0.7237428955166052	0.7995759591588247
5077	1.6788512183928574	0.8259722184583741	1.6792868663568365
5078	2.200581704742183	0.7363341135895715	0.9079267880106067
5079	2.445474602595711	0.7020330414773235	0.6127568074472202
5080	2.0789404881357796	0.7168933084306511	0.7406334141441353
5081	2.0108688694340784	0.5616555903404898	-0.5952290359107646
5082	1.9609554685706738	0.6063871095124255	-0.21030224407919337
5083	1.6227434755068295	0.656817515653164	0.22366500777968573
5084	1.3491402950971119	0.6381654945019962	0.06315933312783689
5085	1.2006492256683627	0.6790477377127185	0.4149620667102567
5086	1.0277482688460216	0.6483481438072483	0.15078377785887495
5087	1.1013501234651037	0.6731173757743698	0.36392970211395603
5088	1.3688760502905488	0.6858932838525815	0.47386983829351353
5089	1.530157924948823	0.4602485800380238	-1.4678637209730434
5090	nan	nan	nan
5091	nan	nan	nan
5092	nan	nan	nan
5093	nan	nan	nan
5094	1.2748442736638335	0.677589201898653	0.40241097249139707
5095	1.5067556301238159	0.7062709715817634	0.6492253394646165
5096	1.4155745894853007	0.7087346626648191	0.6704260659818515
5097	1.2201015510811886	0.5900583318909864	-0.3508157813054252
5098	1.0442857201703801	0.7718136730075917	1.2132379698169362
5099	0.9469418964368989	0.7937877003059944	1.4023304037019066
5100	1.096582273919439	0.8446213724785231	1.8397678685726655
5101	1.66519072436729	0.6698946436027274	0.336197222226687
5102	1.8984106952561834	0.6263231924997081	-0.03874687086492352
5103	1.6949890811311803	0.6241133800121478	-0.0577629035669746
5104	1.4557784421165925	0.7177931953840566	0.7483771841836465
5105	1.692346251227886	0.5599459789195634	-0.609940703471313
5106	1.5334983941855973	0.6592069166648332	0.24422644818786154
5107	1.614354755669184	0.715166178036645	0.7257709910933058
5108	1.7712481789678747	0.6449469875275458	0.12151591037976037
5109	2.4846766505359956	0.4217954443130452	-1.7987633292243654
5110	2.4507685135289052	0.4694942243803855	-1.3883024567682312
5111	1.818841906343762	0.7802594997106829	1.2859165874308438
5112	1.1958576543198147	0.6943118919451623	0.5463142324199157
5113	0.9114183314941497	0.6233690706382826	-0.06416788655695167
5114	nan	nan	nan
5115	1.2350621646090996	0.6593334567639886	0.245315359883856
5116	1.560956716820318	0.7972007056916394	1.4317002359347546
5117	1.7983248847169977	0.7523388564707859	1.0456519188668874
5118	nan	nan	nan
5119	nan	nan	nan
5120	nan	nan	nan
5121	nan	nan	nan
5122	nan	nan	nan
5123	nan	nan	nan
5124	nan	nan	nan
5125	nan	nan	nan
5126	nan	nan	nan
5127	nan	nan	nan
5128	nan	nan	nan
5129	nan	nan	nan
5130	nan	nan	nan
5131	nan	nan	nan
5132	nan	nan	nan
5133	nan	nan	nan
5134	nan	nan	nan
5135	nan	nan	nan
5136	nan	nan	nan
5137	nan	nan	nan
5138	nan	nan	nan
5139	nan	nan	nan
5140	nan	nan	nan
5141	nan	nan	nan
5142	nan	nan	nan
5143	nan	nan	nan
5144	nan	nan	nan
5145	nan	nan	nan
5146	nan	nan	nan
5147	nan	nan	nan
5148	nan	nan	nan
5149	nan	nan	nan
5150	1.4003227443288937	0.8513453095394613	1.8976291612194887
5151	1.5018077205202878	0.8421845374130078	1.8187982453325953
5152	1.587232867725004	0.6979367434087066	0.5775070573129162
5153	1.987539811228291	0.6555366118438773	0.21264248489021262
5154	2.203802289829968	0.7089298779424598	0.672105946118493
5155	2.2428047812541845	0.5557660345997978	-0.645910252165994
5156	2.275100820074463	0.5588268438825889	-0.6195711624269571
5157	1.670998418940024	0.6235699053208099	-0.06243964992504569
5158	1.7767829622154396	0.44853373535769303	-1.5686731203201159
5159	1.440181471979663	0.45944697828813136	-1.4747617203172345
5160	1.341380149527987	0.5860111996022821	-0.3856424466377825
5161	1.395782980147487	0.670036732260874	0.33741993346807786
5162	1.8658449065611002	0.3622789583096004	-2.310918749887296
5163	1.8216784385527627	0.6254604976581857	-0.046170592746590085
5164	1.6228383047523454	0.7006554705866342	0.6009024382397855
5165	1.5233181460254643	0.6214064234824453	-0.08105699488993628
5166	1.5729151004544883	0.5103918821770355	-1.0363670765147754
5167	2.5811319906405026	0.5503519090118955	-0.692500263676982
5168	2.6419176250444547	0.5930034824900937	-0.3254719657462512
5169	2.641160828855643	0.5532485819013797	-0.6675736118892598
5170	2.116886245763694	0.5807730296711688	-0.4307183122461443
5171	1.6069863662214956	0.7222457777083036	0.7866928564694571
5172	1.550133939444134	0.7405196350316622	0.9439443293477013
5173	1.2337001465461208	0.713763266230766	0.7136985564732355
5174	0.8478129437543761	0.6249291155378892	-0.05074327926805984
5175	0.6695416538733235	0.4928429621947553	-1.18738026797209
5176	0.6387900604904401	0.423462292791902	-1.7844196483185262
5177	0.7134612378698384	0.3983232018905386	-2.0007483084972573
5178	0.7783924229150496	0.43126201991607005	-1.717300891910375
5179	0.9709390686232342	0.35353072771864635	-2.386199634550195
5180	0.948952391255915	0.4130195035640571	-1.87428266727384
5181	0.9225073086584604	0.38671460414490444	-2.100643424303958
5182	0.9251401795919432	0.25876500533270613	-3.2016842451535243
5183	0.694713560450079	0.4463177645579737	-1.587742146959917
5184	0.761146518767434	0.5018459759193749	-1.1099069056989916
5185	0.8535687419943288	0.3786206869368773	-2.1702937657614183
5186	1.225665701712865	0.3937009100222991	-2.040524377199768
5187	1.5380969804876057	0.6964557455331777	0.5647626709945016
5188	1.858830625541498	0.8003859445931765	1.4591100761164186
5189	1.8136905168467194	0.8401759907645812	1.801514159481382
5190	1.8705410143646435	0.8010883373627291	1.4651543554164435
5191	1.8335353468907607	0.7903786614314307	1.3729947043671467
5192	1.889988240989839	0.754167264791267	1.0613858658016133
5193	1.6059274571666338	0.6915481998932461	0.5225319166200548
5194	1.3115254615555245	0.6984977405731616	0.5823345892800343
5195	1.2826235742763419	0.6633096560630137	0.27953162770104545
5196	1.0806030278148469	0.6650009078466987	0.29408530562937596
5197	1.1066474830063502	0.6365794439810795	0.04951094045079331
5198	1.2913218178395465	0.6159118360585838	-0.12833940220938356
5199	1.4133140008521012	0.6483789631587129	0.1510489866938358
5200	1.60751689373191	0.7625000968883252	1.1330921343426597
5201	1.382691666065558	0.7190818874753464	0.7594667273411729
5202	1.2192632701501926	0.5631024074677801	-0.5827787841535159
5203	1.073540712580282	0.7232243231822347	0.7951135043015556
5204	1.224001674519954	0.7805076630707322	1.288052100102943
5205	1.419680205994634	0.6880020362194089	0.4920162213888449
5206	1.3322446451384906	0.732669152854063	0.8763888120101616
5207	1.1299940149718346	0.7562652013361306	1.0794391758306463
5208	1.0678512618911207	0.7938569267437842	1.4029261158776076
5209	1.0206286441887502	0.6348127281654131	0.03430787416572944
5210	1.1804101917861978	0.5966152519974699	-0.2943917146158211
5211	1.299263610716978	0.5858830930620185	-0.38674483798216724
5212	1.3863360586051359	0.531965148106899	-0.8507233023386083
5213	1.591872464921816	0.507996822096224	-1.0569772147398377
5214	1.751413353133994	0.5906058283844512	-0.34610442625489873
5215	1.8572780319468614	0.5371487998861593	-0.8061165801369055
5216	2.292599035234009	0.5109937806674978	-1.0311875776014612
5217	2.4221728546310977	0.6319799572046364	0.009931115716409011
5218	2.627595432332908	0.5616032767059268	-0.5956792088513259
5219	2.3730043474033367	0.6276830030133069	-0.027045334494416783
5220	2.1288903582394796	0.6975811022603695	0.5744466692731874
5221	1.654755547163528	0.6581494786040305	0.23512690835911454
5222	2.186846050914549	0.6750820036334414	0.3808358549327008
5223	2.4726897316924124	0.6703294496103844	0.3399388452409465
5224	2.643631242393497	0.6091068525076592	-0.18689812177031997
5225	2.235837882301385	0.6096222349261397	-0.18246311699998002
5226	2.602077600556164	0.576546611454161	-0.46708778136607604
5227	2.426898469754758	0.5611677945342463	-0.599426650439449
5228	2.5438886822148192	0.6627737821026329	0.27492028768367194
5229	2.3461702796807242	0.6716466762460487	0.35127393585194105
5230	1.968816357907712	0.5958484605010275	-0.30099016233665093
5231	1.8971941802375374	0.635395488380691	0.03932268305723572
5232	1.533689371192681	0.7538968056364221	1.0590584917994978
5233	1.627698381228493	0.7508800249265308	1.0330982798099533
