ID	SN	ssim	z_ssim
5057	0.2709278065813904	0.48660724403842903	-1.0563872650789365
5058	0.34922135261602316	0.48531554301290386	-1.0667263141674528
5059	0.3790361554049531	0.3846616331282897	-1.8723815661829128
5060	0.5558860301421376	0.6197878431109559	0.00961850888800228
5061	0.5437979616921266	0.6867067137800323	0.545251348936533
5062	0.4560266117666473	0.583907674307012	-0.2775739754698997
5063	0.4369311184777548	0.6111259800521802	-0.0597128809560803
5064	0.7228281344507704	0.7010388393551198	0.6599687231085951
5065	0.9117524109011582	0.6403372262285358	0.17410013164200108
5066	0.732205523341364	0.6231377406192146	0.03643179934374272
5067	0.394220810732202	0.5854417748804647	-0.2652947089661051
5068	0.3063498087413768	0.4746177262898371	-1.152353909140343
5069	0.32671331153888467	0.44517911728323867	-1.387986782074781
5070	0.3579410956068969	0.5625840693699475	-0.4482526339456872
5071	0.5655917282736805	0.65510632771366	0.2923151537179435
5072	0.6318135806028855	0.6491479695423104	0.2446231906373238
5073	0.5461947362686159	0.6622068631571894	0.34914934603853237
5074	0.5419248248200703	0.7485719248611608	1.040433625329901
5075	0.5632985006742196	0.7595800033997601	1.1285446217073687
5076	0.7710005293444391	0.7894894321777812	1.3679460359933973
5077	0.7741894885560572	0.8144426014198748	1.5676764973075121
5078	0.6931949479423565	0.7960683050485667	1.4206047303925164
5079	0.6750490888468315	0.7682701275700297	1.1981022194844462
5080	0.6173324640134008	0.726882232578168	0.8668247260588807
5081	0.47586179981758553	0.7073733580879425	0.7106715551390583
5082	0.44419144153544055	0.7694550117914467	1.2075862842079053
5083	0.5072951886042443	0.7262433505571253	0.8617109788009616
5084	0.4500581450864768	0.6864982356971228	0.5435826461249009
5085	0.3735347537123678	0.7099632633512836	0.7314017064071526
5086	0.3668552763967071	0.6782858683349302	0.4778491152127337
5087	0.4211481140026925	0.7055505923275057	0.6960817512280792
5088	0.5387267964765435	0.6808059636842514	0.4980204931163625
5089	0.4128272187353597	0.677038087786862	0.4678616149450712
5090	nan	nan	nan
5091	nan	nan	nan
5092	nan	nan	nan
5093	nan	nan	nan
5094	0.4539193147659794	0.62715780335744	0.06860923449947368
5095	0.37038620149374785	0.6578823501351249	0.31453502621102136
5096	0.3846340411802838	0.6275953225501185	0.07211123095289619
5097	0.45107731540870794	0.5923634107803353	-0.20989246655284816
5098	0.40095886776877937	0.6378758092838377	0.15439842813968105
5099	0.3938638358552941	0.7921170706949086	1.3889782122312462
5100	0.3793787932375099	0.8112294910116802	1.541958079824922
5101	0.591924493038966	0.6579159831758735	0.3148042322056168
5102	0.5940070475678773	0.7105270191862305	0.7359141277308751
5103	0.5451115371023072	0.705571679758962	0.6962505395039019
5104	0.5451945069158505	0.7119194446797731	0.7470593968336728
5105	0.5140574928767457	0.5590140822265116	-0.4768275685412133
5106	0.5109874698950244	0.6383221595961335	0.15797111074835543
5107	0.39263996459737627	0.7241303610648904	0.8447981625594062
5108	0.49101015688184996	0.7936424383103426	1.4011875782860528
5109	0.5283071392440648	0.6325316930081649	0.11162298752527519
5110	0.515939507038284	0.591091709078072	-0.22007143681441027
5111	0.5197850137106964	0.6685940887725818	0.4002740551407186
5112	0.41536857863852683	0.5615247461290246	-0.4567316819390535
5113	0.3156125437451061	0.5737035472077496	-0.3592499739400856
5114	nan	nan	nan
5115	0.40357234238440043	0.6516043743830586	0.26428477619613333
5116	0.5958577250607962	0.7850705200734774	1.3325761258815276
5117	0.6349855527989108	0.8061311101992247	1.5011495579996064
5118	nan	nan	nan
5119	nan	nan	nan
5120	nan	nan	nan
5121	nan	nan	nan
5122	nan	nan	nan
5123	nan	nan	nan
5124	nan	nan	nan
5125	nan	nan	nan
5126	nan	nan	nan
5127	nan	nan	nan
5128	nan	nan	nan
5129	nan	nan	nan
5130	nan	nan	nan
5131	nan	nan	nan
5132	nan	nan	nan
5133	nan	nan	nan
5134	nan	nan	nan
5135	nan	nan	nan
5136	nan	nan	nan
5137	nan	nan	nan
5138	nan	nan	nan
5139	nan	nan	nan
5140	nan	nan	nan
5141	nan	nan	nan
5142	nan	nan	nan
5143	nan	nan	nan
5144	nan	nan	nan
5145	nan	nan	nan
5146	nan	nan	nan
5147	nan	nan	nan
5148	nan	nan	nan
5149	nan	nan	nan
5150	0.44768975689164775	0.8095528283845115	1.5285377163935856
5151	0.49925410352014127	0.8222291105735999	1.6300013687581745
5152	0.5390912188420866	0.6618923391707062	0.3466318293132958
5153	0.49000470533817764	0.6455855986684826	0.21610921827980376
5154	0.5703210811473832	0.6718380990831637	0.4262398019985282
5155	0.5557087395176243	0.7071806159764786	0.7091288063818222
5156	0.6282715671101076	0.7035229323447246	0.679851930485876
5157	0.6998579986838931	0.7194758505287164	0.8075424726082796
5158	0.6289423189147227	0.5762614178161567	-0.3387762348473717
5159	0.5303791885836059	0.5325599472052465	-0.688572078434974
5160	0.5313369955844008	0.6175072063426478	-0.008636191723562187
5161	0.5129678746767904	0.6054056639819162	-0.10549950455053157
5162	0.5043147336970897	0.474467159049541	-1.1535590812798564
5163	0.5291887006587629	0.5924114948586012	-0.20950759138766384
5164	0.44362136013087833	0.6788137160931219	0.48207412067093436
5165	0.44017338789902233	0.5778740936449136	-0.32586803532759334
5166	0.4882243661914953	0.4093804794290677	-1.6745266754110157
5167	0.6482988833946046	0.5897536975987889	-0.2307811646012106
5168	0.9284245246455706	0.6955614985113111	0.6161269247825094
5169	0.7403939506133383	0.6477657964479575	0.23355998391305083
5170	0.6604771811554402	0.605999928107746	-0.10074288839316572
5171	0.7935490644052805	0.6926851162136073	0.593103750545106
5172	0.969411908344222	0.6654945319782105	0.3754645448775996
5173	0.8598255179036329	0.5835945129862481	-0.2800805851295814
5174	0.5123863870920787	0.5211168645970837	-0.7801649396867784
5175	0.30933923608698405	0.3755331228957255	-1.9454480990217573
5176	0.2625241961958669	0.32694127780310994	-2.3343875376274257
5177	0.2726183487590568	0.2750601397570934	-2.749655174972347
5178	0.3071695164228169	0.341507216931129	-2.2177986701658563
5179	0.3258071922661885	0.35003824747711004	-2.149514491514943
5180	0.33621897264257894	0.4627209520594605	-1.2475782144031256
5181	0.34389142101622966	0.47457576121316253	-1.1526898065184268
5182	0.36605164524475287	0.21409336174417554	-3.237646202453299
5183	0.32449031860260147	0.3461991149848078	-2.180243722591532
5184	0.36884167324816985	0.4188159006908307	-1.5990035615723979
5185	0.3515566358531557	0.28655548984352447	-2.6576439537340826
5186	0.459571338002532	0.24121928343344595	-3.020524569525442
5187	0.8379574563176697	0.5249417466679224	-0.7495497720073163
5188	0.99617590531433	0.7389787280608879	0.9636476426033709
5189	0.8454463746890617	0.7902988006302041	1.3744243928228301
5190	0.6183487927327497	0.7431293345123126	0.9968699773390297
5191	0.5221475916399991	0.7322566763588972	0.9098429144588152
5192	0.5247839313894852	0.7427046893413354	0.9934710272869856
5193	0.564733230606584	0.6750586068030112	0.4520174291331904
5194	0.5672335810514157	0.677162110705263	0.4688543206998161
5195	0.6016776066551046	0.6610978436308791	0.34027251843209544
5196	0.6186078268868109	0.6460372952760551	0.2197246937702792
5197	0.5036736295772257	0.5897974912060893	-0.23043063127601077
5198	0.5968733834212333	0.5366449434786212	-0.6558749014859537
5199	0.6540000608671269	0.5838731133604289	-0.27785060861968175
5200	0.5964458442626567	0.6983232942724583	0.6382329240677136
5201	0.5556737291604485	0.6136369899291572	-0.03961422510090021
5202	0.45557217369598574	0.5158658007774755	-0.8221955686984631
5203	0.5562768491086316	0.6266742304363515	0.06473861423192522
5204	0.7688408182565692	0.6944048815947965	0.6068691175654015
5205	0.5328502824584556	0.6188445783276393	0.0020684174152373965
5206	0.580217444527178	0.6403085746583497	0.17387079839478362
5207	0.41156485392086317	0.6776209640856548	0.47252708051850023
5208	0.29404367531875086	0.7310340036523431	0.9000563826821504
5209	0.3051228072638207	0.5266566013523993	-0.7358237112454843
5210	0.49502136769343463	0.44570038920977695	-1.3838144109684305
5211	0.5246367839296586	0.4702853089269967	-1.1870314969886109
5212	0.4721795554463559	0.4790245284330091	-1.1170809297269304
5213	0.4845854380820417	0.5118130608949372	-0.8546345586508901
5214	0.3736997293961102	0.5319889724767866	-0.6931422813141186
5215	0.39842278546704263	0.47378775883418156	-1.1589971447624599
5216	0.5750755874711401	0.5741986276226984	-0.3552872452499565
5217	0.5690702265993085	0.7627469272702949	1.1538933523424173
5218	0.4659642176520061	0.7107108090704735	0.7373852209619018
5219	0.49337910005674956	0.7154740374580892	0.7755111116643194
5220	0.4736075044163934	0.701800649062563	0.6660664096519353
5221	0.3031288210823911	0.5817109600542847	-0.29515694245961493
5222	0.4237024088211359	0.5478118412084275	-0.5664926826029377
5223	0.602427113917296	0.6449598201108317	0.21110035392323726
5224	0.5636392019277341	0.5740968529357988	-0.356101871439012
5225	0.5832083906814922	0.5944735351755462	-0.1930025831558046
5226	0.5639309406182677	0.6077624211925958	-0.08663551976657251
5227	0.5450489771332566	0.6052804798149212	-0.10650150518542338
5228	0.4722075970290277	0.6980677672347605	0.6361876314388509
5229	0.42886387891250294	0.6597640765890015	0.3295967640228962
5230	0.4221674325195086	0.6134710754464893	-0.040942239824819544
5231	0.49123066819388383	0.6155197529170302	-0.02454419065098061
5232	0.4356768180292292	0.7436995401583584	1.0014340243193438
5233	0.4172655457397394	0.7124269909443315	0.7511219048291502
