ID	SN	ssim	z_ssim
2502	nan	nan	nan
2503	nan	nan	nan
2504	0.5103592166839943	0.24376326430077921	-2.054410527087042
2505	0.6574290372436097	0.44846970599970437	-0.37333840134239926
2506	0.6621935467283029	0.4249177106365414	-0.5667500135129228
2507	0.6334690174841142	0.5066787286439803	0.1046805834145657
2508	0.7092732146515399	0.505400599470637	0.09418444412077306
2509	0.7711849264107206	0.5561946143766374	0.5113105584944546
2510	0.6994252584160026	0.5172384142922981	0.19139789945350677
2511	0.7780282891534439	0.5563218806559553	0.5123556833714883
2512	0.7759873927035926	0.5662437965477263	0.5938355630529027
2513	0.754795031063989	0.41265452234067845	-0.6674566832485697
2514	0.6911020437088681	0.4473313783047224	-0.38268647530683164
2515	nan	nan	nan
2516	nan	nan	nan
2517	nan	nan	nan
2518	nan	nan	nan
2519	nan	nan	nan
2520	nan	nan	nan
2521	0.3904678615231954	0.7558420645216885	2.1508376814780044
2522	0.4225444005182126	0.759194849648454	2.178371126803122
2523	0.3771278237324532	0.7393858742912911	2.015697612300506
2524	0.5899890494635268	0.40170888961526896	-0.7573434397209766
2525	0.6687632587282869	0.5418712657561184	0.39368562244729616
2526	0.6539040826890351	0.5779354744463036	0.6898489256777594
2527	0.6224122574884859	0.5662100609967539	0.5935585229465159
2528	nan	nan	nan
2529	nan	nan	nan
2530	nan	nan	nan
2531	nan	nan	nan
2532	nan	nan	nan
2533	nan	nan	nan
2534	nan	nan	nan
2535	nan	nan	nan
2536	nan	nan	nan
2537	nan	nan	nan
2538	nan	nan	nan
2539	nan	nan	nan
2540	nan	nan	nan
2541	nan	nan	nan
2542	nan	nan	nan
2543	nan	nan	nan
2544	nan	nan	nan
2545	nan	nan	nan
2546	nan	nan	nan
2547	nan	nan	nan
2548	0.5233575151163921	0.46100092607188087	-0.2704306247718377
2549	0.5484328244106833	0.43447299233592784	-0.48828097470220694
2550	0.5592573212582482	0.37526661495954805	-0.9744903477327621
2551	0.6087831566139891	0.37483630712969174	-0.978024083614533
2552	0.7362589808254957	0.5421318803088013	0.39582581821467205
2553	0.84836449869972	0.4413364291816139	-0.4319176659937239
2554	0.7144899541450113	0.47886513851049184	-0.12372772021401149
2555	0.5718747762342874	0.46672320615170493	-0.22343862267331963
2556	0.5443944316352999	0.41395556498547226	-0.6567723759721785
2557	0.6414254849266828	0.3970871512981001	-0.7952976701447829
2558	0.72304766213297	0.5335281244021888	0.32517081531745184
2559	0.7123963414854703	0.659768091316945	1.3618675004537504
2560	0.7542002601703581	0.6021077984170555	0.8883547455457307
2561	0.9604145485421139	0.5179000829414614	0.19683159618212975
2562	1.0266449324722458	0.4942377583653278	0.00251394821204407
2563	1.0408643856275779	0.4879908951976729	-0.04878598869922629
2564	0.97491850557514	0.47514247180751473	-0.1542986742879271
2565	0.9300829486721647	0.5178187087310234	0.19616334209209513
2566	0.9911954310217158	0.6154790560608743	0.9981610043259678
2567	0.8324598847244902	0.5831973277653321	0.7330598518751161
2568	0.5605575204145361	0.35721885270923753	-1.1227005838116335
2569	0.3699038432171607	0.17798010592896718	-2.594629159019225
2570	0.41025869174168783	0.2640587928568819	-1.8877413834599035
2571	0.5383648837832071	0.34095102696024104	-1.256293782863623
2572	0.5111627694072073	0.40025255565172235	-0.7693030166232714
2573	0.537830274940652	0.5698521467411019	0.6234677372027054
2574	0.501926476363643	0.6610201695607654	1.3721497066093993
2575	0.5943214785729783	0.5862552043935993	0.7581714757257549
2576	0.5528285153573267	0.6282233003632034	1.10281815962856
2577	0.5587910511460665	0.5779683911624289	0.6901192414210754
2578	0.5826199182738518	0.6020830971426531	0.888151895925935
2579	0.5075203069114494	0.5734397299379423	0.6529293704612649
2580	0.5428540650635125	0.5752691112477929	0.6679524537693664
2581	0.7231841415735129	0.4724327379663327	-0.1765513107501335
2582	0.645681526747574	0.5068183901662728	0.10582749940908186
2583	0.647568691306414	0.4795809639070123	-0.11784928223715219
2584	0.658764692058712	0.6304072212783057	1.120752761709177
2585	0.6003596825869219	0.4663070480175662	-0.2268561596760462
2586	0.3710334037326578	0.30855568165541897	-1.5223279708639457
2587	0.3818804485032011	0.2974107675645052	-1.6138512481314446
2588	0.3388988297305856	0.26567134064871784	-1.8744989611805234
