ID	SN	ssim	z_ssim
494	0.39924369927284464	0.23902046285010242	-1.5857709444967785
495	0.45776268580466756	0.2568411063694784	-1.418687527869991
496	0.47539605958181136	0.181012083906407	-2.1296479451424557
497	0.39173716851293117	0.18205023164893872	-2.119914443005061
498	0.4061117696439454	0.19166472095239567	-2.029770575854772
499	0.5411371615124775	0.20297176932041508	-1.9237575538649143
500	0.5925129743609456	0.3105421334172737	-0.9151955487078737
501	0.7610743305757136	0.4230063677709287	0.1392505774207076
502	0.6855284723853677	0.30576383863335765	-0.9599960530936215
503	0.5501866774056887	0.24484640217297315	-1.5311478975755368
504	0.570823305423536	0.52865841812071	1.1298267890414304
505	0.6400134903077054	0.5157027686115467	1.0083567544572942
506	0.8139571462450779	0.3814473456584655	-0.2503999645851804
507	0.6127249204174788	0.3873246016518948	-0.195295781018255
508	0.45554492785786865	0.4472035121121086	0.3661190148449836
509	0.5021829046164623	0.38173575405401755	-0.24769589500092026
510	0.5409397314965766	0.38438380040955883	-0.22286824879449174
511	0.4745661405944026	0.4162075121813422	0.07550562792855706
512	0.35134596925088984	0.35520322652702013	-0.49646050028214705
513	0.3701878986408617	0.4067077031926405	-0.013563015490989495
514	0.4224269560864662	0.4698076878193948	0.5780520408941943
515	0.5031791591839823	0.44666286117818543	0.3610499607929157
516	0.5363890039758197	0.5064243198814592	0.9213635483402466
517	0.7691948529530744	0.5193137219461565	1.0422124578032768
518	0.8195086240444621	0.35163534618266384	-0.5299123583703494
519	0.9175615079119634	0.35458610006377966	-0.502246576293202
520	0.854416193398529	0.3074978250058177	-0.9437384826428179
521	0.6543252510518474	0.2617708472299578	-1.3724670900301332
522	0.7186924416993699	0.37996525276990034	-0.26429582324541817
523	0.6748629986037278	0.3552075686096354	-0.49641978963116246
524	0.6859397039591432	0.35615982013982583	-0.4874916362241708
525	0.6593453485714843	0.26092247825804826	-1.3804212576915134
526	0.5780083052805538	0.27240051336093535	-1.2728050922557699
527	0.5195833169918425	0.35464937947354136	-0.5016532789763226
528	0.5992517816593073	0.42363107960676594	0.14510777263508853
529	0.5901454996694848	0.5882474707615769	1.688523925761787
530	0.5514860690535444	0.5811026088371234	1.621534877899045
531	0.5949574512527827	0.5359633660523415	1.1983167769237826
532	0.660966468270467	0.4067390787976559	-0.013268842989361807
533	0.6567724359543421	0.37177282410964785	-0.3411066841740887
534	0.5759641428519102	0.34650089651923094	-0.578052112208749
535	0.5803080921551711	0.36398267409650953	-0.41414584680674893
536	0.5922692935519936	0.38259797040088206	-0.23961189663414106
537	0.5436427248635531	0.13344788034952618	-2.575602078660409
538	0.5529981067353901	0.14649333164116102	-2.453290077364004
539	0.5306786526003315	0.10330478516038281	-2.8582187712861593
540	0.47321431594240176	0.2636261952305976	-1.3550716529550624
541	0.4007861736056643	0.29771716383402885	-1.0354403498438887
542	0.36535133294956657	0.3007927470543198	-1.0066041884556929
543	0.3780741605542821	0.24997865418992837	-1.4830287485083191
544	0.3918130820053381	0.1705819638980799	-2.22743903135794
545	0.39979887048907725	0.25095191625229674	-1.4739036038143618
546	0.4726618571813038	0.4154210168883361	0.06813157768320711
547	0.4748079718022135	0.47441393643569274	0.6212394687671929
548	0.42542152278443035	0.5619999940714994	1.4424319101484424
549	0.6523747120443398	0.6157206186067283	1.946107632122886
550	0.8239014024421736	0.5379467456238883	1.2169126169068618
551	0.7004974462478814	0.5084947014101263	0.9407751043345391
552	0.6748306948122843	0.48120890630417923	0.6849479863787136
553	0.494418658918301	0.47986148746367663	0.6723148093975513
554	0.4787159986814766	0.41969801338982426	0.10823199199161715
555	0.5851549215517987	0.3955987254350188	-0.11771896008167165
556	0.6692257236845371	0.3111257270039421	-0.909723871421023
557	0.7718235971416622	0.43432732885345565	0.24539404272884105
558	0.9313377059865462	0.47981643316646244	0.6718923877322461
559	0.9274084534760915	0.449455455940517	0.3872328690384631
560	0.9354637673268508	0.4279950430656929	0.18602357480346643
561	0.7521669496560283	0.3708514570404496	-0.34974526996486976
562	0.5854259683683743	0.3492415766284025	-0.5523559471952031
563	0.592584325276815	0.16930408588219814	-2.239420205028444
564	0.7409207270780955	0.15657880077572278	-2.3587303809392144
565	0.9185285408410329	0.3585919153432516	-0.4646887124291818
566	0.868870934665891	0.6493723465325816	2.261620687032113
567	0.7238283336824831	0.6324307695752973	2.1027792536130003
568	0.5282700259998864	0.5330172701416536	1.1706946672096892
569	0.7053255097900449	0.5364745310457071	1.2031093756567444
570	0.856946394766084	0.48456187965605524	0.7163849119241291
571	0.850132451597818	0.40260709086839175	-0.05200968082338619
572	0.9802073025491093	0.49314425885125784	0.7968518848009495
573	0.9634165405798367	0.5937364954110544	1.739988116232024
574	0.9192437983988774	0.38931071771154524	-0.17667428417371528
575	0.9437521348329241	0.5057370694318143	0.9149200013897609
576	0.9104023841082347	0.6075727320676074	1.8697143907809817
577	0.7404695726665961	0.6310147068151971	2.089502482554859
578	0.6354298392544181	0.5974380159766471	1.7746929630093644
579	0.5241507490738831	0.6222185731580663	2.00703138307176
580	0.5771784391906238	0.6410197553322008	2.183308168523504
581	0.4272675743461452	0.577505090110963	1.5878051352277334
582	0.5263720752460399	0.5418710236040076	1.2537060004902714
583	0.5991105904296213	0.6026770667932961	1.823813440021057
584	0.6609524655546883	0.510206535712902	0.956824980630853
585	0.5704603423844855	0.5657263368570888	1.4773694859695357
586	0.69061317570498	0.6170020461591592	1.9581220856630774
587	0.7169962574330095	0.6049145916607692	1.8447921044131885
588	0.7089452619033259	0.5285969527712147	1.129250500054634
589	0.6651415479410437	0.4102042218060047	0.019219766768520326
590	0.6982941035633103	0.3036115567383349	-0.9801754934249082
591	0.7017288765438391	0.43199961781739693	0.22356980768358556
592	1.1821800100237572	0.48435351444434843	0.714431314039727
593	1.2447674424879112	0.46899136910233236	0.570398371140075
594	1.1808776574565865	0.5497151306755633	1.3272510556100185
595	0.7769928085969441	0.502454323157351	0.8841415133480788
596	0.5979570565725831	0.37128886087405044	-0.3456442437093238
597	0.6145598944721326	0.30888287619656635	-0.9307524709479165
598	0.6370776883258737	0.3074290750842146	-0.9443830705771302
599	0.8130879500493989	0.35168232797772614	-0.5294718648028902
600	0.907198413137819	0.41593056037703086	0.07290897345561484
601	0.7387603939526758	0.3995277719727226	-0.08088086728825318
602	0.6754068049075095	0.4484854439488627	0.37813819647187824
603	1.073751965163063	0.5552255462057272	1.3789158034521507
604	0.9666844346216361	0.5909100396248628	1.7134877326073819
605	0.8271762227970021	0.6075011650050846	1.8690433897976972
606	0.7431914576676008	0.6274071464585189	2.0556785912107687
607	0.6907136819978663	0.5608960897238565	1.432081884918838
608	0.7771009063591311	0.5856503472788733	1.6641737240185128
609	0.776999133401572	0.5542482921345553	1.3697532303415723
610	0.9030318196817133	0.20141954268385562	-1.9383109749876406
611	0.7905555964916888	0.26559696930672083	-1.3365940000195695
612	0.8343529247403184	0.4206929199400948	0.11756007183692843
613	0.9171929949525428	0.49247482305527657	0.7905753651071903
614	0.7279024431080036	0.4459985915622199	0.35482187835154855
615	0.5732090139585736	0.4444482914823279	0.34028652030662176
616	0.568091846939341	0.4483052646387153	0.3764488649551934
617	0.5476527224807778	0.44519313305981384	0.3472700321801815
618	0.547094532895633	0.3771826789443691	-0.29038477683907127
619	0.8540668142118308	0.303912158947556	-0.9773570966533429
620	0.8280781725182909	0.3414848979637987	-0.6250812879803989
621	0.7335146256825362	0.40554287054515203	-0.024484294418385535
622	0.7476712401003897	0.521974562628944	1.0671600615133394
623	0.695463634369828	0.542540287746299	1.2599809107873243
624	0.5888086233711867	0.42430226554420714	0.15140070136673603
625	0.5704022629372608	0.3954864211661688	-0.11877190639760185
626	0.5283873433700159	0.4071302699545132	-0.009601099174676843
627	0.5702774168071998	0.4283867440542306	0.189696098715962
628	0.5883208903644598	0.48195062233220654	0.6919021936156693
629	0.6286101343191014	0.4393608739143888	0.29258773164423757
630	0.7227769292268433	0.3432529295798985	-0.6085045149362076
631	0.7352168066863152	0.39594321813371464	-0.11448905331435975
632	0.5211267182929373	0.4703633435496909	0.5832617774441219
633	0.48950351488450244	0.49840893130319774	0.8462125860424413
634	0.6143238246402354	0.5412852935123189	1.248214291684466
635	0.5801511062922228	0.4196413489919736	0.10770071593619876
636	0.43470277987975264	0.40802445886656064	-0.0012173313061239937
637	0.4177169908734345	0.3904440097430217	-0.16604872486385558
638	0.5162774950466035	0.4255084065062745	0.16270928024362205
639	0.5145298326766587	0.42916644116073066	0.19700641028503665
640	0.5983721727839505	0.38400320712336583	-0.22643662872045806
641	0.6894686812191765	0.41976425533388106	0.10885306554179376
642	0.8809292118301175	0.4196850562637839	0.10811050811331967
643	0.787450353347505	0.43279189785536465	0.2309980947443147
644	0.8397724681381762	0.46176644777423975	0.5026586995033612
645	0.8118431715255503	0.35291797333099445	-0.517886657616707
646	0.7872897956030898	0.2300566967886175	-1.6698137377756928
647	0.8808254343469676	0.24299998957159005	-1.5484595578198155
648	0.7388573212717519	0.5753291745576185	1.5674041096110727
649	0.815582707260162	0.5768064512578938	1.5812548124836583
650	0.9361573643294876	0.42805060516423465	0.18654451588223356
651	1.1883053595023145	0.43248966438051617	0.22816440349507533
652	1.0986964856305235	0.34601483231331814	-0.5826093700954013
653	1.0895195165230458	0.32108240719249376	-0.8163716789283854
654	0.7688859123504276	0.3053013136916082	-0.9643326107189722
655	0.7271126193112685	0.6139623464922824	1.9296223625577433
656	0.8063476895463098	0.5103969622770343	0.9586103887120563
657	0.8396862595632518	0.3737952761243989	-0.32214450740303535
658	0.8672706440870536	0.46121265377886334	0.4974664182732089
659	0.7424933543036822	0.4267656017720566	0.17449653585790484
660	0.7953085918875036	0.4433248486202944	0.32975330518622287
661	0.746192267990264	0.5298450324002428	1.140952288961055
662	0.7283115788149186	0.6163359525445605	1.9518769017111381
663	0.5311718708004507	0.6509489132565403	2.276402316802818
664	0.4181222030413147	0.5204713470218325	1.0530661597252349
665	nan	nan	nan
666	nan	nan	nan
667	nan	nan	nan
668	nan	nan	nan
669	nan	nan	nan
670	nan	nan	nan
671	nan	nan	nan
672	nan	nan	nan
673	nan	nan	nan
674	nan	nan	nan
675	nan	nan	nan
676	nan	nan	nan
677	nan	nan	nan
678	nan	nan	nan
679	nan	nan	nan
680	nan	nan	nan
681	nan	nan	nan
682	nan	nan	nan
683	nan	nan	nan
684	nan	nan	nan
685	nan	nan	nan
686	nan	nan	nan
687	nan	nan	nan
688	nan	nan	nan
689	0.5207365755752913	0.3333165697109949	-0.7016661874608062
690	0.5879992920329586	0.34738040636047113	-0.569805972888835
691	0.5580079114735366	0.4192020497911237	0.10358191902970028
692	0.5220348790313373	0.475001334491899	0.6267468161334184
693	0.6624979797365387	0.5242566717128613	1.0885567401709502
694	0.7686015388944639	0.5253511139380767	1.0988180501001221
695	0.7410702321567335	0.5141544742753079	0.9938402019342939
696	0.9297324181966247	0.4596444990555541	0.4827636580342164
697	1.0158255966650926	0.4365203079309681	0.2659550531358697
698	0.9455294951084865	0.3768103066024108	-0.29387607854678205
699	0.8901739670352149	0.3558153106216626	-0.49072170068803683
700	0.7832103714986757	0.3221088222293921	-0.8067481807053489
701	0.8537367491133473	0.33179905903684836	-0.7158941174414682
702	0.900310318717547	0.33244908166143755	-0.7097996124432068
703	0.7486907905664213	0.25659318675879533	-1.4210119812802546
704	0.7886864674035069	0.38976650390087975	-0.172400907980397
705	0.7984089233602928	0.3422000016505786	-0.6183765936690128
706	0.9027739958908302	0.34620461821590426	-0.5808299687512686
707	0.8986651471500694	0.4229821981046735	0.139023966613289
708	0.7447668293105794	0.2670716229494914	-1.3227678905018436
709	0.7535464045556731	0.24384211512243167	-1.5405639274453933
710	nan	nan	nan
711	nan	nan	nan
712	nan	nan	nan
713	nan	nan	nan
714	nan	nan	nan
715	nan	nan	nan
716	0.4763031878814156	0.47112639288630437	0.5904160022664501
717	0.4446619093721419	0.45937346490228015	0.48022248648211596
718	0.4342832502608221	0.46621254769793796	0.5443445996285666
719	0.7006295547325462	0.4786351232891193	0.6608166210133359
720	0.7153398105463774	0.3637360432924106	-0.4164582165788874
721	0.8085170325498642	0.24230149050164065	-1.5550085699803968
722	0.9057490747011268	0.15922667844749255	-2.3339043162840265
723	0.9141930784282428	0.289562125079154	-1.1119006491819488
724	1.027003000251983	0.38297192567492994	-0.23610575361604014
725	0.9677769819993776	0.31605223913668123	-0.863533705600333
726	0.8747165545598483	0.32258957087118734	-0.8022407606718073
727	1.0871921773622486	0.42346893838929395	0.1435875633024799
728	1.0191193730692059	0.5387623764518863	1.2245598371264832
729	0.8445674503215518	0.4651524701999933	0.534405487718652
730	0.6576473203040569	0.4740224288343702	0.6175687580213544
731	0.612525985676606	0.392016707573902	-0.15130336919702367
732	0.4852746587705327	0.32417129684331564	-0.7874107586405574
733	0.4362212359079461	0.34812678069960956	-0.5628080900946353
734	0.44355531420281785	0.4545482561065227	0.43498212405321707
735	0.6516834170459246	0.45422283936805574	0.43193107034511213
736	0.6938498893652908	0.32546155698267754	-0.775313492220995
737	0.7218991616148677	0.30453683723343905	-0.9715002159978032
738	0.7786388293326073	0.31599553122801527	-0.8640653896059846
739	0.929682174365943	0.26968022430839733	-1.298310074082959
740	0.8671478186780672	0.2692364470188655	-1.3024708568109076
741	0.9779117542731922	0.2977317891648816	-1.0353032251522065
742	0.8726813674540169	0.33264774641432887	-0.7079369644619311
743	0.7169555577578188	0.35174929504991465	-0.5288439925708588
744	0.6000537698553386	0.3830875398133942	-0.23502177450810435
745	0.5728917977731118	0.4170894193575892	0.08377424426639103
746	0.6408943386228477	0.36879814316344095	-0.36899680247012306
747	0.6161766833334914	0.2861862688674088	-1.1435521206501862
748	0.7134829366801194	0.3215859682013134	-0.8116503739013172
749	0.6294368900547396	0.2701235763893561	-1.294153278040513
750	0.4637932135983982	0.3222601681735128	-0.8053291860765186
751	nan	nan	nan
752	nan	nan	nan
753	nan	nan	nan
754	nan	nan	nan
755	nan	nan	nan
756	nan	nan	nan
757	0.664265390571343	0.24983127733968769	-1.4844105295670746
758	0.707856316547427	0.3401408480497664	-0.6376828784622066
759	0.746158633077858	0.3646142715374139	-0.4082240932940716
760	0.6198230636784089	0.33988146282516773	-0.6401148315789014
761	0.5274397291563556	0.3184268794090238	-0.8412694697700629
762	0.4643581394208558	0.45744333326634323	0.4621258903675508
763	0.45476317919081466	0.5059968865349033	0.9173560037280032
764	0.5944085742052273	0.4310847042783911	0.2149917291282856
765	0.6347831363070661	0.3448530184403114	-0.5935023454907793
766	0.6302887179478448	0.6340077123546026	2.1175644092166572
767	0.6663164290172853	0.6631239302780638	2.3905532698384735
768	0.682302145799516	0.5322940660266392	1.1639140246182043
769	0.7744044384663331	0.5472297740561878	1.30394876155707
770	0.810219024234319	0.4556109551713121	0.4449458153418087
771	0.799942725933543	0.4075668049252422	-0.005508219234220185
772	nan	nan	nan
773	nan	nan	nan
774	nan	nan	nan
775	nan	nan	nan
776	0.807431618594485	0.23351699588732477	-1.6373705437162873
777	0.82444849983568	0.3154613419333959	-0.869073860392879
778	0.8782570451142471	0.34139697128701274	-0.6259056740107948
779	0.751090999367099	0.41977362549049385	0.10894091858590467
780	0.4555353388897455	0.343804775783272	-0.60333049588286
781	0.5316882371527248	0.29194062214274896	-1.0896002527125321
782	0.44966177665501844	0.35885434565295316	-0.4622282090964211
783	0.5104332421802247	0.32907580472397546	-0.7414269010608542
784	0.631080791737301	0.4431386331114038	0.3280073792649442
785	0.7401635127512745	0.38465591311555736	-0.22031696490980146
786	0.7152354872565898	0.405067209458751	-0.02894401437102807
787	0.7718132774213623	0.4046693928317434	-0.032673877501902426
788	0.685388463528658	0.34722390815321585	-0.5712732742876733
789	0.6971406360098222	0.3753673099538186	-0.3074053773044642
790	0.6228861674980166	0.4400353173555246	0.2989112021936578
791	0.7127645786772442	0.49589816023904126	0.8226720103437681
792	0.6248122282221575	0.4909965465954832	0.7767152886541332
793	0.4210434383439308	0.43530674102465067	0.2545768498295609
794	0.42498087617122055	0.38399590465654687	-0.2265050954458369
795	0.5281918527417876	0.5549804612427959	1.3766179272320305
796	0.5422940589638047	0.539802325269747	1.234310225849328
797	0.6041248595276416	0.476949898952041	0.6450162353698261
798	0.6902315192664572	0.46197087233018913	0.504575350448839
799	0.7508136445379795	0.3755135014491367	-0.3060347099381053
800	0.8312530555815758	0.20234266297763207	-1.9296559512521625
801	0.8891440028014539	0.22824234193124615	-1.6868248298955373
802	1.051551781449904	0.2123857077423222	-1.835494018727351
803	0.9139874127315417	0.27173661546114314	-1.2790296895475581
804	0.7400533738069397	0.3316971293348009	-0.7168497935288848
805	0.4813851530905773	0.42180018045777345	0.12794156396366038
806	0.5424184530271322	0.44701756334864307	0.36437558988484836
807	0.49949133982804556	0.46189394321814364	0.503854075772947
808	0.4487413876863871	0.3841881633071663	-0.22470251002367603
809	0.5251750095193234	0.4324254636344523	0.22756246788087145
810	0.48459504551689386	0.3584754401449527	-0.46578076469221597
811	0.5714383570527545	0.3590973392090656	-0.4599499415619508
812	0.5606519064995805	0.3829262739077063	-0.23653377706168538
813	0.5587867309934343	0.4534086020838564	0.4242969157624776
814	0.5756854583234372	0.5652057195736668	1.4724882641228314
815	0.6704706221942446	0.5393294147593238	1.2298762948437325
816	0.5714644296081228	0.4868182053600038	0.7375398498604989
817	0.7204420222890426	0.5447588907821856	1.2807821672049984
818	0.6421830438208532	0.508320015133481	0.9391372745946662
819	0.6186654240361659	0.5909935873503436	1.7142710623120332
820	0.6766604259156449	0.6136552714948221	1.9267432779904243
821	0.819820609445335	0.4169468800330057	0.082437819050927
822	0.8365714720853057	0.3380812204778716	-0.656993607130156
823	0.6578627601663553	0.3297832596451502	-0.7347939203151931
824	0.7081065845280944	0.29556546909744047	-1.0556142850744639
825	0.7461690435989295	0.36291865783296096	-0.4241218879338198
826	0.6412438765783987	0.4151105466228018	0.06522065964199839
827	0.6214054193351071	0.4054398763531665	-0.02544995098802357
828	0.6093990413853123	0.2188967794452264	-1.7744472835272227
829	0.5728119572952819	0.2338183446523961	-1.63454514736011
830	0.5885519897830034	0.334538081047201	-0.6902134984891781
831	0.5972723939478276	0.3908629645785839	-0.16212067337335037
832	0.5462009391167677	0.38464689153135817	-0.22040154979641047
833	0.4920491383106983	0.416215359791319	0.07557920582633904
834	0.5704711060691894	0.5478921892074603	1.3101594568431087
835	0.5159670719757679	0.451017810293335	0.4018812459596857
836	0.5247533819318212	0.44831349322387565	0.3765260148135082
837	0.48612075102864366	0.42289165268836565	0.1381750277127288
838	0.4804930077415606	0.3444841298344014	-0.5969609842634545
839	0.39479483735363463	0.32039064304939713	-0.822857545524775
840	0.4476675856342951	0.41160925265739906	0.032393104468798645
841	0.6021830352581207	0.2614305829440691	-1.3756573518958477
842	0.6338217137204655	0.35562953994924673	-0.4924634558958413
843	0.6035551597281086	0.45704291310989703	0.4583716169737465
844	0.5375109090572079	0.49781041489567396	0.8406009948466725
845	0.4943774913932041	0.5272456433042523	1.1165808452009969
846	0.5517967791677395	0.4750585325207556	0.6272830954252006
847	0.5926194029715977	0.47699658702929204	0.6454539750874946
848	0.6788833059922422	0.4553770715653737	0.4427529611987643
849	0.6154179027707705	0.35654472805725546	-0.483882803026822
850	0.5086137611662365	0.4528663737740494	0.4192130724940897
851	0.6134920219642196	0.5333523081890402	1.1738359287245421
852	0.6528936582116808	0.40995280615566604	0.0168625350666262
853	0.7442151660445581	0.5054128649455244	0.9118803135582777
854	0.7228630438667915	0.531850122986077	1.1597516878359122
855	0.7556120096781674	0.3072370792547834	-0.9461831918311455
856	0.7782595591496372	0.33593874556599346	-0.6770810988037624
857	0.7875849513608554	0.31138497911196034	-0.9072931663834474
858	0.9117545440026084	0.416418816997239	0.07748678705736958
859	0.7058044112801539	0.52125294711221	1.060394313357515
860	0.5533462326760796	0.49103814403739243	0.7771052994138217
861	0.5320761016635115	0.3728571956935405	-0.33093979491822156
862	0.5695414253059056	0.20312150012644253	-1.9223537025046562
863	0.5958885360323617	0.3147287413822172	-0.8759426024212195
864	0.7365718729116264	0.32700480707100865	-0.7608442337350375
865	0.865164191253069	0.22767122274884552	-1.6921795492238738
866	0.922206204839377	0.2773523360137314	-1.22637761917044
867	0.6500711832546244	0.3070609789882169	-0.9478342789074807
868	0.6160369276004277	0.38637640570883375	-0.20418590990872104
869	0.5568384301510434	0.5158465498886654	1.0097048240150424
870	0.6663930340293791	0.5199566666357894	1.0482406012498986
871	0.5354632059393465	0.5247923515647693	1.0935791861773254
872	0.5828420147967516	0.39600228359214434	-0.11393526531066993
873	0.6327596719541136	0.286613934209618	-1.1395424008849326
874	0.7221066916007604	0.3842574815081981	-0.22405259399509822
875	0.8043545657750881	0.4984018361945925	0.8461460634734996
876	0.6060236472914883	0.37650387512177486	-0.2967491296064138
877	0.5000421360900947	0.3628197208906867	-0.42504950439883776
878	0.5896082913750427	0.34634561137923814	-0.5795080400888593
879	0.6128366709268479	0.3204677942538976	-0.8221341885466279
880	0.6079704126519964	0.29350002298952566	-1.074979567377187
881	0.5930877249416352	0.3588824497584755	-0.46196470963486647
882	0.5165484599699056	0.3466317626331952	-0.5768251330921956
883	0.5869140603636753	0.48403478041894354	0.7114429163479179
884	0.6466587458988429	0.48945504186348304	0.7622623943414835
885	0.702196457520914	0.39986793680770005	-0.07769153785789205
886	0.7237895811236905	0.40390225409291874	-0.03986644388539062
887	0.8492025242939011	0.5306680734286345	1.1486689859982968
888	0.6833667174844115	0.503253153978808	0.8916312194751727
889	0.5765549979970994	0.46658668403603765	0.5478524402733762
890	0.586573331828904	0.4943148807269952	0.8078274425782875
891	0.5912891234467029	0.42411959413710126	0.14968800435968985
892	0.5686040746944668	0.4720450166550409	0.5990288673242238
893	0.5464505297553959	0.4970435601253541	0.8334110909050848
894	0.6136409029153304	0.364402678960522	-0.4102079504225489
895	0.5005552403704949	0.33108854914016084	-0.7225557411340482
896	0.5089326084793185	0.3787514947016376	-0.275675818854621
897	0.4924193752175319	0.4010832636686832	-0.06629683350669467
898	0.4474534025754714	0.34225663292419445	-0.6178456281809612
899	0.7035903200167398	0.3903408593233606	-0.16701584619843146
900	0.6115199755005706	0.3806664085007136	-0.25772190267042017
901	0.5652149876698156	0.5979831593931603	1.7798041378377918
902	0.4895407117603763	0.5674905480335889	1.4939104392016844
903	0.5960870265997661	0.39438073156321657	-0.1291386698867601
904	0.8002618292004285	0.31590097373920406	-0.8649519450371085
905	0.7485578288208591	0.44137448131916185	0.3114669828098125
906	0.543905346300561	0.36166359126728037	-0.43588918520678066
907	0.6149262381253102	0.4471860749462411	0.3659555268516196
908	0.6835997690907155	0.522546407574271	1.07252158547526
909	0.7541768915415318	0.48140454463416077	0.6867822591175703
910	0.7001472538244241	0.45465360073395367	0.435969817918217
911	0.5952102375249269	0.3160193213639519	-0.8638423372122827
912	0.654974670297547	0.35683757280352346	-0.48113713894940174
913	0.6316901523156475	0.35841884144712116	-0.46631142475508286
914	0.647423896461162	0.31866173551980287	-0.8390674975819105
915	0.659972744690647	0.33236064721258224	-0.7106287592608391
916	0.7045712773389541	0.5744547280829827	1.5592054435819511
917	0.6132216844365977	0.6371491413904238	2.1470179301192496
918	0.6076420487034008	0.4901857516226158	0.7691134086152213
919	0.5220246611682735	0.4243038096690784	0.15141517882704242
920	0.5067265347463475	0.46357395314427974	0.5196055719588472
921	0.4861524838009994	0.3550745504442996	-0.4976669460266974
922	0.4692824548456228	0.43600664254435895	0.2611390111279446
923	0.5466145356989263	0.4823398859447015	0.695551865092091
924	0.6371528188247296	0.5585352927444063	1.4099474415212203
925	0.6390852024157806	0.4721906143878745	0.6003939676713861
926	0.4851935699967742	0.47018216773279387	0.5815631028443864
927	0.5241561856360142	0.5301519181343246	1.1438295990261296
928	0.5159255201183472	0.4967030706678433	0.8302187178673518
929	0.4294124405387015	0.42820903110917746	0.1880298914319207
930	0.4717744852893576	0.41919237113818586	0.1034911735748889
931	0.49088038405173456	0.38188068999531677	-0.24633699950211502
932	0.43400040592022604	0.41622248195637274	0.07564598207208242
933	0.45982798968188504	0.471188394594881	0.5909973200675955
934	0.5229284395518963	0.2805454009825803	-1.19643996826987
935	0.7683748351409405	0.28978649622384844	-1.1097969823077842
936	0.8515222884764577	0.4992806191763891	0.8543853878790638
937	0.7720018562265796	0.5553536636688966	1.3801170116718555
938	0.5913790803422433	0.470730276470366	0.5867020800343503
939	0.532550635888142	0.3886701472087593	-0.18268016763574865
940	0.5090074060653247	0.3502948171793745	-0.5424809373733107
941	0.5750018228345233	0.3721888095443282	-0.3372064732968663
942	0.5811613996861432	0.23434468806986097	-1.629610238224341
943	0.5316331471917951	0.23868904198475935	-1.5888782919089366
944	0.44550614045727527	0.48744543560456427	0.7434206572600113
945	0.4852417740546794	0.5327977255039837	1.1686362528699332
946	0.5446031072925172	0.43672230643301163	0.2678489577997632
947	0.6841175293908008	0.3809229689549407	-0.2553164341351802
948	0.5804949641757743	0.3455748946959608	-0.5867341526898564
949	0.5784732966318479	0.33226268143804466	-0.7115472702172158
950	0.4896765739856451	0.2587865464316996	-1.4004474024735576
951	0.46623690393412554	0.2579297160682848	-1.4084809027471739
952	0.3685112096539755	0.3219950947223876	-0.8078144710676525
953	0.38928105381974226	0.35046493559011693	-0.5408859351913153
954	0.4655533492174289	0.4398265259352807	0.2969536082482553
955	0.48784317086497153	0.5538613499092335	1.3661253238087
956	0.41254851337591547	0.4802109617181587	0.6755914224109071
957	0.3434435551675757	0.36733202814488863	-0.3827428552544248
958	0.3612604269241072	0.30935363974877844	-0.9263386694686692
959	0.4095840342421703	0.3136724606364258	-0.8858461166086857
960	0.41879864452413673	0.32970864656550253	-0.7354934802530273
961	0.4317534374632493	0.2683599439575011	-1.3106888050582517
962	0.4038218014602513	0.3211214814513473	-0.8160053251171828
963	0.45389873599091496	0.31308799582379354	-0.8913259623665873
964	0.4352781342432872	0.32057415728802124	-0.8211369462683203
965	0.47256118658118584	0.476660461631525	0.6423025187546806
966	0.5072920853774158	0.47605311064595773	0.6366080960111984
967	0.5667229448180849	0.3153920447754599	-0.869723579124859
968	0.4966405964330286	0.34360842357440696	-0.6051714618324744
969	0.415238359352276	0.22164085348218796	-1.7487192976060693
970	0.3293277945438387	0.2599750056831698	-1.3893046044011175
971	0.3500106177709788	0.3179722924902232	-0.8455316018005067
972	nan	nan	nan
973	nan	nan	nan
974	nan	nan	nan
