ID	SN	ssim	z_ssim
245	0.45405780750070796	0.22220062109226985	-0.1934202571242114
246	0.6002251128958467	0.23805976656787992	-0.01826030850101362
247	0.6661845318558295	0.22525120327538745	-0.1597274065675728
248	0.6505294729287547	0.3458626884311343	1.1723936447046124
249	0.7427892534176733	0.31919806461300626	0.8778901265154938
250	0.8387588573686853	0.14060373869707993	-1.09463563156763
251	0.7737074118930292	0.10923084490921497	-1.4411407110811953
252	0.558948046755917	0.17996554377412427	-0.6598951995806291
253	0.5117211261593029	0.22687089525961013	-0.14183834910365312
254	0.49485183009565104	0.32151822856486467	0.9035157063571013
255	0.5736260716299494	0.31674382114364297	0.8507836748681703
256	0.6553314154137908	0.30947222463828683	0.7704708690965335
257	0.7125237920288408	0.22062914188833016	-0.21077681754216232
258	0.7394657435929681	0.23716345593827765	-0.028159815638583423
259	0.7126974847002912	0.2523399819411949	0.13946078655829186
260	0.7530427017363631	0.10158405943297945	-1.525597376997396
261	0.6993815120615959	0.1718749660074753	-0.7492534306478492
262	0.7005470862387068	0.29660175144857137	0.628319993052559
263	0.7175959865323523	0.27838252642389893	0.4270936076723379
264	0.6753179764931051	0.24943280125890405	0.10735176657789292
265	0.70701733413528	0.22881137643765212	-0.1204062622378857
266	0.7108871431482672	0.20512979973071055	-0.38196283637257344
267	0.6027319727363201	0.16320678801580457	-0.8449910991125726
268	0.4706915192571968	0.1866745859938292	-0.5857956528981385
269	0.5142317917264878	0.1674255539761221	-0.798395976443513
270	0.5190539571836541	0.1815111999385885	-0.6428238476106852
271	0.7235111546976111	0.22687718056453596	-0.14176892962013918
272	0.7475158359956275	0.2984647135208907	0.6488959024782129
273	0.7195158680306787	0.3149764456823514	0.8312634935649703
274	0.6821287093386178	0.3068399897414494	0.7413985505404481
275	0.6076541244001075	0.33446620195456656	1.0465225510324745
276	0.7052666772887278	0.43356396293560295	2.141030369805386
277	0.7228229341183245	0.4679209637526043	2.5204940998788765
278	0.8301215374560832	0.3509325401684042	1.2283887783133645
279	0.9690483218885844	0.4112433270690302	1.894505017122373
280	0.9336371655006416	0.2270840316476401	-0.13948431566380112
281	0.9150075217656337	0.20963446403026564	-0.3322100443013808
282	0.6995962412606426	0.2691732509682282	0.32537966487807074
283	0.6978678949647533	0.4530816446514483	2.3565978562030026
284	0.7140579606415524	0.4100579684068657	1.8814130530765099
285	0.7100789634130424	0.4134858434808414	1.9192730010016816
286	0.7276962295364717	0.2718250382513331	0.3546679342228876
287	0.6284476972853662	0.20529651263611753	-0.38012153767266427
288	0.5193941275735005	0.18450413699116963	-0.6097676718432825
289	0.5552833908793883	0.16091674337411369	-0.8702840193648207
290	0.5845889042019793	0.21524583271651315	-0.2702340032655932
291	0.7237345646869651	0.3096839026829764	0.7728087955308113
292	0.79252610351486	0.3261160240895777	0.9542971074815979
293	0.9725389862884499	0.15946137176212932	-0.8863582030069904
294	1.134058543564182	0.13233924047371562	-1.185914766778748
295	1.1072647577793253	0.09762637809566725	-1.5693088910116109
296	0.84618015237868	0.3000431839738963	0.6663296793407117
297	0.7791300680645888	0.21991664482721157	-0.21864615380694682
298	0.7277613642830633	0.2781678101457359	0.42472212477564303
299	0.8179016488951217	0.3478630047444824	1.1944865943666882
300	0.9159932398875702	0.31755972708571345	0.8597951340993261
301	0.9830903908704078	0.2701839729466769	0.3365428142476052
302	0.9145887411764442	0.23363786984957513	-0.06709895514729883
303	0.7311677971114159	0.3143328533017214	0.8241551907564235
304	0.6671788906127233	0.32053739603496223	0.8926826778178343
305	0.5727646223440295	0.240646910637836	0.010313994135357515
306	0.5026987727193748	0.19361776686222532	-0.5091101085187021
307	0.5548730445796416	0.16403890562972756	-0.8358005863748363
308	0.6191009617930054	0.24722468560433683	0.08296372970649306
309	0.6614368944346032	0.23735543841172893	-0.02603942143209873
310	0.7746550151292263	0.2440989231303043	0.04844053328321304
311	0.7295433367277391	0.21591677567696446	-0.26282362074135907
312	0.5701262541863364	0.14778104702039913	-1.0153642131233724
313	0.5980898329991708	0.18066881694312592	-0.6521277386956874
314	0.6308472655922109	0.17737434295445584	-0.6885143079142735
315	0.6721310142439998	0.22365590195209867	-0.17734707581491807
316	0.6470041867055248	0.19712976654607914	-0.47032102715649465
317	0.736313247794587	0.18747249244521366	-0.5769829931463528
318	0.7785093991910924	0.26354821031318254	0.263252620665224
319	0.8252221359710487	0.3358414960102241	1.0617122998434203
320	0.811684742955876	0.2787015558514909	0.43061720093480216
321	0.8558045450128544	0.3033963396837316	0.7033643722101104
322	1.1240530121197605	0.24008743808336303	0.004134771928947596
323	1.1480808756518914	0.11373544470044653	-1.3913886314868922
324	1.1675498371984951	0.2786487118957991	0.43003355381596703
325	0.9666768754651397	0.36785480362208106	1.4152905758719263
326	0.9210731720669577	0.3318508566825599	1.0176367737892347
327	0.8666863963604114	0.4664348311139436	2.5040801690630334
328	0.7461249521371383	0.2968261145191679	0.6307980221480781
329	0.49407006191504194	0.027759522895009145	-2.3409693052648515
330	0.38130358222648764	0.022156007227239913	-2.4028586118473036
331	0.23715464980295073	0.06418681530648762	-1.9386397675801403
332	nan	nan	nan
333	nan	nan	nan
334	nan	nan	nan
335	nan	nan	nan
336	nan	nan	nan
337	0.15845091734792296	0.10841390095565219	-1.450163634866979
338	0.35022790084414246	0.216351251715208	-0.2580249510618491
339	0.4141541596765718	0.0803415547669334	-1.7602150637860678
340	0.4205491197033421	0.08071710736924712	-1.7560671874312075
341	0.5218245284581147	0.04739542162089211	-2.1240961441424253
342	0.492231531435356	0.01706005832329738	-2.4591419815644024
343	0.6371938884037137	0.2003144679235248	-0.43514686657441876
344	0.6665016011587568	0.23626713647166442	-0.03805942037853587
345	0.8793272361030543	0.2525905989443556	0.1422287831987943
346	0.9030792116718572	0.24800708431707652	0.09160511070253115
347	0.8979035840843952	0.2180354746306921	-0.23942316701239308
348	0.6929972460917578	0.2231789635087496	-0.1826147312104706
349	0.6480335929170934	0.32098911277352915	0.8976717663435246
350	0.5331319360854858	0.33898380169794595	1.0964182115627001
351	0.5095110667955371	0.3246183808504205	0.9377560452137672
352	0.3611622705503001	0.407970911441018	1.8583620764981195
353	0.3378501936360276	0.4454512611864674	2.272322346040313
354	0.31474304781600126	0.3911452908357237	1.672527672916334
355	0.42081340151232455	0.1097990216277249	-1.4348653537502376
356	0.6075356184634844	0.2205415369782637	-0.21174438994825315
357	0.7087785613246708	0.2572980693610461	0.1942215136772953
358	0.7000041628272965	0.2754421770168532	0.3946182481478002
359	0.7441907895168458	0.20824929445476734	-0.34750886554315813
360	0.8801981523469701	0.29306693088956604	0.5892788613308148
361	0.848504449780934	0.2777823061387775	0.4204643378629301
362	0.6844195433581455	0.19560131769790579	-0.48720232899781796
363	0.5123593155898348	0.23178594046655004	-0.08755301152021863
364	0.5439514119981221	0.23280569739034698	-0.07629007363651462
365	0.6340720755406951	0.3350692491962137	1.053183043807872
366	0.7987461418795787	0.2523489939251887	0.13956032147054678
367	0.7892739079370102	0.06793008832535254	-1.8972963351313148
368	0.8288920531734962	0.06551204520556028	-1.9240029637629055
369	0.7606969965819687	0.31673765350454364	0.8507155549717089
370	0.7971190148439413	0.26629135391853254	0.29354989574338675
371	0.7027413579985193	0.22112821753604173	-0.20526466274500202
372	0.525608820462457	0.25717857191403815	0.19290169687438452
373	0.40692941038680663	0.5116839636249898	3.003844531403257
374	0.30411889474922804	0.5085151346122315	2.9688456767724034
375	0.3235867356377662	0.45268167877143667	2.35218034183556
376	0.41585560258279286	0.19447600339710241	-0.49963111940249677
377	0.5192246340611624	0.20109197421273894	-0.42655952106564554
378	0.5812764683432511	0.19942823019380146	-0.4449351212723163
379	0.6024450758107956	0.2970942377870265	0.6337593707210526
380	0.690225727438496	0.26935344351982804	0.327369842604169
381	0.7574286095422863	0.2717422963741307	0.3537540726921991
382	nan	nan	nan
383	nan	nan	nan
384	nan	nan	nan
385	nan	nan	nan
386	0.8595467408950836	0.1526915264456584	-0.9611293033568614
387	0.9329778176888607	0.2080422009015624	-0.34979615751581583
388	0.7977087141404869	0.21552028829093337	-0.2672027160888202
389	0.6305779404962789	0.1996635768496124	-0.4423357814652705
390	0.6197574321146437	0.21831429182416598	-0.23634370693938606
391	0.5789907126402131	0.19776168109342895	-0.463341702840549
392	0.6605717506424332	0.15617132746653842	-0.9226958474702448
393	0.6380351839611839	0.14249437240017174	-1.0737540965058483
394	0.6357257129950694	0.20613262883738415	-0.370886861625199
395	0.6545381115842307	0.26258976230917314	0.2526668231266062
396	0.6489045012832126	0.33620080748716935	1.0656807973856268
397	0.7081349466982926	0.2660803695322509	0.29121963057757283
398	0.6903151506263694	0.14448840094613818	-1.051730593524441
399	0.7432163451983291	0.3267856684439845	0.9616931472552478
400	0.7722359059659112	0.27233550822248065	0.36030593622352525
401	0.7199362074017412	0.17055170019674165	-0.7638685416435457
402	0.6367970970069903	0.18402995582516307	-0.6150048738604739
403	0.6490540728420331	0.29920494871691794	0.6570715988992223
404	0.6258742962173165	0.18420915896620432	-0.6130256239049089
405	0.713482698237684	0.15148367668372498	-0.9744696754828484
406	0.7043130073526911	0.24564452046031665	0.06551123544263707
407	0.7659416364560713	0.2413406937458196	0.017976639877332758
408	0.7831244837150462	0.2357710935151757	-0.04353807992593003
409	0.7281701470541136	0.26294349114726	0.2565736619409123
410	0.6369258607187173	0.21696062005771294	-0.25129464344660457
411	0.5944509604078326	0.3138916277068881	0.8192819740600324
412	0.5664263846241507	0.23658742367303734	-0.034521935346733396
413	0.5760985403479163	0.30160853840170354	0.6836185932720134
414	0.5513944556886187	0.28046306638433577	0.4500726056983716
415	0.6059345089031939	0.1992898151661188	-0.4464638776088327
416	0.5800416500367195	0.1446836711574474	-1.0495738871474696
417	0.541395633072802	0.17802799167896696	-0.6812949355225474
418	0.4980002536812407	0.18554175954424898	-0.5983074129430054
419	0.48106223035144213	0.29291196364440736	0.5875672902539231
420	0.5867827628354655	0.24705719938030868	0.08111388991272979
421	0.540007818777492	0.33245403026508324	1.0242986619652488
422	0.6617678992543738	0.30974349076680374	0.7734669297107267
423	0.6634380058372195	0.1483163422733151	-1.0094520226372454
424	0.6279524352476438	0.08443367673029872	-1.7150186896204318
425	0.7216003164201598	0.0766921764724929	-1.8005214545398374
426	0.7660851470405913	0.10941869902402872	-1.4390659134730877
427	0.8355734578729528	0.10178732768190651	-1.5233523344701334
428	0.7663403380135793	0.0626942670638333	-1.9551245569972648
429	0.7358489327622618	0.08145748811576789	-1.7478898834445817
430	0.7230972066331186	0.11056030239583223	-1.4264572147092922
431	0.6076354315747465	0.21020953460269926	-0.3258585462287326
432	0.6437085471678501	0.19671610421872962	-0.4748898150598105
433	0.6598596829603534	0.14317783637141226	-1.0662054228227418
434	0.656828004795322	0.15391927349186027	-0.9475691711375225
435	0.6323731830348152	0.2868329015134341	0.5204257023180483
436	0.5691329650526323	0.25048888223229343	0.11901589371042401
437	0.4974022896246244	0.25112075289236957	0.12599473330336777
438	0.6047765753119883	0.3146848326698615	0.8280427071509648
439	0.49148484956956734	0.29100122302895237	0.566463679813495
440	0.5813271400615286	0.21327722724068146	-0.2919767153515835
441	0.5907673475772497	0.2696643518993213	0.33080374109903526
442	0.6295522489772953	0.25915153331056767	0.21469251891981825
443	0.6712536033084828	0.26199949524095906	0.24614748389099925
444	0.6020124133587756	0.15133705190384	-0.9760891062996624
445	0.6198467516730268	0.17409147325755533	-0.7247727108862423
446	0.6809908266314479	0.20867674232505254	-0.3427878200673223
447	0.7159313577306594	0.3804931707649639	1.5548779037536837
448	0.8355450282411755	0.3550582832117149	1.2739564881631928
449	0.767955306303254	0.3573711861943968	1.2995018725749854
450	0.8050370066160304	0.26780990986149306	0.3103219331371722
451	0.6505235429633551	0.32760689194602044	0.9707633374900243
452	0.6073625772234581	0.399956062071305	1.7698402449794772
453	0.7129428481284069	0.3414004742808438	1.123109702987032
454	0.764296428712015	0.2218171748621352	-0.19765531645155257
455	0.6513242930303482	0.24002315273683408	0.003424757759990568
456	0.6616720157395838	0.19960505227855652	-0.44298216943586494
457	0.6477892848523433	0.2330449760570668	-0.07364730583835492
458	0.7154774313957165	0.30470571813574987	0.7178261011056909
459	0.6351253481549795	0.18581625648367245	-0.5952756689010212
460	0.6506301817078731	0.2560108793747018	0.18000485035056646
461	0.5588298337401015	0.23167943683460648	-0.08872931516962447
462	0.6122239245995023	0.3297206479400756	0.9941091975737271
463	0.6059869730280434	0.43979202924379557	2.2098176683545168
464	0.617603907874677	0.32982862939328045	0.995301823357046
465	0.6639272345639234	0.2794625425202832	0.4390220917287977
466	0.6325385103749557	0.1734301627230132	-0.7320767058860058
467	0.6235505088385402	0.14721782456519694	-1.0215848519634894
468	0.5997723740895009	0.22642859537045576	-0.1467234310886486
469	0.6278081219603731	0.2141560947853723	-0.28226986234292734
470	0.7905718166799781	0.16853294599367719	-0.7861651327830524
471	0.7274696492574768	0.26947691934224194	0.328733599481454
472	0.5287994154651826	0.30967963716482705	0.7727616840429292
473	0.5167145579317323	0.28035675829914014	0.44889846180961457
474	0.5549397345936082	0.2576901631118358	0.19855208251843628
475	0.5242119594502342	0.20549347208161267	-0.37794617416352444
476	0.4875023268843342	0.21195271848865527	-0.30660555429581793
477	0.472964505288835	0.2079030921835398	-0.3513325754734761
478	0.522676029601142	0.17166067790537604	-0.7516201844563689
479	0.5081791406338222	0.15547944449765705	-0.93033750669261
480	0.557910605556994	0.18703610884702762	-0.5818027313066356
481	0.5280495572021541	0.1390043160263284	-1.1123008199768334
482	0.5106443440298856	0.15949479043687292	-0.8859891028332044
483	0.5024975101688373	0.15114508148927155	-0.9782093673190657
