ID	SN	ssim	z_ssim
494	0.30149572748034825	0.19867957765631847	-1.643727399805379
495	0.32898718285780415	0.21383670117075504	-1.5048091132698975
496	0.3370101688053531	0.13888348339611173	-2.1917714233452137
497	0.2717286124335167	0.14382924208850403	-2.146442484611508
498	0.2830578116955203	0.1359978517288625	-2.2182188562242144
499	0.32278044206049505	0.15404460526220592	-2.0528164910595863
500	0.3229571121142256	0.2525369180716959	-1.1501133284589076
501	0.33299295112689997	0.36636538450795914	-0.10685102996103514
502	0.3279862319492278	0.2311236322839486	-1.3463706834837679
503	0.3068718317987942	0.2067084560559935	-1.5701410079664355
504	0.3484489013395715	0.4960633617478588	1.0818587373060748
505	0.45204596799575675	0.48270927404262587	0.9594656605135975
506	0.49387971275170556	0.34346685451615566	-0.3167209665365911
507	0.388127143398913	0.3563400126430287	-0.19873571243595575
508	0.2684366020843622	0.43889269653024854	0.5578773338056302
509	0.3348974651623676	0.3246990191913776	-0.4887322009119655
510	0.34192245657871345	0.34837632760366394	-0.27172459315089453
511	0.27679361938890024	0.3576284372703987	-0.18692702450160728
512	0.2182310743534644	0.3216130020333845	-0.5170162097741468
513	0.23204109725711056	0.32084929334884305	-0.5240157635989682
514	0.2280486918791815	0.389798882310793	0.10792200129400915
515	0.24279887908372152	0.40382499435572494	0.2364743252346808
516	0.28824332074481235	0.48152381557924434	0.9486006795470511
517	0.4478621881726809	0.5040604008709924	1.1551533153495142
518	0.4718893934609449	0.3366275845007312	-0.3794043424945245
519	0.48113046583547125	0.3467910436932679	-0.2862540600576416
520	0.39414079158469945	0.3454807527517461	-0.2982631574490959
521	0.34044527055513185	0.20679503855915207	-1.5693474607626217
522	0.4191977544102671	0.35936420507939215	-0.1710183404020717
523	0.4492288120289074	0.3190237041959905	-0.5407476795717108
524	0.4918954568709741	0.31524740810769625	-0.5753582428185449
525	0.5233717283032366	0.23271543206822703	-1.3317814971959547
526	0.47431786419847993	0.2523578539669893	-1.1517544893679788
527	0.4022122527705491	0.31888832812120116	-0.5419884303203423
528	0.4219864513120139	0.3748551729825452	-0.029040298471326123
529	0.43045434074196415	0.5330220346632042	1.4205928981206206
530	0.39436648542793146	0.5802953906594834	1.8538633407299983
531	0.3961315421175407	0.4909130754792833	1.0346552594881189
532	0.4223234299223926	0.3893208559877329	0.10354078755941659
533	0.43572458835803174	0.3721681865959199	-0.053667104765979
534	0.4360315553990049	0.2914128189804544	-0.7938073620514915
535	0.432618215767811	0.3485617282602216	-0.27002535638561975
536	0.4206291808296942	0.37107621712909955	-0.063675239035998
537	0.3768779182991762	0.14092245442741275	-2.173083816709691
538	0.35061011543590653	0.19876491523457523	-1.6429452626051888
539	0.41137104391158474	0.12332596570300397	-2.3343594083684596
540	0.3262911671106754	0.19346646577311752	-1.6915066878505192
541	0.28062236445062627	0.2099149035669428	-1.5407532291004271
542	0.25210396102615373	0.18979598355728622	-1.725147444270864
543	0.2738953383840004	0.18063675211662727	-1.809093764066065
544	0.2675831463211489	0.20402026466912165	-1.5947788583466869
545	0.28779299809435477	0.18122448406735067	-1.8037070747342212
546	0.2947588719197432	0.3883432284329701	0.09458062142709138
547	0.30759399167341017	0.4580511494766039	0.7334686624270139
548	0.27438188110822187	0.4902055371707757	1.0281705192019772
549	0.47399611894221877	0.5584956693844583	1.6540642216165884
550	0.6048919721353135	0.5461223132450382	1.5406597598831773
551	0.5430683817412902	0.5382930755608507	1.4689031180025174
552	0.5392942925633308	0.5086779020008745	1.1974737031478926
553	0.390375153215249	0.4864900367564502	0.9941171613410114
554	0.4076896412305452	0.43300190518900084	0.5038869682402414
555	0.44501305436156785	0.3923388715344114	0.13120154707507867
556	0.43689227201412273	0.3038632075356611	-0.6796968817124668
557	0.4302512889008891	0.4123110369028406	0.31425072449603636
558	0.562410723822366	0.4552298046897555	0.7076104325893081
559	0.5923171006758889	0.4326422949904014	0.5005910636734854
560	0.6447932891375427	0.41084411391560843	0.300806060825406
561	0.47006265159215255	0.39098200684532175	0.11876559130225027
562	0.3928772431032276	0.2745624906832448	-0.9482442334261397
563	0.43305294863799515	0.17277809085076146	-1.8811200793809084
564	0.4913394782382224	0.16806026740710542	-1.9243599426930589
565	0.6038565662646821	0.3331091590372598	-0.4116514661801446
566	0.5100194480060373	0.6255145851318558	2.268306952582441
567	0.47256371396690383	0.585428419798812	1.9009086532586617
568	0.38965427791571516	0.47285799173402915	0.8691765461454198
569	0.39133324090643684	0.48221169719543533	0.9549052620339256
570	0.5557743197050302	0.45225932185102846	0.6803853205325268
571	0.5983887035880668	0.3570583344980573	-0.1921521386340722
572	0.7372249828229016	0.4337813147673275	0.5110304241227085
573	0.8777972448565561	0.5504797131836555	1.580596264500691
574	0.8114568707529426	0.4053377364553623	0.25033893089363396
575	0.7014612230013898	0.4942537132679236	1.06527292101813
576	0.6000710969471162	0.57905660039255	1.8425095623501289
577	0.5245957454633629	0.5797677982173061	1.8490278428872484
578	0.4500290797723204	0.5532992032218125	1.6064374951690013
579	0.3739209316559943	0.561969165919965	1.6858995620451296
580	0.44592687410520954	0.5856503671090845	1.9029428479404458
581	0.439025526353525	0.5274195978169162	1.3692453633216664
582	0.4825432469272861	0.48674073034132664	0.9964148217924356
583	0.4865237590657192	0.5742436236296746	1.7983975984674756
584	0.4182240140233472	0.46395768355409595	0.7876033135451569
585	0.3492646548094984	0.5086184336443154	1.1969286629106466
586	0.39074437743677926	0.5799771670139259	1.8509467527947068
587	0.42033967200971445	0.5724690858236412	1.7821335790331945
588	0.44235219049382735	0.5048393111413755	1.1622921949676326
589	0.47253285990422517	0.37532061775835474	-0.02477439731463479
590	0.5381192184908069	0.2714654157426809	-0.9766295892362528
591	0.6063685413510488	0.32469840089208984	-0.4887378677574947
592	0.8637755050935034	0.43280022357144843	0.5020385129769851
593	0.9281102193379425	0.4643414773017087	0.7911208655233152
594	0.8899976475452295	0.551483585974847	1.589796973851584
595	0.6259870793253864	0.4526438063998399	0.6839092038517715
596	0.593654801147313	0.27866558459950874	-0.9106384980239937
597	0.5867591469994541	0.25397007305916236	-1.1369781557456293
598	0.548097413163662	0.2689302090892923	-0.9998653017358341
599	0.5960508622153803	0.3317942949023212	-0.42370247786970766
600	0.5831029414509574	0.4329979147991103	0.5038503954613976
601	0.5426807692423954	0.4088162408495024	0.2822201694201809
602	0.4657755228130238	0.44043525247738696	0.5720151897687016
603	0.6504738744704908	0.5327135768810225	1.4177658164168656
604	0.6240500823445997	0.57788322220814	1.8317552997302395
605	0.5789300222748441	0.6297960703305095	2.3075476823328787
606	0.5215220350400381	0.6810868027499185	2.7776382411429106
607	0.4689329588014647	0.5529102654186288	1.6028727968187044
608	0.5845508763947241	0.5353326254862932	1.4417699583802677
609	0.6895165657650613	0.4923098807065659	1.0474572788563112
610	0.6807979795136745	0.15715025152023374	-2.024352577287317
611	0.49430523420261335	0.287000457278984	-0.8342476030087702
612	0.535700713595067	0.45785897952861504	0.731707383654508
613	0.5133008361412551	0.5174488757123377	1.277861557616697
614	0.4927933405273467	0.43979363265296667	0.5661346065214404
615	0.4324031346126506	0.40987499076334116	0.29192383936520583
616	0.408487806813432	0.3939336852969802	0.145818357120088
617	0.402217382294843	0.3554127656011925	-0.2072341303662638
618	0.39932718554406194	0.34983195408842316	-0.2583834643472784
619	0.6150340042302435	0.3191327405718724	-0.5397483378105169
620	0.5660703650720706	0.31953581999398173	-0.5360540284909547
621	0.5155140665149885	0.35870542604071154	-0.17705619152678126
622	0.40356612185572216	0.4851871875061638	0.9821762686451487
623	0.372239502957618	0.49874009148915205	1.1063915392473436
624	0.4843698585273368	0.4221696378316069	0.4046069155871022
625	0.5317917919048083	0.34987737920655126	-0.2579671334009733
626	0.5437530572985316	0.36325468914485426	-0.13536121986380972
627	0.5479938844228112	0.39489381497688636	0.1546181514779941
628	0.44142053920766	0.468838408448626	0.832336203578902
629	0.5245292819881526	0.38188920208250354	0.035428086250631305
630	0.5753769730177152	0.3894913957625463	0.1051038211574908
631	0.5029747093914441	0.39452125618509765	0.15120357027861794
632	0.3990280332866867	0.40544843162626804	0.2513534758668493
633	0.32028690421874983	0.43997852294404216	0.5678291656776543
634	0.3541146335332789	0.5126574123509776	1.2339467686711758
635	0.37385114976363537	0.3851876427258529	0.0656590018974326
636	0.3187598113977871	0.40240141297124316	0.22342689664523516
637	0.3289620271373632	0.45705756863941904	0.724362281041077
638	0.34548044848961473	0.3256072935285185	-0.48040767188773553
639	0.32271289855819973	0.39173016151893425	0.12562258928229375
640	0.35279757600423833	0.33868043743728865	-0.3605895052211943
641	0.4328183504655287	0.368904674877406	-0.0835778893282741
642	0.537162898680002	0.4134459591900661	0.32465253057369553
643	0.5337358793945699	0.40630109009667004	0.2591682735489683
644	0.5261116714329983	0.45519367016333534	0.7072792519078103
645	0.5075362315945084	0.3382691994612685	-0.3643585894364564
646	0.483976299959471	0.22292182072082176	-1.4215420448407736
647	0.4728043816910564	0.17714817520607626	-1.8410673193649578
648	0.4344719921054764	0.5476245386352915	1.5544279776459544
649	0.5875877407192628	0.5258192076148538	1.3545774440131693
650	0.6250963634710898	0.39208784767954197	0.1289008596283625
651	0.841249550297319	0.42037975824166446	0.3882022854141802
652	0.7953789900400952	0.3150374313550939	-0.5772827247729224
653	0.6942918046666975	0.2629568281754085	-1.054612618440757
654	0.4720547913785055	0.306427699959317	-0.6561927588498283
655	0.46039091083920186	0.5732744735879579	1.7895151305597066
656	0.47396648793854274	0.5005972170164832	1.1234124928532452
657	0.44603104180615943	0.3066817383266686	-0.6538644427499336
658	0.4220091042847411	0.38418278929108673	0.05644930473793865
659	0.3063302645210406	0.3765967966890142	-0.013077943815985272
660	0.3518341258157755	0.4543286535979526	0.699351189635749
661	0.4273281242390176	0.5250684600384755	1.3476966815233868
662	0.4417952547803761	0.5879307535583078	1.923843078638118
663	0.405814048667092	0.5820379805602776	1.869834550763471
664	0.33701594015948116	0.38183559979506965	0.03493680979454075
665	nan	nan	nan
666	nan	nan	nan
667	nan	nan	nan
668	nan	nan	nan
669	nan	nan	nan
670	nan	nan	nan
671	nan	nan	nan
672	nan	nan	nan
673	nan	nan	nan
674	nan	nan	nan
675	nan	nan	nan
676	nan	nan	nan
677	nan	nan	nan
678	nan	nan	nan
679	nan	nan	nan
680	nan	nan	nan
681	nan	nan	nan
682	nan	nan	nan
683	nan	nan	nan
684	nan	nan	nan
685	nan	nan	nan
686	nan	nan	nan
687	nan	nan	nan
688	nan	nan	nan
689	0.38535437194535643	0.34903367821626236	-0.2656998338574676
690	0.3904602337902189	0.33888607931936304	-0.35870475328455564
691	0.4099799281306446	0.41756409548084894	0.3623961325632318
692	0.3793536892194388	0.4049505175391944	0.24678998651134834
693	0.4218992618659485	0.5062844077628726	1.1755368153169616
694	0.5022661794721146	0.5081853779956909	1.1929596150484894
695	0.5443785908830783	0.48380963478417116	0.9695507026154706
696	0.6181571543896858	0.43616918843715147	0.5329157982412994
697	0.6747571020459949	0.40264062159454467	0.22561929496157182
698	0.5816761481474019	0.34639320766208453	-0.2899003125752404
699	0.5313663172728333	0.32574790448688773	-0.4791189423087916
700	0.512739740125407	0.3639502557349198	-0.12898620294379862
701	0.607334659511466	0.29626888704056564	-0.7493004571913572
702	0.629095789154634	0.31785792683730346	-0.5514322789943135
703	0.5973113493725097	0.22669891609679618	-1.3869241559509924
704	0.5870168727285836	0.3305546974481664	-0.43506365429351357
705	0.6224833161904684	0.2755339080180751	-0.939340985290901
706	0.6654654815711439	0.15812670340056775	-2.015403186463184
707	0.6884009656708762	0.39490723992335225	0.15474119399051936
708	0.6196515994996726	0.20946213043367043	-1.5449029919366006
709	0.604124042651517	0.21632070411757154	-1.482042693718578
710	nan	nan	nan
711	nan	nan	nan
712	nan	nan	nan
713	nan	nan	nan
714	nan	nan	nan
715	nan	nan	nan
716	0.28296204383918255	0.38750367039086303	0.08688589197888766
717	0.28805586651690884	0.35078774711171795	-0.24962341637694846
718	0.30002399755923037	0.354818361839669	-0.21268196827445518
719	0.5256086183364734	0.4540352576488434	0.6966621528611999
720	0.5643929568508136	0.36632311722597644	-0.10723841866206117
721	0.6461976332219871	0.25692162419705245	-1.1099265567857732
722	0.6541976399453864	0.15221810544813485	-2.0695567534376327
723	0.4480313404546572	0.22082191657472222	-1.4407881165368348
724	0.4051557426771808	0.327413994582863	-0.46384886938722597
725	0.3411526080763261	0.2596651616081328	-1.0847814482280536
726	0.37454205034334964	0.29753870463575227	-0.7376623066961185
727	0.6367635239261206	0.3867537156574007	0.08001239606440674
728	0.6222560626122514	0.5156810083553668	1.261658674278147
729	0.574693505513975	0.46087034368671354	0.759307181767848
730	0.4380303676242874	0.42312296618025524	0.41334437428589765
731	0.3858807060563598	0.3444737770034102	-0.3074923060674582
732	0.37764088469510476	0.32288223778827	-0.5053833919700083
733	0.3506193968046918	0.40480385218998766	0.24544576714238125
734	0.326524619147621	0.39189592008581325	0.12714180208460918
735	0.4124714576331815	0.43122056136701337	0.4875605702106041
736	0.4460703091198999	0.3225859011668484	-0.5080993806367495
737	0.3893039290827956	0.2323578803481255	-1.3350585353659619
738	0.42585183330564663	0.24044752003042674	-1.260915253345178
739	0.5857495631187212	0.22988249923345064	-1.3577459339772744
740	0.6244102201692101	0.2603581761150726	-1.0784298216970292
741	0.7121462400050323	0.23286672061315933	-1.3303949052469992
742	0.6304171229858122	0.3151418368136465	-0.5763258263618706
743	0.628740110508227	0.277289174080103	-0.9232535955220867
744	0.5391421898734187	0.32601315084878074	-0.4766879025360503
745	0.5136188844424461	0.37885038768694435	0.007576700825925883
746	0.48118269408388586	0.34451578217534606	-0.307107319661205
747	0.39219939684642624	0.2827235245445977	-0.8734466084481964
748	0.41111648168723625	0.2765157216152066	-0.9303424531828239
749	0.42496992025798325	0.20112493539995485	-1.6213151718263248
750	0.3199514772456646	0.34309805009787175	-0.3201011380978981
751	nan	nan	nan
752	nan	nan	nan
753	nan	nan	nan
754	nan	nan	nan
755	nan	nan	nan
756	nan	nan	nan
757	0.5759709454577975	0.1867767821456798	-1.7528190724928276
758	0.6514079091832179	0.35493773605806345	-0.21158787797031073
759	0.6813218169757401	0.35130936170568366	-0.24484270679464543
760	0.5252091153304059	0.3453260581059173	-0.2996809670429994
761	0.4424573317286493	0.3148198483385532	-0.5792769197669966
762	0.3494212164400669	0.4523868587413413	0.6815542234747936
763	0.3229064327392013	0.4409027951951296	0.5763003190129863
764	0.4458684915292205	0.3696567115081318	-0.07668531237903739
765	0.505137797572702	0.288094809932426	-0.824217626322434
766	0.5411139450373471	0.6355034935466859	2.3598574397198173
767	0.5409391401554917	0.6479216248659949	2.4736722755762326
768	0.49599596533134366	0.5254845321404162	1.3515100715390957
769	0.562264132875327	0.538150586660957	1.4675971766868912
770	0.5538978841638249	0.4387690364291518	0.5567439624676717
771	0.5839350528602315	0.3916766475107803	0.12513212192473
772	nan	nan	nan
773	nan	nan	nan
774	nan	nan	nan
775	nan	nan	nan
776	0.6130408807454151	0.19582481661799633	-1.6698918967519294
777	0.5715406000316461	0.3252443875537102	-0.48373378295002534
778	0.5642479577054506	0.38474577292260304	0.06160917041847339
779	0.4937309792753781	0.4168647910079992	0.3559868571461414
780	0.449730632929115	0.3243456113638571	-0.4919712594180612
781	0.4829986291792943	0.260463927266976	-1.0774605897179153
782	0.49161655014324607	0.31201062996705586	-0.6050240084082354
783	0.45454603909796915	0.28709488586110254	-0.8333821448091725
784	0.5235714180753501	0.3506093009670542	-0.2512589135497423
785	0.5373774616951826	0.34881139604209793	-0.26773709763861264
786	0.5231116736597968	0.4066341062016847	0.26222043754653007
787	0.5690979151476913	0.4099592440346962	0.2926960386601777
788	0.5060835031866807	0.3760421480982419	-0.01816141706115748
789	0.46333570505398874	0.3982057634322511	0.1849728691178476
790	0.39052352898277887	0.42263422581133814	0.4088649640240484
791	0.3940159951643465	0.47669035455282116	0.9043009729973749
792	0.4066353206492724	0.46607805975415273	0.8070370160047263
793	0.390848802768237	0.41691045993650594	0.3564054226668368
794	0.3551327231866671	0.3610989559822052	-0.15511897646569311
795	0.37089006457154683	0.4757324191351946	0.8955212895236877
796	0.4083065699933279	0.49934667927799187	1.111951046378015
797	0.43408352892196767	0.4679815858675213	0.8244832409294519
798	0.5453766834425963	0.45474735956077544	0.7031887195511144
799	0.6260765501787007	0.37558617027731844	-0.02234055154670377
800	0.7007265800074057	0.18726720187747453	-1.7483242705101674
801	0.7045393306208393	0.20857041960024894	-1.5530757128982036
802	0.7842430653288449	0.2205719055276392	-1.4430795213830536
803	0.6622184526114197	0.27316974831914265	-0.9610090157822487
804	0.5683263779721464	0.28381902233810596	-0.863406136307647
805	0.3779020890340729	0.345902815426489	-0.2943948625493402
806	0.4088388859891331	0.43286901371046016	0.5026689893489
807	0.4059279148469133	0.402418205249284	0.22358080147356496
808	0.3641336745039992	0.3291891236726239	-0.447579430710818
809	0.4154466774764589	0.3499454617273624	-0.2573431425015727
810	0.3883332955095485	0.3200008897149361	-0.5317915647924183
811	0.40177958748087506	0.2662790145755042	-1.024164067842538
812	0.4078933218839482	0.3877632450207879	0.08926494911218211
813	0.48077657440579896	0.46097296317479003	0.7602477113765931
814	0.49964171706740473	0.5686672726554021	1.747289146278076
815	0.5416815746776095	0.5300761756403006	1.3935934686149447
816	0.4542364099533567	0.4727436777995466	0.8681288344281988
817	0.5383080962123266	0.519234594697591	1.2942280549556544
818	0.4830556118588293	0.48931793043368127	1.0200354131630864
819	0.47764772697268937	0.6083308494327958	2.1108143308908422
820	0.48754865007439946	0.6481508176022159	2.475772876140177
821	0.5625761775980311	0.37138196386806166	-0.06087300462456943
822	0.5940727873587719	0.30894396253003487	-0.6331306729293334
823	0.5211423206071699	0.2927910204179599	-0.7811758504050603
824	0.5119108713092012	0.30331404509968646	-0.6847300731727453
825	0.4830273311039208	0.3511203491308582	-0.2465750475652014
826	0.3998236774657735	0.39581434023494866	0.1630549628189354
827	0.35063896340027045	0.37754430740586153	-0.004393804959884403
828	0.43872918771110536	0.20944730791131208	-1.5450388435318057
829	0.4614323270418533	0.23369354951969884	-1.322816841055263
830	0.40413992786341507	0.32194648023890365	-0.5139598105263922
831	0.4125852237636284	0.39411470028513135	0.14747739829417672
832	0.3925846042913112	0.370455665112253	-0.06936273131013272
833	0.34437528352686436	0.3946086713594898	0.15200474909280332
834	0.3344637411287894	0.5168518499126671	1.2723896881667502
835	0.2745141499933697	0.3923562817312212	0.13136111526140143
836	0.29887890312774745	0.32549506259297145	-0.48143629247314046
837	0.3100819299328976	0.35773293693952124	-0.18596926263048458
838	0.3119621187584345	0.3687592819919295	-0.08491044629435107
839	0.28048674044710586	0.2851560816287364	-0.8511517012577634
840	0.3235434312657416	0.405710037864998	0.25375115313039753
841	0.40497360268562027	0.377440701418987	-0.005343376041608398
842	0.42923681981245587	0.3174847395673619	-0.5548526203306995
843	0.4335707961853315	0.42235960299422265	0.4063479870289811
844	0.3485463844633439	0.4916893515922285	1.041769996488583
845	0.38174468974642195	0.47108764150665955	0.8529509067673648
846	0.45395370986356637	0.4734915683093979	0.874983411290737
847	0.45429723739812033	0.4668288358385154	0.8139180397762977
848	0.51930267238986	0.4445671294577761	0.6098847281243369
849	0.4974854940744838	0.3464259559840163	-0.28960016718384457
850	0.43869140194150164	0.37458310265104167	-0.031533881388534406
851	0.4911548195253503	0.518888438773382	1.2910554616981391
852	0.48718259649405726	0.371807998858482	-0.0569683026000078
853	0.5543036756217874	0.5103978368771188	1.2132372750243707
854	0.5199121654993186	0.49846457313858383	1.1038663544961893
855	0.5092363853162079	0.3043169715643115	-0.6755380371077165
856	0.5711343584182151	0.31652124891807126	-0.5636832186935702
857	0.5679958734522473	0.32223348116714484	-0.5113293854891228
858	0.5963764075067499	0.38901140491929986	0.10070460217421807
859	0.4938280941422791	0.47570558610210306	0.8952753590226876
860	0.42282788326353793	0.4199331201718297	0.3841087517497048
861	0.4342761515531946	0.3027892528991587	-0.6895399062004344
862	0.5055153903226131	0.13924299210086089	-2.188476448991355
863	0.4880795428679635	0.2917116294079647	-0.79106870042159
864	0.5439724097077273	0.2861684520912324	-0.841873108927555
865	0.6298799578695832	0.2262081882911643	-1.3914217814964178
866	0.6049819552128283	0.2779588998331207	-0.9171154154136189
867	0.42652591696912323	0.2905677817709104	-0.8015523092439297
868	0.4579144537539719	0.37692725442271474	-0.010049227840005087
869	0.3863067154886704	0.48112112137588364	0.9449099008399068
870	0.38358337035122436	0.47155543223053903	0.8572383090410638
871	0.29578116519663444	0.4724428488623619	0.865371672724384
872	0.3404334932594959	0.340844236387245	-0.34075782394942095
873	0.35181022799510375	0.24162446067283364	-1.250128340033994
874	0.4245091974720897	0.3497628194700146	-0.259017097946718
875	0.4323716421582684	0.46374865078376	0.7856874833906307
876	0.40533374018038126	0.34103478027923495	-0.3390114483287541
877	0.39143936031884063	0.29120662249494245	-0.7956971970475365
878	0.44864313982762993	0.2966564762653968	-0.7457481188507823
879	0.49816806167210714	0.2145409631465902	-1.4983544012751095
880	0.5104168448726081	0.2132024838380836	-1.5106218510932652
881	0.4979220527044382	0.34517735446357967	-0.3010438678054994
882	0.4595094431962444	0.3497109277083507	-0.2594926970674078
883	0.49637302271055594	0.46023863104475093	0.7535173999718058
884	0.5433054811461043	0.4351135835671866	0.5232409532976426
885	0.5356865424896501	0.41671105649447415	0.3545778473706436
886	0.4819961478599326	0.41666637918296534	0.3541683702323261
887	0.48714960195265194	0.5132745195842973	1.2396026887657614
888	0.38382753639430073	0.4851749443417592	0.9820640574185765
889	0.3297194541718637	0.3535078937331343	-0.22469268942123533
890	0.3669463906004931	0.49137096812285413	1.038851943733746
891	0.4142800885729738	0.4340224453881802	0.5132404379586574
892	0.387959125722096	0.4455921248933438	0.6192790310394075
893	0.30598417112180376	0.45277778859738593	0.6851371794166353
894	0.33071845333830163	0.35444343719105437	-0.2161182330588556
895	0.27900408330767545	0.2940598112095979	-0.7695471107844807
896	0.3217038295852971	0.30196121752070837	-0.6971290279658879
897	0.32836638871663965	0.3284058549834352	-0.4547582561716875
898	0.31598046096247123	0.24255758294175905	-1.2415760743878272
899	0.47100531030335324	0.3068172958253273	-0.6526220292126444
900	0.41478346099969543	0.28702682403731467	-0.8340059460159178
901	0.39579667433723115	0.5597980534831646	1.666000851098496
902	0.4250163916083234	0.6098360276741944	2.1246096121674265
903	0.47524109912045687	0.3503052644252215	-0.25404547363783225
904	0.5868340464164257	0.30414738877052727	-0.6770922997694916
905	0.5084615750057324	0.36612688332802545	-0.10903694440723731
906	0.4159611549247301	0.3518327424106199	-0.24004581042666215
907	0.3982550406671757	0.4017833026754721	0.21776178326823634
908	0.35436475195504114	0.487624286977292	1.0045128077861798
909	0.44262360307240145	0.5205611252779191	1.3063859921183734
910	0.5053992510909099	0.482274417983878	0.9554801115066708
911	0.5081973042705097	0.2503621451037785	-1.1700455889580066
912	0.5236767016133967	0.3408313132243629	-0.3408762675078237
913	0.490885438748151	0.3376454685374346	-0.3700752170746536
914	0.5068199373986392	0.2806229488112353	-0.8926988353855031
915	0.5262764401396999	0.28263570713211006	-0.8742514738607626
916	0.505683271481431	0.5511448854039104	1.5866927105051585
917	0.45756284843038	0.5680637801639387	1.7417580082114583
918	0.4509484268324192	0.455089488216637	0.7063244020308211
919	0.4362336425269223	0.3894807182999907	0.10500595992403443
920	0.407173034760439	0.39903577596545364	0.192580111930486
921	0.37865018587543053	0.34062324659221827	-0.3427832427986966
922	0.3815496166133403	0.3977822443401259	0.18109122584054219
923	0.3849712583452927	0.4951998643060631	1.0739445981273728
924	0.4348436153125939	0.5486931927742249	1.5642224219373324
925	0.41567881239350923	0.4279421107524123	0.4575128674629296
926	0.3530344154597591	0.42977527703388185	0.474314229443903
927	0.32270853515539405	0.4528846161322331	0.6861162766761938
928	0.28972209624850287	0.42001300061115754	0.3848408731016588
929	0.2796567836289465	0.36789079351118636	-0.0928703294150318
930	0.2736233316098252	0.340114285451633	-0.3474479807680021
931	0.3391358203642029	0.3835240144717087	0.05041149228404177
932	0.2891763198166029	0.3919432361359405	0.1275754638280821
933	0.2802763315564685	0.45158006023523006	0.6741597421972866
934	0.3280447833689219	0.21640051495962803	-1.4813112102405366
935	0.5196037737909268	0.26057427509569236	-1.0764492282103317
936	0.5567518604415035	0.47819976384146734	0.9181350327290746
937	0.5175181698225555	0.501008066755448	1.1271780187926608
938	0.37330855124702217	0.4551680048291771	0.7070440236178758
939	0.36040260189974177	0.38626475386341497	0.07553095639433248
940	0.3470704920234451	0.347508980120505	-0.2796740187840984
941	0.40468088865123525	0.3439920779996185	-0.31190718070833945
942	0.41028549970178946	0.24525657393784656	-1.2168392432737936
943	0.42264112613960314	0.2745937511999328	-0.9479577240887727
944	0.3973973483818158	0.46485265906841167	0.7958059560070682
945	0.3815312456913176	0.49996607538969373	1.1176279445336845
946	0.36148039847790214	0.3928500165916225	0.13588630110846878
947	0.44322566874447505	0.3529491210740363	-0.22981396063676862
948	0.44080311533178845	0.2864480475895679	-0.8393105562430163
949	0.4623284574378515	0.326674747583545	-0.47062422662265035
950	0.44191156413603905	0.18012431455547512	-1.8137903641751736
951	0.37795646747118805	0.18335119356932236	-1.7842153262048093
952	0.2787384261562611	0.26747945560305886	-1.0131617684632428
953	0.22359557227956534	0.2768452425846846	-0.9273223228517755
954	0.2754354726895541	0.36790395206252535	-0.09274972847095687
955	0.2670441185998173	0.4745036153005818	0.8842590389370215
956	0.28187280426586103	0.42560985473399565	0.4361372410433182
957	0.2476113026392987	0.3390137971357424	-0.35753419211610055
958	0.26457837787223304	0.28561605987530375	-0.846935902013542
959	0.34960806883694534	0.2879743504204363	-0.8253216635750544
960	0.3344458173233957	0.28387854271850826	-0.862860619260725
961	0.32510038465385976	0.28533122157422713	-0.8495465061092039
962	0.2683953775047421	0.2680297226659146	-1.0081184528607785
963	0.31176012875776626	0.2776014177489944	-0.9203918153549839
964	0.3422096889440663	0.3178003651641323	-0.5519598440695362
965	0.35205711362578807	0.4639335427819433	0.7873820581928539
966	0.3424231592363132	0.43037594244885496	0.479819456748392
967	0.33989353489491775	0.29161541865333135	-0.7919504926143646
968	0.29520929091798503	0.3141070204196195	-0.5858101404667291
969	0.23836255932209177	0.18563367892490112	-1.7632958585804064
970	0.20852627643121235	0.2870242542102215	-0.8340294990321703
971	0.1950579028240335	0.2536685657322491	-1.1397415350367455
972	nan	nan	nan
973	nan	nan	nan
974	nan	nan	nan
