ID	SN	ssim	z_ssim
494	0.46595732771321335	0.17781391518244455	-1.0744655048140488
495	0.5363153285881264	0.15210727906913482	-1.3660086046596298
496	0.5537599428965958	0.12365513256462919	-1.6886889799767801
497	0.4643442856451335	0.19322462569430307	-0.899690155225469
498	0.45110188432010856	0.16403038068594697	-1.230786789179093
499	0.4910768649563494	0.2423692339451085	-0.3423332390197633
500	0.5564034383816504	0.24354667147312775	-0.3289797304050941
501	0.8239931172198243	0.2516665528263943	-0.236890848387428
502	0.844547295167778	0.277869839341607	0.0602848436445488
503	0.7104132250982633	0.27410941305308045	0.017637243543724753
504	0.7019097614582154	0.5073378458914631	2.662718458453197
505	0.7521944855888617	0.4466094100349187	1.973987487961742
506	0.8482033211202696	0.2838159034347183	0.12772011405274641
507	0.8102333269389674	0.263436305532471	-0.10340818759818123
508	0.6985003383400161	0.2350983587335112	-0.4247934056645135
509	0.6067011871423563	0.29611841354773905	0.2672448623870741
510	0.542769288129652	0.35190415083193294	0.8999198924188861
511	0.45427564501991985	0.38751386481944433	1.3037753931842475
512	0.3698912422218753	0.33089353791715787	0.6616351478949762
513	0.35622788266204297	0.32744636090309176	0.6225401582601043
514	0.4298940137038646	0.39048795946391135	1.337505079482375
515	0.5119715376846553	0.3369900109723134	0.7307762305629204
516	0.6304159009583643	0.33087072182940036	0.6613763869695152
517	0.8037339024703404	0.28861080777727655	0.18209989635217724
518	0.9007556012924857	0.1942964693418565	-0.8875342038135406
519	0.9804142344436669	0.26652275737648057	-0.06840424020652822
520	0.8927356522228393	0.2468963587962929	-0.29099038705404445
521	0.7218891084229209	0.18754100581871486	-0.9641490034998652
522	0.7679333626436369	0.2552390761324947	-0.19637428626937495
523	0.7155312987982277	0.2696253575759644	-0.03321715171498095
524	0.8066616679358058	0.22721081124064615	-0.5142473519573352
525	0.8436256825369562	0.12268525234568828	-1.6996885477250683
526	0.7796880126418825	0.14066410564275011	-1.495787477246987
527	0.6623556296295123	0.19921320770937112	-0.8317726822174596
528	0.7163916566056091	0.262803980154521	-0.11057949153643248
529	0.7656517135296386	0.43819712424609886	1.8785824001529308
530	0.7440345385516426	0.4138699643148641	1.6026841618330885
531	0.6664988744563484	0.39429927073565013	1.3807297743721052
532	0.6516642965970891	0.30005128383345864	0.3118481776296938
533	0.6442570444083471	0.24542812246792764	-0.30764189169240813
534	0.5827410672627317	0.2735633363387576	0.011444099588777708
535	0.5974240168120077	0.34257682530164413	0.7941371915480675
536	0.632567298284544	0.3104624044345614	0.42992237292824387
537	0.5549217821707979	0.13567894177507334	-1.552325023459351
538	0.49706928233831976	0.17342525080641324	-1.1242380542339856
539	0.5424854478853136	0.11242525458385236	-1.81604883456733
540	0.5031353013694256	0.1524067692861135	-1.3626120378802766
541	0.4503774274810596	0.17994606908403718	-1.050284404063324
542	0.4271445305888363	0.15429204123407902	-1.3412308651224296
543	0.3970681675519906	0.1834820736233803	-1.0101820071598884
544	0.40997247746087173	0.1559649978832565	-1.3222575943584673
545	0.39366876165180614	0.2967297253542614	0.2741778480278306
546	0.4771172084575692	0.4500655975243568	2.013184666848815
547	0.5363058441061849	0.4540892868892589	2.058817975893552
548	0.5583377570872063	0.41494890119955163	1.6149205587896187
549	0.7546972700601482	0.44190079571290736	1.9205863346811018
550	0.8818080369945595	0.38532723268149915	1.2789764459821107
551	0.9146506273424282	0.26610221842629117	-0.07317364016238412
552	1.1231260940147416	0.20259199547712717	-0.7934533060380959
553	0.938438161480833	0.2968428087699065	0.2754603452551215
554	0.6845441021708956	0.26516600454671346	-0.08379139253447387
555	0.6128889510771026	0.3513668433996958	0.89382620230424
556	0.5083226147940404	0.3029508808746869	0.3447329746127218
557	0.5506353448785232	0.3451418302813982	0.8232273260806708
558	0.9830174497803595	0.3129204590081297	0.45779956568146724
559	1.1750351967395667	0.20952895426288845	-0.7147801393511966
560	1.2520379340365446	0.17910644676515444	-1.0598066959908883
561	0.9158016264969927	0.1651984103160679	-1.2175399770494952
562	0.7419094935726352	0.16963718599895178	-1.1671991072288372
563	0.6400209845453224	0.1523215575938405	-1.363578437404464
564	0.7172842686044938	0.13822815708272215	-1.5234139621407934
565	0.9651889686448254	0.28317936859966075	0.12050106998356583
566	0.8983043433580528	0.508888794189109	2.680308012854747
567	0.8368294957289845	0.44476676210722194	1.9530897210817488
568	0.7305599883180887	0.36777723347170754	1.0799390787685526
569	0.7654501270681325	0.34418819400340506	0.8124119834825244
570	0.8730891308709562	0.3406769683717929	0.7725906081619528
571	0.9926652052324002	0.2767329639794548	0.047391357084932195
572	1.121426863233572	0.30588608443440346	0.37802159085584375
573	1.1115714881292584	0.4964769486045516	2.5395432733308145
574	1.0372960960305477	0.27253453962087804	-0.00022364966163005714
575	1.1077549777538835	0.2677576013177827	-0.054399676214339374
576	0.9899143994616992	0.34943817512102376	0.8719528647714945
577	0.8212369856451556	0.4071818829494442	1.5268335540484144
578	0.7235694938306239	0.3521598847340138	0.9028202117846569
579	0.6558649679621833	0.3978027306633891	1.420463077594496
580	0.7350646165427773	0.4839130673711075	2.397054273029701
581	0.6671301853791782	0.4500602976949239	2.013124560629755
582	0.7494575541332541	0.4172143759774282	1.6406136730676923
583	0.9372570185336626	0.3902278917525542	1.3345556096877036
584	0.9225760507693067	0.33182722167856094	0.6722242057894082
585	0.8119386401775809	0.33833390178543166	0.7460175126888083
586	0.8772749574980924	0.37497638134882677	1.1615857741623299
587	0.8955129175374522	0.381806763276131	1.2390502355347954
588	0.9522049148410221	0.3387569066420081	0.7508148788860983
589	0.8614781942408277	0.2724891855460376	-0.0007380175280174937
590	0.7952302589816377	0.16680888203085723	-1.1992753579887303
591	0.8024264861893777	0.1993302262202845	-0.8304455564410402
592	1.1992559958165379	0.20134639927337356	-0.8075798131702444
593	1.3432719201548684	0.15291702340344376	-1.356825163766537
594	1.266228241759772	0.2612869724479484	-0.12778412022897542
595	0.9180295745081193	0.3144126022761182	0.4747222027719675
596	0.7315423420609435	0.329942634757865	0.6508508020361394
597	0.6680269501743413	0.30724661170126044	0.39345154968264456
598	0.6177797613590816	0.3213055797970588	0.5528965708519844
599	0.7612653044137729	0.29854295910036466	0.29474202393764
600	0.9031486784881877	0.36080913704889306	1.0009127751255635
601	0.8513700568025883	0.32613956022547175	0.6077195213337355
602	0.7784740859389828	0.39393451517750067	1.3765930228484882
603	1.140749664727772	0.42950683655328503	1.78002444798271
604	1.1098048712833843	0.3903639364379548	1.3360985143728747
605	1.0198874749151534	0.3748832662591978	1.160529740936
606	0.9493275545744971	0.3392276100905099	0.7561532024955873
607	0.9781345253155138	0.2991929148223994	0.3021132764472701
608	1.0556340618446163	0.31534542481709166	0.4853014934268198
609	0.9435070162085367	0.3523917297491792	0.9054496034369579
610	1.0987751998711335	0.10566403415292736	-1.8927289242718932
611	1.111802761656881	0.16800985914007358	-1.1856548831929932
612	1.1961500904078926	0.2525185432198787	-0.2272282881341048
613	1.0275593739031186	0.35256100520804645	0.9073693836753528
614	0.867590564243948	0.3615643781992264	1.009478086632234
615	0.7033932892515102	0.30607596557943517	0.3801750634992796
616	0.7726864494278297	0.22330953588317803	-0.5584923440307455
617	0.7545275643727406	0.18765409176618303	-0.962866477558761
618	0.7970207487802026	0.1886482995246656	-0.9515910072669298
619	0.8968081456664247	0.18295594568174647	-1.0161489088713058
620	0.9231321486618891	0.2254029410831887	-0.5347506985445836
621	0.8349324023552468	0.2958986651332801	0.26475266023136934
622	0.883609618474994	0.3353697969478595	0.7124011223993905
623	0.8895349243368068	0.353107587585329	0.9135682624353558
624	0.9155487669178055	0.27540935596611954	0.03238010545763681
625	0.7114826005466108	0.3241208066746553	0.5848245122226613
626	0.6387119168761669	0.2851053109673348	0.14234349252071452
627	0.6647149193992783	0.2802080860500541	0.08680327610609703
628	0.6856502822927478	0.271398507454293	-0.013107573404535122
629	0.7756390399926023	0.2168495597485738	-0.6317559736596673
630	0.7979545728346867	0.21228433097047178	-0.6835309683966493
631	0.7309714523992282	0.30929088575061975	0.41663599087740333
632	0.4793987690835396	0.4007957088083601	1.4544069247127553
633	0.5242893859162664	0.40545139237153704	1.5072077817337162
634	0.6148888406428423	0.4017611448917367	1.465356090803945
635	0.5864851464056582	0.3078067584582579	0.3998042642573428
636	0.5362594578866383	0.3030601909436748	0.3459726777079302
637	0.5634261457122699	0.32634426469077077	0.6100411076394059
638	0.639167265827854	0.26034424103586734	-0.13847578898674076
639	0.6029469666675478	0.28438988174466506	0.13422969449681577
640	0.6120265590609515	0.26771703131653873	-0.054859787131663215
641	0.6390387592332899	0.2672360811481852	-0.06031432044107762
642	0.8769714516924565	0.28067026001617185	0.09204486548231774
643	0.872743735356707	0.26172360404755696	-0.12283221094456685
644	0.8624552866232071	0.27574790447220604	0.03621963858353832
645	0.6799278620536174	0.2655223745155336	-0.07974974332981932
646	0.7353934309524233	0.16503566060424163	-1.2193857477398207
647	0.8124947917959335	0.1541565684840432	-1.3427672833965267
648	0.7265764059325073	0.4639222580720742	2.170335285536644
649	0.89804814395428	0.46867943201755935	2.22428716132693
650	1.0483523372006038	0.2371861233735865	-0.4011157306769098
651	1.3911595104790988	0.16509967264579084	-1.218659776868391
652	1.3336901044314085	0.1120134470091446	-1.8207192105877859
653	1.3335341722123235	0.1498266907392336	-1.3918731241650353
654	0.8849764048868007	0.29789077707353606	0.2873455225468284
655	0.6948435381334575	0.5765985474763353	3.448215228568469
656	0.7396832036655085	0.504518846975634	2.6307477377894912
657	0.7329151378121602	0.36021366045091047	0.9941593791348895
658	0.7542411837964018	0.3751304101903833	1.163332640058555
659	0.8059070196299537	0.2849613748621768	0.1407110899732751
660	0.9591442009462918	0.2660677373025646	-0.07356469613925677
661	0.9461223817690313	0.3602032870483557	0.9940417327060282
662	0.9013751482018596	0.47284585782457955	2.271539267347382
663	0.6616936029537598	0.5660611013017458	3.3287083545980862
664	0.4977237422256435	0.44668283841497786	1.9748202510445787
665	nan	nan	nan
666	nan	nan	nan
667	nan	nan	nan
668	nan	nan	nan
669	nan	nan	nan
670	nan	nan	nan
671	nan	nan	nan
672	nan	nan	nan
673	nan	nan	nan
674	nan	nan	nan
675	nan	nan	nan
676	nan	nan	nan
677	nan	nan	nan
678	nan	nan	nan
679	nan	nan	nan
680	nan	nan	nan
681	nan	nan	nan
682	nan	nan	nan
683	nan	nan	nan
684	nan	nan	nan
685	nan	nan	nan
686	nan	nan	nan
687	nan	nan	nan
688	nan	nan	nan
689	0.6444517250415067	0.29196039615107666	0.22008811750254365
690	0.6448092451004376	0.2861654094365625	0.15436623997385832
691	0.6447185843935606	0.33192707248438086	0.6733566298577501
692	0.6970113232264922	0.27705887059420636	0.05108751648540923
693	0.7130430175955657	0.3400010901770147	0.764925364714497
694	0.8119869665956656	0.34530097617092564	0.8250322252419612
695	0.797376026374688	0.37432851299750786	1.154238194860129
696	1.0238803612960814	0.3345104270049397	0.7026548694875504
697	1.1188213805984455	0.2901504605967792	0.19956134691713
698	0.9993440803680548	0.19823636859952892	-0.8428511718680888
699	0.9063908857798872	0.25920453407685146	-0.15140138914237666
700	0.8341167352315011	0.22923635350988208	-0.4912753508974398
701	0.8498447576464363	0.1814437095125244	-1.0332994227903691
702	0.9720600189801075	0.12992902508783968	-1.6175357545507674
703	0.8832682698075953	0.16219624543065322	-1.2515880124705194
704	0.8129290565195182	0.24381074610576797	-0.32598481747089453
705	0.8291859472248886	0.1747169308103012	-1.1095889033033792
706	0.8614199387011574	0.3110403865676088	0.43647736137485554
707	0.9046971591493911	0.3123678564301005	0.4515324108553297
708	0.7559147460256166	0.24033524396878778	-0.3654010468860893
709	0.7131145459895644	0.2549332434615024	-0.19984278384105741
710	nan	nan	nan
711	nan	nan	nan
712	nan	nan	nan
713	nan	nan	nan
714	nan	nan	nan
715	nan	nan	nan
716	0.46850041846515894	0.41281968697040733	1.5907727973375223
717	0.5843232446207529	0.35166807653549936	0.8972425358066581
718	0.5342771236223339	0.3784677868011225	1.2011823656375185
719	0.6924367425578711	0.3607631926230913	1.0003917119938561
720	0.7104674755432858	0.3664892741852231	1.0653321250931875
721	0.8635023644094016	0.23114604563426144	-0.4696172249863647
722	0.9989772797127416	0.17043459390548243	-1.1581555757497826
723	1.0694726866168338	0.21599254299819276	-0.6414755386359776
724	1.1916240404806608	0.28424756946394725	0.13261570800384617
725	1.088884654593717	0.2961130155444085	0.26718364276203144
726	0.9782509066818992	0.23364730762525118	-0.44125000995423075
727	1.147485788808086	0.2280315272032066	-0.5049394800614189
728	1.1737112878578082	0.25011265991652937	-0.2545137981103413
729	1.1874726001854277	0.21859014043210148	-0.61201576783226
730	0.8642605245156878	0.2404458558587518	-0.36414657962955105
731	0.8638460437080249	0.24853319417590664	-0.27242677342501626
732	0.6399769442122235	0.23557769357989727	-0.4193571919816565
733	0.5524484625777688	0.32360121710709394	0.5789317632645105
734	0.5264267196648887	0.3697848311121372	1.1027075669034316
735	0.6948830725532982	0.40035783809434017	1.449440962432266
736	0.7766344328148728	0.299120736915503	0.3012946951819428
737	0.807785131550502	0.23740100615545648	-0.39867871044393655
738	0.9673279392595627	0.24415351200539454	-0.3220974542057045
739	1.0523795284595068	0.17665944549678936	-1.0875585314298262
740	0.9862426371751652	0.1684743797444016	-1.1803866802149374
741	1.0882350475609348	0.13469575807449125	-1.5634754681352665
742	0.9669612803476104	0.21826416399988752	-0.6157127190438211
743	0.84523191327553	0.3123776528267694	0.45164351336752034
744	0.7015383432295085	0.3019936699312292	0.33387709115789366
745	0.7474726836341367	0.29290216141420233	0.23076882900942144
746	0.6999151107312465	0.2832863874277591	0.12171478774687415
747	0.5441637589155769	0.2807543394729567	0.09299842414150362
748	0.5394005671293415	0.3146696145489708	0.4776370203465238
749	0.5106605147458189	0.25389673405654434	-0.21159800391763992
750	0.5032140698041997	0.23626419386751432	-0.4115714816687801
751	0.5291844426500318	0.17189306020363443	-1.1416148745973906
752	nan	nan	nan
753	nan	nan	nan
754	nan	nan	nan
755	nan	nan	nan
756	nan	nan	nan
757	0.8486350463130968	0.14798907060024846	-1.4127138700835964
758	0.992483292521142	0.2559326261695307	-0.18850862361307696
759	1.0140636192751606	0.23510765361821842	-0.4246879908802413
760	0.810262750608437	0.2292432965262138	-0.49119660903114865
761	0.6410240893440887	0.25485852402321235	-0.2006901890231975
762	0.5081510408935123	0.2926670000383282	0.22810182597627063
763	0.5788609893961969	0.2980079975691906	0.28867493906472386
764	0.7853932604822562	0.24395448714051396	-0.32435462724841113
765	0.7563198941774644	0.21454304950252334	-0.6579144777904736
766	0.7218974893615485	0.41155619695297846	1.576443353582941
767	0.7689658607335781	0.4193193382785533	1.6644863894986976
768	0.8408209593781555	0.25561679691643663	-0.19209049403218217
769	0.9589719660906456	0.2632823755985851	-0.10515393176658637
770	0.9442522807851776	0.22008711442453416	-0.5950383447179197
771	0.8857073436981885	0.20963357973650967	-0.7135935650064285
772	nan	nan	nan
773	nan	nan	nan
774	nan	nan	nan
775	nan	nan	nan
776	0.795738578101769	0.16026247717408468	-1.2735191896738673
777	0.8926010051831074	0.20866110273141703	-0.7246225833246387
778	0.8936466189474797	0.223359152750288	-0.5579296311507675
779	0.7808957111558879	0.3238889872739607	0.5821954110681987
780	0.5439829548709421	0.2842105213157113	0.13219553898862993
781	0.5357829044397598	0.2940291623376812	0.2435503279699078
782	0.505802122603882	0.2639338231206578	-0.09776576051249296
783	0.5614020744965568	0.21568797269466483	-0.6449297194949609
784	0.7003568418667788	0.18170661778381994	-1.0303177377480053
785	0.8730752341286635	0.10869663682869554	-1.858335688968901
786	0.9034367946743476	0.06887619973508918	-2.309945678556965
787	0.9834948546241001	0.13125285151415947	-1.6025220258666422
788	0.8833693441727946	0.140935913970878	-1.4927048552268611
789	0.9146373905666547	0.2069786834555324	-0.7437031712619071
790	0.9655359253669457	0.2585214953578138	-0.15914784124855805
791	1.1039571626732596	0.2606025180596379	-0.13554662766835354
792	0.9388777854988049	0.2773701759806902	0.05461808100478372
793	0.6772941924959738	0.34030831666882355	0.7684096698325154
794	0.6350558887955458	0.3363113955649945	0.7230799439472521
795	0.7248626436690678	0.37259168343667876	1.1345405311193106
796	0.726128417287374	0.38091060993384135	1.2288868161672637
797	0.756915575951119	0.32899206255901736	0.6400702096530082
798	0.6389517867743101	0.38717876994874545	1.2999750282934353
799	0.6612618432868769	0.37761410793131334	1.1915006561022918
800	0.6667872626571022	0.1891231319422831	-0.9462058563537886
801	0.7186093546584421	0.08695597898394856	-2.1048999906068726
802	0.9485175675767731	0.03952003926393765	-2.6428786218483116
803	0.9039369896456176	0.07573475205212397	-2.2321617322581284
804	0.7486961797525304	0.14938069953170452	-1.396931182270101
805	0.6575637544577071	0.3010496638203586	0.3231709658358838
806	0.7738445434800364	0.23840785261908398	-0.38725990256177484
807	0.7520708367605728	0.25220848484964487	-0.23074471004137417
808	0.6956672394941574	0.23688693396236904	-0.40450888596968454
809	0.6535362922037317	0.2029887711297729	-0.7889534094664205
810	0.6832591149797916	0.1615746795397018	-1.258637291334059
811	0.7873226853571256	0.1429687695032422	-1.4696499132721323
812	0.7930073076039084	0.18997736831688664	-0.9365178240669109
813	0.9422217810184708	0.18914049027257285	-0.946008992734663
814	0.8606088191098832	0.24099628252809432	-0.3579041021342279
815	0.9280352090836076	0.2601541440732897	-0.14063170925171956
816	0.8013560792787352	0.23877389738480553	-0.3831085299274745
817	0.9470081990259474	0.272869729726109	0.0035777952993467322
818	0.8715556371221409	0.27204722540929116	-0.0057503586101915576
819	0.8183137891497662	0.27246690930773876	-0.0009906559338331963
820	0.7915214766418441	0.2959209506353553	0.26500540369916387
821	0.9806639643391347	0.161151026929076	-1.2634420038143344
822	0.9547447088002903	0.10632630436077616	-1.8852180111955747
823	0.7445196364562123	0.17256766305459756	-1.1339640950295176
824	0.7318038044451817	0.1705791915284195	-1.156515670822683
825	0.7760815092676414	0.19284449133002937	-0.9040013202658768
826	0.6895028878209319	0.2786311242110687	0.06891869794310886
827	0.6563896871470157	0.2618784617615966	-0.12107594467203225
828	0.6208104745544638	0.11815257256211764	-1.7510943990735215
829	0.6208051839482472	0.13713587400560423	-1.5358017204148895
830	0.6588107278369242	0.15858497734009241	-1.2925439854284289
831	0.6810850148575076	0.23863232119241848	-0.3847141683241485
832	0.5863609900871494	0.2545578105203284	-0.2041006292849952
833	0.5150104906766536	0.2957256008034292	0.26278990979700534
834	0.6265857023853537	0.3861271424980357	1.288048352025439
835	0.6200950137144572	0.3653560748870819	1.0524803293674967
836	0.6453627104610864	0.2668470855420106	-0.06472598225285936
837	0.5864330481063361	0.2236958102201107	-0.554111544571658
838	0.5764880053300359	0.22051044530824707	-0.5902372809943729
839	0.44521960490097995	0.20108901395233492	-0.8104988615443529
840	0.4721327050243922	0.28023041342556676	0.08705649446728932
841	0.5985898319852597	0.26145982630815795	-0.12582375676470742
842	0.6195065471294101	0.313574364364531	0.4652156116304804
843	0.623047793152728	0.3026980327494906	0.34186538330731125
844	0.6057011243061912	0.2931162633677544	0.2331969937427003
845	0.5576621839478422	0.2658608298033794	-0.07591126740699748
846	0.6053749955177722	0.3200100261836807	0.5382034886923609
847	0.6630755183627189	0.31609714972996106	0.49382692671817224
848	0.8135848833315962	0.29960082251074227	0.3067394232284412
849	0.7324610150389245	0.27793198609818864	0.0609896600187841
850	0.5746945224181401	0.4088541362043037	1.5457988475041455
851	0.7234080891189979	0.41275851683180553	1.5900790569450671
852	0.7802450950075013	0.20315100377532833	-0.7871135029079389
853	0.8975868576131132	0.27422598163780476	0.01895926663477949
854	0.7764099484696154	0.2998881532874495	0.3099980878375727
855	0.8556076812732215	0.16595679163054383	-1.2089390524356054
856	0.8536615782151401	0.12146968635577038	-1.7134744773661712
857	0.9274831012034701	0.15318666097678918	-1.353767160625968
858	0.9983516857083395	0.19538856916722827	-0.8751485238270076
859	0.798701712635836	0.34331892238959205	0.8025534341265625
860	0.5977474151271184	0.3941416824288259	1.3789425400070783
861	0.5237658423473708	0.3215766238264214	0.5559705248367333
862	0.507456543753028	0.16233858399922219	-1.2499737278427967
863	0.5427552322204852	0.22281962254954757	-0.5640485300409547
864	0.6572677743890943	0.20915028155353108	-0.7190747275278198
865	0.8195549980796514	0.09408758746071541	-2.0240192704287425
866	0.8701881856494498	0.06131196018080099	-2.395732937454287
867	0.7051889489626416	0.09300178040537224	-2.036333583097021
868	0.7410208612083311	0.13181064479475896	-1.5961960024467667
869	0.6265993194948097	0.2247423339150918	-0.542242750819267
870	0.8113568531109482	0.2359136682757679	-0.41554684885188836
871	0.6804787802976305	0.24127694276140485	-0.35472108923195367
872	0.7199126425327088	0.2441390082921805	-0.32226194315287965
873	0.6952995084622309	0.191826758442744	-0.9155435928318446
874	0.7633932175999674	0.20990097137372385	-0.7105610333891997
875	0.9130218586667603	0.25832285241262115	-0.16140068287858148
876	0.6833007954524404	0.1588866531901715	-1.289122631032119
877	0.4513124878740235	0.25129836489732466	-0.24106652698238443
878	0.5229713329813603	0.28025322387786483	0.08731519148009749
879	0.5111242932078129	0.2537208888749117	-0.21359229243987685
880	0.5162221364880911	0.21660737487986736	-0.6345026312560619
881	0.6214920066160418	0.2657533160361578	-0.07713059835460533
882	0.5422595022216735	0.2920031459570095	0.22057294993587012
883	0.697621050431876	0.3181466885119031	0.5170710760929612
884	0.7399136744448661	0.2699127915680809	-0.02995731652327151
885	0.7466092808019109	0.277472723430586	0.05578108814784591
886	0.635053325027536	0.3519577983548679	0.9005283176156547
887	0.8137781306093534	0.39019960108580465	1.3342347606802918
888	0.7321578169228155	0.3228095662036656	0.5699535228847215
889	0.6796945904214644	0.23579303375239674	-0.4169149844078981
890	0.6477202204198411	0.2786141506562438	0.06872619812449199
891	0.6251020898017159	0.331424160194569	0.6676530205921927
892	0.6572393970077062	0.29614832563051485	0.2675841001347459
893	0.6596064846558152	0.3176047562803018	0.5109249353839689
894	0.6948671432752124	0.2545230479993119	-0.20449487663384774
895	0.5931111211790568	0.2747666061431715	0.025090576209955556
896	0.6088495971518733	0.24052249152160057	-0.36327744223611036
897	0.54580036484613	0.24363258611491156	-0.32800535861730473
898	0.47677334186514203	0.2465262766974501	-0.2951875477334276
899	0.7509243979747535	0.247885930296693	-0.27976749731172945
900	0.7221710180794486	0.22486321997908335	-0.5408717625005744
901	0.7395237829571628	0.4639032491615097	2.17011970242082
902	0.7244938426754167	0.38362123613983795	1.2596284644768903
903	0.713237031093047	0.27410733036798307	0.01761362347664882
904	0.8543943733463033	0.19573686187072792	-0.8711984801890805
905	0.7297446983298387	0.2895160306572505	0.1923661748071056
906	0.6148112031389894	0.2818635586967684	0.10557825798257682
907	0.7269060756305687	0.31627772029944035	0.49587480662493366
908	0.7469636165313454	0.33690147204068255	0.7297720962813715
909	0.7818913959416143	0.17411995756613893	-1.1163592729993905
910	0.7372887475021364	0.19495088208058653	-0.8801124035598307
911	0.6079851419520242	0.21465569171190332	-0.6566369843544853
912	0.7000814954368108	0.252882361695951	-0.22310216420922852
913	0.6787248831352974	0.22247907387857968	-0.5679107473588738
914	0.6753569861070852	0.17921146039475477	-1.0586157195066543
915	0.6397727762906575	0.29019807243102974	0.2001013203965677
916	0.744321883291213	0.3272666798886863	0.6205023669406853
917	0.9230627154948133	0.2825767589756956	0.11366677719655226
918	0.9368470770964508	0.21320980569860018	-0.6730350104705323
919	0.6658355968245396	0.23051218973549265	-0.4768058868076904
920	0.6117715866514613	0.3354299422417565	0.7130832398630117
921	0.4790030654006939	0.26911287641447057	-0.039029283095213016
922	0.5134744419937882	0.3095777687970727	0.4198895777056207
923	0.6602796250834189	0.3251161256281355	0.5961125847559026
924	0.6993797160533346	0.3898724390481419	1.330524363326411
925	0.6854112634744598	0.2776231137251337	0.05748668869650856
926	0.6537489817177069	0.29924546217000075	0.30270922437841263
927	0.6166101243157329	0.33483455909506	0.7063309037184222
928	0.593550750803955	0.4165114026162934	1.6326411389752986
929	0.5259880762054814	0.354050893318741	0.9242664446638216
930	0.467695339638429	0.37265734265015593	1.1352851828328285
931	0.4480486016085198	0.33203769723440013	0.6746112429622458
932	0.3855519317894359	0.37733327870451133	1.1883157266176168
933	0.5165390937337294	0.38018327249526485	1.2206379651491195
934	0.5980453487146274	0.17916075645381424	-1.0591907610660023
935	0.808764619261656	0.1179419475072298	-1.7534831317391444
936	0.8414377616246704	0.24077417714604293	-0.36042303503895456
937	0.8146483595540982	0.26204566675306823	-0.1191796459377904
938	0.6298976638181554	0.30658758715009776	0.3859774461214699
939	0.6225797363235182	0.3015560681049932	0.3289141783770617
940	0.6151388306880261	0.2826565184424761	0.11457134215342604
941	0.6504289109069222	0.19739153206929044	-0.8524325990063126
942	0.7940054291815635	0.17125124848375634	-1.1488937646670876
943	0.7807865484178157	0.1710542194257214	-1.1511283029429615
944	0.6806816937654494	0.2841772299950074	0.13181797675943796
945	0.7062938257168502	0.31368752700770297	0.466499007389912
946	0.7268270141173122	0.25448533099778237	-0.20492263122197574
947	0.8735162919124531	0.16660644154860066	-1.201571268098134
948	0.7482409283129486	0.17008231171719057	-1.1621508647771874
949	0.7091727020598195	0.1532945560713047	-1.3525435049841121
950	0.5031000328445657	0.188921303720571	-0.948494822717762
951	0.50448101366034	0.27449255119600424	0.021982474921518554
952	0.49859685420157407	0.28212850384168514	0.10858304353668814
953	0.4678835600185206	0.3134542314547105	0.4638531649545265
954	0.5087493401280767	0.309471956000372	0.4186895377386064
955	0.43033616364265664	0.39706540061150347	1.412100898739646
956	0.3458778896822105	0.3594868103196887	0.9859160547479292
957	0.31001692606956754	0.31861698673982053	0.5224048040305479
958	0.38493136684036533	0.3764383549984804	1.1781662527529102
959	0.4648460433250778	0.2911909478145212	0.21136168000906477
960	0.5192364832637344	0.27319934339625795	0.0073159970120534054
961	0.5751453927416554	0.17204652580064622	-1.1398743965482496
962	0.5392935671921449	0.14404553862814512	-1.4574381012284057
963	0.5341775945478158	0.13949763531438095	-1.5090166050843148
964	0.5748497415244798	0.2148158753530895	-0.6548203158845182
965	0.6203133216189676	0.29708592331042705	0.2782175464092702
966	0.674188419935117	0.2740371047191078	0.01681718308392229
967	0.6602124675352203	0.2479278593789888	-0.2792919728373362
968	0.4961696835613332	0.2952135125068328	0.25698223396084047
969	0.35823085492883655	0.23100675808523366	-0.4711969075101481
970	0.2861886857959006	0.20634033994479464	-0.750942727813238
971	0.27536588593454236	0.25931382616574133	-0.15016188996235535
972	nan	nan	nan
973	0.3324090597555021	0.22905468486286318	-0.4933356842784076
974	nan	nan	nan
