ID	SN	ssim	z_ssim
5057	nan	nan	nan
5058	nan	nan	nan
5059	nan	nan	nan
5060	nan	nan	nan
5061	nan	nan	nan
5062	nan	nan	nan
5063	0.21297391333326268	0.16580091664147042	-2.170047731469417
5064	0.4753111973026249	0.2725290629122179	-1.262403094743386
5065	0.59318810741307	0.2682873441420853	-1.2984758030844863
5066	0.5864145098290242	0.3522543285007442	-0.5843981611674188
5067	0.4938261479636024	0.40128774251290356	-0.16740492364220586
5068	0.5482975257697383	0.32842431012607665	-0.7870549965628442
5069	0.6565164376683214	0.40448773201170224	-0.14019135901421878
5070	0.6036110497062899	0.5304222661102582	0.9307895251021456
5071	0.7964804005689438	0.5047420596214625	0.712398196253956
5072	0.7970151681573852	0.3983098929394842	-0.19272935106582512
5073	0.6949811247119442	0.3529027670804188	-0.5788836664473955
5074	0.5400394212621298	0.3666842071902235	-0.46168262212031286
5075	0.4541624826690498	0.4057691871006332	-0.12929352297645136
5076	0.5081256602515618	0.4141384116870068	-0.058119403732335165
5077	0.4448220471224103	0.35520061030340694	-0.5593421944903014
5078	0.3919323883825807	0.3040317336489164	-0.9944959761827836
5079	0.5914351503803312	0.35617722119933665	-0.5510368348187284
5080	0.6866112263219654	0.435351558235852	0.12228285533341453
5081	0.5200833558642758	0.37843563158438476	-0.361745373157006
5082	0.7531486249790882	0.45147610506113567	0.2594103044364804
5083	0.702820116623747	0.4462407370529346	0.21488733781550803
5084	nan	nan	nan
5085	nan	nan	nan
5086	nan	nan	nan
5087	nan	nan	nan
5088	nan	nan	nan
5089	nan	nan	nan
5090	nan	nan	nan
5091	nan	nan	nan
5092	nan	nan	nan
5093	nan	nan	nan
5094	nan	nan	nan
5095	0.39077080986597573	0.44885415082533	0.23711250593604485
5096	0.3749129106713313	0.43380765124497883	0.10915305828517408
5097	nan	nan	nan
5098	nan	nan	nan
5099	nan	nan	nan
5100	nan	nan	nan
5101	0.36952049908249657	0.1696691243917814	-2.137151460513813
5102	0.3435051133816727	0.3588147645857091	-0.528606462021845
5103	0.30678303438389354	0.4162179910931991	-0.04043410551785953
5104	0.3833972572767599	0.4131194226503029	-0.06678515842183129
5105	0.6417813013802942	0.5245239376759203	0.8806285661036215
5106	0.7675665374267664	0.5369868604777448	0.986616587391938
5107	0.5250984282767706	0.47531311629157597	0.4621266089434693
5108	0.48280809355793575	0.4094272927835095	-0.09818401606890281
5109	0.4544399879375822	0.3602381006847115	-0.5165020320129058
5110	0.36654177374063623	0.36647309551478213	-0.4634779721442747
5111	nan	nan	nan
5112	nan	nan	nan
5113	nan	nan	nan
5114	nan	nan	nan
5115	nan	nan	nan
5116	nan	nan	nan
5117	nan	nan	nan
5118	nan	nan	nan
5119	nan	nan	nan
5120	nan	nan	nan
5121	nan	nan	nan
5122	nan	nan	nan
5123	nan	nan	nan
5124	nan	nan	nan
5125	nan	nan	nan
5126	nan	nan	nan
5127	nan	nan	nan
5128	nan	nan	nan
5129	nan	nan	nan
5130	nan	nan	nan
5131	nan	nan	nan
5132	nan	nan	nan
5133	nan	nan	nan
5134	nan	nan	nan
5135	nan	nan	nan
5136	nan	nan	nan
5137	nan	nan	nan
5138	nan	nan	nan
5139	nan	nan	nan
5140	nan	nan	nan
5141	nan	nan	nan
5142	nan	nan	nan
5143	nan	nan	nan
5144	nan	nan	nan
5145	nan	nan	nan
5146	nan	nan	nan
5147	nan	nan	nan
5148	nan	nan	nan
5149	nan	nan	nan
5150	0.4405129656024208	0.6281110964150958	1.7615614066758756
5151	0.5441351489529331	0.6355825315094265	1.8251004845008838
5152	0.622303700347982	0.5151667064305063	0.8010521745774336
5153	0.5175756783793883	0.4636786262356032	0.36318380079652074
5154	0.43232060179592446	0.44269025229330905	0.18469306795836446
5155	0.3821988876750653	0.2839520341204079	-1.1652590993226462
5156	0.48715087878543417	0.2465379079967849	-1.48343881198955
5157	0.5533439602250028	0.45878205721542814	0.3215420711796086
5158	0.5444691060486199	0.4398395021461046	0.16044952797227527
5159	0.5441877471127501	0.5062294899890843	0.7250477010270513
5160	0.5158911821080077	0.6296908241459866	1.7749958328561368
5161	0.6719433179469593	0.7222027381655434	2.561741836858688
5162	0.6784677352609987	0.490628576545179	0.5923733699329229
5163	0.417518017674284	0.5821155732472478	1.3704032035642053
5164	0.36134749860635756	0.5519196278143003	1.113608825691659
5165	0.39503413557927575	0.4393482325032669	0.1562716398322823
5166	0.47486135743550567	0.40898617129994763	-0.10193543088017344
5167	0.5510886582809528	0.43827379427955565	0.1471343304596353
5168	0.526773430135671	0.37416292060411693	-0.3980816475234937
5169	0.4283972004437576	0.28781265601931927	-1.13242734047166
5170	0.2766564722295419	0.2064474925875329	-1.8243784029201155
5171	0.3490728951019795	0.22963898702559088	-1.6271517454743254
5172	0.7983283607704957	0.35652875532778106	-0.5480472947821263
5173	1.0340162422697643	0.4921989135020046	0.6057279344645671
5174	1.0399512197969336	0.590113044522395	1.4384158334457697
5175	0.9226161974162213	0.5025755073778032	0.6939732578206063
5176	0.8323199628965794	0.2316003671210976	-1.6104716457398862
5177	0.8649558900246808	0.17082054370271482	-2.1273594834327128
5178	0.7000571268602401	0.6175512253438517	1.671757445141503
5179	0.6800976594777183	0.6168428592407686	1.6657333107705117
5180	0.6308811040132812	0.5996096786283669	1.519177744098362
5181	0.5248618256376083	0.5280699738853947	0.9107850043031657
5182	0.5718153123343092	0.3429214513714306	-0.6637674387912939
5183	0.5679733693256507	0.5067571190239756	0.7295347991397186
5184	0.5738468681691545	0.46710921142208894	0.39235841268799515
5185	0.6822301069936234	0.3660825299737765	-0.4667994457289886
5186	0.6687930454105843	0.3849751174056942	-0.3061318406442216
5187	0.7914434928332466	0.49489602216662704	0.6286648662829247
5188	0.6636319027618824	0.4878353934830016	0.568619395799914
5189	0.408206845899626	0.37020432879608467	-0.43174656862531247
5190	0.24291085898379305	0.2231662829798324	-1.6821973479468362
5191	0.2946304170012553	0.22832955373317937	-1.6382875156205887
5192	0.31913714271779065	0.29131336823946963	-1.1026563495722181
5193	0.28774079114944934	0.2534326429521112	-1.424804146041411
5194	0.22440631649087836	0.2041463769637331	-1.8439477042469652
5195	0.23990120290655384	0.2119737246497402	-1.7773818507656192
5196	0.2608277933628073	0.2881162939695609	-1.1298451223157842
5197	0.2700201202556488	0.24680534130050294	-1.481164487809068
5198	0.45317665764930076	0.4056205280937492	-0.13055775884125295
5199	0.5720388970457345	0.41318827592243124	-0.06619961182187627
5200	0.5482958294367751	0.3695780527668401	-0.4370725871023121
5201	0.5503785341684577	0.5020904935111712	0.6898485704708461
5202	0.5197096556399506	0.3702060444945159	-0.4317319778680123
5203	0.6761728234432465	0.4043943874569603	-0.14098518601711782
5204	0.7447892172348081	0.4938678523430962	0.6199210357323226
5205	0.521549630037229	0.42981295727833635	0.07518111479252627
5206	0.5043608927966203	0.48386178858552575	0.5348267993791632
5207	0.5680728351475672	0.647436576603304	1.9259104472793287
5208	0.5186280404447251	0.6919431023922691	2.304405819335977
5209	0.5699093068291554	0.5648288799773834	1.223392550972923
5210	0.6019699660730295	0.6152412744271715	1.6521130061262645
5211	0.46078840805745847	0.4803830809472665	0.5052429413161352
5212	0.4139995449311148	0.40127547049901324	-0.16750928812316584
5213	0.5119641557941835	0.3493335987641969	-0.6092368262556174
5214	0.5768008624135493	0.4327055754028152	0.09978071122999686
5215	0.6120169866167753	0.5178579634486082	0.8239393424322453
5216	0.6947332864088217	0.5227270831923985	0.86534763607783
5217	0.46394286326815126	0.4299876475367214	0.07666672736663832
5218	0.4664568298499809	0.46956857283174885	0.41327347840633044
5219	0.5367286921360584	0.49763770637472104	0.6519808804181298
5220	0.6204024785706431	0.5392408673269926	1.00578526312883
5221	0.5018304456289708	0.3991055453396849	-0.18596291073144183
5222	0.6761423943897737	0.39503603096255036	-0.22057114696104474
5223	0.7238584499233977	0.47277521181181625	0.4405435919974678
5224	0.37957393301299663	0.375571214474544	-0.38610514064043905
5225	0.24790813171458867	0.31391746781074253	-0.9104250548222756
5226	0.27889312550777573	0.32771466006605143	-0.7930900500463012
5227	0.25938337869968586	0.4428859912077749	0.18635768392070678
5228	0.2383903302655539	0.45556313711761737	0.2941675156859154
5229	0.22125623158097074	0.508842508437703	0.7472695072086968
5230	0.23519474888373654	0.5111493808074793	0.7668877654395422
5231	0.18162333033300845	0.3143224790804574	-0.906980730905717
5232	nan	nan	nan
5233	nan	nan	nan
