ID	SN	ssim	z_ssim
494	0.47514290838375045	0.21785010710239927	-0.8959054352246246
495	0.6859037393371159	0.164221627336315	-1.3427780195512398
496	0.5994952622769852	0.11067193831183905	-1.7889940605173666
497	0.5813562923734935	0.18041219980470646	-1.207866066196689
498	0.6409759146222794	0.22966459810260254	-0.7974582640798763
499	1.7591823065560463	0.18439953364374867	-1.1746406198480752
500	1.9721641711382014	0.2203649765812757	-0.8749496626916061
501	0.966904652488154	0.37374087854643306	0.40309301134185055
502	0.2717340464636417	0.3307366955044112	0.04475000970046187
503	0.4432025601344119	0.19067126480746152	-1.1223798672488081
504	0.6089283294764326	0.32503802305789536	-0.002735589266971809
505	0.7617890440076752	0.2958553403119686	-0.24590751793505575
506	0.9204995370364776	0.2777261359642826	-0.3969736013663312
507	0.8138346243710408	0.3724468538888122	0.3923102305236052
508	0.7158345128159275	0.21478635243497562	-0.9214349294774187
509	1.0654914730703184	0.0859096885836496	-1.9953316367090217
510	1.6136660141170405	0.24112050986415756	-0.7019990432137772
511	1.2000418115416236	0.2956576946393923	-0.2475544494324688
512	1.0385285361657295	0.2766541263442681	-0.4059063869199844
513	1.5877719142285525	0.4526059386269425	1.0602556488988297
514	1.7797695223047219	0.4652667126307324	1.1657546826832426
515	1.5411796594847096	0.4478070778016134	1.0202679530291665
516	1.050735234964655	0.4498874712510036	1.0376033464842893
517	1.2666910100905273	0.4834512771333138	1.3172820683105666
518	1.2964946597669251	0.3510215093422284	0.21377824286739167
519	0.809588855620936	0.34974266787268415	0.20312197972266033
520	0.4476785542176917	0.3686140818839897	0.36037270892313417
521	0.9083729924926979	0.2242506299799475	-0.8425714937851647
522	1.1426946983026463	0.1423517603274723	-1.525014100673599
523	1.095820182687729	0.22189965013091578	-0.8621616154037344
524	1.0281298971206652	0.28771673170721646	-0.3137244889902091
525	0.9154205804150228	0.22025079522289157	-0.8759011071279506
526	0.8170495747281078	0.20001752547485357	-1.0444998364061466
527	0.6208799545728059	0.2592659429541597	-0.5507977297694411
528	0.9617830327217995	0.15084281321829762	-1.4542603003509436
529	0.9350786735165438	0.3806918823698018	0.46101397154362367
530	0.6155631232066555	0.5414606358704273	1.8006594112271133
531	1.67064352673399	0.5045625404077644	1.4931968960103734
532	1.9626907094283916	0.35711903952527446	0.26458742266872837
533	1.9594976066458978	0.33644077320404325	0.09228064927765206
534	2.1891170738279437	0.34742678875025085	0.18382434359827557
535	1.040176908847197	0.2952149376240119	-0.2512438318754314
536	0.3124430064026982	0.2901066115236537	-0.29381022376286003
537	0.43250641512087357	0.2299017212430058	-0.7954823768084517
538	1.552607288636662	0.09572083104460065	-1.9135778632318454
539	2.4065702749531632	0.14510568564763776	-1.5020663361605513
540	2.0808736319173007	0.44044703519484224	0.9589385758999298
541	1.0137018200675048	0.44907563755813495	1.0308385412547167
542	0.9034310068805987	0.37933615964690687	0.4497170763220383
543	1.2395356505358515	0.3171166772988862	-0.0687421638727237
544	1.055563714263567	0.3298355384157655	0.03724089516199561
545	1.352984629894463	0.321960454935458	-0.02838018755343212
546	1.7715544033637152	0.3151796755911111	-0.08488271014168486
547	1.5492291590584606	0.5362349248080033	1.757114880082555
548	1.3235497553642432	0.5936173911944136	2.2352684872886135
549	1.0914074934960396	0.5944203516684001	2.241959354225129
550	1.078014028993806	0.3234956586486621	-0.015587722546411834
551	1.1948673376412506	0.45152130678558966	1.0512176855610214
552	1.1792643669436058	0.5197151115111642	1.6194594460155922
553	1.055922756061421	0.443448292961825	0.9839472992575904
554	0.910368948834742	0.4516419848783525	1.0522232656449573
555	1.1498573080915728	0.29089714838709924	-0.2872228796368611
556	1.2401450071937725	0.2010827794032324	-1.035623344325538
557	0.782712708646283	0.4750885283188526	1.2475973934681517
558	1.5061305114427415	0.5325345827655887	1.7262808639292204
559	1.938529845670304	0.47755354910148273	1.268137789398774
560	1.5314073433348776	0.3175343603195414	-0.06526171669831807
561	0.44948221503528274	0.4050827687605101	0.6642570707881752
562	0.3189440960913711	0.3576969683887761	0.26940315800033593
563	0.3356278696006906	0.20326084942414857	-1.0174740366566177
564	0.7467247312157118	0.24421425968051655	-0.6762196069566514
565	2.0147716241844966	0.26261360255800603	-0.5229025273482324
566	2.2081848366356764	0.631252499009457	2.548872340391967
567	1.189935088274523	0.5774692442554782	2.100710055161443
568	0.9311238889392608	0.5097214990717398	1.5361851962691262
569	1.200416577905977	0.44636953348695085	1.0082892591377997
570	1.702942331851453	0.5003788603513026	1.4583353461961432
571	1.954216393512441	0.43678859288467126	0.9284536996385323
572	1.3314731104183037	0.3562134613777042	0.2570414685622621
573	0.5152412250911401	0.3786807576357922	0.4442557768081015
574	0.44877950405811456	0.4182337379591743	0.7738407773903415
575	1.5974189412113895	0.3710054110566357	0.3802990512699065
576	2.851627587869788	0.3977755891369027	0.6033681875533141
577	3.0821761800007645	0.5498943499132616	1.8709354214036409
578	1.819999029064133	0.6024004551036187	2.3084555417143946
579	1.4804389637316322	0.6287864466056774	2.5283233482227203
580	1.6973911574755192	0.5076336663385747	1.5187878131402228
581	0.7192562309513445	0.3581663749774422	0.2733146046102733
582	0.666711252748479	0.42804458920812494	0.8555921242714298
583	0.8879548412972267	0.3332578958733766	0.06575853594247014
584	0.9035457309406207	0.34432370843552407	0.1579671586535707
585	0.9336093752814969	0.5036091372684155	1.4852524283199917
586	1.3059959409847186	0.49267758849103055	1.394162591834792
587	1.221269502344347	0.45449120480687505	1.0759650960740008
588	1.7372113658796935	0.4428222728876153	0.978730832006931
589	2.042662182224925	0.3997040345856169	0.6194374366753973
590	1.6459533968399245	0.3482649914947355	0.1908088754785621
591	0.40292691698398303	0.4060999867175443	0.6727332912454034
592	0.55762138555678	0.34636047092362054	0.17493898632209975
593	0.6645505276120527	0.20607626587364958	-0.9940138820851684
594	0.5220492816241252	0.24515528211131482	-0.6683783045853303
595	0.33348734637801036	0.30738361455863183	-0.14984531874718338
596	0.35984292091263226	0.24134491693697174	-0.7001291157236255
597	0.33124213988652496	0.24277017998671924	-0.688252758512607
598	0.6207896585244119	0.2737135190622156	-0.4304097250968672
599	0.904962527332138	0.14817943055388966	-1.4764535957694611
600	1.1029813332410359	0.3065589410866005	-0.1567171146153429
601	0.8801483365106211	0.3433952204843114	0.15023030293652836
602	1.0532359493375976	0.3794460556347158	0.4506328118471455
603	2.356656462047628	0.4301852187035666	0.8734294494927715
604	2.4022828576705417	0.35193397498259016	0.22138158871266325
605	0.7520345040020661	0.40163460376792803	0.635524382333445
606	0.8172975293776564	0.5075125922378246	1.5177789332216949
607	1.6306229154469565	0.4019146951915974	0.6378583134627402
608	1.4264539676402428	0.2815732616561411	-0.36491647411512435
609	0.8309779634637425	0.34167520278675856	0.13589782965096153
610	0.6887309845076861	0.08573842265313075	-1.9967587524749708
611	0.5535506417121276	0.20129261726667771	-1.0338748183793172
612	1.1408551284416413	0.3458687055470081	0.17084122957628706
613	2.2975719246490685	0.3302554385408595	0.040739816908020504
614	2.4872048506421227	0.3831536851188413	0.48152755241267126
615	1.2374553036405538	0.5471924501028529	1.8484211723304738
616	1.0939250664975353	0.5191271804850413	1.614560365187731
617	0.8136705098703808	0.5189075854894564	1.6127305355224069
618	0.6229734320575194	0.3904646149048077	0.5424476848038079
619	1.0798549971673561	0.37506760797090266	0.41414831272650476
620	1.7429220052773786	0.4932556150379531	1.3989791411376873
621	0.9574993083967861	0.4483874671389982	1.025104190868539
622	1.2978220197065924	0.5547469919673741	1.9113712626766335
623	2.082147759961365	0.5259177065249844	1.6711441045300055
624	1.4841264872485578	0.36046968396908813	0.2925074970079148
625	0.6140628332554771	0.2413757360383152	-0.6998723079318693
626	0.4341022242233552	0.3344159946897427	0.07540868103762156
627	0.9318841801928065	0.3461414689331109	0.17311409801837385
628	1.4724765113339544	0.348223238973069	0.19046096225520315
629	1.6846289031752457	0.3862921904473746	0.5076799250550059
630	1.4761771948434115	0.48087832712982825	1.2958423254273848
631	1.4054604329122202	0.46863294913422754	1.1938046817198142
632	0.8835030134753521	0.4655607542589361	1.1682048573454396
633	1.3025944758651065	0.46152409825135954	1.1345684218169407
634	1.7583337654779263	0.36539658448313095	0.33356211528226765
635	1.232377063248874	0.24082768452445358	-0.7044390828509365
636	0.6160145742274288	0.4450124693778931	0.996981186483929
637	1.0148361185282808	0.4789608862216308	1.2798647743635252
638	2.299436898376746	0.31549978246346055	-0.08221534037973278
639	2.154903326669061	0.39675932834958605	0.594899942949722
640	1.157344153692651	0.33109067072127424	0.047699595827779155
641	2.3457589896221114	0.4280909454041584	0.8559783987511721
642	2.9588139211429554	0.42031039047354024	0.7911449985782403
643	1.7212675038814134	0.39617233727319057	0.5900086944856662
644	1.073963962714931	0.3537340616666661	0.23638125665092297
645	0.44838396332964237	0.23881641089664768	-0.7211985182808774
646	0.35484511558818055	0.15469064173452862	-1.4221973166416564
647	0.3680981918676834	0.13828254501362666	-1.558921844682215
648	0.41286570148524104	0.3269733349666707	0.013390876333484136
649	0.542259910912382	0.24637641667291404	-0.6582028985374136
650	0.5997650544702057	0.141763718780478	-1.529914102443982
651	1.3244727749687797	0.18306202522730136	-1.1857857398519132
652	1.1453509682618213	0.15815233854744812	-1.3933518709439237
653	0.978621922247757	0.13226770569015664	-1.6090419824245545
654	0.6263161839049141	0.11220196017989525	-1.7762447745178982
655	0.3393745059996986	0.30105926115450515	-0.20254455919226214
656	0.3300087909910314	0.24623693466107807	-0.6593651669322682
657	0.28381216768655465	0.21397392362945605	-0.9282046936304857
658	0.29186504036397537	0.1824299022823105	-1.1910530607842298
659	0.4122994130417321	0.1862986828011171	-1.1588154893264437
660	0.9035018336595454	0.2641432480473947	-0.5101563776171905
661	1.9089593858898979	0.30504551017296244	-0.1693281523797386
662	2.985677777936147	0.4251039118721991	0.8310882023533045
663	2.628352339238189	0.4853182904913031	1.3328394193280872
664	1.2797645960251438	0.36039750211157606	0.291906023810304
665	0.7156820061594314	0.26041472110452146	-0.541225251431266
666	0.4994620972069159	0.4493333876093973	1.03298630736743
667	0.454385260828605	0.4359988129251272	0.9218726626016776
668	0.5192971210059644	0.08884935441037278	-1.9708361434417447
669	nan	nan	nan
670	nan	nan	nan
671	nan	nan	nan
672	nan	nan	nan
673	nan	nan	nan
674	nan	nan	nan
675	nan	nan	nan
676	nan	nan	nan
677	nan	nan	nan
678	nan	nan	nan
679	nan	nan	nan
680	nan	nan	nan
681	nan	nan	nan
682	nan	nan	nan
683	1.5743790343769264	0.24373048864121596	-0.6802507489076739
684	1.346127964105457	0.2277441588084923	-0.8134607999366573
685	nan	nan	nan
686	nan	nan	nan
687	nan	nan	nan
688	nan	nan	nan
689	0.5938994632627672	0.36175183977843356	0.30319137770956256
690	0.6603835404277106	0.2526022063653941	-0.606324964620815
691	0.5108169022416487	0.43123260324286655	0.8821570404649982
692	0.8097464564675011	0.3277877593416004	0.020177269062699704
693	1.010143765916101	0.31487420357702417	-0.0874281313240472
694	0.9989351391684762	0.2035874627173557	-1.01475245053209
695	0.8599601211654333	0.356037056687449	0.2555715328086192
696	1.2604440045436482	0.31147205523676397	-0.11577737463107204
697	2.133639784775621	0.25670051360520235	-0.5721748049368961
698	1.8118667377238327	0.2864947626702071	-0.3239068485110696
699	0.6962525383344135	0.39935268107782396	0.6165096965879571
700	0.41741600413850966	0.43634575290782424	0.9247636258986103
701	1.2930253305230501	0.23333293672109923	-0.7668909243793491
702	2.0901575235101832	0.19394858094022524	-1.0950708192151615
703	1.5261672139692535	0.19985259471153288	-1.0458741628230348
704	1.3281042229234234	0.1938967273813273	-1.0955029018319415
705	1.644611544001004	0.21530860849295394	-0.9170831015806191
706	0.9527131262790358	0.7445177665831613	3.492683223263885
707	0.6260171237885334	0.3603063192214229	0.2911462198041708
708	0.9699129935786398	0.21519922251034354	-0.9179945873611489
709	0.8186197529714069	0.19940055011399693	-1.0496409363436134
710	nan	nan	nan
711	nan	nan	nan
712	nan	nan	nan
713	nan	nan	nan
714	nan	nan	nan
715	1.0561530373062302	0.32824174718777765	0.023960235183667283
716	1.1222017076369133	0.31439857076608907	-0.0913914594724524
717	0.9068336145815377	0.2722777587353959	-0.4423735534678758
718	1.5954383006301982	0.27923042041277546	-0.3844387787871263
719	2.3584543394669772	0.35142069754463445	0.2171045773900177
720	1.507718882130399	0.20762361852511313	-0.9811201830424173
721	0.5281570305612305	0.16039825659661255	-1.374637202782649
722	0.2867322633997865	0.2035894758437669	-1.0147356756578836
723	0.2965032050753215	0.20190310879956905	-1.0287877465435573
724	0.30003891985296444	0.21284302801481322	-0.9376281613126459
725	0.31269530302678156	0.22807959214707774	-0.810665718600457
726	0.3567073576850445	0.2960960530830853	-0.2439017191770352
727	1.0766186073795883	0.2722638314262219	-0.442489606219519
728	1.3530946761361065	0.29308794118230663	-0.268967556301412
729	1.0515333891678296	0.3048341426659939	-0.17108942445930705
730	1.6193236415694374	0.3279263264112605	0.021331913475363645
731	1.4802883502187385	0.2513489865278101	-0.6167677291741505
732	0.9747819867154552	0.2507772481007803	-0.6215318811613049
733	1.0283504872662912	0.33826491857504754	0.1074807921808943
734	1.3077806248293797	0.2879093706962933	-0.31211927692254804
735	1.2687349072034653	0.2890940766091123	-0.30224742160914686
736	1.369451979424498	0.25123802712135	-0.6176923258984367
737	1.1571005991838217	0.24357534970567543	-0.6815434824954442
738	0.38391061806911503	0.22282771488398836	-0.8544282860899642
739	0.36214448036391794	0.22937315995597174	-0.799886744587329
740	0.38068539329787965	0.1667014770093182	-1.3221140582204307
741	0.4634896078079993	0.17618066608959027	-1.2431263684686742
742	0.5284746676067715	0.24199632075052221	-0.6947011321807169
743	0.5873510510916169	0.177630873174858	-1.2310421589063474
744	0.6395894756075416	0.1522012849983441	-1.4429404979300653
745	1.4650693947772138	0.23516242887244304	-0.751646228105238
746	3.3988089006260656	0.27102534415035995	-0.4528096080550003
747	2.932860681735004	0.16721998490901452	-1.3177934627804384
748	1.7121361242389224	0.11409988908348193	-1.7604298120629989
749	1.527189978474034	0.18628805016411154	-1.1589040884065895
750	0.6753828854842854	0.3306491960122645	0.04402089852010743
751	1.036626433250151	0.30979250501281796	-0.12977264267437308
752	1.009974829955936	0.129486204138664	-1.632219532712118
753	0.8184317704257911	0.19366218149634962	-1.0974573134844872
754	0.84512172548822	0.19017765769573647	-1.1264929707084006
755	1.1216463958853196	0.05041916250453191	-2.2910652315687527
756	1.0839172872239846	0.06038272643643073	-2.208041368450282
757	0.7329861958856536	0.2231993534749651	-0.8513315155249648
758	0.5264831850021323	0.3205316250207196	-0.04028626655002782
759	1.1890579230396434	0.45410181267074334	1.0727203896987945
760	1.4165808137451348	0.3193402605568268	-0.05021360588869307
761	1.537270050421863	0.3796109677884086	0.45200698319470206
762	1.1552709353490729	0.5809142507440208	2.129416424599321
763	0.9657903210045844	0.5624792046525857	1.9758018391217402
764	1.5090436188232297	0.498690188454097	1.4442640695521753
765	1.5045539806542791	0.3395998747212139	0.11860464476075676
766	0.7242531586038987	0.4414577905696027	0.9673609452904357
767	1.2209046476320895	0.3015432970945162	-0.19851120989048873
768	1.2357413248186304	0.45095809981088975	1.0465246240125174
769	1.2897372745782485	0.4748505748658022	1.245614587411036
770	1.1286214923276692	0.3291685866296676	0.03168335428866053
771	0.8092679143281788	0.37733501776470046	0.4330420661705973
772	0.3477437363514933	0.3097610140445758	-0.13003504896339543
773	0.4094163274759219	0.2474526420458921	-0.6492349841785074
774	0.4375541892198173	0.20471661447250097	-1.0053435139909161
775	0.4412206878531309	0.2550977214031216	-0.5855304677602033
776	0.46283550192476014	0.20701884093834044	-0.9861596420075555
777	0.8109991947959098	0.20410795068768833	-1.010415355663319
778	1.2681130596170411	0.11922444017104018	-1.7177282214529443
779	1.2720573979031047	0.1796577186286844	-1.2141529673810105
780	0.8309258857671236	0.1728829425117877	-1.2706054665903297
781	0.6507362555075278	0.2776103340428878	-0.3979385495451605
782	0.6497277800486251	0.2383618002346927	-0.7249866741685023
783	0.5853326764153776	0.2093821569361931	-0.9664667263749039
784	0.705907950579144	0.22967202670370648	-0.7973963634220964
785	1.094973035204967	0.07168558817047352	-2.1138574748286616
786	0.7300584553938415	0.3342629742825475	0.07413360061176756
787	0.7749604640783274	0.3409797262549902	0.13010259927252377
788	0.8778690739334403	0.3118784086825725	-0.11239133394391235
789	0.9142376104174927	0.35230706143352597	0.22449042392921492
790	1.2657691018467891	0.28475883913837674	-0.3383718610985236
791	1.0727346246847564	0.3984429547881636	0.6089291770605793
792	0.41471236978731624	0.48011472346692013	1.2894794088626527
793	0.5534091640264239	0.5884404879689971	2.19213065952916
794	1.580323997093897	0.2539472067639929	-0.5951174158209274
795	1.6465772468623154	0.28420338991081645	-0.3430002792984194
796	1.2832179925844014	0.38594156424758563	0.5047582454415663
797	1.295515304690326	0.40244881472049515	0.6423089966679876
798	0.7710467086820562	0.41181873807080044	0.7203862026741378
799	0.6167310086282076	0.30033716422344536	-0.2085616106381448
800	0.3855406387940121	0.22297370367695168	-0.8532117983304978
801	0.45470035560407013	0.2343813185106927	-0.758155023572165
802	0.47061163558227476	0.23265953909441947	-0.7725021768151137
803	0.6260366037553518	0.20686979681478523	-0.9874015890655798
804	0.6385777150307866	0.4361181795647387	0.9228673146775564
805	0.741741362246663	0.39396625584302136	0.5716259748144267
806	1.1967172760522524	0.31781673340273897	-0.06290877307613896
807	1.4159139706334463	0.1543030941529791	-1.4254266528091548
808	0.9925587226395308	0.43959552481013253	0.951843154812927
809	1.0449462589343668	0.5154888924426559	1.5842434293522019
810	1.1195262525540424	0.5513130128623401	1.8827567816418642
811	1.2911138024087314	0.4426028728275032	0.9769026266896941
812	1.9452890021110512	0.4270543359376216	0.8473405937403039
813	1.4841525154714634	0.4700237087235276	1.2053935303047147
814	0.5755251151415094	0.42493007408317207	0.8296396559396272
815	0.6219028290145378	0.2969173867805404	-0.23705775280735217
816	0.7879663184002362	0.20003658046486134	-1.0443410559845083
817	0.6484113496192385	0.1454803682570489	-1.4989442005583467
818	0.5436428038177483	0.17576165058944515	-1.2466179188583084
819	0.49516724486143565	0.3700446376548197	0.3722931690428792
820	0.49092354950956163	0.46015413519751047	1.123152865512235
821	0.695116955613096	0.20926323013954778	-0.9674577133503766
822	0.8201103803905485	0.16169158752461504	-1.3638602026381936
823	0.7017337988504679	0.1865071607663667	-1.1570782950686056
824	0.9131564631411163	0.2044540707569923	-1.0075312244977181
825	0.9724757368930548	0.1849276121572918	-1.17024027489883
826	0.7129678539935048	0.26644672075764586	-0.4909621209937394
827	0.7777432377763628	0.43668667952978624	0.9276044813785049
828	1.441534981368534	0.2287701593237496	-0.8049113966387582
829	1.1913773432697914	0.21940548077461489	-0.8829448990407118
830	1.6306369853738152	0.34491220768487146	0.1628709743421232
831	1.5118532115521572	0.31250192646976627	-0.10719571761929846
832	0.7520886435375783	0.47986143646374596	1.2873688322030403
833	0.8581746431928741	0.5719353696146424	2.054597674708441
834	1.0328194649529336	0.5403844717296936	1.791692007101043
835	1.0702577268239903	0.4538586548833718	1.0706942172375236
836	1.2421249600771915	0.5634060100176578	1.9835246742732122
837	1.4080271626684981	0.5705543576552097	2.0430900506626073
838	1.1508088567740387	0.3407528133781015	0.12821179154956522
839	0.643623903029621	0.3950267176536777	0.5804625353877393
840	0.9496312746535176	0.4497022055480069	1.0360595741482779
841	1.7570142250288432	0.39996450181943655	0.6216078443844558
842	1.7176000606307467	0.3344353986424333	0.07557036927720678
843	0.6572751321822871	0.45890191144463355	1.1127184010813191
844	0.6646454068547714	0.477930743352277	1.271280853874604
845	0.8547865799534301	0.4583007106328057	1.1077087464789026
846	0.7700399665120281	0.4225190788674167	0.8095494414199703
847	1.251783709644351	0.37487860689971375	0.4125734145102756
848	1.7023652586168307	0.3723324799248003	0.3913571811531844
849	1.7359128880219319	0.1788693251386151	-1.2207224513177222
850	1.0861135215043136	0.25984098480586815	-0.5460060511783313
851	0.8207267737265472	0.3387181125426929	0.11125714311245656
852	0.7971003302389191	0.16942480900282836	-1.2994212201756559
853	0.8731892914224713	0.25064346263378423	-0.6226466816860007
854	0.8287184311954853	0.35858282755291393	0.2767847987955693
855	0.8428182819209666	0.2251279419521935	-0.8352610745823779
856	0.8743734986291003	0.2544759215983663	-0.5907117685708317
857	1.0989029444821257	0.22449976038728348	-0.8404955529894127
858	1.1147850201048006	0.26420552029904487	-0.5096374786637214
859	1.041974342026559	0.22427821717253227	-0.8423416166732561
860	0.7701214102152957	0.2933527277218943	-0.2667611569077213
861	0.5265532691524442	0.28916129859949713	-0.30168727773227627
862	0.4883004436315339	0.1316461639615472	-1.6142211327518061
863	0.447328249516018	0.246098489178244	-0.6605187981926033
864	0.5661493743872694	0.2620610291656698	-0.5275069819391599
865	0.6864418898652022	0.29383476107284645	-0.2627444946750575
866	0.873784093642456	0.30001322135029795	-0.21126094482641544
867	1.107421297652067	0.15721357800784194	-1.4011743255469156
868	1.066673331784732	0.1116345954849702	-1.780972481299495
869	0.7427715410097596	0.24275584450310272	-0.6883722124788433
870	1.1192098774271628	0.3660240990276217	0.3387910355765261
871	1.7288922642442133	0.413368432240964	0.7332994130011408
872	1.5001405476000336	0.40284153847697035	0.6455814645945074
873	1.1782653655044306	0.29789536917808146	-0.2289084723630556
874	1.4429395193082148	0.4011473099109487	0.6314638856319787
875	1.0781989234736158	0.5058130775954933	1.5036173067196545
876	0.5692679184793247	0.39705999911402423	0.5974053565307522
877	0.5097269183990993	0.31609003516701295	-0.07729691359991861
878	0.3273663375046786	0.2281577899218693	-0.8100141162827684
879	0.33661492236867785	0.18372298452504793	-1.1802781328713121
880	0.32199079827428606	0.19098076512287343	-1.1198008792483782
881	0.3549308514509285	0.22291693625403192	-0.8536848269357531
882	0.34707133858691835	0.32658110477719055	0.010122521176141784
883	0.6013169894439416	0.40444058138571715	0.6589058855029057
884	0.7555769821527092	0.2961616301986064	-0.2433552816271842
885	0.9402384431387858	0.2935791346559936	-0.2648745650783103
886	0.8232311138697088	0.26366913094721295	-0.5141070757305024
887	0.8946409925741533	0.29471516132801867	-0.25540834159022896
888	1.27792975366774	0.371937005837936	0.3880617954178046
889	1.2083012312475387	0.40125450974727395	0.6323571548073683
890	0.8924907937987808	0.48726176212341854	1.3490338778433582
891	1.338847867367767	0.29232999791391034	-0.2752833062275439
892	1.5827826925847177	0.5233086033222716	1.6494031061639007
893	1.3304956318439753	0.5652482975096778	1.9988759908912197
894	1.0731386932008886	0.38844741187704235	0.5256388411807771
895	0.8215289433876114	0.36964756632507856	0.36898447388580236
896	1.131183259440349	0.3936002064412356	0.5685757775520635
897	0.8755861351085505	0.49092218096802054	1.379535224067228
898	0.6762089385783089	0.44723208524922836	1.015476685236874
899	1.6076337660875677	0.4971867727429647	1.4317364859420985
900	1.9057744342277154	0.2903304111400611	-0.29194535805360444
901	1.188562509572288	0.33462687045512024	0.07716585555864369
902	0.5760627756388043	0.5489745718183152	1.8632711427202158
903	0.9836662586585124	0.3159900136532241	-0.07813036762565348
904	1.326026338865362	0.15502012813447658	-1.4194517896439225
905	1.089490060195508	0.3290801850855224	0.030946726536709834
906	0.7591845387078251	0.3242114441634827	-0.009623262538844603
907	1.1246435783074347	0.44921971498285396	1.0320391020650947
908	2.0178676270396965	0.45622752134649824	1.0904333834961843
909	1.5598433526295805	0.5093565406517392	1.5331440898825794
910	0.7446149631517878	0.412656356753196	0.7273658677124722
911	0.5449236208627967	0.1390880792146052	-1.5522095315283673
912	0.6332945671612474	0.21644190798916957	-0.9076396029601302
913	0.5777605771668015	0.2364163614826394	-0.7411975241976505
914	0.52765993386716	0.22334505207029476	-0.8501174459091243
915	0.4042193484135471	0.20151078514989876	-1.0320568804810717
916	0.44677384264389597	0.3298113521791525	0.0370393573576881
917	0.5579508627503956	0.28709126191519385	-0.31893637087831245
918	0.5659300367846563	0.23261863169035052	-0.7728430478868674
919	0.48728331821351917	0.19103518851029663	-1.1193473828992053
920	0.43784854395254763	0.35982733549119866	0.28715496929120954
921	0.6007727977841674	0.15657401282812938	-1.4065036607425072
922	0.6413492804062885	0.18824918804842564	-1.142562421471281
923	1.0451417286964781	0.35482080491279805	0.24543681379176896
924	1.8358628330260043	0.446177907039883	1.0066924843271015
925	1.617034636864599	0.3815430021552434	0.46810613786552535
926	0.7132003746246214	0.4141981947044668	0.7402136141506057
927	1.5306095865216134	0.42719194400273364	0.8484872470101528
928	2.2059223413627485	0.30035818812099413	-0.2083864238069832
929	1.8553723224920162	0.20959752595841497	-0.9646721106788416
930	2.247777130694517	0.21231923420963264	-0.9419928028687049
931	3.243803668509569	0.30021853424780093	-0.20955012427914416
932	2.230705253549502	0.2695708942044251	-0.46492917230423075
933	0.7702824681534084	0.27728120148316027	-0.4006811280816586
934	0.33802920637295253	0.38031237671446233	0.4578516467171915
935	0.46660762462107624	0.35277689177559646	0.22840540156930228
936	1.0332019734345477	0.3009118267424229	-0.20377309293092577
937	1.039545631774529	0.32093400351819834	-0.036933348103894446
938	0.8798255702458876	0.3353235583935919	0.08297118028334166
939	0.7375549372684662	0.3106950506900405	-0.12225195737782067
940	0.8082523549584835	0.24401665921757862	-0.6778661617335603
941	0.88309027824064	0.2276872683688964	-0.8139348536088215
942	0.7444051395775039	0.30461099854793167	-0.17294882806632142
943	0.6934386231448123	0.22696279214222842	-0.819971731124396
944	0.4601186999140397	0.2861115538104191	-0.3271000312053633
945	0.6174551218719696	0.4657627597320023	1.1698881179597802
946	0.8112884754503799	0.35976823215985765	0.28666247615073875
947	1.0757775206750173	0.29197456082976603	-0.27824507372589347
948	0.7888582334789274	0.3038031403263359	-0.1796805066973149
949	0.5036696420895204	0.43494468218288057	0.9130888572232562
950	0.7525808223283414	0.3836914939501932	0.4860089776439696
951	1.5180575936729555	0.270725550570711	-0.4553077122766115
952	1.485845460773653	0.4657053176851148	1.1694094678832985
953	1.0257367531396842	0.460720322322088	1.1278707598973823
954	1.821419606938722	0.4903040293032934	1.3743843222865457
955	1.7544004865022038	0.5873669889700185	2.1831854633565664
956	1.3450549282372992	0.5715892286576727	2.0517133694911935
957	1.282350271464923	0.5100448444625147	1.538879551787611
958	1.1212475857813333	0.2678063843541504	-0.47963238746716924
959	1.2106440758184862	0.2522335583047259	-0.6093968158516602
960	1.4064914269542994	0.2821375910825037	-0.36021405946025864
961	0.49886932517795507	0.2588395390828049	-0.5543508455913018
962	0.5519972629769085	0.16686553034258092	-1.3207470432067239
963	0.5813859170400161	0.23403904873265918	-0.7610070712325475
964	0.6392326245876042	0.23167682506726864	-0.7806908847345322
965	0.6225476091398033	0.37615336162680174	0.42319562386174486
966	0.9200063455276026	0.46538257398272553	1.166720126082246
967	1.1073548265627537	0.2631050226262213	-0.5188076479701261
968	0.9570725171477054	0.22255810520745198	-0.8566748754663328
969	1.0337164981941345	0.21812419895531476	-0.8936214970039354
970	0.8427930463872627	0.28892455018072233	-0.3036600425429626
971	0.5477105719258126	0.29567745623818054	-0.2473897810182335
972	0.5256520741402576	0.20948974051940203	-0.9655702595336028
973	0.8531116451959855	0.12223848012853836	-1.692612987328357
974	0.5680024899158491	0.17444779528614007	-1.2575659434411435
