ID	SN	ssim	z_ssim
5057	0.8785603142721118	0.43412838855337255	-0.7974334137425799
5058	0.9443550360989501	0.49045099419954163	-0.23375877967690925
5059	0.7539000386550907	0.464251421681031	-0.4959631695949556
5060	1.1244425354654821	0.6085822695051499	0.9484948219749323
5061	1.199926556447351	0.6129505883314197	0.9922128014190751
5062	1.038914620424722	0.503610626209686	-0.10205765057153833
5063	0.9279764694749661	0.5283952547309877	0.1459860301481329
5064	1.427751632993913	0.5669386497742479	0.5317269568578336
5065	1.5896333222002683	0.5394453620189058	0.25657511086349394
5066	1.3729432540847137	0.5491448444570263	0.35364718612011564
5067	0.8811567574375262	0.5159859951571131	0.021794601696252292
5068	0.7621195371324309	0.3948753302619649	-1.1902766249989571
5069	0.7343271722893957	0.35233084690891714	-1.616060301205233
5070	0.7845788478388309	0.5066220543100635	-0.07191938525122989
5071	0.9681883637741104	0.5653894729162532	0.5162228499630104
5072	1.0516086704939045	0.5514189373358076	0.3764062267676891
5073	1.1139710227648163	0.44600126009859686	-0.6786101376035749
5074	1.1954456676396925	0.5608887597350917	0.4711798725240162
5075	1.2491181593444665	0.5795543019587224	0.6579839552157762
5076	1.5766685969603214	0.6152211684277241	1.01493668626456
5077	1.382727746267505	0.7049638804557778	1.9130785563382635
5078	1.4470007360424058	0.6439128136047594	1.3020816507129056
5079	1.3534875367149612	0.623264786275332	1.0954369275939106
5080	1.2835367904739081	0.592495089792234	0.7874948995850959
5081	1.1147152550002972	0.4403175377214135	-0.7354926289999508
5082	1.2226056169514161	0.4864466342326944	-0.2738342718009736
5083	1.0759804187858326	0.5105359779694323	-0.03274897647583705
5084	0.8234095373924968	0.5818801585445722	0.6812610452025977
5085	0.752278355014561	0.6093651220548566	0.9563295824484704
5086	0.7006343323556756	0.5103253053156194	-0.034857380902146046
5087	0.8115073059483441	0.5750652515700255	0.6130576985889549
5088	1.072386337059149	0.55810733572119	0.44334347992054046
5089	0.9765946795321879	0.4228023881302893	-0.9107836231419085
5090	nan	nan	nan
5091	nan	nan	nan
5092	nan	nan	nan
5093	nan	nan	nan
5094	0.8314093530337914	0.4743631893716405	-0.3947649581952835
5095	0.8020022978489684	0.5719990115011822	0.5823708770377516
5096	0.7671421030006099	0.5983598817159574	0.8461895285630964
5097	1.0130363808322276	0.39708309595277763	-1.1681813844894968
5098	0.9560425626579285	0.6432060410759446	1.2950082963824947
5099	0.8790628576570573	0.7128434973446112	1.9919374819052644
5100	0.9241354000425086	0.6979324718238532	1.8427084688379545
5101	1.2543770706440978	0.4795609625860337	-0.34274582873622755
5102	1.1402259119964886	0.500572480198551	-0.13246330779242455
5103	1.0168921004260867	0.49079814329794	-0.23028452384728304
5104	0.885778478181039	0.5925992180473107	0.7885370114583468
5105	0.9451200718874563	0.44564477465046637	-0.6821778312892516
5106	0.9734113919099039	0.5219426840799108	0.08140893257246316
5107	0.8505059550737127	0.6163934902531019	1.0266692413966563
5108	1.0093126646435222	0.5978806920538768	0.8413938154684606
5109	1.3309357084697964	0.3944594669634375	-1.1944385700994986
5110	1.528857577023067	0.3838428938542674	-1.3006888561735754
5111	1.394363371354595	0.5824186249901382	0.6866499982380418
5112	1.0417810382230275	0.4953612349157974	-0.1846172652324671
5113	0.7677137811833321	0.4130787339574632	-1.0080976082597417
5114	nan	nan	nan
5115	0.9230602636246102	0.5081319548518927	-0.056808354331639936
5116	1.1346145088829869	0.7006619877504139	1.8700253671495501
5117	1.233923834857137	0.6474340278244031	1.337321837383131
5118	nan	nan	nan
5119	nan	nan	nan
5120	nan	nan	nan
5121	nan	nan	nan
5122	nan	nan	nan
5123	nan	nan	nan
5124	nan	nan	nan
5125	nan	nan	nan
5126	nan	nan	nan
5127	nan	nan	nan
5128	nan	nan	nan
5129	nan	nan	nan
5130	nan	nan	nan
5131	nan	nan	nan
5132	nan	nan	nan
5133	nan	nan	nan
5134	nan	nan	nan
5135	nan	nan	nan
5136	nan	nan	nan
5137	nan	nan	nan
5138	nan	nan	nan
5139	nan	nan	nan
5140	nan	nan	nan
5141	nan	nan	nan
5142	nan	nan	nan
5143	nan	nan	nan
5144	nan	nan	nan
5145	nan	nan	nan
5146	nan	nan	nan
5147	nan	nan	nan
5148	nan	nan	nan
5149	nan	nan	nan
5150	0.8795889589222509	0.7065788443059864	1.929241057111299
5151	0.9259434978030958	0.7030897419545208	1.8943222448756685
5152	0.9200094638007366	0.5074534024939076	-0.06359928219610134
5153	1.12838239657765	0.5129936480072672	-0.008152702149793146
5154	1.284452243777038	0.5514244929503385	0.37646182716031595
5155	1.468561083118651	0.4379530550610721	-0.7591562873664598
5156	1.5088808673292544	0.440142620836811	-0.7372431909597372
5157	1.3698261931721516	0.5119366243870886	-0.01873135694509822
5158	1.2169831788298768	0.39167068085424867	-1.2223486422907583
5159	1.0822886704253072	0.3808530586643505	-1.3306110204139956
5160	1.1143583148584721	0.43618879937141253	-0.7768128955588188
5161	1.0374708923014908	0.5083890400347308	-0.054235454965612946
5162	1.3518670281879777	0.2143604433232133	-2.9968631930606855
5163	1.2381666799017974	0.4856276197488287	-0.2820309396253945
5164	1.1760264742960256	0.5707784719118157	0.5701557602386308
5165	1.140062205466097	0.47657620139105233	-0.37261721261580083
5166	1.1795386448199312	0.34524930599199966	-1.686932110830682
5167	1.6719893657907396	0.4585702541422466	-0.5528200922595035
5168	1.8299332261886183	0.48645088293804467	-0.27379175090894303
5169	1.7046266423905747	0.4505411105328525	-0.6331754759276199
5170	1.4194922391800595	0.4646953343243386	-0.49152050764949273
5171	1.3942591762471828	0.5878350543592785	0.7408574307168052
5172	1.8285335214262886	0.5767263309577229	0.6296817220209746
5173	1.5078419679675061	0.5535477732556766	0.39771154093686123
5174	0.6482146523694371	0.5182885577326576	0.04483856605644234
5175	0.34788544085118467	0.375268601434221	-1.3865000697492462
5176	0.30792496695974453	0.3644589165644998	-1.4946830114544611
5177	0.3586667766325523	0.3834587875767924	-1.3045329781369344
5178	0.41254244897517034	0.3915613324376837	-1.223442997354516
5179	0.4665400705982854	0.2992737781053263	-2.1470535586966037
5180	0.47539470800013944	0.3342643805132662	-1.7968688543180622
5181	0.46528957106394636	0.3468181143098886	-1.6712315329834746
5182	0.4452564596144699	0.27428381073445074	-2.397152263319468
5183	0.3791940717464085	0.37843627490762194	-1.3547981062929402
5184	0.4204347769186272	0.407416313994793	-1.0647669058493388
5185	0.5092967433287011	0.3111902104910685	-2.0277943272150356
5186	0.8726826454152723	0.34674953062957126	-1.6719179160167568
5187	1.6022821974866348	0.5359737558553642	0.22183139985431533
5188	1.9839673482213884	0.6591900152357824	1.454975341267864
5189	1.6360133320616053	0.7289109424878983	2.1527399014241606
5190	1.3232761552097514	0.6800779810913722	1.664021360622735
5191	1.4176773185874754	0.6416345433365355	1.279280802900369
5192	1.2567436277204505	0.5841690048322834	0.7041677374420028
5193	1.0455471964462373	0.4977411571571514	-0.1607990880883279
5194	0.9073980131864511	0.5358954803125298	0.22104802100567522
5195	0.8271119380189456	0.5132270349337127	-0.005816974090862081
5196	0.8091201225243762	0.4992874936177618	-0.1453234077895016
5197	0.7509854971127148	0.4591201568396759	-0.5473166856221677
5198	0.910408164015023	0.43594407772456273	-0.7792620610964113
5199	0.841151666255155	0.49047095174501015	-0.2335590452716957
5200	0.8855980920562682	0.6465021944330537	1.3279960819452739
5201	0.7210828126160505	0.5734128040463685	0.5965200625452389
5202	0.6565234183712079	0.4219297520406302	-0.9195169340899354
5203	1.1398028337605788	0.5570567643090617	0.4328293985939152
5204	1.6219693793759162	0.5959949420729689	0.8225212967305081
5205	1.251874392920148	0.5128590996073169	-0.009499257750976868
5206	1.324531690751566	0.52559958715242	0.11800708845608389
5207	0.9698628589701468	0.5669295345602419	0.5316357321202644
5208	0.6913534044895121	0.6563532298225028	1.4265848937484682
5209	0.7669368506918827	0.4589969812937536	-0.5485494221047402
5210	0.9231888510145262	0.3842196382120048	-1.2969184120411072
5211	0.8648062719806259	0.4454431838617986	-0.6841953447322051
5212	0.8494431108032723	0.45540532744491147	-0.5844945660786386
5213	1.0409815275227947	0.3884435954512352	-1.254645198225507
5214	1.1700958432074051	0.5057098584671306	-0.0810486088029886
5215	1.1745597483193841	0.45012922377401865	-0.6372976239603425
5216	1.4562217519552416	0.38859867964658035	-1.2530931211144136
5217	1.5100229170609396	0.5641920845398685	0.5042394296799849
5218	1.6381682369805608	0.5128202227029537	-0.009888336427098675
5219	1.698177633768919	0.5184496156184166	0.0464504276487299
5220	1.512853618770703	0.5810891268432741	0.6733444280708422
5221	1.078337553009799	0.5011317537194021	-0.12686611828757818
5222	1.5032775187015626	0.4848384063820093	-0.28992935893035965
5223	1.8478754125177306	0.5328866327140137	0.19093558125621443
5224	1.8357508701365308	0.5434222582262996	0.2963757466597596
5225	1.4239790956498388	0.5646028878647167	0.5083507347439141
5226	1.6208468827600007	0.583454886948331	0.6970208710586294
5227	1.5046325034791004	0.5884088423783349	0.7465998808034495
5228	1.4065612885583385	0.5901625753717945	0.7641511782265024
5229	1.2163800872049142	0.5661307144510511	0.523641168879332
5230	1.1423278629795621	0.4920948177104443	-0.21730745244610639
5231	1.267328800172413	0.5404984637145654	0.26711451517770574
5232	1.019959287425492	0.6862985741094901	1.7262768342985626
5233	1.1077982271943936	0.6841100962379867	1.7043746255987342
