ID	SN	ssim	z_ssim
5057	0.17237280996452967	0.31145619513657674	-0.6558027823554384
5058	0.20113234423996043	0.293071437297849	-0.8282833206808582
5059	0.23157157635834352	0.1422767368265003	-2.2429960594654865
5060	0.3021195233875749	0.3119685171852586	-0.6509963234655376
5061	0.3257081546053945	0.37075109655164584	-0.09951498102905632
5062	0.30567295369845754	0.3367286622930217	-0.4187037257242542
5063	0.3317140245923163	0.35360113766049545	-0.26041098889342446
5064	0.4210887970905658	0.41091488836106105	0.277290223219281
5065	0.4264147427378853	0.35074411181497156	-0.2872147880061627
5066	0.3949946503515623	0.31130041361108773	-0.6572642800598519
5067	0.2894472122662254	0.40800756148448636	0.25001451422390675
5068	0.24674301669236967	0.3024216217778911	-0.7405625648946481
5069	0.23604941093808812	0.29324474215732466	-0.8266574240702538
5070	0.21482756824998206	0.3467737480242878	-0.3244636052041967
5071	0.33800498422762415	0.3843757131013801	0.028307273557583914
5072	0.40116590658801526	0.36934261755772496	-0.11272892799656943
5073	0.3457852234423365	0.37355322806836055	-0.07322618480442107
5074	0.2904974981642758	0.4905199072470574	1.0241217361119217
5075	0.2752832937223531	0.5456632060214979	1.541460389200928
5076	0.35663764783351865	0.5834651466532882	1.8961073814056382
5077	0.3686692314417164	0.6251441790335444	2.2871281391926046
5078	0.3673124168115988	0.5584795789029084	1.6616999329227606
5079	0.41061196676730544	0.45735895213490585	0.7130151423073228
5080	0.41078633830139316	0.37548110650008504	-0.05513938090704559
5081	0.26327591855285076	0.42155410181365716	0.37710428004614077
5082	0.2739024587263868	0.5153623288805356	1.2571862286788735
5083	0.2985164072456543	0.44719400335194504	0.6176505009280305
5084	0.28201727589711356	0.5341285701982068	1.4332457358646733
5085	0.3043973617655364	0.5359552656390727	1.450383269889377
5086	nan	nan	nan
5087	0.30305741641183764	0.41838625114485484	0.3473844113656525
5088	0.3452102103317025	0.3913605379986037	0.09383690244636445
5089	0.23515755804720945	0.43500274356230534	0.5032755893938345
5090	nan	nan	nan
5091	nan	nan	nan
5092	nan	nan	nan
5093	nan	nan	nan
5094	0.27319715334565287	0.31313861831724765	-0.640018769400859
5095	0.2626452779822663	0.39974516889085066	0.17249911070826984
5096	0.2899323708421781	0.3822648854824234	0.008504092725749198
5097	0.29525226105155583	0.22063280885198813	-1.5078818087054244
5098	0.24393042138662213	0.2661434765031575	-1.080913745003902
5099	0.21469942715899168	0.5402895892198564	1.4910466537124334
5100	0.24901363214074373	0.5592953202271227	1.6693529846501203
5101	0.3290562155869337	0.41294336491550643	0.2963208099237858
5102	0.2917944644068384	0.455892032519857	0.6992529221517347
5103	0.28452509535241327	0.45629790845745294	0.7030607340807238
5104	0.3268930728273267	0.4358512822967491	0.5112363370409166
5105	0.361140377887546	0.30087200873165787	-0.7551005911637447
5106	0.35350044389960145	0.31474942239719167	-0.6249066663597045
5107	0.2401933926564541	0.4408926820853397	0.5585333075573337
5108	0.26095435466510364	0.5097029791459808	1.2040918285594662
5109	0.26728812057648027	0.3809777221275361	-0.0035717056236879013
5110	0.26333585799720843	0.3068719294076158	-0.6988110519064433
5111	0.2884190055854929	0.5401688485949232	1.4899138997121413
5112	0.2577546705747342	0.4118312818479284	0.2858875647409535
5113	nan	nan	nan
5114	nan	nan	nan
5115	0.2273408192261262	0.2956980263492501	-0.8036414136446403
5116	0.35175552822317296	0.5311534466206868	1.4053339776170695
5117	0.37992285040103363	0.5877160332395311	1.9359879832165037
5118	nan	nan	nan
5119	nan	nan	nan
5120	nan	nan	nan
5121	nan	nan	nan
5122	nan	nan	nan
5123	nan	nan	nan
5124	nan	nan	nan
5125	nan	nan	nan
5126	nan	nan	nan
5127	nan	nan	nan
5128	nan	nan	nan
5129	nan	nan	nan
5130	nan	nan	nan
5131	nan	nan	nan
5132	nan	nan	nan
5133	nan	nan	nan
5134	nan	nan	nan
5135	nan	nan	nan
5136	nan	nan	nan
5137	nan	nan	nan
5138	nan	nan	nan
5139	nan	nan	nan
5140	nan	nan	nan
5141	nan	nan	nan
5142	nan	nan	nan
5143	nan	nan	nan
5144	nan	nan	nan
5145	nan	nan	nan
5146	nan	nan	nan
5147	nan	nan	nan
5148	nan	nan	nan
5149	nan	nan	nan
5150	0.27835211774255536	0.6230811931640198	2.2677737959668383
5151	0.28782001223924975	0.6388432920603071	2.4156492984139395
5152	0.3182052910515722	0.4045464045321737	0.21754292990387272
5153	0.26321865551996765	0.40792880200522175	0.24927561532184045
5154	0.29588016808455025	0.41280599491606834	0.29503204388940635
5155	0.313624221692632	0.5016414676182046	1.1284610337334167
5156	0.3355894531459896	0.49143261414454104	1.032684491106697
5157	0.368350428801077	0.5279557210854504	1.3753338314866337
5158	0.31482035457290997	0.34257760344635146	-0.3638306331543366
5159	0.19681370644128784	0.31762844119138045	-0.5978965356945813
5160	0.2591210587259731	0.3878100336807326	0.06052708670415617
5161	0.3064421596829429	0.35407027832131294	-0.25600964543065174
5162	0.3067752640759943	0.2814529775144792	-0.9372843864292744
5163	0.26741169198801396	0.3052070817684403	-0.7144301761589208
5164	0.2546458277271244	0.38555905626283626	0.03940906055429485
5165	0.2882824379664448	0.33139790878927566	-0.4687153300147058
5166	0.32941671350317475	0.21803342026985897	-1.5322685287207485
5167	0.4827962353600172	0.3317857076771327	-0.465077111794682
5168	0.49291049276461907	0.4463862622852829	0.6100725053282213
5169	0.4507387705096907	0.408463749042276	0.25429433537984103
5170	0.3911782578291808	0.3464891666106662	-0.32713346661055487
5171	0.49872550145326294	0.42682015152803565	0.42650885189593146
5172	0.5682939593431968	0.36783068799334623	-0.12691341861981975
5173	0.4806304514228067	0.29436802203170925	-0.8161191336492704
5174	0.29022813420940596	0.2446369769799565	-1.2826815707102097
5175	0.20028034437892167	0.2365531762229226	-1.3585214767084024
5176	0.22738445170152655	0.23645213546811347	-1.3594694121631503
5177	0.22328762090287127	0.22853368673054675	-1.4337580328204602
5178	0.25557294078338094	0.20129061210487745	-1.689344764954442
5179	0.2586473541140226	0.20356401468452856	-1.6680163523526388
5180	0.25550803263211874	0.24927099316108625	-1.2392065566501238
5181	0.27462958060402665	0.2543348810839038	-1.1916986088920476
5182	0.2776613143687605	0.16345513494775699	-2.0443063872452947
5183	0.2115594170324876	0.21103017072378732	-1.597971012393891
5184	0.196529440507435	0.252789376123274	-1.2061980942772996
5185	0.21909782987055235	0.22463198506013	-1.470362681649778
5186	0.2548991800974229	0.2070251406604911	-1.6355450586438594
5187	0.4933304705336198	0.2979735313192594	-0.7822932770179715
5188	0.6427508410269661	0.6005070461533304	2.055989606977471
5189	0.6518603428918612	0.6328186994139409	2.359128293788701
5190	0.4482972822284591	0.49293708773255734	1.0467990318928042
5191	0.42944600677858397	0.45140892797227694	0.6571937178631209
5192	0.385131951042878	0.4816689796978293	0.9410848660175914
5193	0.33017146904737626	0.4100707195351594	0.26937047280394827
5194	0.36579817178004814	0.4089360653905101	0.25872547223342
5195	0.35095861092794567	0.35508931675837296	-0.24644931835208894
5196	0.34264561214858075	0.317826412353532	-0.5960392268890841
5197	0.29733512945507856	0.308792018572276	-0.6807973246842243
5198	0.311921207461971	0.28329336432026303	-0.9200184039358892
5199	0.34018981139439447	0.27236774791620655	-1.0225194113159848
5200	0.30953393095747045	0.4354074734588571	0.5070726494936194
5201	0.19225877295355823	0.4069180222813983	0.23979276912811792
5202	0.2022620731004181	0.26956291310283564	-1.048833569096459
5203	0.38170311413802227	0.31576741293082816	-0.6153561704112653
5204	0.4769337832077383	0.43219334189198233	0.47691858666797327
5205	0.36902141726186344	0.4021835072771105	0.19537490386099257
5206	0.3663310488188181	0.3506333143056994	-0.2882542585399613
5207	0.26645232949915065	0.38090210733967755	-0.004281101930651117
5208	0.16806443281050057	0.4293679760473121	0.4504118126255961
5209	0.1982576521398459	0.2739109481178663	-1.008041548520018
5210	0.266684370936411	0.2637087829697234	-1.103755343190174
5211	0.2674838741664334	0.28197523639955613	-0.9323847029831561
5212	0.2689532862730952	0.25734409670482117	-1.1634670088467238
5213	0.2567258863946095	0.29361112272656603	-0.8232201463878898
5214	0.269705403307134	0.32656809580187873	-0.5140272536954463
5215	0.2882788168876809	0.280395872888411	-0.9472018396027096
5216	0.3399242256786485	0.3381154358621297	-0.4056934128426039
5217	0.3873811971254404	0.5508042134500846	1.5896918500989183
5218	0.3537418532321564	0.49196504580677514	1.0376796126377614
5219	0.34249760639375965	0.4889285258153961	1.0091918508003066
5220	0.3569610666291881	0.41102251089020725	0.2782999069978716
5221	0.2339004785746591	0.3397824365823967	-0.3900540889993038
5222	0.3030409145999273	0.29414345138422715	-0.8182259912162603
5223	0.3773013538487921	0.3845957205207527	0.030371320223950064
5224	0.3214303504219817	0.33647456217087013	-0.42108762037446984
5225	0.336285600322845	0.3779303712930488	-0.03216107933257561
5226	0.2946636992605696	0.3786204313714355	-0.025687133097271143
5227	0.2784464609215079	0.348500410678674	-0.30826455016374477
5228	0.2565022284984613	0.4425174423393716	0.5737763434310421
5229	0.2413036651580003	0.39069795515476197	0.08762073976456543
5230	0.22849082621263747	0.3785323414568556	-0.02651356747410967
5231	0.24531349166050048	0.37560075375077273	-0.054016884631119776
5232	0.2561773239836592	0.5432619090554721	1.518932108055617
5233	0.25417788225666493	0.5054284102863881	1.1639890464353226
