ID	SN	ssim	z_ssim
494	1.1804489284355568	0.8643580954781174	0.07574425397596041
495	1.1336873325936216	0.8380092104995959	-0.14824479167177518
496	1.0933481658002633	0.6417398623434838	-1.8167094731650077
497	1.108187747115557	0.7230950882853394	-1.1251174216597353
498	1.1942465432772134	0.8562880011207163	0.007141247250062095
499	1.2830477831412788	0.8747895991174642	0.1644213477790885
500	1.1884346752902708	0.8791020289926833	0.20108085169967163
501	0.9396546684144108	0.8920244374059656	0.31093285987082675
502	0.6973540752165998	0.8205340446105193	-0.2967993029241815
503	0.7859715360226588	0.5697343690669073	-2.4288204499126773
504	0.9424711614354402	0.8981529400705739	0.3630306038252369
505	1.4324095374899175	0.9331378089411466	0.6604332224490808
506	1.8780060089875612	0.9353977572235024	0.6796448004490887
507	2.5907193255279912	0.9521815327548795	0.8223218764127762
508	2.6581189604943476	0.9526252676243564	0.8260940189537518
509	2.8918089716551933	0.9395687690514429	0.7151021247148932
510	2.6457172488397176	0.924159327962762	0.5841081184701433
511	2.370717600272061	0.9247402160745251	0.5890461860159989
512	2.339928831278145	0.9023888369325487	0.39903950880734096
513	2.067415425373351	0.9408434077283223	0.7259376914196185
514	2.116215248294855	0.9549637171577734	0.8459729276708545
515	1.7345189281006452	0.9366463483015699	0.6902589393095603
516	1.5130030391339937	0.9396963709105005	0.7161868544352014
517	1.6260476909565975	0.9529272444154528	0.8286610912720148
518	1.711408798040856	0.9462497717042958	0.7718966118213634
519	1.8070681269010933	0.9490772761813373	0.7959329241698172
520	1.8695856442857604	0.9399370818507956	0.7182331123257201
521	1.6274939458712492	0.6994970451659195	-1.3257218556531154
522	1.5236580806447029	0.7882926566893631	-0.5708798841975461
523	1.4669975014255625	0.8039801813339412	-0.43752191946474184
524	1.5996171950520484	0.8641159953688099	0.07368618690863676
525	1.4500509251292213	0.8078813245252083	-0.40435871953960734
526	1.4263006823596027	0.718295889260086	-1.1659148979254792
527	1.2703961755778672	0.7416792766742524	-0.9671352290635945
528	1.2109894591589552	0.7721862848789667	-0.7077984237713872
529	1.0902800420917507	0.8692220312223927	0.11709205014798942
530	0.9723691253267416	0.9228882659477384	0.5733029565843064
531	1.365296635104618	0.9361887419635588	0.6863688769020996
532	1.8694894782389884	0.9119963215314267	0.48071170511212613
533	1.9875359026632182	0.9024916901595812	0.39991385306075367
534	1.7725014391453093	0.9065396838085835	0.4343254129794081
535	1.1521545152054382	0.7721889602905241	-0.7077756803846388
536	0.8556896376856866	0.6710628859862828	-1.56743759366762
537	1.015931329691804	0.6174211275401176	-2.0234404298793676
538	1.4639862912453723	0.8178632229299543	-0.31950367162185833
539	1.7791997303204368	0.923618498329698	0.5795105837559886
540	2.018016872661238	0.9677319010603833	0.9545138898152364
541	2.254175664308143	0.954410533522602	0.841270372909581
542	1.8121472937176215	0.9397844889146665	0.7169359361391752
543	1.889000556618549	0.9230837573801448	0.5749648082874319
544	1.7865264801719725	0.9325998075714999	0.6558597304989436
545	1.808364003020217	0.9092806184686506	0.45762580459718183
546	1.695358679632218	0.8877216933832681	0.2743556943438555
547	1.7417867697335783	0.9586994899865502	0.8777303318781504
548	1.6231508716219607	0.9644477089617893	0.9265953249694165
549	1.4983069892908258	0.9618803172709887	0.9047702035232856
550	1.7374566694138553	0.9174499453919551	0.527072376724501
551	1.7185283980730375	0.9400934496346328	0.719562378087831
552	1.6741329434889582	0.9502060158867911	0.805528219364107
553	1.5068819976083634	0.9449991919393532	0.7612655673470261
554	1.5068097579484538	0.9458450828928866	0.7684563956328698
555	1.8208765478474185	0.9093922432116617	0.4585747145673041
556	2.263228885137146	0.8731642593891472	0.1506045090439449
557	2.0325926898886637	0.8979216481994983	0.36106441643208764
558	1.8910020855983163	0.9371408694225352	0.6944628103283131
559	1.2664206070933515	0.9217295341048188	0.5634527014456632
560	1.0749927765491072	0.8513756343750342	-0.03461825567136917
561	1.001334568900792	0.9167090997278831	0.5207745271797088
562	1.0180292603334342	0.8886073383248141	0.28188446701872705
563	1.0350388735626108	0.47978171221247146	-3.193498339649851
564	1.1777243802749129	0.7583905524865203	-0.8250744654374588
565	1.8614274271998206	0.9152912093974096	0.5087211935295453
566	1.8318517401053103	0.9749620489251702	1.0159766014801044
567	2.090655389686113	0.9682566799645986	0.9589749790046678
568	2.1344168586245527	0.944438118768848	0.7564959444919238
569	2.4048542977533565	0.9427356285729056	0.7420232579048212
570	2.1164899287027192	0.9497109915200408	0.8013200703069017
571	1.5979443452153688	0.9268552743820746	0.6070260698776317
572	1.1113150221162973	0.8605603104523533	0.04345969073202853
573	0.9773033088397645	0.7902015324395211	-0.5546527361460621
574	0.8751355631236616	0.756760171889465	-0.838934156057183
575	1.1343088488153255	0.8634809098120205	0.06828739269454116
576	1.4353638123039496	0.9380475473095443	0.7021703818170738
577	1.8612158946817954	0.9703281031285138	0.9765839251895324
578	1.9468245785504152	0.9716906817062629	0.9881670595612094
579	2.0355567354653097	0.9687312905749653	0.9630095929079499
580	2.0959194769176697	0.9562913670166309	0.8572591367488571
581	1.9193084624527228	0.907991137661252	0.446664066532526
582	1.9283099383568472	0.9280983875725349	0.6175936418029825
583	2.4429888489515745	0.9295819276347298	0.6302050567824811
584	2.356008053191975	0.928516911247881	0.6211514666862054
585	1.9506873248238947	0.9389580269344018	0.7099102714715989
586	2.3244339016417546	0.9398437224336045	0.7174394739316887
587	1.907135046230505	0.9350286091284161	0.6765067120788048
588	1.9775241665616852	0.9480518118092215	0.7872155615093778
589	1.7372190935894707	0.9352040877853104	0.677998437323396
590	1.2237844391454147	0.8842296264578159	0.2446700078866232
591	0.8535324372579942	0.8393523694030867	-0.13682674186847593
592	0.6970932893606023	0.7620464739724471	-0.7939958689327753
593	0.6296754277825438	0.7039638308591734	-1.287750189475952
594	0.6591149871338305	0.6655898247267366	-1.6139635005246527
595	0.7941497884543786	0.5937494995255109	-2.2246704011757643
596	0.8461857333272771	0.5310131499748909	-2.7579853810969612
597	0.8736028352045005	0.4891320892824923	-3.114011786876643
598	1.1574092436470436	0.6594350125771584	-1.6662848985894618
599	1.53614309720339	0.6795326561039333	-1.4954369861635564
600	1.7354287731163855	0.8665747873845525	0.09458811416291726
601	1.7953537788375382	0.8754178864866224	0.1697623513291435
602	1.660589743159455	0.8985749634672355	0.36661817946406605
603	1.8353551516133728	0.939841475393237	0.7174203720824892
604	1.550509702357089	0.9158897142261353	0.5138090188971504
605	1.1006847465458198	0.8380708339027034	-0.1477209377302183
606	1.163851441285388	0.8986096532320547	0.36691307343479446
607	1.524495220698857	0.9038777057982585	0.4116962233740798
608	1.5585219736330702	0.9054842139943082	0.425352977272841
609	1.44557544245578	0.9062624570524316	0.4319687380541083
610	1.1599186162282524	0.7336249516109637	-1.0356041827112827
611	0.8265456183979016	0.7715465413006131	-0.7132368153272919
612	1.2376169577960392	0.9412155399281732	0.7291011473445026
613	1.7212681018565466	0.9568285342741827	0.861825538001522
614	2.0886945549669194	0.9605792692942496	0.8937101341924868
615	1.9363100795832893	0.9579839505835596	0.8716476081450638
616	1.6411744603884977	0.9440919299210472	0.7535530302207507
617	1.3204112652454731	0.9336717440507414	0.6649721475585659
618	1.4972147552262225	0.9010967005465409	0.3880551959537032
619	1.9704364420999196	0.9146730706023147	0.503466461919308
620	1.761560738043535	0.9524115581938194	0.8242772980021471
621	1.688280655490473	0.9354215994339661	0.6798474805234923
622	1.7131992310078699	0.9651490725864695	0.9325575419312431
623	1.5577224772581115	0.9656669675263472	0.9369601112780501
624	1.1767659006993214	0.9145538580809724	0.5024530490592768
625	0.8092297272159908	0.7749327268610715	-0.6844512149995551
626	0.7237254714150819	0.8848251424107525	0.24973242514166097
627	1.1000976394216364	0.8894863778474376	0.2893570877356786
628	1.2096611162528554	0.8588190900197961	0.028657762556747193
629	1.4192257421564833	0.887456545489612	0.2721017005333407
630	1.554727179230287	0.9307911554885749	0.6404845730950014
631	1.7934838995712845	0.9485016328433292	0.7910394418832228
632	2.177906003694973	0.9434781155261721	0.7483350598730497
633	2.005806137237369	0.9424815375054951	0.7398632569885288
634	1.81172980845217	0.9233519754893963	0.5772449016714841
635	1.3956583413779566	0.8219926538446607	-0.28439982224047755
636	1.1663009558140554	0.903991346650325	0.41266227207108186
637	1.1958130224146453	0.926282444213306	0.6021565020410683
638	1.2886052002718515	0.9088277599070911	0.45377610252820205
639	1.5461400274106127	0.9592015806515497	0.8819985507790091
640	1.785566242212781	0.931384288859496	0.6455267362758238
641	1.6992698018419279	0.9538392900189883	0.8364142931433517
642	1.6572775418532555	0.9640516001606695	0.923228046528305
643	1.5546003659335457	0.9455097169296587	0.7656054855428456
644	1.2884628630142465	0.909887866281913	0.4627879531387687
645	1.1937628336415242	0.8242727085797666	-0.26501732144178003
646	0.86973710170358	0.5675525076115631	-2.4473682201699964
647	0.6894686995989703	0.6130366220272734	-2.0607126410662833
648	0.814648670255838	0.690093179521717	-1.4056631090595295
649	0.9156581107142401	0.6447322299960334	-1.791271676640862
650	0.9614293708321998	0.6435021049063213	-1.8017288381145469
651	0.9496854164850498	0.780583881063185	-0.6364113591357713
652	1.0841655832082895	0.8409367900764058	-0.12335775163186513
653	1.0589130588229483	0.8181580325669418	-0.3169975265120973
654	1.0358381128791763	0.7815796353341325	-0.6279465588593645
655	0.8644822995329348	0.6790313508603154	-1.4996985282814757
656	0.7477935536247124	0.6752562918484251	-1.5317899001185185
657	0.6839836686782749	0.5576167914425366	-2.5318306778543023
658	0.6044323347949713	0.60858442860398	-2.0985602599213324
659	0.7467802537390132	0.6002475874078037	-2.169430852918738
660	1.1167401327594833	0.7934825073960404	-0.5267615198800246
661	1.4376785710546407	0.9104202106732169	0.4673133557226459
662	1.8907594460067032	0.9571194866109213	0.8642988926155096
663	2.1887970859930714	0.9629347332360375	0.9137336805705895
664	2.0603218046691385	0.9276864992768573	0.6140922235707686
665	1.4628642625837536	0.8693114150981837	0.11785189289089973
666	0.9105145593590593	0.7817096473194045	-0.6268413409145607
667	0.608534840749256	0.7905095660758101	-0.5520341752363299
668	0.8124355990298886	0.622528397110216	-1.9800240789482146
669	nan	nan	nan
670	nan	nan	nan
671	nan	nan	nan
672	nan	nan	nan
673	nan	nan	nan
674	nan	nan	nan
675	nan	nan	nan
676	nan	nan	nan
677	nan	nan	nan
678	nan	nan	nan
679	nan	nan	nan
680	nan	nan	nan
681	nan	nan	nan
682	nan	nan	nan
683	1.0288942746747685	0.8792494715059467	0.20233424469374664
684	1.2961409543549542	0.9025494456700077	0.4004048264614073
685	1.0910522201162312	0.908801429946478	0.4535522743565551
686	1.1857896765634302	0.9745678853328479	1.0126258590503834
687	1.4413605731575645	0.9406150680201051	0.7239966000463498
688	1.6429167199226273	0.9120036383909422	0.48077390495023503
689	1.670877074633933	0.8997269975976433	0.3764114980668836
690	2.147942374948717	0.8865400945418327	0.2643110493029995
691	2.2505374395225974	0.9093351352682382	0.4580892460643005
692	1.9765227158593695	0.9020273043471656	0.3959661590683852
693	2.090493815972948	0.8938998131428588	0.32687522790196166
694	2.6643378223455216	0.8516990101253865	-0.031869273095215096
695	2.791487049306316	0.9015582800242747	0.39197903359588276
696	2.629796475414988	0.9001110027021437	0.3796758842809881
697	2.141088425514513	0.9224280359634633	0.5693905908413052
698	1.3851529118746873	0.8718777127642094	0.1396677141497385
699	0.8600591541296305	0.8144131234489205	-0.3488325973345195
700	0.6823653369783584	0.8575697217016591	0.018037016461793797
701	1.0046177361601705	0.7801755537346313	-0.6398825059683291
702	1.3124283962687568	0.8712898412644956	0.13467028157178523
703	1.284059460062752	0.8571841027464311	0.014758911075717147
704	1.1388126802584204	0.8900233977833447	0.2939222366228404
705	1.0243365255278614	0.8768198182151048	0.18168002261512073
706	0.798495658199942	0.8920699563203914	0.3113198112810847
707	0.8248494281883377	0.8257646063658085	-0.2523348583481088
708	1.1295602830267193	0.8106019525866525	-0.38123095213912456
709	1.889817889458334	0.8504408103809712	-0.04256509419791235
710	2.140916860176601	0.8730033920833324	0.1492369933280144
711	nan	nan	nan
712	nan	nan	nan
713	nan	nan	nan
714	nan	nan	nan
715	1.1086763844353404	0.8808384738258774	0.2158421830168847
716	1.2564877594601656	0.9061186387107556	0.4307461537540552
717	1.442313993547116	0.8811038506397534	0.21809812285363928
718	1.4129292027479594	0.906684841041828	0.43555937905310727
719	1.586712398985136	0.928171027749324	0.618211148156209
720	1.1985033703036998	0.8620468050320433	0.05609622174792261
721	1.2167092891699232	0.7584137784373591	-0.824877024120041
722	0.8742606538291008	0.33377813837546366	-4.434659063967724
723	0.883405180144638	0.5935669628452099	-2.2262221259204606
724	0.8502688826243792	0.6697457202335998	-1.5786346784833094
725	0.7913052080450842	0.6510857380683337	-1.7372611858443905
726	0.9001319146415825	0.6721681337059979	-1.5580420013249032
727	1.108223729306447	0.7760279398488436	-0.6751409268369996
728	1.215682045727774	0.8697294845683938	0.12140585662496908
729	1.2981719162233174	0.9099802322295047	0.4635731461542717
730	1.4066428699932378	0.920685633769424	0.554578616638392
731	1.6018916113050914	0.9155399393934781	0.5108356205532605
732	1.8982257606320878	0.9098206538303858	0.4622165872959449
733	1.9413211094115745	0.9108176743898673	0.47069215215538657
734	2.2098517002476257	0.9113120681275365	0.4748949403024
735	2.2419409217490185	0.9146389045384472	0.5031760198742096
736	2.351106070661878	0.9256100436242635	0.5964404967393117
737	2.096819420305805	0.9076330992472581	0.4436204203698484
738	1.6684733651561934	0.8734763080484043	0.15325720123337216
739	1.3121868371924887	0.5896989733386404	-2.2591034899272566
740	0.9410416164027644	0.372012628876937	-4.109631760336716
741	1.540422567940368	0.45478893691552025	-3.405959242318626
742	1.8904925007002946	0.8653783732476797	0.08441752588428461
743	1.7681405147916336	0.9035058928737691	0.40853548157480585
744	1.779894850189594	0.7771421571411192	-0.6656690851198083
745	1.4710554879977094	0.8685670554077464	0.11152417098480759
746	1.5512536039990894	0.9369271013510465	0.6926455908762669
747	1.946867412901225	0.9160786041406026	0.5154147518041976
748	2.102198269438411	0.8914188012232838	0.3057844116279799
749	2.248255105980634	0.9164003312780147	0.5181497196985374
750	2.127233141893547	0.9202523830899321	0.5508955990721935
751	1.6207559844573065	0.890778394869138	0.3003403858861399
752	1.2883003333843253	0.6822686992478068	-1.4721781768003972
753	1.2284099580119128	0.9158451780328709	0.5134304214941026
754	1.0267378675828736	0.9243982461630834	0.5861391364703923
755	1.016904126166576	0.590125196472833	-2.2554802127700406
756	0.9550139924388787	0.6281243493658888	-1.9324534889114755
757	0.9005698480115053	0.7834708152999079	-0.6118698407732881
758	0.8544030040821288	0.8636078439187808	0.06936644592417686
759	1.0855007138330848	0.9296592703218051	0.630862538671371
760	1.2378802544179373	0.9019006341511124	0.3948893493153695
761	1.6032574563929112	0.9279215646240996	0.6160904888801572
762	2.125808670953482	0.9617106291486743	0.9033277029922033
763	2.75765587590015	0.967629093434696	0.9536399332139696
764	3.0021585479380906	0.9591955409979311	0.8819472083312673
765	2.6147214948776347	0.9465194445132155	0.7741890714512982
766	1.5820893447597002	0.9134637684710457	0.4931863141823726
767	1.070854557440817	0.8554205762368766	-0.00023263866809872328
768	1.1098204719204772	0.9407456057637157	0.72510628740641
769	1.1361041881817942	0.9411030988590956	0.7281452978740285
770	1.0245140750757566	0.8527243494100212	-0.023152973790039066
771	0.890836156037274	0.7358046440720174	-1.0170748508418335
772	0.6870097118280478	0.5048195700030895	-2.98065419553689
773	0.7749620167023928	0.41682872706503377	-3.7286549155484137
774	0.7275467265928238	0.5153024584954085	-2.8915402846089635
775	0.7907156207649667	0.5719219120995916	-2.4102243811756616
776	0.9497951038725018	0.5468147468261526	-2.6236577007678115
777	1.4205707318423664	0.7136016009181878	-1.2058205397222455
778	1.667588360184913	0.749703238606508	-0.8989243891367906
779	1.9578468135136486	0.8479623281741825	-0.06363440565477407
780	1.7153194143097226	0.8811946005486566	0.21886957809754898
781	1.3182312284817648	0.8842710197066801	0.24502188745636252
782	1.319758318769579	0.7992304399973253	-0.4778989612230336
783	1.0297396011220372	0.7150908772574971	-1.193160361266134
784	1.16058425728632	0.7568915960627697	-0.8378169332533507
785	1.486501925464022	0.8302969507028876	-0.21380588517004834
786	1.3171139176322086	0.9462693244797981	0.7720628278691424
787	1.54505132891454	0.9350840088137915	0.6769776588633283
788	1.4977487866687316	0.935682659658805	0.682066725499738
789	1.3965531273579648	0.9210690448241006	0.5578379528986472
790	1.4038393555071726	0.8973110121396737	0.3558734647698182
791	1.2470880411783456	0.903950569913307	0.41231563340243504
792	1.081493901180388	0.8939412727644408	0.32722767169905714
793	1.071175021159338	0.9370746133099361	0.6938995742201635
794	1.3490144343978443	0.8353721688694775	-0.17066199978304997
795	1.6806377360882687	0.8632510083508144	0.06633302502658996
796	1.8793135375357024	0.9226632794622104	0.5713903705975315
797	1.5343064147038712	0.9107413252609269	0.4700431163976559
798	1.4106237389984215	0.9188299612800596	0.5388037438015973
799	1.1037578091416251	0.8061011668813727	-0.4194916487724877
800	1.0906188085359754	0.5158103539096043	-2.8872227201576663
801	1.4184366138652416	0.8549813488776244	-0.003966463348022205
802	1.3888696273507803	0.8734145555958847	0.15273225025660225
803	1.3522035537637	0.8681477015332788	0.10795928866788075
804	1.2948465762550156	0.9127501997810217	0.4871203432688832
805	1.2044507558617275	0.9032577022814764	0.40642563996474473
806	1.1512047003323067	0.9040532759185514	0.4131887261392147
807	1.147414928064294	0.814443939785668	-0.3485706309604562
808	1.1624911557788755	0.8972866361761789	0.3556662473181349
809	1.2073961469184213	0.9036919436532901	0.41011707930013214
810	1.6824657332020463	0.9374920380354911	0.6974480570490588
811	2.0283139504291587	0.9275679607456444	0.613084540228551
812	2.185957429028403	0.9390998204542085	0.7111156429780754
813	2.082749506415829	0.9331678050425689	0.6606882160906032
814	1.3638817724172696	0.8928752748603123	0.31816573782964014
815	1.3770660071013492	0.8099669570727499	-0.38662898090829523
816	1.1585150000140394	0.8120981084518286	-0.36851229157135307
817	0.9665277958938867	0.7378818101311404	-0.9994170849206535
818	0.9120325260157593	0.7133536545579872	-1.2079283051414822
819	0.7919794620846384	0.8463727365466681	-0.07714735361848539
820	0.7915880287317059	0.8869361228615301	0.26767764358016954
821	0.9052403822778126	0.7057416351536674	-1.2726372658134606
822	1.0279459770467174	0.7996846060739817	-0.4740381441084284
823	1.1127876792918767	0.7582764918701581	-0.8260440825057251
824	1.1306017980020986	0.8370756779636104	-0.1561806516516928
825	1.0216823739370096	0.8450157284455607	-0.08868313396558782
826	0.8747676107810571	0.8132566730791019	-0.3586634579149877
827	0.944724444084665	0.8855758962374808	0.2561145029146799
828	1.271518343819404	0.9135209076759918	0.49367204843622736
829	1.3913203398796323	0.9143728411092569	0.5009142431942974
830	1.6049175097332682	0.9515670012935042	0.8170978103596527
831	1.5625632085652625	0.9051996425428679	0.4229338658805118
832	1.720701325320589	0.9317800687474496	0.6488912186613804
833	2.1472809410369575	0.9507689844916705	0.8103139551035645
834	2.349353170998956	0.9578787455937536	0.8707532718085085
835	2.221822255998149	0.9596464805147584	0.8857805968067695
836	1.8863199041026477	0.9586912903628665	0.8776606277565119
837	1.6711128306749106	0.9369587256594181	0.6929144257304624
838	1.6542002036053183	0.8409257340399849	-0.12345173781187103
839	1.6484122699830863	0.9061693819135573	0.43117751627956385
840	1.8531060189337518	0.9203158701199331	0.5514352955061236
841	1.8513424367602165	0.895031035603544	0.3364916287322324
842	1.7412489457458584	0.882169263933995	0.22715508701709872
843	1.2904887857523861	0.8668072607544872	0.09656434535116808
844	1.3296397989550126	0.8948151400288883	0.33465632360390807
845	1.52596336296743	0.9004998736285665	0.3829816343254624
846	1.5528154895282924	0.9060670952894658	0.43030798865699227
847	1.537846063833442	0.9121681605362241	0.48217249006454393
848	1.411959301415775	0.9145840492954364	0.5027097013358429
849	1.2485453547157193	0.8989179907452658	0.36953421756965465
850	1.2289368944996752	0.8480652623848438	-0.06275937296821726
851	1.2907022599286921	0.8927787174243365	0.31734491342086374
852	1.180732559691196	0.8728538345284299	0.14796562059177396
853	1.2039867105871136	0.9092580007969271	0.4574335341952937
854	1.0260452824478632	0.9003614426585755	0.3818048474943821
855	1.0410476906131139	0.8837789656069642	0.2408389883206968
856	0.9898674796135617	0.9111220534830126	0.473279646185753
857	0.9075996174514033	0.8588632844325146	0.02903345452002585
858	0.8790520575305719	0.8172740725138024	-0.3245119761313056
859	1.0770183750583162	0.7998120400281777	-0.472954841729343
860	1.1744782066848902	0.753348276982001	-0.8679383087868409
861	1.0827194766123618	0.5644151287643114	-2.4740387413098524
862	0.8864095753510468	0.4372833500740098	-3.5547723588254443
863	0.941426205104398	0.6145069257561959	-2.0482137467365185
864	1.0027627350140258	0.7024223331165924	-1.3008542964812504
865	1.1879533648754181	0.7391488839907425	-0.9886458259163797
866	1.3013917902476404	0.7983553183287464	-0.4853382766828885
867	1.021439640354882	0.8002554952680293	-0.469185076289826
868	0.9623532491160595	0.6894538857577814	-1.4110976767913026
869	0.9088465826879457	0.7438522558468992	-0.9486629661389843
870	1.2132516576125998	0.8525735707757871	-0.024434726790732983
871	1.548366536612639	0.9265484946019124	0.6044181678643747
872	1.7049530689411065	0.9424869111656193	0.7399089378969937
873	1.689747084527587	0.9110445599196744	0.4726208817139314
874	1.4215487875994135	0.927975746709982	0.6165510849819614
875	1.3361672425149453	0.917397110851176	0.5266232359591141
876	0.8787182994161814	0.8227559823087245	-0.27791084882392597
877	0.8088367938346672	0.73487369460916	-1.0249887523940884
878	0.713353334455834	0.38265970900009677	-4.0191220739623
879	0.6743878778033892	0.2546768151356827	-5.107090930302653
880	0.7186082689078921	0.42607788100819066	-3.6500288497218913
881	0.9314945110103983	0.6924702586418576	-1.3854558143681799
882	0.9871020804568164	0.8147609149352599	-0.34587605920499015
883	1.2238259710882653	0.8828055325114903	0.23256393796335295
884	1.2974640068231469	0.862286842809446	0.05813675715288016
885	1.871566169413188	0.9162340903040893	0.5167365230062505
886	1.9492815572566087	0.8860495759487823	0.26014120334483515
887	1.9524505107527796	0.8997474020291945	0.376584953951406
888	1.591527089036388	0.9178597645563005	0.5305562054931451
889	1.2293545009011198	0.9236409886965276	0.5797017719526248
890	1.1237770132348692	0.9383326377213462	0.7045939048357853
891	1.1056995375260812	0.9121538901884366	0.48205117936830094
892	1.483757025431838	0.9350605980705519	0.6767786466455276
893	1.6304406287891016	0.9457053990116944	0.7672689579380253
894	1.5724684734503571	0.89209746176152	0.3115536320865397
895	1.6913212444574421	0.8936003509747821	0.32432953212433047
896	1.9525088401343231	0.9104927401464105	0.4679299209964784
897	1.880524621277806	0.9302915984299561	0.6362378921102906
898	1.6915118265605145	0.9172088993600637	0.5250232702562557
899	1.8404726087510896	0.9458308278088743	0.7683352146923424
900	1.8034988465944912	0.8949475393761823	0.33578183625724983
901	1.411595755768777	0.8518990558788282	-0.030168705597356658
902	0.938577153153727	0.9162189984882768	0.5166082290984176
903	1.204933144077645	0.8494566176340412	-0.05093161119845961
904	1.4525973587727525	0.8224953199573151	-0.28012671152081375
905	1.3793973828483252	0.9408318738025462	0.7258396427534503
906	1.4808916542206036	0.9210773770848266	0.5579087845535593
907	1.5905137225885944	0.9443012612268938	0.7553325332038564
908	1.5622122573300903	0.9408668544820025	0.7261370097583124
909	1.3402598488216564	0.9374257510022984	0.6968845580882584
910	0.855040568553826	0.8836827252912669	0.24002085971740095
911	0.7433500406754874	0.7343522368873261	-1.0294216085682462
912	0.8368640082172716	0.6882218736991539	-1.4215708791853863
913	0.9261417705930629	0.6956852142677469	-1.3581258213521659
914	1.034827147056496	0.6703723727924522	-1.5733075722803531
915	0.8367731043529235	0.6629018607020843	-1.636813594451135
916	1.0604886195542345	0.8676461895218486	0.10369598883896192
917	1.2660287467475806	0.8988299760694995	0.3687860142493264
918	1.3966789747672266	0.9008233987820551	0.3857318869616559
919	1.2619350983634283	0.9031818947785236	0.40578120851145283
920	1.2296506617108411	0.9056550650571036	0.4268053638362431
921	1.1366281558189721	0.8324817428507465	-0.19523320140993844
922	1.6621352915439802	0.8543433487076971	-0.009390034375851432
923	2.1270070157095247	0.9375523272408914	0.6979605691189811
924	2.4926305384000402	0.9546379114366039	0.843203288173365
925	2.654905862319435	0.9485394755795761	0.7913611389259455
926	1.9953350407420811	0.9607566256730539	0.8952178217496749
927	1.9335126565951652	0.9693031758684523	0.9678711284610686
928	1.8080228666814446	0.9520534328667771	0.821232913000965
929	1.7976073292627672	0.9372580496448761	0.6954589468324703
930	1.652160985354692	0.936964083569237	0.6929599727472711
931	1.4615750576294055	0.9531072278326829	0.830191111001147
932	1.2580471631196348	0.9133306697924032	0.4920548565882309
933	1.0107349815654176	0.8435192406823823	-0.10140461596268542
934	0.7929480399617826	0.9360574781242541	0.6852530170804073
935	0.9255553147348516	0.9314541072636028	0.6461202550420745
936	1.2899532577888704	0.8868196149837069	0.2666872226046579
937	1.3647584702991185	0.8623502421670983	0.05867570829357539
938	1.394457003289054	0.870364228387364	0.12680174576251071
939	1.545520148112479	0.8515249049157309	-0.03334932281211431
940	1.52629492444996	0.8740000875103688	0.15770979427140644
941	1.565817488716068	0.8678956633762251	0.10581673932238543
942	1.7128248771950871	0.8815257849818774	0.22168494144939394
943	1.5256263685327474	0.8506939534725309	-0.04041315192267049
944	1.0146337239922163	0.8682743084182496	0.10903556022017441
945	1.2569783245835418	0.9187271711324849	0.5379299357798917
946	1.326676898936243	0.8795474756224	0.20486754573088292
947	1.2763306775514565	0.8285125894861568	-0.22897454852533472
948	1.160938366655184	0.8404813329360948	-0.1272295439401488
949	0.959403872997905	0.8760270403671475	0.17494070314413104
950	1.090820269836794	0.8888390792849034	0.28385447206942266
951	1.2711027260558012	0.9259177589177753	0.5990563514512324
952	1.5947062843809072	0.9734800504635335	1.0033782914816347
953	1.6890928615441436	0.9672759961669795	0.950638291205925
954	1.9282668644777354	0.9708504217589136	0.9810240998550882
955	1.7833820022698927	0.9757174361146366	1.0223980669728951
956	1.8020641369940833	0.9643776254698855	0.9259995527202303
957	2.108225633037672	0.9512560291283613	0.81445426933125
958	2.226835168146083	0.898457678726714	0.3656211544620641
959	1.9683799391527268	0.9227052806950653	0.5717474185739779
960	1.7539667913438297	0.9187944785361923	0.5385021088010172
961	1.4429814298521473	0.8708372545799397	0.13082289070005781
962	1.1584203268305941	0.8782203325699507	0.1935856449598082
963	1.296277937576308	0.8736984100417398	0.1551452664613403
964	1.4872126851173681	0.8633075940833669	0.06681405427097915
965	1.4970852246864244	0.9309338008794084	0.6416971862657246
966	1.8560689391006366	0.951385863370474	0.8155579763005181
967	1.7851680027636758	0.9142341550548037	0.49973528791755806
968	1.6016195122609593	0.8736897380948137	0.1550715471704682
969	2.06727353275658	0.8851208669666899	0.252246347879303
970	2.2496457348585204	0.9421138194245111	0.7367373250147786
971	2.0541216284539594	0.9255787147165723	0.5961741730546223
972	2.161279397488033	0.9091907450975547	0.4568618007071757
973	2.0207868046119564	0.9037540939144539	0.4106454120055273
974	1.7215201451003055	0.9044562819322827	0.4166146370451046
