ID	SN	ssim	z_ssim
5057	0.3034582204631437	0.16298321856124684	-1.9535354009162151
5058	0.285952709848497	0.19910776197756427	-1.6239806244225536
5059	0.31816881050903295	0.12836113163825957	-2.269383659153172
5060	0.9586194788372936	0.266605205544036	-1.008219072170118
5061	1.0912740677800754	0.3067535599403086	-0.6419561188319877
5062	0.7863037755271054	0.26761131380073055	-0.9990406092663175
5063	0.5657369528013733	0.2829730750969723	-0.8588992723312415
5064	2.008773283731857	0.3397378543041652	-0.3410490144401336
5065	2.69197671749397	0.19973461573309215	-1.6182620012993092
5066	2.028504364477851	0.26451711273079653	-1.027268197647904
5067	0.4053278811139252	0.34062284300850626	-0.3329754935848695
5068	0.3150134959716936	0.2547621679599788	-1.1162600115126775
5069	0.30129992924498894	0.28326518991586763	-0.8562343851175236
5070	0.2955385495250656	0.33777154645135193	-0.35898712752529177
5071	1.9250235905735575	0.38541830114843956	0.07568177372244969
5072	2.471135691156557	0.3368036054500249	-0.36781740052487494
5073	2.0327522092970294	0.3883039959927334	0.10200721425412457
5074	0.42267660166673965	0.5412326830173582	1.4971356921715622
5075	0.46959137231542114	0.549089889382822	1.5688149341150157
5076	0.9812605204371144	0.6012880650841272	2.045005260685353
5077	1.168284629738018	0.6153373086951938	2.1731728415123723
5078	1.0545502352763825	0.5664958388933741	1.727604866336523
5079	1.7659621326345571	0.4633954779350904	0.7870471956013542
5080	1.6127625057726198	0.41011879978752946	0.3010179728399272
5081	0.44612940473025176	0.4677106841961957	0.826413695504582
5082	0.7558572097449866	0.5676447876037096	1.7380864253993922
5083	1.3477158652039867	0.49536410893124266	1.0786886683067631
5084	1.2690685926556422	0.4382051867910717	0.5572427473594552
5085	1.0393767560547407	0.46005365873718956	0.7565606516981037
5086	nan	nan	nan
5087	nan	nan	nan
5088	nan	nan	nan
5089	nan	nan	nan
5090	nan	nan	nan
5091	nan	nan	nan
5092	nan	nan	nan
5093	nan	nan	nan
5094	0.593462296958324	0.35120489553258477	-0.23643819166725852
5095	0.6853924439380372	0.46108256004066417	0.765947049615799
5096	0.7978412497772394	0.38870085632966633	0.10562766747701714
5097	1.3081023002960444	0.28114311605115105	-0.8755935108545654
5098	0.7461642206821602	0.40220721998373543	0.2288426962169597
5099	0.9813220582663091	0.5459523701888107	1.5401921657990039
5100	0.8812529737315691	0.5533392555239329	1.6075807917961673
5101	1.4676814643129603	0.33210578627001186	-0.410674378176737
5102	0.8360975163159785	0.4974166510701939	1.097413474266258
5103	0.5408949385667665	0.524306448630337	1.3427220757554599
5104	0.6586158335259497	0.49455133586940214	1.0712739519005778
5105	1.0560415584443514	0.3205051823875677	-0.5165036581654642
5106	1.3101466349600832	0.3743434870552251	-0.025350863317041797
5107	0.6664399976616378	0.46506982579551026	0.8023218339145423
5108	0.8063924783221401	0.5173732652247629	1.279472453987743
5109	0.9191128197841537	0.34327520025170954	-0.30877873105719766
5110	0.9144116077232898	0.295957461557162	-0.7404461052287252
5111	1.0626337561077326	0.3725520440956739	-0.04169372964291384
5112	nan	nan	nan
5113	nan	nan	nan
5114	nan	nan	nan
5115	0.5236141345519169	0.43445812596449235	0.5230592898972989
5116	1.4983274887900928	0.49214354525981835	1.049308306908467
5117	2.716227259537325	0.5368198341907573	1.4568784246404278
5118	nan	nan	nan
5119	nan	nan	nan
5120	nan	nan	nan
5121	nan	nan	nan
5122	nan	nan	nan
5123	nan	nan	nan
5124	nan	nan	nan
5125	nan	nan	nan
5126	nan	nan	nan
5127	nan	nan	nan
5128	nan	nan	nan
5129	nan	nan	nan
5130	nan	nan	nan
5131	nan	nan	nan
5132	nan	nan	nan
5133	nan	nan	nan
5134	nan	nan	nan
5135	nan	nan	nan
5136	nan	nan	nan
5137	nan	nan	nan
5138	nan	nan	nan
5139	nan	nan	nan
5140	nan	nan	nan
5141	nan	nan	nan
5142	nan	nan	nan
5143	nan	nan	nan
5144	nan	nan	nan
5145	nan	nan	nan
5146	nan	nan	nan
5147	nan	nan	nan
5148	nan	nan	nan
5149	nan	nan	nan
5150	0.46849192942643164	0.6575806896239138	2.5585481748380414
5151	0.6302777404674663	0.6813349530762394	2.775252117434217
5152	0.7707880743088361	0.4390629459826191	0.5650678604798636
5153	0.6565691869730708	0.44565229602243284	0.6251807802359216
5154	1.0991540340504329	0.4294384174266724	0.47726579968816446
5155	1.0170176497459626	0.43726559866336023	0.5486711302221663
5156	1.4154240354643393	0.4250563179018239	0.4372890500074446
5157	1.558080147739674	0.43261523147783765	0.5062470447250441
5158	1.299428507758019	0.3204820794669345	-0.5167144200776044
5159	0.5002608769795182	0.3236642988632265	-0.48768386348861525
5160	0.716540902978573	0.3964393144588887	0.17622360026960956
5161	0.7250072393534478	0.45275760595044856	0.6900006673209919
5162	0.8211130529194824	0.3055304279100795	-0.6531144329509786
5163	0.7571708943936383	0.37299630889412494	-0.03764081789617586
5164	0.43387881874309914	0.42708812842787913	0.455824726876073
5165	0.5167933946684949	0.35182055523683176	-0.23082168895078067
5166	0.887089165400655	0.22977430507683574	-1.3442177595900908
5167	2.045131526095628	0.30597895071872183	-0.649022676489147
5168	3.063952065760071	0.32023603395996514	-0.5189590289885627
5169	2.5665054882818534	0.3082438148424391	-0.6283609125056328
5170	1.1538005428985036	0.2968100107726554	-0.7326685213593923
5171	2.391919324073795	0.3838064088313377	0.06097690102212362
5172	3.612666508127936	0.3538370822766116	-0.2124254393365118
5173	3.0517802918758514	0.33691828711496696	-0.36677118964208694
5174	1.476296076659603	0.3558408908792223	-0.19414521670340937
5175	0.3104660993270352	0.28031250003800556	-0.8831710038462296
5176	0.3732039046609435	0.2459888449376954	-1.196296746493508
5177	0.3695173938115499	0.21370251668996193	-1.490836488265764
5178	0.4383703737899634	0.25998290424209836	-1.0686325976860682
5179	0.48109374922768894	0.2480092581043589	-1.177865044758452
5180	0.4739850784115513	0.2872272655484213	-0.820089403726633
5181	0.5000276741312188	0.27451535281193074	-0.9360568641980861
5182	0.503828955327907	0.11937671132772273	-2.3513461795715385
5183	0.4111751369920097	0.2593683853747367	-1.0742386928455443
5184	0.392213473861963	0.28993826848236265	-0.7953576318763309
5185	0.43835140998132305	0.18022632267773744	-1.7962310647014026
5186	0.6456227646998424	0.12179246781989453	-2.3293078639126845
5187	2.6088746587087157	0.2544230728310582	-1.1193534878269287
5188	5.434397566018292	0.3965190509630203	0.1769510155754488
5189	5.923783102052077	0.4725718878035374	0.8707611866228793
5190	1.78028619330786	0.4675825607224259	0.8252448585098773
5191	1.381999892294785	0.4255369538449694	0.44167376620974247
5192	1.174370203969423	0.4828062350916636	0.9641264644681198
5193	0.5632122541431075	0.48713712318417	1.0036360256242705
5194	0.6805419308595841	0.47259708139577583	0.8709910211861432
5195	0.8840366999318082	0.36489807385727646	-0.11151890146957927
5196	1.1052644037454973	0.3312393627931359	-0.4185785333097188
5197	0.9682544462331379	0.33124886275698934	-0.41849186762018115
5198	0.971888412206637	0.3264493734160499	-0.46227635560135116
5199	0.9564791210844592	0.37472715560189523	-0.021850755351983924
5200	0.7575574260877154	0.5025656242225501	1.1443862117993269
5201	0.3436470833736584	0.4236704930127518	0.42464653142072595
5202	0.4833611537754346	0.2661997941898519	-1.0119175340904918
5203	1.942061182580582	0.36028652965366725	-0.15358881504043426
5204	3.2072417148784633	0.4214409823408549	0.4043072877464289
5205	1.7627726578169989	0.420339909589025	0.3942624885513016
5206	1.6866452730646537	0.43411751553268246	0.5199519898704752
5207	1.1380864203181325	0.541450785508887	1.4991253842493322
5208	0.4276441832743882	0.5716737751973524	1.7748418271387794
5209	0.6209483628450649	0.40004678629079093	0.20913362378378128
5210	0.8254933270660709	0.354104193123094	-0.20998865683390505
5211	0.804486111259897	0.3551382227859474	-0.20055547423274994
5212	0.6602263537100693	0.2958337997710647	-0.7415742394118605
5213	0.45428896119761314	0.30802288652966264	-0.6303763838127466
5214	0.4353212142136067	0.3571283562607146	-0.18240000622001928
5215	0.4600533604854643	0.34666034492303605	-0.2778969401733355
5216	1.1166194615328093	0.417523390142966	0.36856811711415965
5217	1.3641722387218926	0.5242451942553678	1.3421632680877857
5218	1.3642769248282172	0.5132226903841209	1.2416078435436944
5219	1.4593474357628862	0.4473958684847046	0.6410869365153923
5220	1.4141334720058891	0.3828497895879448	0.052249913463756764
5221	0.5629119849503901	0.3208958794504182	-0.5129394308826283
5222	0.9901361583786609	0.2290841411686557	-1.3505139447039913
5223	1.4661157824052833	0.30011012953629573	-0.7025623996287914
5224	0.678860537528923	0.22963946316911704	-1.3454478871033466
5225	0.5732717357467978	0.31682814356300254	-0.55004832318788
5226	0.5725494536868658	0.35802384256185177	-0.17423071853039013
5227	0.43992701062764683	0.2896599839952588	-0.7978963485845881
5228	0.42408835761953184	0.43060655487305155	0.4879224125792626
5229	0.49649553628183485	0.40357470069207063	0.24131786563297614
5230	0.4671692216039905	0.32909626014324855	-0.43812949916269023
5231	0.7114261482250047	0.26547841277084316	-1.0184985084039475
5232	0.6222944644163954	0.4046519370398233	0.25114521153803504
5233	0.594805385361674	0.34864284516663735	-0.2598111081352884
