ID	SN	ssim	z_ssim
494	0.2743391291888231	0.37214042587509727	-0.906602590961978
495	0.34366815142828944	0.3205560531101354	-1.3560050458711224
496	0.3716573521589953	0.2526996597118974	-1.9471691550751817
497	0.41901545143917257	0.2998635101751848	-1.5362782389881686
498	0.4061287460837844	0.21667372131183943	-2.261026710950876
499	0.5420451717410429	0.24395331386812197	-2.023367218228659
500	0.6653560209822841	0.33348159038076564	-1.2433979156670227
501	0.6264130140736075	0.4516379345930317	-0.21402122063527312
502	0.4660784355365927	0.33860559038098753	-1.198757687326042
503	0.4283062809637124	0.2796320517378952	-1.7125344693301991
504	0.45729073420486943	0.5255613336572219	0.4299985712897861
505	0.5219803163530432	0.5197888666748562	0.37970890615075065
506	0.6724132167217235	0.4001991603693848	-0.6621552227477484
507	0.513841657060748	0.4607671024611734	-0.13448801646287956
508	0.3857343015544338	0.6286906306439577	1.328459805859138
509	0.5604361240758606	0.39333076231098807	-0.7219926266607661
510	0.5576404171033964	0.4170083414267588	-0.5157138330924845
511	0.40607105213530487	0.37143333378689225	-0.9127627690014406
512	0.3073548608606133	0.32538857004365296	-1.3139042146134061
513	0.36450590497022267	0.3981138618861913	-0.6803223188532964
514	0.4402217618787893	0.4967841719286895	0.17929227337577483
515	0.6413210866143908	0.5105125347147843	0.29889361012295634
516	0.7032176338879012	0.569516100372137	0.8129319871257318
517	0.5615644631966467	0.5964246636855943	1.0473590774045103
518	0.5096235046635307	0.43491519510318427	-0.3597095323607221
519	0.5731698019576492	0.46221436676532884	-0.12187946669620288
520	0.5828529472566868	0.43068831832578175	-0.3965340336300951
521	0.5735294854322341	0.299396215611613	-1.540349303785093
522	0.6081862406242933	0.341784137904537	-1.171066218310085
523	0.5513659442707189	0.4178889534208073	-0.5080419516536812
524	0.52847845228543	0.46911647106288756	-0.06174841442006229
525	0.5526915742426479	0.4611634009832501	-0.13103546835282295
526	0.5641402769445313	0.3854643353229839	-0.7905248469880405
527	0.5316176762364855	0.3681503315061148	-0.9413642466461555
528	0.5981800184985481	0.38216508673899585	-0.8192678622371636
529	0.5944777577493405	0.6187562604111143	1.2419116880607837
530	0.4559753852825764	0.63608812673084	1.3929067056358047
531	0.6904272206031229	0.6466906108653891	1.4852754239666799
532	0.7278270745358093	0.5177814540268308	0.36222035053432866
533	0.6769544594305706	0.4898797102364886	0.11914068350495942
534	0.6943456918237032	0.4258606066089431	-0.43859300189605416
535	0.6689305718019685	0.3294743256971639	-1.2783091589322422
536	0.6867419819602594	0.26178482580690776	-1.868019293837977
537	0.7453132473562235	0.08128725214795057	-3.440512053943353
538	0.8179579303072978	0.1535756660096059	-2.8107362340659363
539	0.7179334689002652	0.16626978210490773	-2.7001452424467614
540	0.4303524711700639	0.3285485239633674	-1.2863747328575663
541	0.284540383548519	0.3360562863880851	-1.2209671940295568
542	0.32212651760534783	0.2782285333664623	-1.7247619050403498
543	0.3727608301758885	0.25905109457839715	-1.8918355284707442
544	0.3216613120911294	0.1800751034265694	-2.5798734438337827
545	0.3461846115216197	0.23432149186193169	-2.1072795393991117
546	0.5587630621753022	0.36324554858103264	-0.9840946583809586
547	0.6657321844814774	0.5710693509183555	0.8264638877992189
548	0.5707435641645507	0.5558671307505186	0.6940223227030602
549	0.7577224554115523	0.6288753102083988	1.3300687320742448
550	1.0665183577175856	0.6017604276957206	1.093844191334118
551	0.7604643779322556	0.6484582438273218	1.5006750217497202
552	0.6271154475859749	0.5953727928612779	1.0381951910304532
553	0.5588157530021073	0.5435125412605182	0.5863892829160149
554	0.6487464477904475	0.5205660458508767	0.38647968208320727
555	0.9243833786489775	0.4340409497539554	-0.3673259476639866
556	0.937917639308422	0.33872624817296104	-1.1977065180472397
557	0.6544344049350207	0.5407562977599655	0.5623769216313371
558	0.6168448526147302	0.5859615097485799	0.9562042021322752
559	0.6355228213738476	0.5876708024597066	0.9710955403295757
560	0.7135855777818295	0.6348213212970515	1.3818703114466035
561	0.5511071264755872	0.6061794972559198	1.1323430738894318
562	0.4829301599930788	0.49512200898101455	0.16481152912891397
563	0.6429030712710911	0.23555472407392336	-2.096535634727297
564	0.6889457821346429	0.3017887536567765	-1.519505540192986
565	0.9809413339424993	0.44802358124862257	-0.24550942488828337
566	0.8622390991813869	0.697871655944798	1.931164092775406
567	0.5878615412203466	0.6674326350554526	1.6659796972021375
568	0.5358607835781567	0.5833305630984018	0.9332834255491759
569	0.6674560058945775	0.5306629216123294	0.47444354615468365
570	0.8468025115463423	0.5661072632534934	0.7832342378386764
571	0.8111346241166371	0.5030500722443089	0.23388072396885828
572	0.7374028659941064	0.6932176177796022	1.8906181664692028
573	0.7456168945028878	0.6966004512002972	1.9200893718425023
574	0.7710889641514417	0.5604441142094548	0.7338969493055109
575	1.1133500826292697	0.6267988170513161	1.31197834786725
576	1.221387159799592	0.6155499262513012	1.2139781421932299
577	0.8971147104427504	0.6240763991315773	1.2882606746487768
578	0.6490172080681801	0.6634713078404	1.6314686606280484
579	0.6179491908169998	0.6639080248732809	1.6352733343336214
580	0.704443689899004	0.6089997168684245	1.1569127943165336
581	0.48270777735376186	0.5573543237485415	0.7069787307858034
582	0.5112440467022532	0.5598130182223021	0.7283988484135604
583	0.6001483205868576	0.6376984513515692	1.4069358349818901
584	0.5065124695061047	0.5651100878920642	0.7745468577004502
585	0.47778528955784777	0.5237066066958285	0.4138402115975161
586	0.6799068717643064	0.5774788337031829	0.8823032271922493
587	0.8080161852636197	0.5845576588236473	0.9439738692199073
588	0.6907673741831566	0.5716527467105664	0.8315464251482302
589	0.639263949835807	0.5140901168748269	0.3300614642459079
590	0.6306845500490657	0.402305157998344	-0.6438077959252989
591	0.6797057088386899	0.511069354138995	0.3037446144633902
592	0.9774540484729982	0.5975261601166363	1.0569553014865476
593	1.126019401148797	0.5799278250656688	0.9036388114275589
594	1.1215640599438874	0.5277518124089788	0.4490819966703992
595	0.8082382409017567	0.45705775615935756	-0.16680379825477304
596	0.6762706152985086	0.324257645797422	-1.3237568134787292
597	0.7039284392374339	0.3370894842477982	-1.2119659863057066
598	0.7389850365650937	0.4261910210893076	-0.4357144347902773
599	0.9263270546959115	0.49773528698227043	0.1875783766483271
600	0.9409822375460428	0.5694425011596413	0.8122907916434174
601	0.8104204122941163	0.4949225778824745	0.16307408772049586
602	0.7069877909304628	0.5230441942469316	0.40806928205548176
603	1.0394863533706027	0.6296639485820738	1.3369393404032426
604	1.0600354799603058	0.6888482981876016	1.8525527050575747
605	0.8995783493050793	0.7352476793502467	2.2567835734984394
606	0.7945910180875185	0.7662089771856911	2.526518039745025
607	0.9327231670421423	0.5758414633641921	0.8680384758635737
608	0.8167851469558784	0.6235417047910803	1.2836024237800447
609	0.8412140378521441	0.6017504685622868	1.093757427479601
610	0.8151593077695206	0.33521521485824046	-1.228294599404603
611	0.725395616560655	0.4022288597284635	-0.6444725055641238
612	0.8815768669373767	0.547273785830891	0.6191572018193029
613	0.982917597572945	0.511015072679398	0.30327171501940403
614	0.850673504366481	0.5068523392811447	0.2670060301223295
615	0.584532048188386	0.5192942006905115	0.3753993818547493
616	0.578125171410614	0.5129567862890471	0.3201879013784533
617	0.5024204719709384	0.48665594658207906	0.09105529208342077
618	0.4689502231154134	0.4290396643353669	-0.4108970879985966
619	0.5289010145218629	0.4768055203210503	0.005238493190119159
620	0.5936787404178862	0.5117493872280452	0.30966905481727547
621	0.45658718725942876	0.438384914170472	-0.3294813802459541
622	0.6868109364108332	0.5383357428433799	0.5412890753816135
623	0.8154636647030696	0.5294287121559907	0.46369112774149657
624	0.6820785898824826	0.47287103170074607	-0.029038725859015325
625	0.65959620768807	0.5405383090406031	0.5604778064463889
626	0.5538711508140207	0.5236668902129952	0.4134942020615086
627	0.5297559887263009	0.5437353255951497	0.5883301774453501
628	0.7048224310440219	0.5150353002534054	0.3382958908349043
629	0.6582288983610848	0.4078955412368418	-0.5951044422427604
630	0.5119134106786476	0.4018381102207922	-0.6478767107252905
631	0.6377050431956306	0.4417673929376075	-0.3000132646103356
632	0.4812920075994527	0.4302968306232436	-0.39994466993634664
633	0.5356197103538691	0.43725258592121813	-0.33934621076926524
634	0.6887648470167012	0.5465562716854494	0.6129062269385436
635	0.5928615317912792	0.4030142867736864	-0.6376298742912094
636	0.40374997146482583	0.5316155345691759	0.4827426991430445
637	0.466424723818221	0.5562044334358578	0.6969608997703737
638	0.664456658128291	0.3938390977224121	-0.7175640144752095
639	0.6428658751500698	0.43492346392877884	-0.35963749444841975
640	0.5309404321100263	0.3645513760232531	-0.9727183049086486
641	0.6621572685974396	0.4654137172192148	-0.09400676279337186
642	0.7601523054257376	0.5127937838137706	0.31876782571175327
643	0.7921199895449236	0.509113694563541	0.2867069310126271
644	0.8418002597600317	0.4874435162808952	0.0979165901294919
645	0.9137786050558616	0.43447463813716625	-0.36354765951907553
646	0.8933811937343541	0.2298065864418549	-2.1466133428498204
647	1.1497978240195788	0.16386280905574893	-2.721114763625603
648	1.0474076260054843	0.5593504169388495	0.724368671418388
649	1.0169084573187006	0.5347167749117494	0.5097606688984601
650	0.9560436711229516	0.5070848591077901	0.2690317401447352
651	0.7720759442321932	0.6369972642053027	1.4008271007278417
652	0.8219719997168033	0.6035805988604156	1.1097015013278995
653	0.8171923743717658	0.4200534855729189	-0.4891845727470706
654	0.7002276971400551	0.3908985139816395	-0.7431823457863297
655	0.8135705125797708	0.5493108329911996	0.6369039329616889
656	0.793275280599954	0.48034010058955323	0.03603171533466729
657	0.8160270669366362	0.395576521289584	-0.7024276005875834
658	0.8295854104590736	0.3875439394298561	-0.7724073602227016
659	0.7678285929203997	0.3667846856513499	-0.9532617374320609
660	0.7030608808642608	0.445028064921948	-0.27160632824817754
661	0.894295513749197	0.579653673746398	0.9012504083261345
662	0.8736352077233047	0.6231105139635832	1.2798458943114317
663	0.7105335509660029	0.5616957447777232	0.7448011402429879
664	0.4445522564220099	0.4487840443120841	-0.2388842795338077
665	nan	nan	nan
666	nan	nan	nan
667	nan	nan	nan
668	nan	nan	nan
669	nan	nan	nan
670	nan	nan	nan
671	nan	nan	nan
672	nan	nan	nan
673	nan	nan	nan
674	nan	nan	nan
675	nan	nan	nan
676	nan	nan	nan
677	nan	nan	nan
678	nan	nan	nan
679	nan	nan	nan
680	nan	nan	nan
681	nan	nan	nan
682	nan	nan	nan
683	0.33785600889116657	0.39176728472937933	-0.7356136251474945
684	nan	nan	nan
685	nan	nan	nan
686	nan	nan	nan
687	nan	nan	nan
688	nan	nan	nan
689	0.3983773072471927	0.40150473807056475	-0.6507810450164756
690	0.5462433363335845	0.37937143066687185	-0.8436061614097599
691	0.5505561634842188	0.43153312293065405	-0.38917410574887373
692	0.6619847024397166	0.4604419612859223	-0.13732064259590773
693	0.780568071334235	0.6085063369681649	1.1526144743701083
694	0.7089506657624796	0.6385253524236575	1.4141397874939556
695	0.7225795276237641	0.6222082122791961	1.2719850525429408
696	0.7895532765095635	0.60158423058395	1.0923091641479123
697	0.8623597987608989	0.5446383902424091	0.5961976661375012
698	0.8590515362567461	0.47568556128829764	-0.0045185768630535295
699	0.6918133635424134	0.4067378633547982	-0.6051901184717787
700	0.6637441450211767	0.5050726654363497	0.2515015323079887
701	0.835032080083256	0.4680774883877259	-0.07080001938874529
702	0.8120537553859504	0.45798333819970366	-0.1587401382962306
703	0.6014674961220878	0.3896310147672406	-0.7542247841841303
704	0.5638509389698824	0.4949626843433434	0.16342349474060866
705	0.5864844502087954	0.43798996033345944	-0.33292221347538875
706	0.6575188158125171	0.6153467524025102	1.212208093988204
707	0.6725381902929907	0.5401311155164408	0.5569303412050176
708	0.6238010675205935	0.340302258974339	-1.1839763302958113
709	0.6914523969977296	0.5008216073320467	0.21446636360021307
710	nan	nan	nan
711	nan	nan	nan
712	nan	nan	nan
713	nan	nan	nan
714	nan	nan	nan
715	nan	nan	nan
716	0.4924238204293263	0.4456466242134175	-0.26621744690304927
717	0.46114425730033665	0.4180636301057919	-0.5065201704079315
718	0.5498180406412693	0.4316629409690328	-0.38804313251004574
719	0.8737843767710107	0.5068101570684659	0.2666385391766174
720	0.926461420539636	0.4178028433364198	-0.5087921417062478
721	0.8347109610711787	0.29134006932605877	-1.6105343564236396
722	0.8190980758418231	0.20616595848159164	-2.352570218381559
723	0.8866390147547016	0.22973341990445548	-2.1472507688717344
724	1.032402144886055	0.24556294308801793	-2.009344147206536
725	0.9744775617381017	0.22225047568112236	-2.212442091818251
726	0.8080132949512805	0.36144232206285554	-0.9998043468115698
727	0.8357059071493981	0.4709176411868136	-0.04605664127222269
728	0.7023036310855596	0.6477210373038967	1.4942524871012564
729	0.5825272135762386	0.5883770683197727	0.9772485202791118
730	0.7116190913022986	0.5527699035606619	0.6670393154873867
731	0.6107300834136776	0.4006520405156583	-0.6582097361864937
732	0.39959844162468533	0.3754313495664354	-0.8779321020806905
733	0.4150618452296515	0.443921486183218	-0.28124682933561795
734	0.5013084204163529	0.47409361364367175	-0.01838760620729808
735	0.8194200346127402	0.5422831126350316	0.5756785150455459
736	1.0029586283461212	0.4443521788041295	-0.2774946402369773
737	0.911815380042639	0.3233623514573225	-1.331556607345376
738	0.8008691203517435	0.2797894804993739	-1.7111629517932077
739	0.830451787324798	0.2784137791402566	-1.7231480460159505
740	0.8586678462460416	0.2675130095484096	-1.818115423777738
741	0.7416139364202511	0.41477450298681884	-0.5351750075716926
742	0.7617681652785835	0.3854681549988751	-0.7904915700161506
743	0.7181269390492918	0.31063744213586697	-1.4424158691922637
744	0.7242460277226651	0.39364595508042316	-0.7192466709233736
745	0.8097219592084374	0.46252958535677013	-0.11913328599779299
746	0.9077190199218699	0.4642125528089431	-0.10447129314998156
747	0.8028877707221637	0.4272613139781401	-0.42639005560465265
748	0.7871763576916991	0.3745842614884689	-0.8853119235529212
749	0.8923766096922167	0.2416958736243383	-2.0430340113481473
750	0.5931122695862033	0.4469287321267689	-0.2550477376900696
751	0.467872548281117	0.3230803239686716	-1.3340136275427346
752	nan	nan	nan
753	nan	nan	nan
754	nan	nan	nan
755	nan	nan	nan
756	nan	nan	nan
757	0.44159173679894004	0.361844348961814	-0.9963018931488171
758	0.4740066961724545	0.5565142876619437	0.6996603461802667
759	0.5936595351835147	0.5578615921068383	0.7113980468169392
760	0.5809416486919315	0.5126160688003337	0.31721957458390404
761	0.539615827865323	0.4087620134071425	-0.5875557467838113
762	0.4485139460800289	0.5473771406208396	0.6200576275459306
763	0.474473795934086	0.603925067286521	1.1127025062453342
764	0.6290848470828297	0.5179873017784435	0.3640136937496039
765	0.7238783100075153	0.4616080266282492	-0.12716189491055996
766	0.6992128679777282	0.6479739202766736	1.496455600615662
767	0.6834265371006416	0.6792194881995435	1.768666624554019
768	0.6053225711229185	0.7396545848348306	2.295176482768624
769	0.6517082559698372	0.7426026391981523	2.3208598980564084
770	0.7630767357085942	0.5058637164353281	0.25839315940053964
771	0.8502008694017735	0.4341755625681535	-0.36615320239404825
772	nan	nan	nan
773	nan	nan	nan
774	nan	nan	nan
775	nan	nan	nan
776	0.7577584208677028	0.30523699924275904	-1.4894644647973234
777	0.9108121212628701	0.3886060351598341	-0.763154394589574
778	1.0686368843316632	0.4121313056930159	-0.5582025116194123
779	0.8560318354733399	0.41236462336799207	-0.5561698507516388
780	0.6783584865403486	0.33658198621467117	-1.21638730326129
781	0.6855996714895497	0.3293189592019046	-1.2796627100299416
782	0.6516679316850957	0.3819342728459298	-0.821278710186089
783	0.5671302113304745	0.3640779182210492	-0.9768430637687748
784	0.6888624358030231	0.49250630685435	0.1420235626571655
785	0.972228493072028	0.5024808856020422	0.22892197656871763
786	0.9427714038333866	0.6291042273585387	1.3320630556208817
787	0.6960069219497116	0.6037097474612836	1.1108266424349282
788	0.6463871689930984	0.5180117143178369	0.36422637550855286
789	0.4890417002416173	0.5257532092750381	0.4316701894381098
790	0.48689561123144814	0.5215575579951348	0.39511772433937814
791	0.4939184201332397	0.595608062433492	1.0402448568042366
792	0.538359683800236	0.5801535299134675	0.9056051494336018
793	0.5212338990516915	0.5626822311792467	0.7533953982869714
794	0.5853675362044213	0.33568951144341214	-1.224162533077028
795	0.7324676279516785	0.4111881624386912	-0.5664191646696635
796	0.7412530988623763	0.6267644169921184	1.311678654952054
797	0.7182354124177058	0.645922590868191	1.4785844426934796
798	0.752695105687057	0.6617916575286054	1.6168355666685899
799	0.6986326766140485	0.5758056026669266	0.8677260578865387
800	0.5275202279241238	0.41169525016527636	-0.5620014222998958
801	0.5204192121655818	0.5070307414289675	0.2685602675569485
802	0.6045859425552922	0.5734842121019095	0.8475021303130656
803	0.5854434272804258	0.5562836268200508	0.6976508316113805
804	0.6313998837109503	0.5384146758470368	0.5419767387904213
805	0.6323058044445973	0.4852108310132103	0.07846546207354267
806	0.6461347440019491	0.45908844599571663	-0.14911245204461449
807	0.6776670426643863	0.49304031731420506	0.14667585556570772
808	0.6014584606922891	0.46931221736058615	-0.06004307495367118
809	0.6678186130236441	0.5247217663251474	0.42268427046819956
810	0.6246127878927328	0.4519265385271845	-0.2115069065212745
811	0.47969116762142633	0.4048784039362172	-0.6213897072759648
812	0.577971326223974	0.5086039253554487	0.2822658276071906
813	0.6143924007583207	0.5970361419815349	1.0526862691990375
814	0.8757974722833574	0.6847866828916236	1.8171679598901609
815	0.8001695310618868	0.5808954111746346	0.912068410342845
816	0.5496163024522257	0.5037638521270532	0.2400991659964786
817	0.5559491419035784	0.5436467594239291	0.587558589992891
818	0.6405837051229534	0.48750058408980984	0.09841376421629087
819	0.6305059928330884	0.757749843246827	2.4528221633630025
820	0.7820011253458891	0.7900429117465544	2.7341590001304383
821	0.927083199267157	0.4861334317421745	0.08650314888203889
822	0.9117183711635949	0.5332118903734004	0.4966501323223867
823	0.7265411737261337	0.4046612924684159	-0.6232811798555268
824	0.7636246551766867	0.36078495677997474	-1.0055313055020385
825	0.6527777411224495	0.39322215062437105	-0.7229388504099606
826	0.5000740637300907	0.47154896121750495	-0.0405565885155725
827	0.4257376181513298	0.5008597477161016	0.2147986421820145
828	0.41654479552907764	0.29834057015300275	-1.5495460747291683
829	0.49367524225608606	0.3299264880899556	-1.2743699254309633
830	0.6123243108256092	0.4317040991175982	-0.38768456319896594
831	0.5642743431641069	0.46844978051043606	-0.06755661475045277
832	0.4765485320159853	0.4903045251456829	0.12284166604755634
833	0.5727544795746958	0.48085660703284633	0.04053151345472843
834	0.6882219002985339	0.589387819262881	0.9860541707268603
835	0.6048011427381523	0.5720806182456601	0.835274036980073
836	0.35590095416208806	0.47200792173247275	-0.036558129853049175
837	0.3619808152987761	0.47004294722521395	-0.05367696488123823
838	0.3323087024266794	0.3755209798246454	-0.8771512443147692
839	0.2849740645040909	0.363494335340227	-0.9819272310315892
840	0.4938799307098159	0.4678407813572701	-0.07286220828199376
841	0.7509027906360105	0.467150811113175	-0.07887322101492743
842	0.750840427685873	0.44362630300901507	-0.28381846171232805
843	0.5075835692315027	0.5710952643490315	0.8266896453055462
844	0.5362957164140574	0.5471008671284491	0.617650736096996
845	0.5098985375414959	0.5180722530481295	0.36475378822198384
846	0.48639775134487534	0.5570279805114793	0.7041356323042727
847	0.6083474482015913	0.5486562271815232	0.6312010147696465
848	0.7839586064903394	0.5207632559740784	0.38819777438033687
849	0.7149494197666126	0.41477043799430924	-0.5352104217391058
850	0.43717737847129684	0.5030229476784074	0.23364441506654765
851	0.47574594407576287	0.6052455163850109	1.1242062434168174
852	0.46085919418303506	0.5140386788244695	0.32961333655011016
853	0.5353337071837118	0.5350979558447626	0.5130815127486164
854	0.4915274546629547	0.5766567011694659	0.8751408181309522
855	0.5007870339740098	0.44482329051382313	-0.27339032050748435
856	0.4692602745979572	0.5161535973184685	0.3480384818449173
857	0.5958881973575106	0.5026336857233603	0.23025316944652316
858	0.8940739441579681	0.5439566977169655	0.5902587687930781
859	0.7876101060303091	0.5355170559450505	0.5167327079425604
860	0.6605752628679065	0.503802154662668	0.2404328572407814
861	0.6556897284832129	0.30229347590132394	-1.5151084058751885
862	0.597281314356215	0.16626449856149442	-2.7001912726154598
863	0.5560494889922465	0.486978892828756	0.09386879602426726
864	0.5226422746455299	0.5021267802950193	0.22583701525693614
865	0.5971229712851465	0.47545898770962824	-0.006492483242326974
866	0.6411313122678997	0.45464854704804436	-0.1877927999810681
867	0.5924133481886179	0.4366100158215153	-0.344944273996154
868	0.5260182545720096	0.5310026460085537	0.47740322113903155
869	0.4211884696434548	0.632347912791591	1.3603220053459983
870	0.48883000337736204	0.5560381200212166	0.6955119792384783
871	0.457562718028966	0.5216591165772566	0.39600250152433264
872	0.4766628241003678	0.39246871349026663	-0.7295027859496833
873	0.4312456872026314	0.3260036414679503	-1.3085457195264707
874	0.5235846955334472	0.4841875717998394	0.069550839720906
875	0.5744207640728912	0.5720921575272235	0.8353745670666963
876	0.489854563881507	0.49024722617014393	0.12234247803981765
877	0.44344414952423283	0.4105442943824371	-0.5720285356789145
878	0.5005300853178354	0.3872815300810125	-0.7746934674144812
879	0.4987502172817823	0.30534845726724835	-1.4884934437857267
880	0.48758108568501995	0.30906514310625155	-1.4561137200313143
881	0.5025508411754391	0.4241687178531044	-0.45333271703752703
882	0.46735178910019926	0.428114793307779	-0.418954553622268
883	0.6696713402524048	0.5282507217259819	0.4534284888311122
884	0.7183504430418851	0.4928506662455761	0.1450236176640019
885	0.6648634915520115	0.449762995062148	-0.23035567199759846
886	0.5589260972365615	0.44647728011137405	-0.2589807823917383
887	0.7669799880926871	0.5082188954076792	0.2789114511852927
888	0.7473415088174004	0.4928933482013508	0.14539546236574633
889	0.5900844921597013	0.462852943194305	-0.11631619628218486
890	0.5142323844922493	0.667852169902347	1.6696346799034554
891	0.5628303138677834	0.5799060076750279	0.9034487385743247
892	0.6022423179939165	0.5656244409008477	0.7790278951241375
893	0.5688378168034167	0.5646622553791996	0.7706453460626815
894	0.6549847648558014	0.4340814071212244	-0.36697348355140186
895	0.41671576537034555	0.36965345395640986	-0.9282690613606911
896	0.4767823771052165	0.38565608347295466	-0.7888543393381021
897	0.500526598708534	0.38089522995547986	-0.8303308397496622
898	0.5284291471755277	0.30170929831377996	-1.5201977542160388
899	0.8126222856399451	0.4448377818496583	-0.2732640721584175
900	0.7904465304502035	0.3698379107594257	-0.9266620758405277
901	0.6855671300517856	0.6153819801695564	1.2125149978845378
902	0.46212782290992727	0.7257759520956673	2.1742659959399675
903	0.5239626413969821	0.44836129943160896	-0.24256722801030506
904	0.7391670621804738	0.394007878987998	-0.7160935940546185
905	0.6628423813613601	0.520697707493918	0.387626716784389
906	0.4462769180519308	0.46720204186003056	-0.07842689934482379
907	0.43989436677743154	0.5501813983791037	0.6444882884847393
908	0.7288937272368236	0.5949422049422982	1.0344439140938242
909	0.7276888262373911	0.6480608980200944	1.4972133497036246
910	0.660165183007305	0.6371063753281281	1.4017776755594686
911	0.5615838836281822	0.40752718643750596	-0.5983135449656596
912	0.6667915309174798	0.44667726981141065	-0.2572384744535862
913	0.7043454291580642	0.4011546126392689	-0.6538313336972631
914	0.724713066700445	0.337512881951505	-1.2082773504408162
915	0.6878732569905014	0.39117504603316483	-0.7407732017732235
916	0.7078793213789168	0.5870545129954134	0.965726433692379
917	0.7381023771934929	0.6276964669347966	1.3197986632004057
918	0.6380600172406921	0.572795151806188	0.8414990450397678
919	0.4595007978669823	0.5011670466039765	0.217475826515166
920	0.430761152989661	0.44040624458047634	-0.311871573249222
921	0.44327269036722156	0.3948229911450585	-0.7089923464330116
922	0.4045459452502788	0.4575819241553502	-0.16223725277680023
923	0.53722874064188	0.5325089479727881	0.4905261063129152
924	0.7433543935210962	0.5864835856683195	0.9607525214662906
925	0.7510149653648122	0.5442209445074805	0.5925608837553046
926	0.47127124125396236	0.5608786571410614	0.7376826822660959
927	0.5949010152806948	0.6342770478898604	1.3771286078603657
928	0.7039848617013683	0.5013967930989089	0.21947737530397962
929	0.5476127534762095	0.4338530747820334	-0.3689627122318615
930	0.5114314402981585	0.39279638998762995	-0.7266480721199335
931	0.6495755854297508	0.4252241837291041	-0.4441375106150642
932	0.6355242225410388	0.4647196773294164	-0.10005323023228868
933	0.521992008015438	0.5308096652590681	0.4757219750964715
934	0.5135275225572755	0.4192172465061649	-0.4964698777599377
935	0.5580991482220145	0.4731227950685514	-0.026845366330085028
936	0.7872637859794542	0.6408660862187694	1.4345322330627928
937	0.7957923823274001	0.6414584051959057	1.4396925090949777
938	0.6079155407126233	0.5855796837350279	0.9528777383479762
939	0.44032747762214497	0.5244731298815679	0.42051815266671655
940	0.415701310249519	0.4492294053328971	-0.23500429950601573
941	0.4307382933370532	0.42846702731051295	-0.4158858950916631
942	0.43875403347085995	0.35687288812740176	-1.039613202053344
943	0.5526202217340781	0.35645538335429316	-1.043250498775477
944	0.47623542342023256	0.6102805101846528	1.1680710507746832
945	0.57943431738518	0.667895591392181	1.6700129674173143
946	0.6492541350476912	0.4940086188895879	0.15511168761608837
947	0.6423781898737275	0.4388840892069684	-0.3251325731401084
948	0.5031879058127634	0.40298802721406946	-0.6378586472688408
949	0.4781111673477509	0.3976281841508194	-0.6845535376289
950	0.4719208750014583	0.3649294495849399	-0.9694245324413077
951	0.44179286082366553	0.3413468244241373	-1.174876088259497
952	0.38131574057506495	0.4311945434162834	-0.39212380653584294
953	0.4499330362715937	0.4139034865832944	-0.5427632923375761
954	0.568189201490734	0.4862171005612138	0.08723207065931711
955	0.470600630929658	0.5437711077261056	0.5886419109536111
956	0.44668903473538657	0.5041785156938001	0.24371171016187007
957	0.40796411269711336	0.41963873160278076	-0.4927979045057538
958	0.4070845684514963	0.4285814226104576	-0.41488928457049923
959	0.39038424050611814	0.4187480290419722	-0.5005576948446819
960	0.3630641219830368	0.40803106547431667	-0.5939237566638467
961	0.2405778603423903	0.4033138810302642	-0.6350198126162092
962	0.261388754621337	0.41927201136094316	-0.49599276698276024
963	0.3425638259132423	0.4683379551147255	-0.06853083629585185
964	0.3949687520337754	0.41390061571036807	-0.5427883033490835
965	0.41531685527811735	0.6366615482211468	1.3979023469827627
966	0.4479859592436991	0.6164543437096808	1.2218574165601082
967	0.4440666585682219	0.5243722400725925	0.41963920182562675
968	0.38914210362355245	0.4847108872819403	0.07410995810777998
969	0.30331355539806465	0.3455874048246333	-1.1379322011852908
970	0.22375741532974222	0.33555990339539565	-1.225291676882265
971	0.22086438020297247	0.33541821742245514	-1.2265260434288117
972	nan	nan	nan
973	nan	nan	nan
974	nan	nan	nan
