ID	SN	ssim	z_ssim
494	0.2437869923108672	0.4333711148798488	0.45677423310061605
495	0.31135079246419844	0.37931751078988973	0.09286436101016284
496	0.3583178981063197	0.15861059478097655	-1.393020381117544
497	0.39611496673848023	0.19571873195827513	-1.1431939785851324
498	0.4574214411949296	0.3907880792878368	0.1700886864768917
499	1.2320145721374067	0.3454315278941821	-0.13526924652345454
500	1.6387936227367055	0.2678862139994038	-0.6573344396916714
501	0.8077542884120055	0.39224864010021504	0.17992174955124865
502	0.22197050915748812	0.321306221766245	-0.29769018431234584
503	0.2948898565742145	0.18258366452557165	-1.2316243578319905
504	0.33698819207810365	0.46513868257354163	0.6706458461164082
505	1.0810485182661536	0.5195742420678291	1.0371271904458277
506	1.6631752807515068	0.4433151408999853	0.5237212812757852
507	1.2048418483411083	0.6048632488388637	1.6113259338471853
508	0.27646966494153313	0.6922190719777025	2.199439288359217
509	0.5728785466870412	0.5855827862505179	1.4815223658428633
510	0.8679006072104145	0.39744507368247695	0.21490616015780692
511	0.7041999761018044	0.46468842716816133	0.6676145517237663
512	0.5443450854052371	0.4142315003944381	0.32791890926957823
513	0.7480973365691116	0.49092666833003795	0.8442605894089884
514	0.9659359361743123	0.5716896422221327	1.387988320307442
515	0.9376155111552115	0.4887597339162624	0.8296719446993204
516	0.6347449030410569	0.5419856565011576	1.188009543197468
517	1.225277772282962	0.5764816893345881	1.4202502440238107
518	1.7335309281577849	0.4841702194094884	0.7987735492040301
519	1.23787408762027	0.5697134425014225	1.374683775685552
520	0.25108625505807247	0.5755717174990573	1.4141239599424977
521	0.3834703328839555	0.23383415137633684	-0.8865861605011318
522	0.7669375820072186	0.22748825890999017	-0.9293091750828175
523	0.7734303158150317	0.26318733473073286	-0.6889691212715472
524	0.7048775420604954	0.3150745112435606	-0.33964448166947747
525	0.4696639378307189	0.2405793900380615	-0.841174592115745
526	0.6442993978977608	0.1818846267676638	-1.2363305517176615
527	0.470403030754265	0.24685991380872635	-0.7988916650006546
528	0.7575161444848743	0.17583069908014654	-1.2770879459284668
529	0.7436919303894794	0.3130314978802099	-0.3533988417025054
530	0.4069882138744859	0.5201511921301742	1.0410114425123722
531	0.7232700170955014	0.4852418974302412	0.8059885021756257
532	0.9500712443409415	0.3969478386579366	0.2115585807091132
533	1.0200445811911818	0.4160176384303013	0.3399438847565987
534	1.3762234114483192	0.3275880201386183	-0.25539867608314654
535	0.6752888663800953	0.2168545996973539	-1.0008991019539983
536	0.35014479781012653	0.1992637322033513	-1.1193276590775691
537	0.6713437686337366	0.12287506430760899	-1.6336058618193459
538	1.216701604647089	0.08872936376453458	-1.8634879895011398
539	1.6273239549132053	0.33927540377451404	-0.1767146668368338
540	1.4399011039210166	0.5598052167583978	1.3079777488906197
541	0.8533184690918719	0.5396845328405917	1.1725174843222226
542	0.49080356406996783	0.506372530832413	0.9482481392162389
543	0.5555490746214198	0.45421783672511934	0.5971224671904661
544	0.7210353131168284	0.4914883167229815	0.8480418246897244
545	0.6304320789937544	0.42788486473822074	0.419838664771566
546	0.678944290831075	0.34589419139812017	-0.13215441598858726
547	0.7166844342927111	0.6291316423980277	1.774710191837795
548	0.662412802337204	0.6584481710506125	1.9720804573679713
549	0.6530593906769174	0.6604071766638439	1.9852692445753712
550	0.7012497504477524	0.46636751139748756	0.6789187993758985
551	0.6330587673844599	0.5663613335642728	1.3521160754352362
552	0.6394705061900029	0.6283336350338989	1.769337696095901
553	0.5000572077496269	0.5916296122906209	1.5222319490030343
554	0.4690868996858925	0.56211873518574	1.3235532541533557
555	0.7330371615259702	0.4053486485847394	0.26811609833238137
556	0.9951205940784039	0.2358363132336617	-0.8731068286846838
557	0.8465944466974232	0.3311391584012589	-0.23149103305563737
558	1.1088014198564198	0.4042181609663895	0.26050521629186324
559	1.06618639407242	0.37890353591968073	0.09007732128167961
560	0.7869330190787502	0.26274528588586316	-0.6919451659091359
561	0.3833230931885162	0.5009874291956061	0.9119935419356757
562	0.38204480344556735	0.44633773068691557	0.5440705305305269
563	0.47082569798739266	0.11380489261489699	-1.6946697830157942
564	0.5415349224072038	0.1402211539864347	-1.5168252440868903
565	1.4804450557930207	0.26140154226023343	-0.7009917702782258
566	1.9353445420636535	0.6088553142288546	1.638202069673958
567	1.1589904217009905	0.6042871384152839	1.6074473345551572
568	0.43840049016737564	0.5524900084570588	1.258728923357637
569	0.8696517646072937	0.4201394167457169	0.3676932984136748
570	1.3068321504010028	0.3566083482213498	-0.06002254791537547
571	1.477631096702342	0.31852999374811514	-0.3163808303845334
572	0.9960019391564466	0.27558311512548633	-0.6055159097075467
573	0.5121201526140132	0.2882696070390006	-0.5201055152065599
574	0.3684597146596698	0.2653620362283631	-0.674328185534488
575	0.8443246039725978	0.28342937956983605	-0.5526918078108596
576	1.594465120062545	0.4041878258135393	0.2603009882523194
577	1.6008777022388208	0.6209819569353187	1.7198433417129433
578	0.9872765497566621	0.6723022053969818	2.0653512013230544
579	0.8449635522739254	0.6854130302121954	2.1536183698464386
580	0.9908271245270632	0.5776177194471183	1.4278984402893868
581	0.44782131648235307	0.42194783805570507	0.3798682935630859
582	0.3551871746225469	0.5254928278404658	1.0769734102814574
583	0.47003466118679865	0.5693710716706119	1.372378802181094
584	0.4802939274190534	0.5596874643119321	1.3071849936534228
585	0.44721082760492353	0.5808528007019583	1.4496782646965027
586	0.6450511486250197	0.5774241760922485	1.4265954311986815
587	0.6709152233500637	0.4815593767449899	0.7811963416138623
588	1.1490618119733043	0.4852542008749516	0.8060713337474738
589	1.5104792389572612	0.38634589899872807	0.14018220220024774
590	1.1949753565498795	0.25743574634187677	-0.7276910498116343
591	0.33333851063920306	0.33766350816832785	-0.18756657456335932
592	0.7008848696134268	0.2084863110879071	-1.0572376734285593
593	0.9006303258064489	0.1271626098391866	-1.6047404388332727
594	0.8510803419505631	0.13625220414810854	-1.5435457570353877
595	0.4738093926379608	0.1579259047078997	-1.3976299808123271
596	0.43565411789538916	0.1625041396310119	-1.366807523858355
597	0.3905580322769992	0.11302548890766373	-1.6999170317086663
598	0.6588318058770611	0.13799096548625292	-1.5318397398916115
599	0.9168953282141247	0.09850447947102492	-1.7976781112088787
600	0.8812152241036029	0.25081658820604386	-0.7722537950922009
601	0.566044406782923	0.3037185737251733	-0.4160970668274607
602	0.8279753823386649	0.32004759298777674	-0.30616376244821775
603	1.6546052423923512	0.3340049578906385	-0.21219735702468534
604	1.5411734797599188	0.2970461625491705	-0.46101833227264766
605	0.6339255980800406	0.2989890539568866	-0.44793803215998707
606	1.1314700277345844	0.3983371294732038	0.22091182646195753
607	1.368376081003241	0.3061184984190465	-0.39993984099436697
608	0.9609997434647366	0.37323508046581566	0.0519150759717567
609	0.48047694241824246	0.390693832947956	0.1694541834854919
610	0.48953124363086653	0.15697935204560087	-1.4040025412375443
611	0.23515722422837412	0.2883493630997166	-0.5195685664065264
612	0.8008696157836046	0.5249923982349259	1.073604323671817
613	1.8601440571583066	0.4698401533759471	0.7022979749086525
614	1.7094912175051495	0.5009443663005926	0.9117036257889163
615	0.9704816585855192	0.549228055735391	1.2367681897915341
616	0.5758952408540672	0.48624254662626537	0.8127252614919247
617	0.4346140090794178	0.48874583848872494	0.8295783952803144
618	0.4239641584592455	0.43421952955485754	0.46248609045148315
619	0.7879613557177477	0.4114828516584713	0.3094139376443268
620	1.2696048016679913	0.5326331941677283	1.1250451316880183
621	0.6526093851521082	0.45739779609281284	0.6185311896287382
622	1.3190383477619463	0.5949727338489252	1.5447391427257808
623	1.9673521108512182	0.578622162053904	1.434660738321342
624	1.2948672709104456	0.3846260734308177	0.12860366802157303
625	0.3806469365892378	0.27116563127414856	-0.6352561279661953
626	0.23976397602091212	0.42832728637073747	0.42281721916048826
627	0.5853236599831775	0.39186806957066433	0.17735960082755384
628	0.7048479328341483	0.2608142514751908	-0.7049456401091642
629	0.848545047147749	0.3260366308606894	-0.26584323169046603
630	0.9928830924644301	0.4222730354236627	0.3820576486406983
631	1.111438811867867	0.5252075356897343	1.0750527126364249
632	0.7326114945362093	0.5389949074983821	1.1678746584774153
633	0.7215269165381237	0.5173841645707649	1.0223827375042915
634	1.0234338139012598	0.42862533422259286	0.4248237931433261
635	0.6322097906381332	0.2517664503778383	-0.765858953762731
636	0.40526459737231973	0.45963593375411155	0.6335992022757494
637	0.8192806808249532	0.4640435905055686	0.6632732606784398
638	1.6033867405221787	0.2192880073571024	-0.9845164557805953
639	1.4187169734834413	0.527368474858927	1.0896009950293513
640	0.7291757444111713	0.48704532513488646	0.8181298784329721
641	1.0781942042342763	0.5316450365514993	1.1183924705420822
642	1.2531757088639626	0.5788585096446789	1.4362519221651542
643	0.9746214738326554	0.4926694662533845	0.8559937824132705
644	0.7836574895509937	0.42422767801741035	0.39521706230513143
645	0.6087702909504422	0.3031527830493483	-0.4199061895665622
646	0.5934937639105472	0.15551678553189613	-1.4138491074728001
647	0.4782815489422743	0.15676631190362605	-1.405436810276981
648	0.37456488062127025	0.21683950666704044	-1.0010007141003723
649	0.47824657180171054	0.18883219260690393	-1.1895568381334543
650	0.5764545873012642	0.15362489173255134	-1.4265860718643415
651	1.2590109165429717	0.1711936569191551	-1.3083063160648236
652	1.1491226265932113	0.18685055523145722	-1.2028979911605182
653	0.7001622738369676	0.2826824384095394	-0.557720506020331
654	0.3229073045684408	0.28341623435546814	-0.5527803065032181
655	0.3776159615164636	0.21492695792351016	-1.0138767356042584
656	0.4078587955989835	0.19993010003261374	-1.1148414118495673
657	0.4773184058718122	0.12268897183012016	-1.6348587087075428
658	0.4521074693275678	0.16509713668901518	-1.349350459827278
659	0.5115995202530612	0.17432263214341587	-1.2872408386964709
660	0.9663647041500643	0.2318431916163356	-0.8999900754444071
661	1.1727028682297291	0.40152668368414696	0.24238514511427464
662	1.5003642602842728	0.5449084846819647	1.207687158544813
663	1.1660195432249423	0.606858787314343	1.6247606744826972
664	0.7744101274087593	0.53009597042004	1.107963555259748
665	0.5553255018431442	0.33166026768650686	-0.22798272280449988
666	0.4334623659236896	0.3736171224334737	0.054487130988703426
667	0.4101896308460797	0.3689560988843394	0.023107308826370524
668	0.6821904581843368	0.10286811881084848	-1.768300395129831
669	nan	nan	nan
670	nan	nan	nan
671	nan	nan	nan
672	nan	nan	nan
673	nan	nan	nan
674	nan	nan	nan
675	nan	nan	nan
676	nan	nan	nan
677	nan	nan	nan
678	nan	nan	nan
679	nan	nan	nan
680	nan	nan	nan
681	nan	nan	nan
682	nan	nan	nan
683	0.9886864336010288	0.30022766410463075	-0.43959922722691785
684	0.8062889171308016	0.38555986413020327	0.1348903099521852
685	0.5077720012026183	0.5031071283488661	0.9262641805123244
686	0.6423754669145959	0.6519317574635408	1.9282094283240403
687	0.6580037546333973	0.5323909089576067	1.1234139734829518
688	0.34081383428436607	0.4522374957314043	0.5837900419090928
689	0.3325174019546651	0.3954708628347766	0.20161500540204721
690	0.7703796721073357	0.319644625258497	-0.30887669782574984
691	0.6943488839127211	0.4288472120051813	0.42631756061435516
692	0.5332242542503594	0.4127046535582351	0.3176395829190237
693	0.44080332217186985	0.4066237949954089	0.27670087958824474
694	0.5441283442246428	0.3383267691815594	-0.18310124362842328
695	0.5653689733516698	0.4337836562377489	0.45955162186706333
696	0.8859794259672114	0.4311069784677023	0.4415311867577982
697	2.0181212509143727	0.407016527251404	0.27934490578133864
698	1.8553669201537417	0.24709710473952298	-0.7972948034640294
699	0.5546271315168602	0.2961851108589814	-0.46681526692141756
700	0.30190026377613444	0.38576115727940563	0.13624549367049943
701	0.7663643287045885	0.2444819249211803	-0.8149012104596253
702	1.3851661110055846	0.24498554934769523	-0.8115106150734293
703	0.97785465756395	0.3180168160726605	-0.31983574195571307
704	0.8163366825956513	0.3848979521495681	0.13043406122902523
705	1.0530829592605837	0.33197463043895703	-0.22586631056964218
706	0.6342427546913667	0.3813964196753423	0.10686038364972059
707	0.6533294737152323	0.306473579934368	-0.3975492942214396
708	1.2896466667544402	0.15311525044833266	-1.4300171750752093
709	1.179029175077576	0.21082802232609996	-1.0414723632052982
710	0.6932089922463286	0.31285977942749515	-0.35455491706908027
711	nan	nan	nan
712	nan	nan	nan
713	nan	nan	nan
714	nan	nan	nan
715	0.5228913807966845	0.36883215486231913	0.02227286949602163
716	0.8076511961821973	0.34531314469024954	-0.13606624826507846
717	0.7192802893503061	0.29760050927109444	-0.4572862546792022
718	0.9339128930442854	0.38038251911123816	0.10003441097301384
719	1.431170047734481	0.40617286022361404	0.2736650114368463
720	1.220764066562368	0.31432854098238544	-0.3446666434086975
721	1.0816971018200388	0.21477804853425644	-1.0148792514902705
722	0.6614064366944941	0.07222878701199675	-1.974576285582958
723	0.5911892043085065	0.13950179196139562	-1.5216682688384504
724	0.40749887553538416	0.18175324621993766	-1.237215056629464
725	0.3967162059487753	0.19914726266635951	-1.1201117772695508
726	0.4193732580693647	0.2034979449828079	-1.0908212929079533
727	0.9731908285255253	0.1752896844110072	-1.2807302669607128
728	0.9739867544291306	0.29805900547489683	-0.4541994800285794
729	0.780515681383009	0.3953246330174843	0.20063052943596538
730	0.939445085665914	0.40338825425983127	0.2549179617782142
731	1.1317778699538439	0.4329680647910796	0.45406074324698936
732	0.6175769195856357	0.4879223340742483	0.8240342434853781
733	0.5553591053772791	0.46529683837436486	0.6717106124389676
734	0.8298542143957812	0.40293789271714764	0.2518859528279932
735	1.2349749662441007	0.42181897796230094	0.3790007573294202
736	1.2945518290704856	0.4137015366913673	0.32435098763615433
737	0.5883239032598924	0.4305046097261195	0.43747580626298654
738	0.35870732479932094	0.4022113445284584	0.24699454802964857
739	0.5469509600324828	0.14239306953481198	-1.5022030644430344
740	0.5706444687086952	0.07655577986940496	-1.9454452878671513
741	0.4803825896225517	0.09810840067480066	-1.8003446676115162
742	0.3059703719864127	0.3776083647035785	0.0813577252524751
743	0.29035796260557023	0.4398526588962614	0.5004105066418931
744	0.3194161055965119	0.2617899923778769	-0.6983765731048809
745	1.279220793688429	0.23193715938342696	-0.8993574479133005
746	1.9460976979702087	0.3357336271370229	-0.2005592837651945
747	1.436726632049148	0.31699513991058714	-0.32671406298013955
748	1.1234108404524161	0.2527008947911602	-0.7595679107758161
749	0.9834341682229144	0.3067984406608218	-0.39536220554527557
750	0.37768994398236105	0.5348841616190494	1.1401995194680963
751	0.5561565242312512	0.4036976283812297	0.2570007886098687
752	0.6696242618416182	0.16833582646228756	-1.32754634147153
753	0.5644703493978218	0.7281145946423105	2.441101898677628
754	0.5836201879096513	0.7218710077405496	2.3990676449204855
755	0.8580345153335969	0.11141737015269976	-1.7107435122047912
756	0.9425015241491976	0.1270398750754387	-1.6055667369669218
757	0.6109071678676271	0.2749987687380462	-0.6094499567094072
758	0.38671603996008597	0.41765241568598604	0.3509498406411041
759	0.8403455916585796	0.4870662194453889	0.8182705470523988
760	0.8769936963306485	0.3641379745352391	-0.009330176982696638
761	1.0948780064949473	0.41146921194999575	0.30932210982543734
762	0.8893271991999928	0.6341358244382973	1.8084002903400362
763	0.9345617960105406	0.6713488224732833	2.0589326569233335
764	1.1104787410122874	0.5986240378464928	1.569321140412869
765	1.3079770592685989	0.5077091623077132	0.9572468618249863
766	0.8714660095252441	0.45405253882589125	0.5960096174854806
767	0.702432776026695	0.33698131427905614	-0.1921593689785586
768	0.7632092729845533	0.5304085718620848	1.110068109668377
769	0.9752319862960186	0.5559832014862106	1.282246456551359
770	1.030835006878779	0.21039772156308229	-1.0443693151896578
771	0.8163093274035623	0.19531058336330506	-1.1459417935641718
772	0.43232093569160696	0.1319844884073066	-1.5722776781625887
773	0.5183990285635741	0.09827732790873239	-1.7992073838146692
774	0.4745398780396255	0.10179575523039203	-1.7755199635558125
775	0.5170182049287136	0.11743641490655984	-1.6702209634615368
776	0.5936264183253317	0.0858383071103597	-1.882951706582356
777	0.9409188779622681	0.11822291415731652	-1.664925944811795
778	1.1161305233079921	0.11418644106727506	-1.6921010505355298
779	0.9102535733157774	0.17412595744905848	-1.2885649291816845
780	0.47450553639740617	0.30549607117306066	-0.40413026313708567
781	0.3703573118954867	0.3592291185802907	-0.04237850322756147
782	0.3855450378247066	0.2713949910421885	-0.6337119888610359
783	0.34545312616243995	0.26292947918972764	-0.6907051049959415
784	0.6626853039163768	0.22864760118634836	-0.9215040322694646
785	1.371022508599113	0.15294633272060537	-1.431154394872593
786	1.18528353311447	0.4699484778385537	0.7030272572940757
787	0.8268061941932728	0.4742964699864326	0.7322996303952585
788	0.48505268347549335	0.4840650073383961	0.7980652206479941
789	0.49134159986024345	0.4685860570523417	0.6938549110205755
790	0.8507175534692679	0.3731226371969004	0.0511580641813814
791	0.9435599759543547	0.35644067333315044	-0.061151400433994904
792	0.6065067634635726	0.3871146450758323	0.14535769958472303
793	0.35974116860506866	0.5312096603056304	1.1154613484344484
794	0.8009155791319731	0.19254986848265498	-1.164527999165256
795	1.1430090227232	0.19157378947247322	-1.1710993424406142
796	0.9049530046291611	0.4470139855709111	0.5486233412538561
797	0.8983789235365158	0.36443879433850085	-0.007304941145599307
798	1.058191240882619	0.42076193752953917	0.3718843502894642
799	0.8468754966713192	0.2687512705064456	-0.6515105430592715
800	0.6262846194181801	0.1332309184342108	-1.563886226763612
801	0.5908760862731189	0.3320464834979567	-0.22538256784887276
802	0.7637786253577281	0.3231629706697714	-0.28518982901944334
803	0.8155205887594974	0.24358193136532413	-0.8209603168838476
804	0.6817281393164604	0.4107335192623459	0.30436914070583954
805	0.5464944064506406	0.40274699759761	0.25060077268685005
806	0.7286314056558402	0.37144013501309914	0.03983080553124508
807	0.7769382084882962	0.2103813198736184	-1.044479737738077
808	0.5156399677837712	0.4577681632907555	0.621024645558254
809	0.7226037107687024	0.4165399456887349	0.34346026022884585
810	0.815252201454723	0.4846801811338767	0.802206809742667
811	0.8031519542052896	0.4840522270897659	0.7979791790468357
812	1.2294046654879056	0.4266562690292251	0.4115672809325273
813	1.2221841448713877	0.4633964340761878	0.6589163520614578
814	0.6530158935641097	0.3638674502318986	-0.011151451739180316
815	0.8099723365105862	0.21852054144200891	-0.9896833346168455
816	0.7892049811672825	0.18355018105623036	-1.2251173928854913
817	0.9492248237337381	0.13010638795641552	-1.5849217803711915
818	1.0029466786351342	0.09513375225454407	-1.820371156952136
819	0.599678677132405	0.3175812220573938	-0.32276833017157497
820	0.5654072827037581	0.40586932477382853	0.27162149281184345
821	0.9613066549710987	0.0915429030948473	-1.8445461491733133
822	1.1139603266423208	0.18673855160578756	-1.2036520431016853
823	0.7709122320143539	0.19445176643873546	-1.151723682902191
824	1.3666236753528955	0.22172024695773096	-0.9681416734351849
825	1.4723016837363532	0.25386616416369556	-0.7517228644472764
826	0.6975143026197401	0.2581573549693472	-0.7228329000593051
827	0.682057630953162	0.4203437383951951	0.3690688711729524
828	1.0724905718360005	0.43485782803468453	0.4667833639091936
829	1.0511138403623994	0.44502118284260556	0.535207018731638
830	1.2322155953766996	0.5316497529610182	1.1184242232441204
831	1.290844314745936	0.3095987250445324	-0.37650960266985845
832	0.5974784088713535	0.49067609789269057	0.8425736518339659
833	0.734378970198525	0.5598206729832238	1.3080818062036172
834	0.8093402002279436	0.5876063496000187	1.4951457808228936
835	0.9277234412510422	0.604395939912425	1.6081798285224784
836	1.0347952741448667	0.5883960639468591	1.5004624447491028
837	0.8505852524554599	0.5242085274967515	1.0683270011904193
838	0.6850897801671707	0.28140706706690766	-0.5663068016055898
839	0.4240152471856693	0.46154137253933564	0.6464273567768457
840	0.6008524964977078	0.4699119431872487	0.702781291821336
841	0.9938881434393374	0.2719371794780952	-0.6300617655746967
842	1.1542028006596134	0.22171029045395202	-0.9682087044884822
843	0.4794111463288383	0.3618788783208469	-0.024539290755226772
844	0.30916098343665965	0.43699672261972583	0.48118323359340454
845	0.326773193342417	0.4559322817713604	0.6086647776059819
846	0.38801939696975735	0.44769652252924913	0.5532184453433527
847	1.0185273988868826	0.38456060537128267	0.12816291159889745
848	1.399467419591996	0.2935866072638846	-0.48430940310046894
849	1.1446307776479123	0.2833879054884877	-0.5529710274464907
850	0.5600943891078579	0.2984294598414593	-0.45170543724603457
851	0.8882984482426672	0.30630649132767274	-0.39867419966509987
852	0.8789564236166941	0.2563729684062346	-0.7348460839510128
853	0.7822847327747408	0.40419773635558975	0.2603677098733963
854	0.4608680235532613	0.42885019896169496	0.4263376699665646
855	0.8019928609204012	0.3350330191321432	-0.20527604916379813
856	0.749934218418247	0.35091842923204614	-0.09832929408823926
857	0.7609265072884835	0.28726973664173344	-0.5268370313469262
858	0.7313248308612228	0.25152708308705807	-0.7674704674006653
859	0.6266306227506394	0.1938003666422729	-1.1561091595156638
860	0.3194408925634699	0.19244815413064054	-1.1652127797169791
861	0.4154835988669002	0.10667396272193756	-1.742677974678908
862	0.5025625380437501	0.02882642521435059	-2.2667778546757202
863	0.47812449288816994	0.08943229901219124	-1.8587555561996179
864	0.4056001611120167	0.1901732404016198	-1.1805283831458824
865	0.44298119125227536	0.21620270384506735	-1.0052879182080836
866	0.627647111434309	0.20963165117997345	-1.0495267987621768
867	0.6096126096974536	0.26274943529496525	-0.6919172304742836
868	0.5884979738013605	0.15794455484990494	-1.3975044208074787
869	0.41170443690779945	0.22502844439516198	-0.9458696024683366
870	0.8347266123998286	0.2879844868534056	-0.5220250551154549
871	1.116283825647176	0.3615873558040581	-0.026501933646153154
872	1.0145083955326877	0.4029140940385353	0.25172573087359157
873	0.6384047023995232	0.3303865144997751	-0.23655812433530135
874	0.8070641105222603	0.30904944339612067	-0.3802075802197454
875	0.8018125576991327	0.31821891952825365	-0.3184751029398293
876	0.5214705069410498	0.21837464570508985	-0.9906655614240053
877	0.5703817965839029	0.18357218226755112	-1.2249692721795296
878	0.5141362858318934	0.08232354340675696	-1.9066144619404921
879	0.505103337858567	0.08124322196879319	-1.9138876057562437
880	0.437084666135399	0.09317331298586032	-1.833569596085269
881	0.37189595098844663	0.1918980404234198	-1.1689163590101699
882	0.297498558440071	0.2942430611842113	-0.47988990016072425
883	0.41129716107754943	0.34775548893739927	-0.11962343751185038
884	0.5636654410642578	0.2606212991593195	-0.7062446700956091
885	0.8207119123003369	0.3935441589056705	0.18864368568707895
886	0.5797893656480541	0.33285498549148473	-0.21993941818284843
887	0.7806258057369682	0.40277666212258506	0.250800485798881
888	1.3638356650730001	0.43502855463881906	0.46793276176561843
889	0.7288358054347654	0.5171646427698647	1.0209048314177025
890	0.4557331103333837	0.5821895998046677	1.4586781158381208
891	0.7754272180346382	0.4408982649167926	0.5074499327744275
892	1.166001030925755	0.4480533795319086	0.5556209453871289
893	0.9348102123893485	0.48053482718141644	0.7742986757337141
894	0.7746434099296381	0.3256974832418779	-0.2681265052789592
895	0.5826701134065289	0.3575119191054294	-0.05393935752712996
896	0.7655428899981138	0.3518893688415431	-0.09179255125585471
897	0.6484660419900021	0.4256059148617103	0.4044958884290071
898	0.4542937827895531	0.3885201994963045	0.15482043824908565
899	1.0132421457554766	0.4530275276699947	0.5891088439864035
900	1.2196400655232755	0.18387061228094498	-1.2229601253366775
901	0.5686855707782699	0.26624649058956795	-0.6683736950083753
902	0.21260713531785577	0.5407087202940652	1.1794127123364344
903	0.7913609104178326	0.2763270510894705	-0.6005074436476998
904	1.1359698185421732	0.12336900345860105	-1.630280471472407
905	0.8892750192109147	0.4963754919033129	0.8809441875330638
906	0.44747093112771635	0.4812370081505636	0.7790260309391399
907	0.6672037338322621	0.5265793016014905	1.0842879739273172
908	1.4869618681957655	0.4295868673831512	0.43129720810539185
909	1.2038945687482745	0.45048449593730855	0.5719881659457011
910	0.5024433258919537	0.36215628007913514	-0.022671714298931136
911	0.3614926132940978	0.21321320516817246	-1.0254143852483357
912	0.474881614420956	0.15536699395025289	-1.4148575626208657
913	0.5475820845110769	0.1455571249769975	-1.4809014134127618
914	0.7315350240982258	0.11676489752658893	-1.6747418794664168
915	0.567512510121087	0.14496847488111136	-1.4848644346526303
916	0.7415175735074342	0.3362969300015675	-0.1967669099385862
917	1.0789475333374634	0.3925550698603642	0.1819847537985696
918	0.9697559581124228	0.31335437875732824	-0.35122508214158804
919	0.4284180506931729	0.3708041209986891	0.03554891198263913
920	0.3563941265096283	0.44703516489353834	0.5487659286856842
921	0.24320724571440983	0.32137262960597895	-0.29724310092410106
922	0.2574500135757461	0.33746544531199907	-0.1889000106945102
923	0.7710070010826974	0.4596708178911767	0.6338340558451105
924	1.7910321018030124	0.5710534960270159	1.3837055368669429
925	1.6158907753798013	0.47313405043496015	0.7244737701697724
926	0.7047051804299383	0.6878485078196037	2.1700149517120275
927	1.0316771212585283	0.7120363492862988	2.332856901707444
928	1.426999984218077	0.48165660190528475	0.7818508991820865
929	0.9759778990303388	0.48577340511347133	0.8095668184835904
930	1.3579653055123748	0.4420555310231225	0.5152410980041916
931	1.7990466925993778	0.4152259696391887	0.3346140627519024
932	1.2090512234952044	0.28828720550778925	-0.5199870354745665
933	0.3288889765250762	0.3228616209528606	-0.2872186324411911
934	0.25974877787232886	0.5392937335413805	1.1698864715454929
935	0.590779587039939	0.514097604038013	1.000256334589496
936	0.9380869344879673	0.34660266216133884	-0.12738471544477792
937	0.7560942910145794	0.30727461609563356	-0.3921564074399989
938	0.5718963111504621	0.32813860563216185	-0.25169192054105854
939	0.5098281588451343	0.35822646415462067	-0.04912876252922184
940	0.6475289892594753	0.3571983839879108	-0.0560501978019461
941	0.6707416719283921	0.2873543430659503	-0.5262674280145831
942	0.762973017652573	0.30164068692560564	-0.43008620838758055
943	0.8469370737372398	0.24924854124134932	-0.7828104967212753
944	0.30959294916252306	0.35736565137785437	-0.054924088719969684
945	0.3587331057751388	0.4476394761290358	0.5528343868045308
946	0.5021674768217315	0.3465763799824899	-0.12756165728804988
947	0.7315424993598382	0.25513995474051737	-0.7431472111918563
948	0.5414734194458724	0.30974709769838304	-0.37551070029519623
949	0.35702965954671795	0.39307833897626	0.18550760486910334
950	0.811030154039363	0.37595407426941563	0.07022039906614407
951	1.698934910172174	0.3330400793973164	-0.21869329406716836
952	1.871904775368973	0.6642339967827013	2.011032885009947
953	0.8581305222344742	0.6435120113449619	1.8715244248976861
954	0.8839922524699341	0.681465814961504	2.127044182589619
955	1.2131631631559274	0.7028257280730397	2.270847419749267
956	0.8665858434542085	0.667330009068059	2.031876443061689
957	0.5448856104963776	0.6057453658099006	1.617264688154199
958	0.6202308770168824	0.39282226482244714	0.18378361413567113
959	0.8092129044446844	0.466909740490587	0.6825692963822616
960	1.14305157067556	0.3688320188932652	0.022271954099502788
961	0.4376654293802547	0.36967517209894013	0.02794838919380592
962	0.28022664694335697	0.4155337508842051	0.3366861657206398
963	0.30085261327921736	0.44951586788490205	0.565466985414097
964	0.3467790773015601	0.39788925527143765	0.2178965632575634
965	0.2756717146258891	0.5919138255139345	1.5241453828893354
966	0.5164854890474245	0.6193441480818955	1.7088169759341525
967	0.6485252154895633	0.47526413243966253	0.7388143101379003
968	0.5691503023901806	0.3952058551210142	0.19983087047077108
969	0.6286373953188625	0.35217133871779116	-0.08989422045393403
970	0.5110150723125048	0.5740024875518276	1.403559294015199
971	0.2681490014817497	0.540193244120168	1.175942326380367
972	0.30002737497974097	0.4708110611538663	0.7088345034384834
973	0.6767016956673864	0.3610329595184931	-0.03023434492129417
974	0.4486181952890428	0.46470550840669117	0.6677295492606223
