ID	SN	ssim	z_ssim
245	0.6387118660989599	0.13984877322167016	1.6553609130932632
246	0.8121408185114077	0.12985261429405676	1.4719300534348478
247	0.8494342693171348	0.07774164713716097	0.5156868031584129
248	1.1007328222436024	0.04138705609450006	-0.1514248279966497
249	1.1485643596746034	0.04732778732520418	-0.042411611566343974
250	1.0649059813939687	0.03239349907255523	-0.3164578079510995
251	0.9582741372505953	0.023931564307564997	-0.4717354480482218
252	0.7385635827503774	0.046770263999109815	-0.05264223952310902
253	0.5999153075943177	0.055833924173889174	0.11367714270668695
254	0.7065161566482691	0.028117827189572474	-0.3949169615912361
255	0.8271485439588753	0.043144697312297225	-0.11917187544894814
256	1.0055110718509104	0.0417799710900398	-0.14421478502650006
257	1.0730333352522627	0.06211346314119036	0.2289075266343245
258	1.0248401488697778	0.05320431170446654	0.06542340051154912
259	0.8823520006705398	0.05057057771405883	0.017094027852463455
260	0.7822357989213967	0.03633349626262827	-0.24415833003559698
261	0.735076901560377	0.02334780251507641	-0.4824475553893848
262	0.8422037739543582	0.039279334095312965	-0.1901018099285635
263	0.876096340060368	0.05007894626108812	0.008072524622415908
264	0.8607216284709582	0.07667660986940573	0.4961432261697629
265	0.8125714780280481	0.05163090704321562	0.036551213535154226
266	0.7167007688395366	0.04671342899377871	-0.053685169508723374
267	0.5795866711051514	0.05600857225125086	0.11688195839640629
268	0.49593962548978465	0.05116416673422275	0.027986466142103546
269	0.5971030401148191	0.06203663464504528	0.22749771340544264
270	0.7378556065673126	0.040722658577644046	-0.16361661171621006
271	0.9957498711663001	0.013271214405067884	-0.6673543013532496
272	1.0210523481766098	0.0428946521513386	-0.12376023775493021
273	1.0655361344475371	0.06596228323394877	0.2995338925612431
274	1.073281889202906	0.1045285632365006	1.0072303133487646
275	1.0589818141017926	0.1069208409146894	1.051128930230457
276	1.3506294154032448	0.09731487099617712	0.8748580913247102
277	1.3506977525040327	0.04456730134090527	-0.09306690034693652
278	1.3437637868781016	0.05629096305100395	0.12206386752104482
279	1.4900587334228426	0.013330082130720271	-0.6662740706765719
280	1.2678109428216708	0.023777331393018457	-0.47456564275678564
281	1.3419272856268532	0.05687132400429659	0.1327135690059394
282	1.1820020877164625	0.04905330190938917	-0.010748187062772821
283	1.290232966747106	0.030966658693193188	-0.3426405206587502
284	1.2802835151350962	0.02828242984951202	-0.39189648066116933
285	1.2734284371399198	0.030257644189343846	-0.35565103208550486
286	1.3318197623177355	0.013277121066943159	-0.6672459133140697
287	0.9017977359003982	0.0490525660016402	-0.010761691068861559
288	0.7608736085621587	0.0312917161288802	-0.33667567303095597
289	0.6727223367575716	0.011664077635051836	-0.6968454770585838
290	0.8324626741058111	0.030014999865024154	-0.3601035880445989
291	0.9950089873665228	0.0409653279755236	-0.15916359565392296
292	1.2256193406401399	0.036969383187645116	-0.23248971950768954
293	1.581786937714272	0.01362494439259027	-0.6608633085461071
294	2.0174425577101376	0.014056635231802861	-0.6529417236336578
295	2.0793520815328965	0.01919970965321285	-0.5585656168472404
296	2.0149297115139855	0.02653456056938277	-0.42397011683946
297	1.697157687692406	0.02060863949341915	-0.5327115649400106
298	1.6471082337507037	0.040007051268565644	-0.176748102004894
299	1.4347506429380603	0.004261524253430807	-0.8326833264056075
300	1.4484886554334497	0.03007378426765636	-0.35902488635653895
301	1.4093123231338627	0.0539311436871948	0.07876086507013903
302	1.564951863790139	0.03630066508577029	-0.24476078654296818
303	1.372678210401155	0.06233640051405863	0.23299845738596062
304	1.312899209177105	0.048699948384465536	-0.01723227173063716
305	0.9916579700451874	0.055675321563097256	0.11076676348479753
306	0.8411005353002152	0.04669498250291661	-0.054023665094980036
307	0.9860382616346086	0.022825502712767336	-0.4920318269511663
308	1.093578447426927	0.05112036857698637	0.02718276407098792
309	1.1201371595945264	0.0014489638348748105	-0.8842941880528555
310	1.289205576354383	0.004847956151680795	-0.8219222222649
311	1.314579687254573	0.0434791897198198	-0.1130338948200499
312	1.174743423904555	0.03161179479937193	-0.33080218641356807
313	0.8623031565117972	0.05212275007834724	0.04557659932628799
314	0.8556914138543348	0.020482465410784217	-0.5350268763123022
315	0.9856462888759754	0.021790923900819492	-0.5110164871825822
316	1.1092071133488277	0.020779739884530142	-0.5295718497697484
317	1.2875512503024171	0.03732454495495805	-0.2259724533489803
318	1.3297581720505485	0.04517395016151612	-0.08193481296405027
319	1.077867164554793	0.04429657623193009	-0.0980347424781032
320	0.8627040395054695	0.04466793992043227	-0.09122016888827152
321	1.007954943349405	0.07238028869291553	0.4173051552188034
322	1.2686688722909234	0.06256747124462683	0.23723863634439413
323	1.3795570954970708	0.024568895582334167	-0.4600403335082598
324	1.4061446952634125	0.06853492519637468	0.3467422182969928
325	1.1748288846537285	0.07030022054013652	0.379135625084748
326	1.157017971153727	0.0440693377511581	-0.1022045991377782
327	1.1424409542558231	0.036940071931790094	-0.2330275849916308
328	1.2601943956243196	0.00013300755850937385	-0.9084421625693262
329	0.8556545280536527	0.0032011004866297488	-0.8521422450317616
330	0.6178815186807349	0.02308525164650313	-0.48726539911067884
331	0.518398842529846	0.00028765469941191015	-0.9056043667514639
332	nan	nan	nan
333	nan	nan	nan
334	nan	nan	nan
335	nan	nan	nan
336	nan	nan	nan
337	0.27033278719361886	0.1547196055845859	1.928242685373876
338	0.5747745206098053	0.18413410021288318	2.4680026146785017
339	0.6846187376495284	0.05694298519599764	0.13402856150386366
340	0.7648880043616921	0.06613806834901861	0.30275957304570816
341	0.9330298363037065	0.08149659199821699	0.5845905459681422
342	1.0589909061333196	0.09339490593323811	0.8029262056341402
343	1.389650209810124	0.02852348098933301	-0.387473159851727
344	1.4697231998879987	0.019282601656329137	-0.5570445374505907
345	1.674132247773996	0.000436216778359613	-0.9028782326382155
346	1.5012498579309967	-0.0025097538555716777	-0.9569371896659707
347	1.468526157865925	0.030056277716195942	-0.35934613392846065
348	0.9948971176978021	0.04037956602767055	-0.16991240611481526
349	0.8973531050008947	0.3098268381042305	4.774481246239669
350	0.787352470934902	0.3085950061837871	4.751876964959444
351	0.8571167036330948	0.054110577533348025	0.08205350026032002
352	0.757583115305672	0.21780108016395827	3.0857962211275702
353	0.6707933202195496	0.05942074248340187	0.17949574070186117
354	0.41634093287846863	0.06660620588389576	0.3113499597215019
355	0.5740622227914559	0.058322116240032223	0.15933580149682255
356	0.8690101702167552	0.03857967306365842	-0.20294068388357453
357	0.8539244922244378	0.024214380111176118	-0.4665457400456742
358	0.7933382943265896	0.06545729301283287	0.29026725414050936
359	1.0052893999358883	0.059206099042219726	0.17555700471124785
360	1.1027774241282629	0.03536515266438451	-0.26192756519450466
361	1.1461666873516534	0.0004584884382923594	-0.9024695446854663
362	1.0137598323449943	0.013630600943655565	-0.6607595100739017
363	0.832269428680005	0.016374103717668318	-0.6104158654843537
364	0.9361042538175459	0.0063686745905659325	-0.7940168345491703
365	1.0947636814755348	0.02745909257796582	-0.40700483023845957
366	1.1029958177623522	0.03393882305995462	-0.28810090511350966
367	1.07522268199578	0.03899756463147994	-0.19527231745557036
368	1.0482913953275017	0.014661109897963601	-0.6418495322771053
369	1.1373289084827842	0.03211620498775669	-0.3215461916713986
370	1.043603764069696	0.061173114190332195	0.2116519970170114
371	1.0250942199430302	0.027764982982204586	-0.40139170021350773
372	0.7380062666563318	0.30369184203480337	4.66190324391246
373	0.5410028325673343	0.3705105051751862	5.888034691983862
374	0.38963601420609123	0.3713578023064973	5.903582708207691
375	0.43150907399498206	0.3105611865746664	4.787956639357801
376	0.6496971776818168	0.046263381921855494	-0.06194359375822041
377	0.7512194812184112	0.057055491474356394	0.13609306683093553
378	0.7779641577572908	0.08962805764765451	0.7338040333846845
379	0.7387394959677794	0.05000216822082591	0.006663637265765206
380	0.8521061418595867	0.04120520339034817	-0.15476184955616507
381	1.0410432966445213	0.03825906022174687	-0.20882397261830105
382	nan	nan	nan
383	nan	nan	nan
384	nan	nan	nan
385	nan	nan	nan
386	1.0062189216707507	0.05987918408612202	0.1879082057195833
387	1.293822065894497	0.04872260620731077	-0.01681649763654908
388	1.320699226100835	0.03262526781724231	-0.31220482033978186
389	1.3945737246039402	0.0415579218433521	-0.14828941854337163
390	1.1757922191774315	0.03968125225374684	-0.18272655770941384
391	1.0026327189002826	0.03995520257207006	-0.17769953255329002
392	0.928703609448092	0.05521151309940199	0.10225581584695483
393	1.0030833137582582	0.06299667382722707	0.24511456141362167
394	1.1039735560447215	0.06009734583691641	0.1919115031643903
395	1.059067284197412	0.03269943092453386	-0.31084391735455125
396	1.064476843608572	0.03534419157681086	-0.2623122039683429
397	1.0392116077544549	0.013970552420964238	-0.6545213547808099
398	0.9497558377027095	0.018401121716020496	-0.573219812813191
399	1.0298305961390122	0.042355130256420695	-0.1336605370304797
400	0.8840529865071539	0.030677268515472665	-0.34795086930970454
401	0.8163381914699663	0.02544081033292677	-0.4440405806623695
402	0.7868511754293996	0.006542792642935922	-0.7908217448892761
403	1.0231568107557376	0.026217031176429692	-0.42979682387142826
404	1.0130224086831996	0.0031443864398752663	-0.8531829554112399
405	0.9845069425249957	0.010277310684627441	-0.7222928369599493
406	0.9894105455183488	0.02630718823515537	-0.4281424297280297
407	1.100405540834388	0.03282171364397515	-0.3086000130198049
408	1.0826654520802301	0.025998253805728067	-0.4338114180242634
409	1.0659767518931664	0.011680967321088852	-0.6965355490500793
410	0.9146164295025563	0.03293501081717207	-0.30652099466616817
411	0.8553097497112938	0.03313466188045987	-0.3028573708246711
412	0.7354201471459342	0.048331395216222636	-0.0239952718960185
413	0.885898904261103	0.056466123822467504	0.12527809121643196
414	0.8244477953404946	0.06031719310673733	0.19594573010984323
415	0.7591467453020156	0.055161951919338294	0.10134636153249246
416	0.7148751283082249	0.03526544492620582	-0.26375721558933685
417	0.781756352158097	0.021260318682390148	-0.5207531642462965
418	0.8295191733806014	0.039930151718707244	-0.17815921907896387
419	0.8378537233559357	0.05381812724853557	0.07668699823299528
420	0.850989209340038	0.045725779118740054	-0.07180867744129697
421	0.7192410102713453	0.015286102826514629	-0.6303808280483383
422	0.7708225506198043	0.02164214340591642	-0.5137466292579633
423	0.7196066275733449	0.0540245791743874	0.08047541881647813
424	0.7485826036333649	0.02920476910476942	-0.3749714313783684
425	1.0658907844793184	0.009025205474714772	-0.7452691358263676
426	1.2759262683572754	0.019921169056151555	-0.5453267398497845
427	1.3528674432449617	0.022174727786507316	-0.5039736343026144
428	1.1768663603210867	0.03963011557887506	-0.1836649225653279
429	0.9757120645682297	0.04317161921339106	-0.11867785494596875
430	0.932341531402614	0.03202470348939278	-0.3232252564628317
431	0.8736732021796905	0.046581234489427185	-0.05611095642857062
432	0.7430131089687231	0.05118736769866877	0.028412206957556408
433	0.737912504807085	0.038555624910420735	-0.2033819707272041
434	0.8093837474286658	-0.004950986148304066	-1.001734130303318
435	0.8875137862834417	-0.003892419973146882	-0.982309298733462
436	1.0592120133825689	0.004789686107624714	-0.8229914854039657
437	1.2415886746459734	0.011491390633425195	-0.7000143067450254
438	0.9382632794631678	-0.017369164152634967	-1.2296093655032336
439	0.7837786663170623	0.00941645897037565	-0.7380895816022763
440	0.8723732963727585	0.03461311785806155	-0.27572750495294596
441	0.8343468566930025	0.04682536227512611	-0.05163117875381222
442	0.8825314563491469	0.04676944557042681	-0.05265725779942695
443	0.8317667358379316	0.031334920906642666	-0.3358828595529282
444	0.7825727446049734	0.02221862501853357	-0.5031681141957904
445	0.7706180064852015	0.000246513302674666	-0.9063593169103908
446	0.7865240742870071	0.05048527008499793	0.015528621395105522
447	0.8902668138999147	0.05027849979523116	0.011734358791000118
448	1.0264997723503122	0.06412865327087897	0.26588653632601905
449	0.9466785386321903	0.05279473395019177	0.057907593679382106
450	0.9784954189529234	0.04747187444875334	-0.03976759348602714
451	0.9163240304510611	0.05202887288474425	0.043853940207959234
452	0.9330159257139712	0.0489278930965133	-0.013049455632144658
453	0.9145037173302455	0.04901548838731534	-0.011442070274408635
454	0.9357127512667489	0.05844477076431773	0.1615865285004253
455	1.0620040912366584	0.0427785053152868	-0.12589154780490694
456	1.1696765749413793	0.04287215926736286	-0.12417298519859775
457	1.1738390238489405	0.03602440939429445	-0.24983011560625082
458	1.175333927774194	0.02952416472715201	-0.36911047878557474
459	0.9624954245883532	0.023124642726438983	-0.4865425675002743
460	0.9807757112654698	0.020959726625961766	-0.5262690688769077
461	0.7144744089781119	0.016899873305651843	-0.6007679228891577
462	0.7207201335750439	0.006114737086645583	-0.7986766218715736
463	0.8374773855111985	0.015169733864788426	-0.6325162141342907
464	0.9929923044395206	0.027472702789494506	-0.406755081027896
465	1.0565953846234866	0.02031905342833346	-0.5380255081504401
466	0.9632892683559211	0.011302828697365928	-0.7034744436116632
467	0.8281175081289385	0.012497262026568779	-0.6815564315065225
468	0.7658847596072078	0.04065453138834964	-0.16486675479505447
469	0.8776969661798806	0.029638168364657942	-0.3670184967169291
470	1.0052944271760993	0.023201344971080264	-0.48513507100345343
471	0.9167349247023293	0.04968149758999642	0.0007792880966284797
472	0.6862864749801457	0.06585752171111965	0.2976115045389211
473	0.6409331397309284	0.11697229423789565	1.2355744494787544
474	0.6098863962283625	0.097272263898483	0.8740762453562557
475	0.595757084013414	0.06771501432353431	0.33169674359641227
476	0.6290243513701763	0.05145150081545786	0.03325908514624143
477	0.6563332924243537	0.0853812620424081	0.6558747633215569
478	0.5935507257520533	0.07626267897430457	0.4885475386184334
479	0.5211692084471695	0.0781689976910522	0.5235287432519448
480	0.6375323650034328	0.059879470667178095	0.18791346452047453
481	0.6165348439595244	0.049925930527219255	0.005264665342858519
482	0.5866246058626645	0.08029976608830822	0.5626286296855201
483	0.5882113829695528	0.08954652503137212	0.7323078989191183
