ID	SN	ssim	z_ssim
494	0.720262933770035	0.36805497029682765	-0.34796407385814
495	0.8564246476987936	0.3817844276116046	-0.2642451577968012
496	0.6742454403953292	0.23977738366334803	-1.1301698276398862
497	0.7329460365515251	0.312420582156368	-0.6872091411662328
498	0.7109389524872302	0.3807722149210818	-0.2704173864094275
499	0.6819579881974616	0.39377516221956166	-0.1911285530292617
500	0.5056186959668326	0.4103491824250335	-0.09006417921112046
501	0.3594263940696301	0.4834501598826625	0.35568793286910105
502	0.2527024688938134	0.3796195484392495	-0.2774460683323012
503	0.4942323638297902	0.14134984205448187	-1.7303572134302678
504	0.742334049898324	0.37928399535858226	-0.2794921900070646
505	1.0703344802351014	0.3838104886414595	-0.2518907267799967
506	1.4231816654866074	0.27383034877240786	-0.9225230676665916
507	1.3963246953057835	0.44148488946363235	0.0997938453496446
508	1.7470474797634141	0.34286975871692293	-0.5015374137144618
509	2.0349898587159805	0.2873593635614199	-0.8400264017353852
510	1.5405182549093543	0.5602793178606298	0.8241735896836645
511	1.398894101827061	0.6113962603263203	1.1358723638946073
512	1.1613826755853196	0.557369816635397	0.8064321536406343
513	1.0227004012709349	0.6948092502624368	1.644504638483568
514	1.1124734868509296	0.7602300920680197	2.0434251375399217
515	1.0950480242472331	0.7194087060457685	1.7945061809089045
516	1.0106065525984955	0.6848131209178379	1.5835506550629668
517	0.9879567692259631	0.6794880326800983	1.5510795526025134
518	0.9299618939793021	0.49959509875345864	0.45413587229966185
519	0.9286831133723595	0.4926674298941309	0.4118926201129507
520	0.67173938873521	0.39678649322413834	-0.1727661835761208
521	0.8071447231835256	0.2598036120522263	-1.0080547217711922
522	1.0054980446838646	0.2566043616287421	-1.0275629784722493
523	1.0752461422889539	0.33075885844301656	-0.5753867597018772
524	1.1217623330575015	0.42878829459474965	0.022373075123805156
525	1.008165889484781	0.36642457343185947	-0.3579058403209726
526	0.9574266054992776	0.26859525999252265	-0.9544453751612333
527	0.8980665619132969	0.27149896913341554	-0.9367392578501498
528	0.8446919509881322	0.21796535470843476	-1.2631743142220673
529	0.8732111010393464	0.4226196795189008	-0.015241650346361144
530	0.8233599290084105	0.5650508828133428	0.8532694407867857
531	0.8904811586838605	0.6400252388819001	1.3104449633546607
532	0.949824664449674	0.5870207627359966	0.9872364644609641
533	0.9124763904917057	0.557181481989162	0.8052837344367214
534	0.6922276570841155	0.528751057442439	0.6319218693866318
535	0.4747188563214559	0.33415338190964167	-0.5546877751276825
536	0.49918011967490644	0.23444805436503077	-1.162666791063841
537	0.670872608311289	0.16413091092787357	-1.5914437553763692
538	0.9312335365704955	0.1789379419261722	-1.5011540551469216
539	1.0379468351541294	0.3994477159159257	-0.15653869008921623
540	1.1004890370021758	0.6292033050971129	1.244455423828226
541	1.2451617238932238	0.5718752832508012	0.894882987068591
542	1.3391504075348064	0.5589295411294013	0.8159429770474577
543	1.40549920765772	0.5143665492555268	0.5442086112531432
544	1.3386397586235232	0.49917446688638967	0.45157096072562825
545	1.217871362637513	0.5727600884673767	0.9002783156645286
546	1.437442837970425	0.5212382304851183	0.5861104643905768
547	1.338117811572048	0.7390071862346376	1.9140129815233615
548	1.12816748654949	0.7746493981403358	2.131350584777499
549	1.1606540564679146	0.7603221516007398	2.0439864943449098
550	1.1604259743717216	0.5585723964777222	0.8137651951854243
551	1.138680236194048	0.6493681150136037	1.3674155663951557
552	0.981592158456947	0.6817897694843379	1.5651149879362924
553	1.025690693304901	0.6164392464697013	1.166623275890364
554	1.1019239702263088	0.6185693391573622	1.1796120668405514
555	1.033886505000753	0.5270528782959537	0.6215667829354942
556	1.0528300506697246	0.42592964364805047	0.004941711802707716
557	0.9778470876610712	0.47398227329288345	0.29795504623600216
558	1.1245336130128392	0.6004447534324706	1.0690927188313915
559	0.9992850467279181	0.5544329501306144	0.7885238507295923
560	0.8415851966008353	0.36731760193436525	-0.35246036811274506
561	0.4635535177011104	0.42598335792949465	0.005269248522945068
562	0.4382737431871459	0.37041483882596266	-0.3335741653004427
563	0.5803009331192732	0.10564662673522782	-1.9480668007724755
564	0.6916896870787644	0.21653476253803902	-1.2718977198953902
565	1.0329933736667676	0.39919503518821636	-0.1580794761631602
566	1.3077210150606149	0.7062673442710756	1.714373329469607
567	1.586348645638759	0.6574738006525402	1.4168420805003679
568	1.615350558938494	0.6302138643105506	1.2506175699367796
569	1.2848813514221393	0.6163679495523497	1.1661885245012644
570	0.8574225555114071	0.6420265847788618	1.3226486874579508
571	0.58792627989729	0.5893939093124997	1.00170733934585
572	0.5613493215572681	0.4068154333489187	-0.11161212793933982
573	0.4671736241609706	0.3221441469758679	-0.6279171904155977
574	0.580941118977721	0.33856291253602233	-0.5277995219421368
575	0.765803577778072	0.4422618074147825	0.10453130344777943
576	0.914875688051344	0.5700267210624593	0.883610901134547
577	1.0600148730223036	0.7549374866726178	2.01115210760985
578	1.0985776250589467	0.7308432363969908	1.8642311864008907
579	0.9487157055495546	0.7343163075791591	1.885409135981029
580	0.9176656793308365	0.6830027089108648	1.5725111997244743
581	0.8557321222387049	0.48466526090606565	0.36309732555316937
582	1.144790053734843	0.49632119828166615	0.43417241762646264
583	1.3911017829110834	0.5777404192559031	0.930647170432997
584	1.2832613164669384	0.5940217735887553	1.0299269384169738
585	1.0065291405081984	0.7002494677137321	1.6776777710931303
586	1.0320341434331934	0.720982981204272	1.804105730754939
587	1.2011601676787114	0.6594308599868015	1.4287757558362266
588	1.2541885993711561	0.661601537409763	1.4420120227040776
589	0.7975225666181737	0.611605119474565	1.137145936556632
590	0.6968775122061026	0.44238870834712285	0.10530511469604147
591	0.4957460268326151	0.3724956627082551	-0.3208858036306353
592	0.4114302880696831	0.3161109982742194	-0.6647058746409575
593	0.4092727741789251	0.21803869727617736	-1.2627270889507554
594	0.40495909549949266	0.23957392799945218	-1.1314104511588923
595	0.3412758939702807	0.24026310753201735	-1.1272080007549774
596	0.27143353343668075	0.24110916810490465	-1.1220489276422967
597	0.29084515065435257	0.21969310384155516	-1.2526389171313843
598	0.43278526937583833	0.20976053854133633	-1.313205302355351
599	0.512039726971094	0.23462627807419123	-1.1615800259131686
600	0.7540637666420154	0.4339074472591753	0.05358843217633497
601	1.0492752042264966	0.43326301161228814	0.049658819184959666
602	1.0712507963373525	0.533896520732078	0.6632976622796511
603	0.9121209618694643	0.5986448081159303	1.0581170868442298
604	0.7270268235604902	0.4899794747108572	0.3955021183468733
605	0.5101841389607449	0.37996083841955147	-0.2753649644286003
606	0.5873032462900609	0.45437677048142855	0.17840542336445875
607	0.8108567521407484	0.3714146255217236	-0.3274777074039192
608	1.077669796935169	0.32543202215265854	-0.607868521365173
609	1.118427807679141	0.2664887836682452	-0.9672901592291058
610	0.8206263029228847	0.06906922044190732	-2.171106993622351
611	0.5992114842610344	0.22812721712899142	-1.2012097305165037
612	0.7163465097007229	0.4933814544294918	0.4162465693456908
613	0.8759928299263054	0.54894004857931	0.7550294631974711
614	1.1483213538292347	0.6028059025656729	1.0834904362035203
615	1.2571519798072088	0.6599557356419667	1.431976320862939
616	1.0903301369826175	0.657618295571087	1.4177231756288755
617	0.92568137186896	0.6285914630673631	1.2407245588452172
618	0.7463645027039644	0.5192671643323236	0.5740913788569072
619	0.7158981176039455	0.5601835321202429	0.8235895113639267
620	0.831797929552024	0.6904210274659893	1.6177463153006966
621	1.0093150593996876	0.6430031375725497	1.3286034706288947
622	1.1688942774822346	0.6950625186871505	1.6460490081919594
623	1.1264755847781214	0.6638314082911874	1.4556092369908116
624	1.0121201188671005	0.45794756863094666	0.20017928839769203
625	0.8671998640500342	0.2488382618061262	-1.0749187802542897
626	0.7858103934047962	0.47257441225273605	0.2893702495070541
627	0.9065847543339182	0.506577780737603	0.4967145812399211
628	1.1930700694317096	0.45816749486639274	0.20152034548559167
629	1.5000946619410827	0.48689741520906976	0.37670846359342
630	1.3730776456545226	0.5714759269494093	0.8924478087575876
631	1.4248400661458398	0.64655713635712	1.350274897190475
632	1.543199114999623	0.5785400128739496	0.9355228992733765
633	1.3477517902983613	0.6322306418821959	1.2629153926666876
634	1.559696558895817	0.5683248680438417	0.8732334122981139
635	1.2674933905328454	0.40534878971354327	-0.12055536674235769
636	1.0120700627635804	0.5777398847724443	0.9306439112819032
637	1.0008608524830906	0.614223027956893	1.1531093104514178
638	1.0458068001692309	0.4986323431117477	0.44826522083048626
639	1.067634385727078	0.6489077797955952	1.3646085533725034
640	1.0204464661860586	0.6273148351689664	1.232939990131608
641	0.9610031594421065	0.6559095921126975	1.4073039144645858
642	1.0582281213832256	0.6260016501429656	1.224932504879701
643	0.9369071908635062	0.511283926121354	0.5254115196054788
644	0.8216572821873879	0.437105441231707	0.07308902734282365
645	0.6386357903856709	0.30050224132728437	-0.7598843061479224
646	0.4587133618632292	0.19494265973036812	-1.4035611499275165
647	0.37015414577562084	0.2201294318748022	-1.2499782941254551
648	0.43269301070533517	0.2795876613204465	-0.8874163657120017
649	0.5182692176934708	0.2810603200465069	-0.8784364483381844
650	0.5706277223794293	0.24214391154405185	-1.115739311964061
651	0.8504599776345654	0.2873353378578995	-0.8401729046750298
652	1.016897727293172	0.23449730798643975	-1.1623664543715804
653	0.9720233215176305	0.1396006187779804	-1.741023554662878
654	0.8878102950549723	0.10544503798955313	-1.9492960402748907
655	0.3752918433422387	0.29563250331752944	-0.7895787928513838
656	0.3015321968833067	0.3031121581804417	-0.7439696632784346
657	0.3238614998502267	0.25110417611738667	-1.0611017818342263
658	0.3250019065978948	0.22437031046459843	-1.224118440342061
659	0.5356174325458063	0.2125424803893311	-1.2962416925986033
660	0.6270653376224875	0.3387349695866188	-0.5267503595865974
661	1.0424955241914637	0.4788510295543057	0.3276435464751501
662	1.2090215340790973	0.6799130706956031	1.5536713318059514
663	1.2846616250375265	0.7321531880343954	1.8722189552297621
664	1.243008137593472	0.671448825578091	1.5020584085658675
665	0.7358251419098509	0.5479072959708715	0.7487319871242594
666	0.5117099261878486	0.6442266483442888	1.336064143927986
667	0.42550169010321864	0.6091313302942709	1.1220613673715425
668	0.561403738988285	0.27970577751300446	-0.8866961216860704
669	nan	nan	nan
670	nan	nan	nan
671	nan	nan	nan
672	nan	nan	nan
673	nan	nan	nan
674	nan	nan	nan
675	nan	nan	nan
676	nan	nan	nan
677	nan	nan	nan
678	nan	nan	nan
679	nan	nan	nan
680	nan	nan	nan
681	nan	nan	nan
682	nan	nan	nan
683	0.7004467250171634	0.5665956947923989	0.8626893312777194
684	0.8415196427498218	0.5712637717176727	0.8911541373741884
685	0.698128934078244	0.4940914078036677	0.4205756936204085
686	0.8015551237510476	0.1702807400886866	-1.5539435818806884
687	0.8001078675391738	0.5533960941166625	0.7822013530802269
688	0.7310617465607088	0.45759862625745396	0.19805152204779866
689	0.7684150310443636	0.5079276434579474	0.5049457182169971
690	1.0307098863008586	0.33716818087345424	-0.5363042588963758
691	1.0870369707218606	0.4348314867824682	0.05922300210246424
692	1.1933894055532859	0.43704489725076645	0.07271984476392244
693	1.1682239320635006	0.4757018731132989	0.30844075078526423
694	1.0942613326415	0.4751069244618157	0.3048128975444283
695	1.1019854094193606	0.5321253042839555	0.6524972119962134
696	1.0804416692020247	0.5080863670361409	0.5059135762768661
697	0.9107777476001562	0.5240535025919467	0.60327731401891
698	0.7739372184497426	0.4154122698357609	-0.059190694540047946
699	0.5672396157998005	0.405218008947641	-0.12135283627898873
700	0.5231481688683027	0.4715900430534576	0.2833678037819005
701	0.741004033917142	0.29623325091964536	-0.7859155790096055
702	0.9808226781503998	0.3961878108785283	-0.17641680398233225
703	1.2010280896964047	0.362765524371032	-0.38021783810533033
704	1.2247299986150204	0.3262492496414128	-0.6028852654384877
705	0.9552374886357612	0.3487398289627242	-0.4657431425415241
706	0.638544010672047	0.716599201837044	1.77737450253069
707	0.6636370361339364	0.44247152336723866	0.10581010069503151
708	0.7397909591272517	0.2898163017261815	-0.825044585974744
709	0.7476345905824391	0.3853536785480993	-0.24248072729504738
710	nan	nan	nan
711	nan	nan	nan
712	nan	nan	nan
713	nan	nan	nan
714	nan	nan	nan
715	0.7006526546529193	0.5749530485110677	0.9136504565739901
716	0.784372139782263	0.5673912928947704	0.8675406964281331
717	0.8431481933949104	0.5066282431654184	0.4970222889418117
718	0.9194085761741266	0.546822072771032	0.7421145580524346
719	0.8349628181272462	0.5979258750132872	1.0537332063532567
720	0.7246710906557235	0.40258357267129796	-0.13741699267144342
721	0.7369710843934892	0.1770857096310271	-1.5124485205061937
722	0.5777530968599415	0.10700705159315682	-1.9397712584303803
723	0.39381552129950687	0.23995057849795326	-1.1291137273521519
724	0.2694087696748929	0.3240426929250984	-0.6163403155750202
725	0.2941419558414231	0.2622506535314174	-0.9931332536098453
726	0.370671248176547	0.2747464547994204	-0.9169368742854299
727	0.5985865777082018	0.3297632050897835	-0.5814580134735609
728	0.888514694942199	0.40045415766622816	-0.1504016512768
729	1.1362690555113457	0.45564311716796246	0.18612729973027706
730	1.2458997262323979	0.5056192235837447	0.49086953113604803
731	1.2678436597379843	0.5575253899813197	0.8073808023446636
732	1.2534016372044363	0.4869324090116043	0.3769218473528714
733	1.2746462486607097	0.4959067096394021	0.43164496595415686
734	1.5051309098579326	0.4613331766184425	0.22082390853258232
735	1.469603848035968	0.5076444489527601	0.5032188664948032
736	1.5044780820080128	0.3548003685269572	-0.42878743544898296
737	1.340771240772968	0.3096057519101143	-0.7043732964354579
738	1.071804887946916	0.16959087835811223	-1.5581501921633634
739	0.6841409878666752	0.07794541626809393	-2.116982094416268
740	0.4167796223530848	0.11412789773930337	-1.8963500577866141
741	0.474026519056554	0.16617022530885447	-1.5790085086240984
742	0.6443800532567187	0.2923219104788094	-0.8097659887196259
743	0.7243637207476451	0.2779531561658664	-0.8973831835330408
744	0.6871874651066596	0.1777178471484128	-1.5085938985394336
745	0.758375176146535	0.38961925082764476	-0.21647029735325474
746	1.05397004247386	0.5536609459392448	0.7838163555522907
747	1.4691189273393155	0.47891899675082905	0.32805799403051994
748	1.4709545986715045	0.37716576155163684	-0.2924086683656876
749	1.2261053418220416	0.4110062783086394	-0.08605736715274101
750	1.0847033043144914	0.5323412081304815	0.653813741527586
751	0.7335122294525904	0.51669692250041	0.5584186646883932
752	0.6316987191669363	0.38786174397450307	-0.22718714983634847
753	0.8049124508991294	0.3376711023233699	-0.5332375653129652
754	0.8758129027356967	0.32632144792336426	-0.60244501774567
755	0.8754232316767345	0.2500512676783824	-1.067522163296092
756	0.8326097337100083	0.18574352729216298	-1.4596552386284833
757	0.5795143642610205	0.2814738998393096	-0.8759145386104743
758	0.6350957769796246	0.4605623559933478	0.21612363045668256
759	0.7749131190165849	0.5845258244445515	0.972022933102015
760	0.7807035315450915	0.47358185116624	0.2955133687799323
761	0.8387081689653635	0.5751982739439312	0.9151457820598643
762	0.8848682325164554	0.7327387759689143	1.8757897290784673
763	1.0192804360364711	0.6553896734779702	1.4041335761517513
764	1.1957375454769963	0.5882384778914959	0.9946617974914359
765	1.1137142105834537	0.42025398559578825	-0.029667080750133468
766	1.07526549844472	0.4135651642262802	-0.0704538986078524
767	0.8556784992678069	0.4177514888798514	-0.04492670155683507
768	0.9735897426923623	0.6046258880410023	1.0945882682407677
769	0.9213379408845467	0.6165390356128619	1.1672317659936917
770	0.7418866186335507	0.3643751069870015	-0.3704029919077966
771	0.5210327610964682	0.3179182108464843	-0.6536859286828897
772	0.4637434447451827	0.22030444550161643	-1.2489111032819333
773	0.4228099977554652	0.21277933410135794	-1.2947974158452424
774	0.41265639678120125	0.20776871513785017	-1.3253509605924025
775	0.47060608181212016	0.20784579364318348	-1.324880954475614
776	0.6063631878873756	0.1461758957337715	-1.700929103227463
777	0.7624366576357587	0.15215305062026124	-1.6644818557685936
778	0.8887108143875602	0.2416166746013165	-1.1189542755523005
779	1.0987874310356274	0.3466702520748887	-0.4783629227544466
780	1.4575592859400808	0.23635032570466497	-1.151067199691987
781	1.312604637063984	0.310260198217461	-0.7003826408534314
782	1.0691528527250351	0.25914928075618415	-1.0120446760420505
783	0.7521315109886055	0.2224359217770414	-1.2359138755475947
784	0.7358605899467386	0.2204458078021869	-1.2480491101015505
785	0.9346254074151833	0.06525205324413078	-2.1943831576320383
786	0.9360487229574589	0.321859108608479	-0.629655285564341
787	0.8801677330801843	0.3692113594944936	-0.34091269171287236
788	1.0651548218970897	0.43207629600993913	0.042422513945508764
789	1.1416483702166462	0.472159289857605	0.28683893336276983
790	1.1938126941708362	0.4296666951522587	0.027729349655004815
791	0.9856173344890634	0.4744958348580606	0.3010866206734796
792	0.784448412302534	0.5258997294289446	0.6145351595442725
793	0.4683538021358936	0.6627371944285988	1.4489369850281204
794	0.826836504969448	0.3785932198295788	-0.2837043724119457
795	1.248416353570929	0.43806571495902885	0.07894454469725239
796	1.4288719971073176	0.5598230577350056	0.8213914255905395
797	1.4047502256686093	0.5264240228453806	0.6177321742197817
798	0.976304876538582	0.4761764321790055	0.31133449739717706
799	0.6092878969328427	0.3359976372071071	-0.5434419515744084
800	0.6424316618291468	0.1665306960000189	-1.5768104453762752
801	0.7364504511609014	0.1929090591868699	-1.4159615550782854
802	0.6946797986914096	0.2323568299430867	-1.175418572713486
803	0.7229027986913337	0.18413470835962337	-1.4694654280688346
804	0.824442528121407	0.4261318359501974	0.006174631646776653
805	0.9453329074789277	0.4329549797686918	0.04778051536951997
806	1.230178720915677	0.3995169726994837	-0.15611637894344857
807	1.3314941718798834	0.24942860716862553	-1.0713189967583252
808	1.1964227408268264	0.4957362358437317	0.43060545790491844
809	0.9139190488535857	0.5817892151484161	0.9553357503020617
810	1.0635530910525623	0.6354178350242388	1.2823501269764535
811	1.1629201084809133	0.5797448829152456	0.9428699058985776
812	1.1089220221113307	0.5880031182572749	0.9932266312638266
813	0.9365638713088674	0.5839576013463621	0.968558045832929
814	0.7602521369300044	0.44336564588581295	0.11126224394912124
815	0.6876401193475544	0.2227362392547026	-1.2340826120731812
816	0.6239653957608186	0.21589989856648303	-1.2757689671214447
817	0.5836876265314915	0.16153019958039735	-1.6073022652946596
818	0.6814795415447518	0.13189042474234153	-1.7880384564530274
819	0.5805525512284507	0.3323588715999815	-0.5656302657550397
820	0.571001960376517	0.40773283975638885	-0.1060180051520927
821	0.5879424645040924	0.2079226165840479	-1.3244125067292567
822	0.6877251367541984	0.16994344263374808	-1.556000340328621
823	0.7670013502690736	0.21660786403318655	-1.2714519646265618
824	0.7394814519466053	0.26002564724030847	-1.0067008047992732
825	0.7228981046861276	0.25497796219923974	-1.0374803695386952
826	0.7249246496545483	0.30718835976027015	-0.7191139701445578
827	0.8885177556376083	0.43787765863029793	0.07779782260628651
828	1.3137754649672555	0.3291848165466196	-0.5849848871719018
829	1.8722670711782334	0.2828799185615427	-0.8673409758913846
830	2.0374891024881867	0.4545204114262876	0.17928131116759
831	1.7287723249421163	0.4942299542638138	0.42142051648569967
832	1.1748242919141019	0.6395075126204277	1.3072879936046395
833	1.2644404750075733	0.673299474390289	1.5133432182284217
834	1.4052316998592354	0.6799759293705889	1.5540546288303136
835	1.5312493872121358	0.6499542713856594	1.3709898064387251
836	1.17077271415004	0.6751909378498998	1.5248769057571931
837	0.982425903479497	0.7069245676216765	1.7183809187909482
838	0.9880297822800145	0.4937392804398916	0.4184285059687055
839	0.8003075955523766	0.5181099048637048	0.5670346900094748
840	0.9971740091058954	0.5364879436878733	0.6790995338279278
841	1.1451814055773704	0.5023189399565626	0.4707451983508557
842	1.1124011407231578	0.45854544634964367	0.20382500238324538
843	0.9760232837549075	0.4752519582666704	0.30569727867154095
844	0.893608119358845	0.5519065135277819	0.773118250272305
845	1.1035268262867803	0.5465478404783802	0.7404423557385739
846	1.1536743324602072	0.5314847973588782	0.6485915554019398
847	1.29437845307679	0.4905362065145835	0.3988969344766178
848	1.427593561367454	0.46617909728642	0.25037316283600397
849	1.4572499945145916	0.24459347193837253	-1.100802484066385
850	1.3970356217377258	0.2432846141436622	-1.108783582906588
851	1.1182124187311422	0.2540925160492486	-1.0428796063918635
852	0.7541139043762396	0.2118803497559598	-1.300279205345534
853	0.858897153015958	0.23038224395443085	-1.1874591213564578
854	0.9478145974950591	0.30161757368851483	-0.7530832786790618
855	1.013509811667098	0.22656003455546422	-1.2107660314916853
856	1.1089688944876448	0.23231987413286653	-1.1756439203221256
857	1.2829200232173372	0.24870502083954787	-1.0757312515006876
858	1.1267302876857825	0.24420550624928733	-1.1031682051735292
859	1.0300562634007786	0.26567774080542583	-0.972235702799968
860	0.8197413459291737	0.3041846321846321	-0.7374299757236943
861	0.5016817652309713	0.25494247234576856	-1.037696778096999
862	0.43139727106208403	0.11494358810777804	-1.8913761748482933
863	0.5092107796341091	0.16339396985539334	-1.5959374441198217
864	0.7548163657002941	0.22650057720188332	-1.211128588079287
865	0.8343916556383343	0.3202206045935524	-0.6396464874703456
866	0.9551287265659009	0.32265715514684995	-0.6247889904423182
867	1.0210438653343374	0.2764520263220126	-0.9065367109095022
868	0.8179896567247118	0.13212966261999903	-1.7865796416332498
869	0.6530350681042324	0.22155530481080712	-1.2412836652041028
870	0.6710153649729176	0.33478768233840095	-0.5508199642495486
871	0.6335347427536011	0.4734242450143179	0.2945523245156905
872	0.7719487776286762	0.4933874410072406	0.4162830740514892
873	0.7677232097209229	0.4465114249723954	0.13044444534710767
874	0.7689507043592727	0.5077627639857869	0.5039403230019083
875	0.723426739332952	0.517507014042702	0.5633584073363531
876	0.5317801417389978	0.33751399446723207	-0.5341955710898157
877	0.4333605465089809	0.2726271451992195	-0.9298599125716006
878	0.427207788803691	0.18008275919298494	-1.4941732358422348
879	0.3900392449617003	0.12165329662473351	-1.8504619922081347
880	0.3489005557642171	0.13316571178974254	-1.7802620639250748
881	0.4421836365281186	0.19921043294414703	-1.3775372992201302
882	0.5396105293849776	0.30086086135838	-0.7576975277784017
883	0.733680547203248	0.3890312219478837	-0.2200559554967397
884	0.8384903705253188	0.37039340923575753	-0.3337048377678592
885	0.971979044136379	0.3753938978523417	-0.3032130654305132
886	0.9961107501675448	0.3614233233842068	-0.3884022556811455
887	1.0436438653493587	0.36486888973259496	-0.36739202393702436
888	0.8670574404441228	0.3974306971392466	-0.16883798362918706
889	0.8109825995217751	0.40098837187989955	-0.1471441419748851
890	0.8072282525014733	0.5149785422418895	0.5479403967331333
891	0.7751237086857928	0.3607405696166625	-0.39256552332130795
892	0.8014866982955572	0.6174358212365447	1.172700148219791
893	0.8327952715866398	0.6847659178596424	1.583262822210123
894	0.7989642459422509	0.5723654471122189	0.8978718879573514
895	0.7859756676524691	0.554872234598023	0.7912025013572794
896	0.7715173115829653	0.5710176287176583	0.8896532167853521
897	0.708328163609971	0.6192006885418144	1.1834618829629588
898	0.8716521080364776	0.49562344547156423	0.42991768944593833
899	0.7788228233917123	0.5906500794795869	1.009367161752956
900	0.7239501480098073	0.4172727353378104	-0.04784602507278076
901	0.753341445885919	0.3639514425246547	-0.37298639551568763
902	0.756050213146261	0.5267971199197243	0.6200072301038986
903	0.8679292900320223	0.39880014927896384	-0.16048739510216556
904	0.9169515621972221	0.26646321427693564	-0.9674460752042026
905	0.9155300912051466	0.4805722744950255	0.33813928257085357
906	0.8151965868164825	0.4460325952638962	0.12752465738648877
907	0.7900503591228726	0.5532475742396877	0.7812957147269538
908	0.7575102139241134	0.6000897387502949	1.0669279250091606
909	0.5611847999749677	0.6194212804301227	1.1848069990413062
910	0.5487752660730115	0.47471357883070203	0.302414370849651
911	0.5048557721691209	0.20044533930151243	-1.3700071383910775
912	0.4567096905577632	0.23537824487723516	-1.1569947138923364
913	0.49868998321842156	0.18942537981235574	-1.4372041908542579
914	0.6268965318662352	0.14457048049870944	-1.7107185377423362
915	0.47252751880930094	0.12309612830518459	-1.841663952957427
916	0.6322092256004841	0.254973388101745	-1.0375082612809132
917	0.7202916394068217	0.21991922769646413	-1.2512600684562647
918	0.7203760774978796	0.2473925334202427	-1.0837344829153852
919	0.5214921543510603	0.28934192215493737	-0.8279372380727593
920	0.4626016757077118	0.35252530251741054	-0.44266023871574006
921	0.5927268806810306	0.2416064196851405	-1.1190168075553415
922	0.7139838203867187	0.4112400112959398	-0.08463211982533886
923	0.9655063303722236	0.5728283528578486	0.9006945754368465
924	1.133713446328769	0.6744257516390586	1.5202109849791183
925	1.1778386819810625	0.5729096926043948	0.9011905655737782
926	1.2155634358324345	0.5462553924618183	0.7386590783380534
927	1.1454621261551983	0.6049808943161132	1.0967530107987475
928	1.1024365862522207	0.5609154186570644	0.8280523787692275
929	1.3916519469452902	0.5042492772546595	0.48251592916157093
930	1.4022007265941454	0.5018573485858113	0.46793052561204507
931	1.0530313410977645	0.5776368809756931	0.9300158189970805
932	0.832118150781744	0.4427677629928798	0.10761649841232503
933	0.6069140701090708	0.2814368803504025	-0.8761402745163729
934	0.5390319550595146	0.4561783315832176	0.1893909080199751
935	0.7455872436440271	0.37484529682970025	-0.3065583020201816
936	0.9176966135818703	0.23819359037150292	-1.1398274167651157
937	0.8979611804555145	0.3202496652430299	-0.6394692826458201
938	1.038655357849034	0.31635766542359783	-0.663201757915843
939	0.9009058683340376	0.3380077752409731	-0.5311846151429238
940	0.9657193131884085	0.20233165111432416	-1.3585048643607462
941	0.935714850250635	0.28738268250782384	-0.8398842084300076
942	0.7989275194527992	0.2883636854085867	-0.8339022895804911
943	0.7879464820925693	0.16390561572931434	-1.592817551105127
944	0.4580206532127606	0.31226461597086486	-0.6881601853111816
945	0.4743435746970579	0.4905077276422439	0.398723277188623
946	0.5162755702650774	0.42480974093259377	-0.0018871845828234677
947	0.49107913141807635	0.37555758216150276	-0.30221495803085174
948	0.4653743161415474	0.32895779808351266	-0.5863691909518309
949	0.40831469240939383	0.3976177529258486	-0.16769736260256676
950	0.4569920936473595	0.40016980560726334	-0.1521355614824658
951	0.6960476063073803	0.3209685343506242	-0.6350857923812046
952	0.8532335831023075	0.5669068320373445	0.864586571080863
953	0.9112542298121786	0.5953809130957145	1.0382146429991717
954	0.8654474710129131	0.6777614078770186	1.5405510114049763
955	0.7538898838530238	0.7796172072135271	2.161643085148918
956	0.8047591413140809	0.747174162345214	1.9638132301275373
957	0.9983071845956354	0.6978658805136282	1.663143231806162
958	0.901307978657658	0.5225702300150956	0.5942326759454277
959	0.9388755237659774	0.5345458354233165	0.6672570265055536
960	0.9584108958454236	0.4685007117049837	0.26452980706296386
961	1.0819102918760726	0.3070710378027745	-0.7198293711168278
962	1.1087351457962153	0.23455500903443435	-1.1620146073114266
963	1.1690810785363581	0.32598412610952365	-0.604501924728307
964	1.0748100610303772	0.3892241895929107	-0.21887928538471832
965	1.0734734265031398	0.5714988294582155	0.892587462727033
966	0.9985888966270753	0.6629623715629418	1.4503100608297912
967	0.8906021865034013	0.5315835773675747	0.6491938920469357
968	1.0978038096094955	0.4294511699359731	0.026415128919426618
969	0.9302621014341625	0.47732812574382355	0.31835724670698484
970	0.9695664609625192	0.5909564666470514	1.0112354367304106
971	0.9940373703738	0.48097683476441416	0.34060619342232984
972	0.9271681328406458	0.4850096216509341	0.36519715423783494
973	0.8560095144074623	0.46781645566895114	0.26035737895224614
974	0.7023212980813761	0.5202975618159544	0.5803744939476299
