ID	SN	ssim	z_ssim
245	0.48319799239539624	0.2980882913070899	-1.3764580945453326
246	0.7126567776116262	0.317189919570948	-1.1670742602189423
247	0.9377695265865146	0.3004385563138567	-1.350695500278378
248	0.9410713769476271	0.5294009277979043	1.1590915501010781
249	0.9109265263231008	0.5534467658817976	1.4226716862051518
250	1.003250071840816	0.5497376902088513	1.3820143937753926
251	0.9778047156944341	0.5010221981551477	0.848016120099374
252	0.7616056679611498	0.5000434257789363	0.8372872382348029
253	0.8403996908536803	0.3552247603785796	-0.7501526922621361
254	0.8712598476233653	0.4786830961633787	0.6031444910511304
255	0.9398926356321465	0.4971903139802898	0.8060126536857567
256	0.7699540452324718	0.45055607571784745	0.29482818902125363
257	0.9275053702469627	0.351642497242178	-0.7894199202023342
258	0.9408484958498383	0.3593097509538692	-0.7053747823360141
259	1.0804410780832236	0.30372420339453554	-1.3146796499805513
260	1.1226203804739376	0.2925305494733536	-1.4373796704062614
261	0.973553784022831	0.4625986494040777	0.4268337028313989
262	0.7634888914102836	0.4278923515526485	0.04639819131243198
263	0.9278894366484346	0.4363902424504177	0.13954841679498278
264	1.162622640755567	0.46059463788019855	0.40486659033670025
265	0.7804787570446152	0.33517986379530373	-0.9698762282511327
266	0.6501673984644925	0.33645999569626683	-0.9558439728766348
267	0.6894814132515971	0.24050361914132692	-2.0076765063971145
268	0.6192708751719688	0.18968198213461607	-2.564761435295203
269	0.7718893767754982	0.3045559092253617	-1.305562848340165
270	0.9357437687496107	0.32268816195935257	-1.1068048916898579
271	1.0826676674015685	0.46797292144078545	0.4857441616789363
272	0.8448112957143795	0.5178933729206503	1.0329506823887815
273	1.0498028090989877	0.4661504399187056	0.46576690299653933
274	1.1429520254971093	0.2857865484407967	-1.5113045094509874
275	1.1077922550078814	0.27895249126062766	-1.586216505256971
276	1.0874568988084983	0.2496833439733246	-1.907052310551905
277	0.9625487594125464	0.44786259834721937	0.26530344842096915
278	0.7701513876970754	0.40320534192193447	-0.22421019155049546
279	1.0053443417057701	0.4511677755352964	0.3015333793571244
280	1.130064521863641	0.45946287452915346	0.3924606872001452
281	1.2173840194896561	0.41232841678456744	-0.12420696830700338
282	1.0397491980697966	0.4828949095158365	0.6493125777201249
283	0.8582416497392437	0.5731856687910878	1.6390410511332463
284	0.9067082370956107	0.4908920737335827	0.7369740526749983
285	1.1804107514034847	0.5392161022768241	1.2666812716991722
286	1.3381889210139843	0.5276206264734753	1.139576652605633
287	0.9031362774723536	0.5308650880152804	1.175141044738268
288	0.7214188961404766	0.46194120203063666	0.41962704746059154
289	0.8585048824210655	0.49501724212757664	0.7821923745711881
290	1.0318707541417371	0.4592283034114777	0.38988941948606703
291	1.2309756434112265	0.40895599244051445	-0.16117403364716276
292	1.2509230369623636	0.5324796989959453	1.1928397159409088
293	1.3294659226116297	0.5052388275430624	0.8942369980778981
294	1.577610577428955	0.5739862529814601	1.6478167107349155
295	1.5269320976533078	0.5734956948439849	1.6424394233976407
296	1.2397813436895477	0.48291529959675905	0.6495360850183933
297	1.1045998019530847	0.396571212924856	-0.2969306605930452
298	1.2622739664192966	0.4398071440151265	0.17700302230043352
299	1.1157685828574648	0.6112804947419032	2.056620150432875
300	1.0342634375568551	0.5958111067574933	1.8870513719959672
301	0.860138173033599	0.6131038043715212	2.0766064864739766
302	0.7052618328925562	0.5469799108040124	1.3517848019293364
303	1.1368748749384425	0.49254623934304753	0.7551063047079799
304	1.3416362391958978	0.48516424054400453	0.6741880085195354
305	0.9982401098371986	0.3467260811611501	-0.843311558965784
306	0.7800142487035359	0.2770770271434372	-1.6067745363616757
307	0.8676200984570173	0.35367065543770876	-0.7671881222773257
308	1.0557098968153662	0.3419919508380229	-0.8952050596435632
309	1.026139131235993	0.4891031015808682	0.7173641092887986
310	1.0769896057990662	0.4657387105557502	0.4612537027850437
311	1.3146882397722088	0.3747231491549685	-0.536419739825213
312	1.0456899815410572	0.344257918959297	-0.8703664915832972
313	1.0868801794534297	0.3706975126508956	-0.5805470359480212
314	1.026318543123014	0.4240731782267119	0.004534055758358795
315	0.8162287556488931	0.4489485930221907	0.27720765501333494
316	0.9270702796855125	0.4999264913106063	0.8360054528809233
317	1.0778185244783216	0.49192474440969103	0.7482937445239443
318	1.0353326035253634	0.490214920521353	0.7295513903739341
319	1.1202432898260593	0.4723320602738359	0.533527166908503
320	0.9000467699640651	0.5550675881005027	1.4404384423280319
321	1.0691757759109874	0.5990336814400815	1.922375849790364
322	1.6032719593777507	0.5102358929909053	0.949012680516917
323	1.7701068395544568	0.3628313088088122	-0.6667729795847099
324	1.5398758651536184	0.5573211536537341	1.4651410587711686
325	1.155615294472534	0.6087289363889121	2.028651065071307
326	1.1937581123785233	0.5613716443176071	1.509540795505113
327	1.2577449656060118	0.5317550302347865	1.1848962086266626
328	1.373675218032987	0.4829526035386664	0.6499449947869304
329	nan	nan	nan
330	nan	nan	nan
331	nan	nan	nan
332	nan	nan	nan
333	nan	nan	nan
334	nan	nan	nan
335	nan	nan	nan
336	nan	nan	nan
337	nan	nan	nan
338	nan	nan	nan
339	nan	nan	nan
340	nan	nan	nan
341	0.7005308082968271	0.38316517322827104	-0.4438819024468012
342	0.688324617337512	0.36562548324431776	-0.636144441064258
343	0.9027047105326383	0.3280539591723325	-1.0479873302154064
344	0.8020329645812495	0.3655306591320698	-0.6371838622033786
345	1.2026921920787381	0.3888418998629898	-0.3816560663672081
346	1.2360757439935022	0.5477524331996247	1.3602528602048902
347	0.9943123875052775	0.5344908940087816	1.214885570752279
348	0.8653522551511214	0.3820426383465393	-0.4561866470714693
349	1.060418648780639	0.3377768277833515	-0.9414094258448772
350	1.124414839488608	0.3439896980307146	-0.8733066140533503
351	1.0918839497652375	0.3995051235999491	-0.26477039350814635
352	nan	nan	nan
353	nan	nan	nan
354	nan	nan	nan
355	nan	nan	nan
356	1.13379501354201	0.4377116153006984	0.15403273772012924
357	1.3605004415278974	0.31509608140049294	-1.1900260137832368
358	1.2604165782637742	0.2907832419001045	-1.4565329045903161
359	1.2814398738805166	0.40535233982437513	-0.2006757238656477
360	1.0319630994166689	0.4935320846372007	0.7659127168573037
361	0.9343087444928085	0.4074131963267524	-0.17808550116297495
362	0.7976226000413362	0.4113098783947733	-0.1353717481109976
363	0.9209593308577015	0.3886380673371902	-0.3838903908563462
364	1.1908411098027194	0.3489998163014404	-0.8183878521832884
365	0.9822967283868445	0.47360182420737496	0.5474457730828683
366	0.8416821634021641	0.3436455515466813	-0.877078999810285
367	1.0541030644462952	0.28259890790397896	-1.546246054162963
368	1.1524228713981315	0.44184010419598524	0.1992874575235018
369	0.9385522292040998	0.5364034405923233	1.23585008390572
370	1.0065552144856382	0.45987314338705504	0.396957877983335
371	0.7181374728621917	0.38997553483785535	-0.36922964729522934
372	nan	nan	nan
373	nan	nan	nan
374	nan	nan	nan
375	nan	nan	nan
376	0.6645955068090388	0.2916251859826944	-1.447303875637081
377	0.776774156596068	0.3499476563058122	-0.80799803767628
378	0.8755484686438535	0.3717025082075206	-0.569530706857099
379	0.7613751477780536	0.44229897845231303	0.20431743978136915
380	0.9292226390651055	0.46952848435737454	0.5027955733969435
381	1.175846496451867	0.5212176744310743	1.069390245922042
382	nan	nan	nan
383	nan	nan	nan
384	nan	nan	nan
385	nan	nan	nan
386	1.2690303441518889	0.44924041111509516	0.280406439450668
387	1.1908215461947622	0.5901018588725513	1.8244690519572704
388	1.3036836405773553	0.45917462928263175	0.38930106676834847
389	1.2243859250519893	0.36097322477183325	-0.687140497724482
390	1.0426593677698621	0.3021443135383836	-1.3319977231481863
391	0.8880791717941681	0.36726205663356126	-0.6182050273837654
392	0.8415820432950462	0.3740027356075417	-0.544316603316495
393	0.8114420527149168	0.38629130549666363	-0.40961458492152075
394	0.9933133677138376	0.4652235064762794	0.455606257230661
395	1.0987571727894654	0.43918397536917997	0.17017211559877027
396	1.1390514228729554	0.48879057996345066	0.7139383817193542
397	1.1389577255479741	0.4235236954105431	-0.0014891385660530934
398	1.2058695804459487	0.25775316094691253	-1.8185944473319895
399	1.1499472335182785	0.419633145969819	-0.04413566839495413
400	1.0084972971812578	0.40637843151054087	-0.18942814807514174
401	0.9904567301951402	0.27287765547405773	-1.6528062426513408
402	0.9872686208435184	0.3217133863578101	-1.1174899626293313
403	0.8454255320431764	0.40046487006426296	-0.2542500655076557
404	0.8180675218595382	0.4668890565050543	0.47386330037222185
405	0.9175766933703593	0.49617097701926993	0.7948391202874139
406	0.8113386458825872	0.5638208769417329	1.5363882302322904
407	0.9008145408085737	0.5277174123870578	1.1406375781673055
408	1.027186710751439	0.5456111764833369	1.3367813249336384
409	1.0025111313373067	0.3268571054497126	-1.0611067260128908
410	0.8494815107680119	0.33297769230147733	-0.9940154851172128
411	0.9192625899870415	0.3439140086174757	-0.8741362888508579
412	0.8183500887975564	0.282088181970244	-1.5518444122096269
413	0.8165360072056153	0.39729937665859577	-0.2889488428923868
414	0.7382529421480218	0.4092120769270961	-0.15836694563501538
415	0.6526044733593274	0.4458505931718659	0.2432487129564986
416	0.6094106145932621	0.3574411826274523	-0.7258572247478107
417	0.7539392371083884	0.40597139712582875	-0.19388988395422194
418	0.7511268684881943	0.43032127422095856	0.07302299703830414
419	0.7090497399720076	0.3797510974244057	-0.48130553317711106
420	0.7352719033640281	0.3589787971169226	-0.7090025559691144
421	0.7912236807253127	0.4450446842265842	0.23441468568143642
422	0.9086031057809365	0.4438300793787327	0.2211007096830779
423	0.9726179278258391	0.45353336853728343	0.32746399251584135
424	1.0037031933700844	0.37629895977977634	-0.5191463814372885
425	1.080484384652622	0.41837701498287005	-0.057904836071680656
426	1.0160929750377226	0.5079153106513894	0.9235754548832625
427	1.157135599419211	0.5531909367216186	1.4198673969712259
428	1.1251448020216965	0.4846995243428561	0.6690939893748872
429	1.0992607779767503	0.29535797121112933	-1.4063866892564076
430	0.9738602084552731	0.35434554190603934	-0.7597903070480646
431	0.8581503190267408	0.4259760856322393	0.025392908387759445
432	0.7570429538186977	0.47393591017571257	0.5511078797932963
433	0.8662300408539939	0.3588737467334488	-0.7101540730955795
434	0.9283203845411634	0.3232131513442983	-1.101050183825054
435	0.9646960562903599	0.3842910232613503	-0.43154081855875087
436	0.9833260843617776	0.3847370857148729	-0.4266512737734865
437	1.0893827150985773	0.36223375311543976	-0.6733231281151691
438	0.9609382369568283	0.4157636021574862	-0.08655194355895166
439	0.856027465362348	0.37040086190113636	-0.5837987938915007
440	1.0707564188508956	0.3327002348919784	-0.9970568539189014
441	1.1000877575398653	0.4980469511002094	0.8154027413954239
442	0.8665956751642264	0.5190490711974467	1.045618949888149
443	0.923527403665079	0.5902974975341159	1.8266135588304557
444	1.0607273607363652	0.38635935762924783	-0.408868626710119
445	0.9105321470230524	0.29442924189662556	-1.4165670205996814
446	0.9543564367695929	0.29673271567421183	-1.3913173316643208
447	1.0297848209711322	0.6426320045781988	2.400281918464751
448	0.9597885128939768	0.6223109804847325	2.1775315914583593
449	0.8891431619182854	0.6952831830327351	2.9774214939151205
450	0.9417934812564716	0.3617892515946617	-0.6781955626269706
451	0.707395810976777	0.44291314423105704	0.21104966092446356
452	0.8718565470315132	0.47705490885645957	0.5852970019986227
453	0.9869648088092433	0.4674912808852239	0.48046462503957127
454	1.11673326106368	0.43213308408715084	0.09288327761823316
455	0.9626415070584445	0.3639827636669035	-0.654151226616295
456	0.9465238160277962	0.38414828853428434	-0.4331054152534287
457	0.8175370634591366	0.4569059018138229	0.3644322519270708
458	0.8410789340153731	0.48512933192263613	0.6738053552246331
459	0.8777768906864577	0.5377411438538494	1.2505134117760057
460	0.8010789611651025	0.4281588308005648	0.049319222228037626
461	0.9070570462871577	0.37939207633773014	-0.48524096793135096
462	1.2912987440465842	0.42974020059590534	0.06665351785260648
463	1.0296112047082435	0.5463819324595929	1.345230020479861
464	0.8196399928308156	0.43274397801007003	0.09957963408484542
465	1.0076691373861706	0.4017065694876395	-0.24063909042448048
466	0.9912077794300386	0.3895666122735879	-0.3737120805865787
467	0.760625088845015	0.3359202955279159	-0.9617599340227183
468	0.7382170362724396	0.3536263561200365	-0.7676737123466189
469	0.728276347170735	0.3562697420315466	-0.7386980527792312
470	0.8259671288175079	0.4465761189963875	0.2512016150307461
471	0.7925061801874433	0.33518007971560115	-0.9698738614256895
472	0.6541279892807167	0.283603460267852	-1.5352345831603913
473	0.6800820037716021	0.29935120846786667	-1.3626145397495162
474	0.8434280597227031	0.4356206834588643	0.1311128420803037
475	0.9145101099701634	0.4282743928686403	0.05058596392053025
476	0.6171958931684747	0.3976711061910039	-0.28487410362132504
477	0.47047706279527657	0.26273957896560596	-1.7639354774323548
478	0.4866216419646224	0.28953935047227475	-1.470167907483631
479	0.5005926494712434	0.34078852880233657	-0.908396454464163
480	0.624859364186066	0.4016048634521501	-0.2417539482465859
481	0.6134033541749453	0.3933329381321017	-0.3324272362432113
482	0.48579547346725827	0.29558808364090605	-1.4038642957616092
483	nan	nan	nan
