ID	SN	ssim	z_ssim
494	0.3871503808530095	0.21149930675189124	-1.427023658456126
495	0.4063482623704235	0.20503145092716182	-1.491417630227879
496	0.42507317018467095	0.13905751254420334	-2.1482541524120027
497	0.3802594109100959	0.17160979064653142	-1.8241636757484696
498	0.42125393218213425	0.2148345562102043	-1.3938179152716215
499	0.6296980535825947	0.255044528089134	-0.9934874403382067
500	0.7014636897034887	0.21492811418583152	-1.3928864520781277
501	0.6144694362083167	0.3170515866911345	-0.37614517275083487
502	0.47497762190117565	0.21765318034118664	-1.3657556937805835
503	0.5408311003553674	0.2359200175413873	-1.1838910649291605
504	0.5192405874176955	0.4711547182757634	1.1581055857862061
505	0.7616062575297079	0.4252058997259209	0.7006391541240965
506	1.008650286973368	0.2930019757545615	-0.6155830961891036
507	0.7167117352632641	0.2949779102907513	-0.59591069219708
508	0.3984141649069005	0.43263508373094	0.7746041091370469
509	0.5127176652286263	0.3129463016144847	-0.4170173904539626
510	0.51420961344814	0.29856452468347433	-0.5602023597574295
511	0.34519707127462396	0.3101809647725835	-0.4445490837016588
512	0.36017628051441786	0.3238805541107071	-0.3081559739865633
513	0.4074441629885644	0.44497871312653314	0.8974972818360623
514	0.42183522532841006	0.48413032803178224	1.28729075487357
515	0.5758866853618972	0.4462302721493949	0.909957803309145
516	0.5338100499421233	0.47125739644105724	1.159127849586866
517	0.5391093576596662	0.47651110307905903	1.2114337522093492
518	0.6854221369356671	0.29131026780385116	-0.6324257403320949
519	0.6200425960367919	0.3167796359542838	-0.3788527142524733
520	0.44546028961593687	0.31790613496423753	-0.36763729025206254
521	0.5478469501147745	0.1627955368003921	-1.9119183859241722
522	0.7396908817214409	0.3130394749292711	-0.41608975694375133
523	0.7523763555829676	0.3168225569990211	-0.37842539233650535
524	0.7903685419597214	0.3345741070119987	-0.20169096265580666
525	0.7477980117884053	0.2601929678324729	-0.9422295749056535
526	0.6399097751267669	0.24413449531377449	-1.1021077252677633
527	0.4675971778057829	0.2935109798899067	-0.6105154510820798
528	0.6423940886290684	0.3234532631905759	-0.3124100823332668
529	0.796187876020453	0.48906796690977306	1.3364498869174188
530	0.7503354785979585	0.4962890654207788	1.4083431427783288
531	0.5943311803242327	0.4247716395162854	0.6963156595319713
532	0.6988416737922083	0.3343735173524635	-0.20368803328073112
533	0.6488631094922087	0.3124369188982387	-0.4220888047123867
534	0.6355080627996761	0.3028491499804158	-0.5175446308437938
535	0.6181944991903038	0.298103023370454	-0.5647970667714034
536	0.5568207659034692	0.346136630296105	-0.08657448230381534
537	0.4744762454623343	0.1392041016125194	-2.146794711666416
538	0.45777542781778474	0.2524888676394853	-1.0189315954511957
539	0.43395665003507516	0.13051227189232845	-2.2333305672596837
540	0.40779862707286396	0.201491686894244	-1.5266595204912434
541	0.3219105969341589	0.2126407498094882	-1.415659451519272
542	0.3098746479979081	0.21726806463353449	-1.3695899057171874
543	0.36972349845097235	0.216128367431126	-1.380936730920006
544	0.39612076873960284	0.15408446384692528	-1.998645827145497
545	0.43135930545963297	0.18330285408385386	-1.7077475376475932
546	0.6088789002255323	0.3584434933053369	0.03595264425724506
547	0.6013271959414549	0.40250937200607473	0.4746725270201715
548	0.4352415439631921	0.46905880447132614	1.1372386682147086
549	0.6529688225592265	0.5388632308114787	1.8322115280154665
550	0.8110645075303498	0.46587796309599117	1.1055702118847759
551	0.7991785845745174	0.4738287469261883	1.18472821469113
552	0.8146207227017964	0.4821984131219801	1.2680566102762862
553	0.7763194096198396	0.47103283468651924	1.15689211278713
554	0.7184758444677692	0.39466529622776575	0.39657690956489977
555	0.5883415965515915	0.29766926191847637	-0.5691155957323504
556	0.5196646539033253	0.1822167838919134	-1.718560452340985
557	0.5831525435647318	0.3577431198739139	0.028979726462710305
558	0.7732375794431975	0.42782460117984855	0.7267109454677018
559	0.7812165528757998	0.3939178696821307	0.3891355309712304
560	0.7239281086862729	0.3425235671545292	-0.12254613848369394
561	0.6060794888476299	0.3431947183080699	-0.11586415768405416
562	0.6470956300249959	0.2623188309202678	-0.9210644822728408
563	0.7687466875626845	0.14425532309539899	-2.0965047512226813
564	0.746945658210884	0.25976334192517864	-0.9465069303842567
565	1.00417153322164	0.27948887919070015	-0.7501194838672662
566	1.0500758967662527	0.5371217696755985	1.8148735411672265
567	0.7216781055083503	0.5161437611129484	1.6060164905746677
568	0.6036356644484147	0.4619275332212479	1.0662397325522146
569	0.5866996830760144	0.42627033390320734	0.7112366606583337
570	0.5637237555699921	0.39670495417375473	0.4168837438168121
571	0.5682972842956768	0.3148011869762425	-0.3985501520272519
572	0.6292818006279387	0.37965132205167673	0.2470977845695075
573	0.8227119739356289	0.47394104411915716	1.1858462455301038
574	0.9171507623247536	0.3362942417935833	-0.18456530098823168
575	0.9493187472493559	0.4407011263607511	0.8549096285377581
576	0.9106254477768619	0.46402152133583824	1.0870874779558402
577	0.6202994275981393	0.5475607424675981	1.9188039529621184
578	0.5304981907560602	0.5246880628460152	1.6910835575468144
579	0.6274323328010596	0.5396784013970886	1.8403273662625446
580	0.6521533362678118	0.52692795632656	1.7133839367554013
581	0.5611674449659266	0.48373249106051047	1.2833298900379804
582	0.4545899128811023	0.5011999924469075	1.4572363316284223
583	0.5471734529475772	0.5753447791948705	2.195421819099568
584	0.5750530636093507	0.4964051141761297	1.4094985241719034
585	0.6121255918999883	0.510144722890934	1.5462900667961634
586	0.6365462419989213	0.5290219665956433	1.734231902729156
587	0.5582868042923503	0.5009282737918741	1.4545311007333273
588	0.6374147411325154	0.43995964414992744	0.847527431740718
589	0.6751704658205326	0.37373420175971955	0.18818693569227585
590	0.7722045684018662	0.3035695708480888	-0.5103721207764939
591	0.7649539432171474	0.406602453742051	0.5154232482650998
592	1.2726860044478885	0.4833417735291452	1.2794399063451982
593	1.4402679591427876	0.5060220204636037	1.5052444419518656
594	1.3507260142665478	0.5267940310657699	1.7120505768759393
595	0.945512834918431	0.38970470968238224	0.34718931054739594
596	0.8961813370911728	0.259286729529157	-0.951252083338678
597	0.7634771197448719	0.31385217008796984	-0.4079985640466869
598	0.6713751254548211	0.31568112738211274	-0.3897894654578657
599	0.9533464581443378	0.2910953376527494	-0.6345655848892396
600	1.003834945690319	0.3584556309417819	0.036073486564153816
601	0.8331170102404327	0.3541004653193809	-0.0072865418208221755
602	0.8000786573123843	0.3946551452960575	0.3964758468900981
603	1.0150924483984496	0.5037916386533666	1.4830387609316578
604	0.9476395115390992	0.5109923224708889	1.5547287681068322
605	0.7672105215457001	0.5587475415135268	2.0301797228464045
606	0.7660037783455238	0.6473452461550173	2.9122584590348266
607	0.9843078549009132	0.4957864107688376	1.4033387131272717
608	0.9564128330069103	0.4993680950363865	1.4389979612413133
609	0.7729671554351537	0.42903584492194846	0.7387700880106258
610	0.7105462942587163	0.1203828048614733	-2.334179539735825
611	0.44134972631252906	0.21317768049486674	-1.4103137696836536
612	0.6425367062195284	0.4171366686338081	0.6203018903931136
613	1.081053753888614	0.41933839147826574	0.6422222427536518
614	1.1007012270467336	0.3275066885151373	-0.2720541803153616
615	0.7404709471312994	0.3688434252659526	0.13949436553982386
616	0.7242005780024539	0.3921998636162083	0.3720310627965185
617	0.5786727987416135	0.38105024631604945	0.26102547436840706
618	0.5913597033285627	0.3413011282183064	-0.13471674037788764
619	0.7042687399794029	0.3021132237652759	-0.5248715121485104
620	0.6125620396199729	0.3088534266120221	-0.4577660534600552
621	0.6090055969988643	0.36539421103750747	0.10515398911832
622	0.6609106883421915	0.45028966856478114	0.9503731535065454
623	0.6081366411354193	0.46415246862569115	1.0883911891570293
624	0.7348352195191745	0.370223870282408	0.1532380759487993
625	0.8361366732363016	0.3454874351741644	-0.09303786885562504
626	0.8927375852302195	0.23741559053746591	-1.1690011403696392
627	0.7828820874129463	0.2787714870378301	-0.7572618400503717
628	0.732773888312544	0.3572104318818962	0.023676284881655518
629	0.6913210981061886	0.36291419974062655	0.0804629969607051
630	0.5556355108721549	0.38040006779523916	0.25455229709757493
631	0.49302671012349036	0.3279570873807671	-0.26757000926620117
632	0.49855010693242213	0.421736738862515	0.66610018900745
633	0.5682218286029631	0.4411189842298015	0.8590698214290959
634	0.7212380293167245	0.4609915895336084	1.0569214773166273
635	0.5857472361916456	0.33830014572390543	-0.16459452171202307
636	0.5195593449228452	0.3668319852071495	0.11946846856915987
637	0.4653359472722251	0.45936112696857373	1.040688592225665
638	0.6079802855007067	0.41958818133657416	0.6447091505513308
639	0.5773338634890339	0.45263310258607625	0.9737043823257276
640	0.5052152339425436	0.3922043264031546	0.37207549430279085
641	0.5739814338334069	0.414332825250199	0.592386826021051
642	0.6345122894553066	0.4645753706410416	1.0926016015682913
643	0.6899762839643327	0.4851896504419514	1.2978373686550346
644	0.7175348574920487	0.45009372166474665	0.9484223061946216
645	0.6810664678639153	0.3175999379908979	-0.3706857872798472
646	0.5608504440062113	0.2037155637280429	-1.5045186030156297
647	0.5095204189011657	0.17058320637282595	-1.8343843486474485
648	0.5381482107793694	0.4461334344313203	0.9089936870002601
649	0.9763344991527654	0.4331135213476035	0.7793674339879472
650	1.1173850547243227	0.3967105901291867	0.4169398553883788
651	1.4761408522637418	0.4076961749216832	0.5263123361909813
652	1.1682564559937925	0.29896204452872366	-0.5562446522284792
653	1.0815368229793563	0.267080787655812	-0.8736544416169376
654	0.7038291569194323	0.3399707398030682	-0.14796208727148502
655	0.8047900168288402	0.5120183612831564	1.5649440103918038
656	0.7290318440701816	0.48012113248647936	1.2473752045323605
657	0.7592184043858691	0.2949696085963549	-0.5959933438654392
658	0.6438469098028429	0.3299771117515921	-0.24745864688613461
659	0.6883832235213501	0.2713739979160773	-0.8309112408095372
660	0.606173005029095	0.34594348599871605	-0.0884974269041548
661	0.6634431383292484	0.48112783629200073	1.257397947492617
662	0.8337269702003277	0.5597581191183018	2.040241033351539
663	0.8792907853393032	0.563301382685259	2.0755177649753564
664	0.5249823975462307	0.42415707651657814	0.6901970703847297
665	nan	nan	nan
666	nan	nan	nan
667	nan	nan	nan
668	nan	nan	nan
669	nan	nan	nan
670	nan	nan	nan
671	nan	nan	nan
672	nan	nan	nan
673	nan	nan	nan
674	nan	nan	nan
675	nan	nan	nan
676	nan	nan	nan
677	nan	nan	nan
678	nan	nan	nan
679	nan	nan	nan
680	nan	nan	nan
681	nan	nan	nan
682	nan	nan	nan
683	nan	nan	nan
684	nan	nan	nan
685	nan	nan	nan
686	nan	nan	nan
687	nan	nan	nan
688	nan	nan	nan
689	0.5615101001480713	0.3717435869173479	0.16836837457376536
690	0.565479777753634	0.3253858514711443	-0.2931692336567196
691	0.5486470892783746	0.410210164936594	0.551341620460998
692	0.5899557819309147	0.3821001861923884	0.2714786756442466
693	0.7292633829466683	0.4399212550322913	0.847145229690395
694	0.7512053294545809	0.43063796416999006	0.754720787041195
695	0.5957934157904922	0.42694988324957045	0.7180022538646494
696	0.7194001158828495	0.41103917265601686	0.5595952212105653
697	1.012032574352521	0.37464178814578564	0.19722286563699004
698	0.9163452043114632	0.288948049522938	-0.6559439852376551
699	0.6959589694790291	0.29663251229643806	-0.5794374748380436
700	0.5880128575239244	0.27684545698531515	-0.7764373950092494
701	0.7735796918149677	0.29402569806893275	-0.6053909169568935
702	0.7604895638078539	0.30163561003628786	-0.5296266343738181
703	0.669541956599026	0.20188713192832258	-1.5227224697820463
704	0.8183480780556355	0.32148842568271085	-0.3319720043126942
705	0.9510709178671944	0.2809861302964828	-0.7352128520477441
706	0.8553994329563959	0.2196233516524741	-1.346140668454958
707	0.8330488640876719	0.33019737530360443	-0.2452657029901997
708	0.7402772390141906	0.12403018581178123	-2.297866215456556
709	0.6225336394790306	0.2350331667597522	-1.1927205511987866
710	nan	nan	nan
711	nan	nan	nan
712	nan	nan	nan
713	nan	nan	nan
714	nan	nan	nan
715	nan	nan	nan
716	0.4837074841880478	0.39659121564124955	0.41575136300159726
717	0.47415563167431274	0.4114350272111661	0.56353634911149
718	0.5377532148866561	0.41325120225470247	0.5816181876148917
719	0.8361013385294178	0.4556324658284165	1.0035660423865518
720	0.6918327429433271	0.32343605420667754	-0.3125814149747789
721	0.8704171332641144	0.2213475524797456	-1.3289745252370393
722	0.8571611107495866	0.10041706753676391	-2.532958418011665
723	0.6574304073109235	0.20369523166060755	-1.5047210290764408
724	0.711665739078441	0.23222600982113611	-1.2206686053240787
725	0.6261704708878785	0.20028420387671897	-1.5386812212607763
726	0.578415501564385	0.2935343738573092	-0.610282540745584
727	0.7218532120245978	0.3842207558011901	0.2925910664008736
728	0.8018743994239809	0.4790735121807951	1.236945096901665
729	0.675190010342233	0.46478679988302257	1.0947065910746732
730	0.6959689500544763	0.4734131426233797	1.18059045830501
731	0.645974176570401	0.4179425891461878	0.6283256349122838
732	0.5061797091266632	0.3566559014369348	0.018155379841859616
733	0.7511927888592649	0.4638398977445328	1.0852792335038088
734	0.811674469062282	0.48366139246364603	1.2826220324166038
735	0.7284901932276922	0.4795866820741809	1.2420542162952137
736	0.5377612023694538	0.3299921074924755	-0.2473093492917992
737	0.49298557495185336	0.24538875073896385	-1.0896203584134487
738	0.4888428198507549	0.2564921426591833	-0.9790749898621588
739	0.7063052488153523	0.22148000698941406	-1.3276558081555576
740	0.8810111300205219	0.17886788523025135	-1.751902086992303
741	0.903872685857236	0.1964226261611099	-1.5771270885082522
742	0.7526835139678423	0.2869265171851072	-0.6760703609370405
743	0.7370777901002711	0.3494475484577236	-0.05361098150611907
744	0.7763258011569123	0.33202487802309877	-0.22707108614639535
745	0.7866640057769926	0.3482684106299765	-0.06535047756981321
746	0.742716294030946	0.29256941452057317	-0.6198896757799008
747	0.5111583429656459	0.24977984413899096	-1.0459026330789782
748	0.5457134953029872	0.24241520606919678	-1.1192249687690046
749	0.46076285815465573	0.21516776301482046	-1.390500508367069
750	0.36196058716091084	0.31331106271071624	-0.4133858290260842
751	nan	nan	nan
752	nan	nan	nan
753	nan	nan	nan
754	nan	nan	nan
755	nan	nan	nan
756	nan	nan	nan
757	0.5794326837693293	0.18358373776288048	-1.7049510597747823
758	0.6221474879377934	0.29759364997681387	-0.5698683882139649
759	0.6336721171742726	0.3669411718248573	0.1205555305212287
760	0.6722613471206954	0.2594008185558363	-0.9501162130035099
761	0.635408349515852	0.22650618640045436	-1.277615166575883
762	0.48785249317374096	0.3395852802755911	-0.1517997222782226
763	0.4006080321969651	0.40665376782577123	0.5159341312761185
764	0.5137966254151798	0.4195258631049036	0.644088710244712
765	0.6701530708476322	0.2825916451070085	-0.719228346797513
766	0.8128393301657859	0.5340392274617457	1.7841837512765588
767	0.95763880551	0.5284647577533941	1.728684331566302
768	0.9509253582650242	0.5011894079902757	1.4571309527795364
769	1.0072513426693053	0.5349947481809103	1.7936969154355302
770	0.9909866471290211	0.38559783890011895	0.3063013055593807
771	0.8940765398253928	0.34906425066590063	-0.05742709427295777
772	nan	nan	nan
773	nan	nan	nan
774	nan	nan	nan
775	nan	nan	nan
776	0.802012200253288	0.2449300697067507	-1.0941869867120637
777	0.8211028265702295	0.3466672881791255	-0.08129125248767885
778	1.0524995839709288	0.37555730628446443	0.20633776410971172
779	1.0015361766458384	0.40640980187803794	0.513505206331388
780	0.7860947708507058	0.27844972028241727	-0.7604653498265053
781	0.7842390631744481	0.16323817895483284	-1.9075114406906277
782	0.769674189275431	0.2474894197197902	-1.0687060983064236
783	0.7984219299322632	0.15816463679751497	-1.9580236257662424
784	0.8546636979179257	0.256945893635887	-0.9745574451955713
785	0.784009925815429	0.30435085765915687	-0.502593629384462
786	0.7733716727953834	0.4217871737886172	0.6666023191253351
787	0.713582131766755	0.37155884818492346	0.16652911577714785
788	0.6152646612651368	0.2946107857092338	-0.5995657844841663
789	0.7065436608734388	0.39013282733270993	0.3514516498198307
790	0.640519216455033	0.3723071105130582	0.17397881542127844
791	0.6567735485021876	0.42639691827195203	0.712496934617522
792	0.6506543790097544	0.4320226428914507	0.7685066482166665
793	0.5328106425747888	0.4008998412628756	0.4586480391447526
794	0.5214922265837364	0.320701507458628	-0.3398065620519876
795	0.8141540146970175	0.4046863958067262	0.4963469757037043
796	0.8867850371644126	0.4893643531841119	1.3394007086271948
797	0.7856350923463016	0.44844874685547875	0.9320449372019117
798	0.7060573093007071	0.46865551349408974	1.133223503296426
799	0.6073805202524162	0.39955389820302045	0.4452478302113192
800	0.7128811523371356	0.19032382340859416	-1.6378467679397921
801	0.7718051962664549	0.2280391989989941	-1.2623524933390007
802	1.0401609568639338	0.1730238413079207	-1.8100853875427891
803	0.8313846212655429	0.22275399511680288	-1.3149719825206445
804	0.6473230587643144	0.2879054633959389	-0.6663239725859985
805	0.5102131192181852	0.33037695361177827	-0.24347782137676735
806	0.6070781824756035	0.3801549548330385	0.2521119524769526
807	0.883525007521025	0.2840118917384562	-0.7050883715147159
808	0.7030264196918986	0.30312346452735006	-0.5148135552492623
809	0.6009448639982662	0.3882614658841673	0.3328203754751771
810	0.554464728641073	0.39380201747883414	0.3879821064498842
811	0.5467258775617357	0.32904323153159004	-0.256756358238185
812	0.6314101250917367	0.3811196764698305	0.26171672097065707
813	0.5380298748067279	0.40497253931198157	0.4991958204057821
814	0.6445997111999011	0.48529020361431446	1.2988384760263447
815	0.7323219178762034	0.4885421238169012	1.3312145931513928
816	0.5943539572547373	0.4554160861152964	1.0014117659901358
817	0.6583103166643015	0.5054689625880627	1.4997381978130333
818	0.7182205487802423	0.4641333007937909	1.0882003542250582
819	0.6943783114303221	0.5948144590704278	2.3892619494744833
820	0.8177035925915348	0.5950349439243554	2.3914570966522586
821	0.8639550542748262	0.28977168930682	-0.6477438276536525
822	0.6985493122245362	0.2720870609224104	-0.8238119856088051
823	0.49037514856102826	0.27046633471687326	-0.8399479355058432
824	0.5485320734876047	0.28037411536636414	-0.7413060726144843
825	0.6399669467027072	0.25307264592150347	-1.0131194989493675
826	0.6035837452713917	0.2755779677501045	-0.7890565176744595
827	0.46182045178310455	0.28996963793669733	-0.6457730511196671
828	0.5302490104547276	0.14051924480145095	-2.1337011462439963
829	0.6791767952610342	0.19768783165092504	-1.5645307028119104
830	0.6450644287348462	0.3233921317088981	-0.31301870735710774
831	0.7075243819540452	0.3231300231911557	-0.3156282597265509
832	0.645622074014701	0.30668610697468135	-0.4793438874948953
833	0.6047279139471278	0.37805892324902735	0.23124386229203195
834	0.5897116568680554	0.47881724950407417	1.2343937457246912
835	0.47979077555452304	0.41666952285761727	0.6156509871045288
836	0.46020448498604694	0.3920469575868108	0.37050873038720494
837	0.4240852490044618	0.3925668870273352	0.3756851478312091
838	0.4679751586349647	0.3628864169960029	0.08018639195875092
839	0.43030045415679485	0.31718679270550865	-0.3747990616888516
840	0.46789335435281726	0.3524298402987452	-0.023919284314660897
841	0.6579329164192508	0.2479274109659609	-1.0643454575150262
842	0.7004640709000407	0.26242434584249036	-0.9200139757205581
843	0.6483237799919565	0.42315477501988996	0.6802181568106591
844	0.5824842650505913	0.47292568532076157	1.175737333461888
845	0.5799096619835643	0.4781245687188339	1.227497415914578
846	0.5687663495329831	0.3905797112909301	0.3559008264512661
847	0.5932990404762529	0.3533037030920592	-0.01521910645511455
848	0.69240603330801	0.38028057366524054	0.2533626135544444
849	0.5977319428279587	0.29286110486856753	-0.616985606712216
850	0.45342836103845857	0.40986721367678086	0.5479271977617383
851	0.7082164320004631	0.482164884766635	1.2677228019747175
852	0.8584034873339997	0.31186460797652404	-0.427786732176486
853	0.881569799677417	0.4545248354883093	0.9925384748607429
854	0.8239991751763401	0.40232271738791076	0.47281419366537364
855	0.7822617084468436	0.2353597648161606	-1.189468940990553
856	0.6156731482387501	0.30872014696479955	-0.4590929856109209
857	0.7992690753890983	0.31900514114920125	-0.3566955848137697
858	0.9759887710550084	0.35643436929274047	0.015949805842321137
859	0.7670971769078468	0.42185370766843056	0.6672647304243294
860	0.6111034116930019	0.3915616007463557	0.365676517745112
861	0.6010971890286604	0.325929701865281	-0.2877546592015818
862	0.7696354038091552	0.1596857504562851	-1.9428794183721994
863	0.6823934281915817	0.29095167574406583	-0.6359958828338965
864	0.7088599937111255	0.2997067440600531	-0.5488304237888909
865	0.586964812495975	0.2348526607434699	-1.1945176690740293
866	0.7710700197290804	0.25786317068383224	-0.9654250350224156
867	0.5754355721687668	0.29369017157517996	-0.6087314186861967
868	0.5327994573090038	0.37355476299560636	0.18640044337949357
869	0.42072937666464055	0.48501994150093347	1.2961477464597564
870	0.5071409605852878	0.4569236883268658	1.01642145341756
871	0.4837957804593327	0.42803445063594425	0.7288002066260099
872	0.6250719590262926	0.33537308438305913	-0.19373634405073167
873	0.5994488878136275	0.24461871622787457	-1.097286821908317
874	0.5915065104958677	0.3383653107014528	-0.16394573920381547
875	0.7198462214107517	0.423204310827785	0.6807113353077875
876	0.6567073651552658	0.32838037281006843	-0.2633557795856929
877	0.6290389576173481	0.2686879721526237	-0.857653312970255
878	0.6579538290211324	0.3005464088016161	-0.5404707217282461
879	0.6445830237752144	0.287787489827092	-0.6674985174224951
880	0.6365876719121275	0.25019143301747165	-1.0418048542569585
881	0.6914916848291555	0.2429774678914587	-1.1136270901377843
882	0.6126318593356547	0.2770025354147821	-0.7748735221853729
883	0.6439539359709923	0.40802758785853827	0.5296118833483318
884	0.6787124252483036	0.4448501736631625	0.8962175429550254
885	0.5973438906370968	0.43003676455002177	0.7487352437009419
886	0.5387593197227644	0.35850268406039243	0.03654194740708025
887	0.7432301421031	0.379264345939876	0.243245050449436
888	0.8194084254591355	0.36570910427533626	0.10828906615425743
889	0.6683154906891547	0.3160689226154547	-0.38592857616383314
890	0.6002023791825697	0.5086356734337136	1.5312659705912213
891	0.6988252280479941	0.37967950582504584	0.24737838221360042
892	0.6806432555942566	0.43656992478769946	0.8137793861997361
893	0.5120537432087812	0.4722066644108668	1.1685787613740506
894	0.6685581014683123	0.3301215213137253	-0.2460209053038283
895	0.4640062156262935	0.28870616609070504	-0.6583521766583282
896	0.4769983683134702	0.2733363784752284	-0.8113737802111944
897	0.5077242345005355	0.30835793747549	-0.4626991432406073
898	0.4384055993570201	0.2858528832766916	-0.686759459993234
899	0.7102038127623809	0.37431933854166466	0.19401255741920478
900	0.7509397192941134	0.322138087852726	-0.3255039678303129
901	0.7946339185160096	0.4666599976580337	1.1133561478854144
902	0.5774797665607029	0.5758364720184184	2.20031711278853
903	0.7142786374540725	0.3335940628931864	-0.21144828177856437
904	0.8730459544895457	0.25092507764831645	-1.0345006884051948
905	0.6316966278338234	0.34501156891525186	-0.09777559326908263
906	0.43086069380000097	0.2991060386376732	-0.5548110468980165
907	0.45602484374994035	0.4106689816902442	0.5559096000022229
908	0.6997282049407723	0.4363444167939142	0.8115342286421743
909	0.6848788620527095	0.5052947562448069	1.4980037994816442
910	0.5866774306101853	0.46140159578033346	1.0610034994570883
911	0.5796799901035868	0.324948655291776	-0.2975219587631325
912	0.8172091635226528	0.36541404041944686	0.10535141044239693
913	0.9386676363700509	0.2760811542892679	-0.7840467925542853
914	0.7273773609595483	0.25965496964963397	-0.9475858847458524
915	0.7311089377466128	0.24084467252831088	-1.1348612005031327
916	0.8058798737384977	0.40705363891237	0.5199152477636462
917	0.7163752636263498	0.4502236190667662	0.949715564712675
918	0.6382967877021711	0.4153176708363583	0.6021919485521072
919	0.6402215430275091	0.31485150378548304	-0.3980491978808263
920	0.6410209509972592	0.3116723237520661	-0.4297011138908335
921	0.6167291069480663	0.2345954356438126	-1.1970786021336357
922	0.5841523830501208	0.3524051066028353	-0.0241655329880068
923	0.5221994581253652	0.4547423923660648	0.9947044711081197
924	0.7637150453451882	0.5127650596285482	1.5723781390239444
925	0.7707394034598706	0.4787711724290195	1.2339350023712834
926	0.48653256476168527	0.48974330047910614	1.3431735078481577
927	0.5218358111535688	0.4922580661920567	1.36821051496776
928	0.5647230954843276	0.3590483602763562	0.04197469974409756
929	0.4809785299138543	0.33531888605171606	-0.19427594263071823
930	0.562185511481689	0.32323135131796754	-0.31461943690884686
931	0.6142916837630256	0.32510783478672933	-0.2959371677315399
932	0.5316001780796715	0.3177638371783975	-0.36905400698986157
933	0.43174308315767596	0.39865054417823853	0.436254037655014
934	0.37705300146981263	0.26958421749168926	-0.8487302944880414
935	0.6518679933562109	0.24493376561140237	-1.09415019028582
936	0.7767300841765548	0.42476522505223213	0.6962517971286696
937	0.6759206576811769	0.42285089004764975	0.6771926780655273
938	0.4155567283848919	0.40352104237241593	0.4847447170593209
939	0.44088069001971275	0.38851430169249435	0.33533760875085544
940	0.5245559347346238	0.30980302721859654	-0.44831182994128144
941	0.5681836490037006	0.2972891603567844	-0.5728998868324102
942	0.5673094549142769	0.23773239506024635	-1.1658470345809653
943	0.5874400987121712	0.2335692425462356	-1.2072953804831292
944	0.543949456742156	0.3672290986843503	0.12342213029787036
945	0.5649172177138814	0.4581471899031364	1.028602634955935
946	0.6370163872715591	0.3496921479945629	-0.051175748548329215
947	0.650434072021001	0.23908747218735943	-1.1523558868750687
948	0.6129000238654376	0.22916759957127025	-1.2511181373843487
949	0.6458608048622623	0.23371905729882914	-1.2058038248252845
950	0.6082610942145095	0.2224894643802853	-1.3176056504999067
951	0.5550375319012276	0.187964817181541	-1.661333033637529
952	0.4267650453738924	0.2725110616279831	-0.8195906346378296
953	0.38641747210502353	0.29010757937371023	-0.644399706190239
954	0.40709714005049924	0.3708953736140857	0.1599235630339263
955	0.39273874792647717	0.4336057943862453	0.7842685042983111
956	0.3824052847979491	0.4170412579654028	0.6193519817905557
957	0.36271005295381065	0.3431870193221899	-0.11594080878650014
958	0.3976215163914991	0.28328273004217025	-0.7123479052705793
959	0.3586893833306767	0.22904085553533832	-1.252380000990033
960	0.36228766429883963	0.3209170592280902	-0.33766052866252494
961	0.3872317882170972	0.3142973391354937	-0.403566461065927
962	0.3326573988735367	0.2897133277018869	-0.6483248757849741
963	0.4018923267758275	0.28926097088268854	-0.6528285402196151
964	0.4503750312272591	0.32382974651534835	-0.30866181439951945
965	0.4559692649827183	0.46823987649262283	1.1290854213624681
966	0.47545261716037807	0.42908707624935166	0.7392801470997629
967	0.5440105791263994	0.35009898923484717	-0.047125237211591564
968	0.47947988568896405	0.33054246161144013	-0.24183002375309798
969	0.4008110728994744	0.2575379850127906	-0.9686625835221162
970	0.3419543161750548	0.3285108337220103	-0.2620569107629247
971	0.3548893953307297	0.3630038504326676	0.08135555923930997
972	nan	nan	nan
973	nan	nan	nan
974	nan	nan	nan
