ID	SN	ssim	z_ssim
2502	0.3685786399067004	0.13009253504984822	0.6183512087935167
2503	0.4128191313648529	0.013121364840367864	-0.9261941474650606
2504	0.601205057916784	0.005576781165141473	-1.0258165728849846
2505	0.7253476492948058	0.03448626480585801	-0.6440814100313002
2506	0.6607511472679505	0.12361733918450826	0.5328495104967087
2507	0.6873445440851337	0.05742853341086219	-0.34114031461064265
2508	0.7842693583448026	0.10779898029110793	0.32397605280043906
2509	0.7063163518885692	0.02745583358284122	-0.7369147114213703
2510	0.6437183262264277	0.03459884848846684	-0.6425947992377812
2511	0.6507075276086118	0.05663041512207183	-0.35167906441102964
2512	0.84614704063345	0.042212818291262555	-0.5420561649696937
2513	0.8271054207016553	0.005127746666273115	-1.0317458471564565
2514	0.7230092701319704	0.0022113826109649752	-1.0702549648366397
2515	0.5716228972708234	0.03259204675753936	-0.6690936047886253
2516	0.38694844749845575	0.2413944037748675	2.0880362959330245
2517	0.3651659181899178	0.40351288965577375	4.228729204130765
2518	0.36831498814789826	0.4280882847487417	4.553234911828533
2519	0.47884666535625303	0.048195394428076306	-0.4630592619376836
2520	0.31291565166147706	0.013145269010548657	-0.9258785049440715
2521	0.3787235497530715	0.13060102530351803	0.6250655663450563
2522	0.404206702573195	0.12167150689467482	0.5071557756906201
2523	0.4468558822974098	0.12813100408952316	0.5924501809547618
2524	0.7084344227498077	0.08760788812012785	0.05736285576542623
2525	0.7606168611068546	0.0789342730550082	-0.057167860194865916
2526	0.8342662147176978	0.06103437287196442	-0.29352702165063094
2527	0.7015947619143724	0.09956975161427718	0.21531323515378195
2528	0.5516012683092084	0.25497002436903615	2.2672955245916775
2529	0.27879346785617115	0.20185843118103514	1.5659837015577573
2530	0.2803005967385032	0.20101158524555268	1.5548015277385725
2531	0.27732052643063043	0.014880026438909006	-0.9029719073148389
2532	nan	nan	nan
2533	nan	nan	nan
2534	nan	nan	nan
2535	nan	nan	nan
2536	nan	nan	nan
2537	nan	nan	nan
2538	nan	nan	nan
2539	nan	nan	nan
2540	nan	nan	nan
2541	nan	nan	nan
2542	nan	nan	nan
2543	nan	nan	nan
2544	nan	nan	nan
2545	nan	nan	nan
2546	nan	nan	nan
2547	nan	nan	nan
2548	0.7389014023378967	0.08321517445002687	-0.000640714587656797
2549	0.6228620382906219	0.10036517914073013	0.22581645479348408
2550	0.6842116227948327	0.08187129659979464	-0.01838594436724835
2551	0.6930938754797693	0.0854691376640507	0.029121733793115393
2552	0.9404910922312915	0.07663625983178188	-0.08751196674863071
2553	1.0407354270232942	0.03910004983777856	-0.5831587037519143
2554	0.9938261536939299	0.04492076609165381	-0.5062990789065677
2555	0.8180003044324917	0.08328693446956173	0.0003068403076144452
2556	0.7180366125021098	0.04855291309785092	-0.4583384080709813
2557	0.6947493643030613	0.01294270979843122	-0.9285531972625556
2558	0.9679583214103645	0.016835375874761725	-0.8771525033916288
2559	0.9888947552683467	0.05125124674656232	-0.42270827203583994
2560	1.0807745599248415	0.07419793762228641	-0.11970878275888161
2561	1.1083120232227937	0.06951345131119767	-0.18156506380053752
2562	0.9462873368375664	0.05345237247807264	-0.3936435159847802
2563	0.9444719023041327	0.04786744312012382	-0.46738969369167727
2564	1.046195395431521	0.07970399432458763	-0.04700407872278821
2565	1.0724253323331718	0.08777419991537691	0.05955891921065752
2566	0.8938290707690841	0.06872259170206482	-0.19200796639398024
2567	0.7964984295813602	0.03627719914592779	-0.6204330245926922
2568	0.5358556156643963	0.036113990144856466	-0.6225881172044261
2569	0.4122153739114818	0.06163037081190152	-0.2856571692004849
2570	0.4298516917575691	0.0512717388275353	-0.42243768443335455
2571	0.5515108979071264	0.06240103439162524	-0.27548094499781883
2572	0.6161486131549583	0.05912238825216237	-0.3187738150311226
2573	0.7535364484645976	0.061039570178826046	-0.2934583938326498
2574	0.7780966039036536	0.049305278024524196	-0.4484038083604378
2575	0.8811926195179535	0.0635721927625991	-0.26001638890171835
2576	0.7248746634356251	0.038669880177761316	-0.5888388773330888
2577	0.6760365578497204	0.027533169398529032	-0.7358935309477617
2578	0.7534936636489047	0.09542768060930522	0.16061927488506417
2579	0.7670357225266088	0.0763758351649031	-0.09095074323656749
2580	0.7436796173233822	0.07145330515171355	-0.15595027140491236
2581	0.7960334502335934	0.16687831670693726	1.1040889177781008
2582	0.7954093245524219	0.13395339849004584	0.6693319648809037
2583	0.8361076471159433	0.07451377153755966	-0.1155383550687881
2584	0.8082258526805183	0.04569237332164511	-0.4961103942776606
2585	0.6722103691921285	0.06757933911159755	-0.2071040407213079
2586	0.4264313626960295	0.06721400248572533	-0.21192812675850464
2587	0.3432682701453417	0.0712693032162865	-0.158379924236439
2588	0.4213638293294093	0.10119228731644055	0.23673800144151
