ID	SN	ssim	z_ssim
494	0.913412988666897	0.38944206102507384	-0.19427700766718944
495	1.1245126717799852	0.3258566500614605	-0.6271257843158908
496	0.905983787492832	0.23260165273587333	-1.261946113335346
497	0.9635677498777355	0.3243846300100413	-0.6371463545819815
498	0.8432732479842591	0.3763368197627478	-0.2834891014811311
499	1.1279705016992434	0.372477757147897	-0.3097591295667369
500	1.1429778519205778	0.3844154801711055	-0.22849475259316077
501	0.6108716834225909	0.5399673741262366	0.8304029722701222
502	0.2779517240849789	0.43164074611329956	0.09298462892229148
503	0.5086732507184127	0.2624035091296664	-1.0590741512543673
504	0.7946767492196821	0.4670948094936589	0.3343331981750077
505	1.2179016116792953	0.4511137458089278	0.22554434613095484
506	1.4923335065535597	0.36862998363082755	-0.3359523087008288
507	1.6215658237946176	0.5007315230725454	0.5633104132697644
508	1.7544562156371937	0.2988012516730563	-0.8113016183112945
509	1.9775574919884513	0.2462214487958807	-1.1692312598266916
510	1.7314216157523716	0.5313575186754992	0.7717925875529974
511	1.4570135109041376	0.5845608257746276	1.1339666467047298
512	1.1094007456299877	0.5482149280844498	0.8865470403362958
513	1.1647177783329845	0.6700677586799364	1.7160431127076827
514	1.4004922117439356	0.7225375230234417	2.0732236823218115
515	1.5627466829035268	0.6457479550231726	1.5504894565837841
516	1.219531778611423	0.6428671301632916	1.5308786449614098
517	1.1573532167395981	0.6685722894090123	1.7058629151651101
518	1.102814087074909	0.5042804948377444	0.5874695413409224
519	0.8349173683694735	0.5196013735547479	0.6917642767108492
520	0.6595082080495296	0.43545599250552947	0.11895638421117548
521	1.0315982902010405	0.30444800745380896	-0.7728621194594048
522	1.3116913851898135	0.208544567742344	-1.4257113489668631
523	1.2861493122804633	0.3375097179773011	-0.5477991571047797
524	1.1924159760417374	0.41765593905030635	-0.002214985850171386
525	1.0982213775906324	0.3542535901054159	-0.43381759345389476
526	1.0606790128397081	0.24022930550325663	-1.2100219357759323
527	1.0434946518035342	0.2289154355958975	-1.2870395200668536
528	1.0937313232957502	0.2207212553340804	-1.3428202541726084
529	1.0619994011874692	0.4555047990143692	0.2554358256287016
530	0.8177015786892562	0.5938206785442794	1.1970017971040017
531	1.1541390510909744	0.6083123246383768	1.2956516475712025
532	1.2265001046450175	0.5293113626266988	0.7578636669227221
533	1.2085888274612269	0.48475140955942564	0.4545280293858337
534	1.3987371135165196	0.4639802364366916	0.3131311784497163
535	0.8294768062221047	0.37465295723444525	-0.294951759728908
536	0.6341577752320262	0.29915114051203495	-0.8089197990603094
537	0.7718300582213832	0.23069050479966902	-1.2749559851541208
538	1.4303129121664384	0.18012576470458014	-1.6191683690961463
539	1.900879897789568	0.3230895145384086	-0.6459626717059805
540	1.7327885155325387	0.6223118510764124	1.3909514624270427
541	1.3150951785535039	0.5548612379580081	0.9317908636347592
542	1.3649197576713998	0.5128382670258947	0.6457253765449898
543	1.4669503772416974	0.4470374115979836	0.19779527209527467
544	1.219977921855901	0.46716988570214335	0.3348442689458881
545	1.2934110012326567	0.5111218953179232	0.6340414166112391
546	1.4734647566188273	0.5154355097788723	0.6634057427052302
547	1.3545872348403278	0.7069834042492167	1.9673411979399056
548	1.2069361230953914	0.7519108954563205	2.273178799870615
549	1.0879413131591513	0.7475193541757624	2.243283997869892
550	1.1298753803262613	0.569636243389428	1.032369643091382
551	1.110846691506022	0.6398798102780607	1.5105428833742045
552	0.9721013224761935	0.6889589765208837	1.8446424314497987
553	1.051935847069681	0.6030680490181901	1.2599519760238185
554	1.1952889662238801	0.568747211563229	1.026317683490269
555	1.3205454180872607	0.47422940400764535	0.3829009507532019
556	1.244369538507026	0.3731136763131364	-0.30543019894334494
557	0.8340766819104424	0.49694445532257286	0.5375304801401442
558	1.4418809258402476	0.5424395584788478	0.8472320208908848
559	1.5376519202569137	0.4883091548875866	0.4787468822576558
560	1.1735498887730869	0.3333372072198669	-0.576202939506099
561	0.5250032865086814	0.48062660143409325	0.4264489759692811
562	0.4980909086648677	0.4149469369823779	-0.020656137889161055
563	0.6580269034636094	0.19565651141939897	-1.5134449867341595
564	0.908758910546772	0.1956765823928387	-1.5133083563944656
565	1.7843267921870734	0.35098298664220284	-0.4560817683094272
566	1.7958867586947218	0.676630398701044	1.7607173652079582
567	1.548057173350528	0.6455266324847108	1.5489828344110845
568	1.5852371318976746	0.586361404007479	1.1462238307590409
569	1.4713035784486121	0.5534462308638007	0.9221584010872198
570	1.32769074353712	0.5816779134883164	1.1143416252193863
571	1.332504821215049	0.47602878247203	0.3951499675517663
572	1.0277274865257662	0.3484669849639263	-0.47320909723573207
573	0.6447360601326452	0.3632588304008766	-0.3725156818007906
574	0.7168533220181018	0.35377141307869125	-0.43709994600903207
575	1.3317496791681804	0.3787527036742555	-0.26704331022533817
576	1.7978188750988169	0.5354100723652825	0.7993797790225893
577	1.6968133571082027	0.723108735187818	2.0771121291024524
578	1.2641713387313107	0.7286157169600835	2.1146001359742783
579	1.1837058485640792	0.72826621526095	2.1122209521235495
580	1.3180037330931893	0.6467917998140316	1.55759528375211
581	0.8896655181633153	0.47133850160413926	0.3632215376644909
582	1.0600145766200082	0.4771959603360194	0.4030953673361345
583	1.2417943775020686	0.5351570781034491	0.7976575560303313
584	1.269452592867646	0.5873083046559036	1.1526697242598778
585	1.0062343082782288	0.6369034600779586	1.4902817963816308
586	1.2951652071303676	0.6716273215761396	1.7266596186246541
587	1.3755821624303581	0.6261474064048254	1.4170614679536564
588	1.4751711072637699	0.6158985356282047	1.3472937160360117
589	1.4106324607065397	0.5516689471301135	0.9100597910723472
590	1.2010740038203942	0.4010194235876274	-0.11546573404205787
591	0.6042813241518481	0.37478756691308757	-0.29403542320072634
592	0.6668142332846259	0.29842615406331735	-0.8138550427374145
593	0.6328846503983973	0.21037621628725028	-1.4132426581162725
594	0.5129544983689872	0.280550341087316	-0.9355421351223476
595	0.3713212223326293	0.3053391336102954	-0.7667959029982805
596	0.2650049019435194	0.2731474737322811	-0.9859361174802369
597	0.3112986685872355	0.2827786084547767	-0.9203735172045754
598	0.5446906115358854	0.30225892075381416	-0.7877640204727192
599	0.7676790706408391	0.2512750978118908	-1.1348292521799432
600	1.0055922107305073	0.4267565054403173	0.05973584483614293
601	0.9918582133378022	0.38452406331559347	-0.22775558804984777
602	0.973661502486185	0.49249034342203185	0.5072097374101983
603	1.478953410748789	0.5320773477050866	0.7766927228219422
604	1.6916339888045377	0.45193885950808105	0.23116119203730487
605	0.8434764161339495	0.3991860545206892	-0.12794613710533081
606	0.9672103954850361	0.4800772845089507	0.4227095779621433
607	1.4771545482215778	0.333213738475782	-0.5770434356831559
608	1.3417307846216113	0.24140303654539513	-1.202031926149432
609	1.151975840880779	0.2846490097189623	-0.9076410226468503
610	0.8937889803454425	0.05732338628971713	-2.4551283552137497
611	0.7228646148877688	0.24818958182449047	-1.1558334699751307
612	1.048522401683789	0.5116669108867282	0.637751533737741
613	1.767834772017689	0.5431535777833262	0.8520926072701073
614	1.8419389085811537	0.5529288522895782	0.9186364189293217
615	1.28579400026884	0.6369324233982268	1.4904789601265176
616	1.2335074354561995	0.5990775152733376	1.2327869766401833
617	0.9534432554178768	0.5874269170341438	1.1534771614068373
618	0.7674856427534713	0.4700030673421005	0.3541307560235731
619	0.8664234593177688	0.49744446410328447	0.5409342198622712
620	1.3868691868364396	0.6240279338716536	1.4026334556278586
621	1.1228467282847252	0.5665140120716606	1.011115490828637
622	1.2007223176057575	0.6670277657258368	1.695348786583791
623	1.5266999395756198	0.6174988966058015	1.3581879491761495
624	1.2455209299985515	0.4193766625984488	0.009498598625838253
625	0.9171923464784425	0.27311344932580583	-0.986167733860407
626	0.748950013107503	0.46893528661450434	0.3468619883193972
627	1.0990727729665444	0.4786385526665244	0.41291561251500425
628	1.4258883044130157	0.3721565113354116	-0.3119459654278338
629	1.6449963114852775	0.4442276235086029	0.17866803333563994
630	1.4203532170668745	0.5434890604794858	0.8543763587221909
631	1.3429231958152792	0.6032781661254418	1.261382318793466
632	1.2418832333284249	0.5843293366681064	1.132390817044329
633	1.3943809287922386	0.5798225076961638	1.10171121023662
634	1.763421596453832	0.5599800784205184	0.9666366529200621
635	1.3582564079189021	0.3939401245538727	-0.1636570703856191
636	1.0093511736004641	0.5530915256279818	0.9197437948895344
637	1.1108754469966748	0.6168185680055336	1.3535567075456818
638	1.6330303336196652	0.43333524025638637	0.1045196603981946
639	1.628344835626228	0.5918437655537717	1.1835442388919162
640	1.120395639116562	0.5788175828634076	1.0948703252302878
641	1.3548260346688195	0.633295417856487	1.4657205544553258
642	1.7442396580462218	0.6183908352063301	1.364259696236265
643	1.4640867922173806	0.5374377295374061	0.8131827711416292
644	0.9809775725711389	0.4102764837381845	-0.05244959400601986
645	0.6052780586656386	0.3078172851519195	-0.749926233574332
646	0.4349636408267081	0.1835501819011329	-1.5958571288006191
647	0.35956391031986895	0.15719768633459258	-1.7752480503147496
648	0.46310713235623024	0.2783284878428708	-0.950667089796328
649	0.6192393087046848	0.27685237786813105	-0.9607155016424144
650	0.7133848469650566	0.22393351687308283	-1.3209532337922802
651	1.1799633585175615	0.2732973597199348	-0.9849157896187121
652	1.0233370074539458	0.2528946300300699	-1.123804513505483
653	0.9827571459469575	0.1580862502193615	-1.7691992761593613
654	0.8426350246636182	0.1513631792848884	-1.8149656396255724
655	0.3756279198209637	0.32864740081114996	-0.6081281395790218
656	0.34225651782643896	0.3091770357787438	-0.7406699216869241
657	0.34905653677721415	0.29031187855603185	-0.8690918364215653
658	0.36238356771974994	0.24052353173243649	-1.208019031942672
659	0.5781193816323155	0.20964344824719033	-1.4182308738862188
660	0.8269218794958362	0.3011941547355978	-0.795012265965161
661	1.480592842869795	0.43218069698942274	0.09666026886293855
662	2.0563909720758686	0.6411475827049653	1.5191730665520506
663	1.8344988888511393	0.6890938591982763	1.845560626378725
664	1.2911543051999055	0.6026051866583707	1.2568011053576023
665	0.9594770241745116	0.4547296520706491	0.2501591214094865
666	0.6200794663887292	0.5024856048410671	0.5752510791574296
667	0.46561899826911	0.5079093215993157	0.6121722711119866
668	0.7259690080623317	0.19512009810544695	-1.5170965452159482
669	nan	nan	nan
670	nan	nan	nan
671	nan	nan	nan
672	nan	nan	nan
673	nan	nan	nan
674	nan	nan	nan
675	nan	nan	nan
676	nan	nan	nan
677	nan	nan	nan
678	nan	nan	nan
679	nan	nan	nan
680	nan	nan	nan
681	nan	nan	nan
682	nan	nan	nan
683	1.2571426399609067	0.4572488112242955	0.2673079444070011
684	1.2616482596691525	0.5557848252976537	0.9380780550523407
685	0.859568084295783	0.5637027032100382	0.9919778996250311
686	1.0295883920540676	0.1937275898728272	-1.5265758499153803
687	1.209131913499378	0.5535333210293707	0.9227512551877722
688	0.9743375381416326	0.4344149247468564	0.1118694613003852
689	0.8393104880342365	0.42081336703459526	0.0192787627887722
690	1.1963952461682874	0.3103229925381493	-0.732868981598877
691	1.2205262669276538	0.4359641046089248	0.12241528616717501
692	1.348058047820403	0.37150245902478335	-0.3163983348979581
693	1.4179477309695165	0.3976308283198908	-0.13853312157591705
694	1.3244386077549053	0.41917543956919207	0.008128801046057468
695	1.1613718209366457	0.5183606789361945	0.6833184219196806
696	1.2177747108528552	0.4924060750812884	0.5066360924868072
697	1.6477706172138418	0.4824488049241549	0.4388533709322943
698	1.445929367038029	0.4154940897570275	-0.01693147203330054
699	0.7718432869590037	0.44631758432211593	0.19289514876453162
700	0.693671591017037	0.4837773015150535	0.447896925348912
701	1.1306117468607233	0.32990663833485706	-0.5995560565589299
702	1.6215441531248325	0.3504139522923233	-0.4599553899229982
703	1.4760455762439	0.34073125695938766	-0.5258689818304509
704	1.5679968165799412	0.3208453655624248	-0.6612394014487181
705	1.3711895724533998	0.304577634575866	-0.7719797009871078
706	0.8391959203442678	0.6943476278856974	1.881324920651303
707	0.8494429866230151	0.45408862385239745	0.24579541162350593
708	1.2273350179708717	0.2612212754060384	-1.0671220416938592
709	0.9385305010907014	0.3626306580123797	-0.3767918773268518
710	nan	nan	nan
711	nan	nan	nan
712	nan	nan	nan
713	nan	nan	nan
714	nan	nan	nan
715	0.9384851211159548	0.44406732355773915	0.17757681387858668
716	1.138029059261566	0.4760058272370668	0.3949937030058441
717	1.1261869797914519	0.44571593161896794	0.18879948228100413
718	1.3070680681947249	0.4559564211827766	0.2585101802666615
719	1.4107273287329638	0.5449843749146441	0.8645555022419809
720	1.2426955713409868	0.3905047579028615	-0.18704284755832412
721	0.9626196051911688	0.20065763226697944	-1.4794005572346585
722	0.7878833786785373	0.21807952974479392	-1.3608034310088575
723	0.563225482197597	0.26124804901432785	-1.066939784106483
724	0.34885583380143054	0.3146158800152561	-0.7036457515434871
725	0.2985457198232179	0.3337564281225292	-0.573349151945195
726	0.4142826518665486	0.3238905210700246	-0.6405099319651617
727	0.8702537941654245	0.3135021805347071	-0.7112271047250494
728	1.369918068008146	0.40017260245201913	-0.12123035028080559
729	1.4518917062260908	0.446278117971265	0.19262648711045507
730	1.447180083366542	0.45520003133086523	0.2533611623220158
731	1.3182643081162986	0.5228461584985362	0.7138526956126413
732	1.2219367478975	0.48973616367147843	0.4884610446262533
733	1.2997358573623918	0.4917783375051242	0.5023628568847821
734	1.6791626704684826	0.4548238074908473	0.2508000712410596
735	1.6757173689222276	0.47338639009857986	0.37716225167574136
736	1.7316131376721768	0.2732805483458821	-0.9850302306922573
737	1.3407457092584147	0.28021290497428564	-0.9378391841861002
738	0.8494278087794944	0.2002145823587807	-1.4824165574122448
739	0.46287117790698445	0.23377295767589243	-1.25397261905912
740	0.32670572471980464	0.17105488189165954	-1.6809171329901667
741	0.3738291015786146	0.25435018976550433	-1.113895994534324
742	0.48000629915517024	0.3456441706538791	-0.4924250101675458
743	0.5693188905700036	0.2878151748258364	-0.8860877972700023
744	0.6385417713107954	0.17862725622372724	-1.6293692556345074
745	1.3402126304194497	0.35504062612011966	-0.42845995604964904
746	2.038303608314221	0.4698185517347133	0.3528746918774147
747	2.0376939431567185	0.4573105837185911	0.2677284520074269
748	1.9182602962722322	0.38133701657972274	-0.2494509621905182
749	1.8449385578724948	0.4086026296518477	-0.06384412118732444
750	1.3218009445885763	0.5661617991397818	1.0087178506408454
751	1.1630188173040261	0.5647977714773442	0.9994324234327243
752	1.0444223224021392	0.2921923660985048	-0.8562906809375136
753	1.0770707972097402	0.3510743259310996	-0.4554599888971411
754	1.1017550404288532	0.35272801839959295	-0.44420270910460935
755	1.2409796732870428	0.17529560151566664	-1.6520490282858968
756	1.2309645710552903	0.16926359869712584	-1.6931110423733895
757	0.8058724251652248	0.2778047132249103	-0.9542326121258696
758	0.7262925360396227	0.44797108857013623	0.20415114727256337
759	1.1018713614886446	0.5743722501248445	1.0646093454155228
760	1.2849828118991515	0.4820433863232155	0.43609354060662936
761	1.2393608524275574	0.5580034350699613	0.9531809302441632
762	0.8174782282126773	0.6951597501496888	1.886853329182924
763	0.8584040779692483	0.6784829363484203	1.773328255696994
764	1.378485496675582	0.5802683026548859	1.104745896961055
765	1.532980776779803	0.44067843740689705	0.15450744619874035
766	1.2386738373287778	0.47139175170691006	0.36358403027862135
767	1.2008620495514122	0.4164906408167035	-0.010147590314024311
768	1.3487037729781781	0.5506700122543993	0.9032596818593698
769	1.2217174111934095	0.5764743153034547	1.0789188596139596
770	0.96290730012551	0.3572086159826861	-0.4137016688014047
771	0.7181026545518938	0.35049145205369536	-0.4594278211553817
772	0.4334812392333988	0.3152520132824089	-0.6993153634513157
773	0.39619670865985585	0.24793466882031867	-1.1575687545370366
774	0.34123214541895747	0.2529955671878697	-1.1231173979453266
775	0.4096829928407677	0.2450824272708573	-1.1769849892783273
776	0.5046502585785305	0.17997795271455974	-1.620174578509355
777	0.8585937979662056	0.1935026682404914	-1.5281069724153842
778	1.510399139048086	0.15453504619173447	-1.7933736000442526
779	1.657166192323363	0.2912294486232219	-0.8628456067431888
780	1.4917386125441991	0.27117726950814836	-0.9993480067051407
781	1.1491090440592602	0.3420589711916139	-0.5168307532108851
782	0.8789672509131599	0.2982766389825381	-0.8148728457023567
783	0.7539960522630836	0.19693672022478523	-1.5047301446521693
784	0.7690919731143935	0.21397678695747827	-1.388732277728274
785	1.0144075122630598	0.04780569835184848	-2.519918682397261
786	0.7624258884420396	0.4008142640116569	-0.11686232911207191
787	0.8072889511666526	0.40798457107275765	-0.06805146837282026
788	0.9665101038211752	0.3876706310846829	-0.20633576880432938
789	0.9583114451093152	0.4250276231079563	0.047966720579632936
790	1.2705883702067002	0.34046314882320555	-0.5276940904048439
791	1.0761557170181764	0.4764315295540022	0.39789161188634886
792	0.7211963202368892	0.5474634668332397	0.8814315731504132
793	0.5494842808814728	0.647271978920652	1.5608640357460521
794	1.4113843446459753	0.36768809214094206	-0.34236410305670806
795	1.6150827413347877	0.391581329349141	-0.17971423826831442
796	1.4471240805169194	0.5130419860666414	0.6471121653732905
797	1.3523614082996576	0.445955116490278	0.1904276997820075
798	0.8119134613467652	0.4742400583636179	0.38297347878878113
799	0.6335452640181513	0.34493140398693134	-0.49727706939227667
800	0.6210332569375647	0.20403722058981744	-1.4563944832162996
801	0.6555417959783323	0.25169663907301987	-1.1319596691038647
802	0.6119265272862678	0.283199218514646	-0.9175102731506091
803	0.6102362390638253	0.2382349859517302	-1.2235979867134468
804	0.6551577239988694	0.49196152384107045	0.5036098722018408
805	0.7753607199924982	0.46278489748351204	0.3049940759961298
806	1.2154269037883478	0.3759749409930792	-0.28595254050546676
807	1.5663678244639605	0.18528732827852898	-1.5840317482153476
808	1.16484290321935	0.45041305480194804	0.22077449026962362
809	0.9860740589706191	0.5642868802000212	0.9959546026395816
810	1.107484619793506	0.6176625731787071	1.3593021545146788
811	1.1882806172370246	0.5452802774490328	0.8665698172880957
812	1.5039893057015041	0.5339076883840401	0.7891525105582948
813	1.216468277636646	0.5657648694177932	1.0060158071693237
814	0.8635506356421578	0.4734588059505302	0.3776552124422388
815	0.9228555635433855	0.25134822028972187	-1.1343314811567626
816	0.9184193679695827	0.19637923166419685	-1.5085251699227367
817	0.6488854535150685	0.17580892519086164	-1.6485546492850263
818	0.5568888379426401	0.1557320844924045	-1.785224929520708
819	0.5141421324866219	0.39861632533829594	-0.13182448869389127
820	0.6040214389550671	0.47991531963871736	0.4216070247997412
821	0.7123197595684545	0.22670529395639546	-1.3020847496310104
822	0.8670133208933709	0.1805215037349209	-1.6164744310911978
823	0.9313889549359297	0.2215749698462891	-1.3370087122384335
824	0.9143699547459069	0.25270090351186814	-1.1251232796365382
825	0.9398110091831099	0.23703429879170135	-1.2317714963358617
826	0.8121043516560346	0.3186566631335822	-0.6761386865900015
827	0.8809560665879208	0.4516168744904889	0.22896932414100807
828	1.386787840730116	0.2609214227594891	-1.069163246575086
829	1.590605268475652	0.24338040678295403	-1.1885712552921075
830	1.7917068559009532	0.3973391576202869	-0.14051862899962567
831	1.47156712478163	0.40822051934224124	-0.0664452835852942
832	0.8888645535159279	0.586870686480359	1.149690699841335
833	0.9177212594363917	0.6351431356349989	1.478298634362344
834	1.0249378480014246	0.6590786959646763	1.6412366078706195
835	1.1332375869829954	0.6263122353307454	1.418183517773884
836	1.1977955044812498	0.6155605317412465	1.3449928019307917
837	1.04360129167623	0.6370377909605804	1.4911962350449632
838	1.0192854859799723	0.45820116931995175	0.2737909887152653
839	0.8306308233814969	0.47087009520568723	0.36003292673201764
840	1.1137310472498085	0.50377676650294	0.5840404812754282
841	1.4900854156206988	0.4561773624222384	0.2600142067998394
842	1.4895293136440235	0.37282568911713143	-0.30739063143237266
843	0.9395755321981523	0.4664169344373063	0.3297186587009954
844	0.8494229988279899	0.5252734740391783	0.730376306082165
845	1.2192739189624469	0.5099554074257172	0.6261007137131197
846	1.2024735433158968	0.47034724681588713	0.3564737095709109
847	1.3097661162675092	0.44599990935683675	0.19073262094550567
848	1.5691175268763704	0.40169808777910826	-0.11084582264121967
849	1.6445226185089266	0.22780121816448512	-1.294624399126352
850	1.350336044777213	0.2913706406656647	-0.8618844616956423
851	0.9918530651564796	0.32845015799384714	-0.6094708424235646
852	0.7747550810403924	0.22591317306665004	-1.3074770016096977
853	1.022388513236305	0.296633041130578	-0.8260614078071213
854	1.1090580410901092	0.3370713648697032	-0.5507831844703102
855	1.0504397383482236	0.21694152791003446	-1.3685502190618826
856	1.0739980504965114	0.2637938298013349	-1.0496097380696277
857	1.260199066740459	0.20874330066259666	-1.4243585024552567
858	1.1489942402737383	0.2384352538886411	-1.2222346907909993
859	1.0763469044596967	0.22878151625988258	-1.287951157184318
860	0.8449966124453764	0.31360063651489223	-0.710556879433885
861	0.523839259492615	0.251211587340888	-1.135261590813308
862	0.4463632847041361	0.14504690489606997	-1.8579627926005229
863	0.4427829551557833	0.26686627481904135	-1.0286944990693536
864	0.6165878356954031	0.313358516909577	-0.7122050747254642
865	0.7055360800327765	0.315123756250021	-0.7001884552301435
866	0.8389023894466204	0.28868051022535235	-0.8801971477736008
867	1.1225931943954413	0.21792548067918516	-1.361852098440303
868	1.0286762553505162	0.13394954867659922	-1.9335064902952903
869	0.7250185746437322	0.2664166575061159	-1.0317552059345059
870	0.8963714817128797	0.38529472376144047	-0.22250942503633342
871	1.2580445138413852	0.4800758365588149	0.4226997212444556
872	1.1708342293467686	0.4781015057818855	0.40925974108952945
873	0.9653730244841482	0.4168686926191971	-0.00757405563461741
874	1.0596540024701975	0.5078521117358361	0.6117828229816042
875	0.9805940751012662	0.4877840626284745	0.47517239027057995
876	0.6311471368850414	0.3078342543495067	-0.7498107181391871
877	0.5264913900979695	0.2382014932775921	-1.2238259834002287
878	0.4159589454434084	0.19483069902870004	-1.5190665888853183
879	0.3737117073590992	0.1905211753232038	-1.5484030677346896
880	0.3117588040076421	0.1524962522102965	-1.8072524044324034
881	0.43803047051184707	0.22445109047227418	-1.3174299240292304
882	0.5641860295176129	0.31988614659785075	-0.6677691501609142
883	0.7924585966432531	0.41875912024883655	0.005294765600187253
884	0.9199062151703918	0.34009608079733317	-0.5301928545637582
885	1.0394228983246798	0.35286565407411163	-0.44326577353344937
886	1.0096423163125878	0.33584754815144835	-0.5591141453198354
887	1.050383509600427	0.33061548412390185	-0.5947306881611979
888	1.2223226143538826	0.3870604755254299	-0.21048931728951908
889	1.1652491004194134	0.43426342963719083	0.11083817956620688
890	0.9526840215859721	0.5327339080737685	0.7811621655458809
891	1.1145110693461138	0.35865411747047937	-0.4038616199418756
892	1.167671499155135	0.5575889508913309	0.9503593872684781
893	1.1429396368350604	0.6244451413699931	1.4054735372209186
894	0.9811474394624363	0.5318817016088992	0.7753608894326878
895	0.8920536801068315	0.48432641012099514	0.45163490525227584
896	0.9965967971998252	0.4886766908653084	0.48124883193322393
897	0.8299991796896768	0.5811641294019885	1.110844112034233
898	0.8283786952217181	0.4876575103467741	0.4743109033432176
899	1.454781451049397	0.5724423766665612	1.0514720022286907
900	1.5311119943903466	0.3894446367220982	-0.19425947397055796
901	1.0418797916673186	0.39800860723545106	-0.1359614445360766
902	0.8592587726863516	0.5210491574515572	0.7016198627499834
903	1.0570153285739992	0.42699094683978417	0.06133177181714677
904	1.2853644314480634	0.24304088817773006	-1.1908824806297051
905	1.198048243919548	0.4621057200372991	0.3003706706856116
906	0.931646111419677	0.4531278910642789	0.23925535776962154
907	0.960415930064809	0.54760712153728	0.8824094824217595
908	1.365688077916393	0.5298386841846012	0.761453334548983
909	1.22813965441062	0.5840080193673334	1.1302034945367299
910	0.7981244892524719	0.4403031246650238	0.1519525572907569
911	0.6379070333071324	0.18480662762527855	-1.5873040505649032
912	0.7014439564463453	0.21197053494453394	-1.402389557225121
913	0.6985446038088267	0.20701042566265945	-1.4361548062369083
914	0.6873739935248311	0.16527782239530112	-1.7202436561301442
915	0.5106773902240811	0.14931800900531145	-1.8288878497699679
916	0.4942374771937876	0.2691340135914807	-1.0132571850922383
917	0.5067636423107271	0.31181843425045014	-0.7226889716577718
918	0.5482236966491101	0.26905717095064297	-1.0137802806038818
919	0.5226541238535686	0.29877649329803113	-0.8114701574805641
920	0.5052761410228667	0.406521993717761	-0.07800775880596184
921	0.7229160050631945	0.29461448990942085	-0.839802412440725
922	0.8242665811328793	0.3982551865228068	-0.13428289058382004
923	1.054661907900393	0.567142405747179	1.015393192735094
924	1.3603268810236884	0.6742144490075362	1.744271126150416
925	1.2754578450955285	0.5914892855116572	1.1811311656688237
926	1.2868672528405418	0.5472909275136721	0.8802570359056774
927	1.410822444603766	0.5973650755794857	1.2211297833416663
928	1.576209754345255	0.551829724786095	0.9111542624400621
929	1.6732148670856555	0.536335001089092	0.8056761017249354
930	1.8075633108498528	0.5199072218267272	0.6938462959721876
931	1.6971762793448937	0.5991762721954356	1.233459250551256
932	1.3042874343032764	0.5088523377106842	0.6185917211710489
933	0.780616552928752	0.3873107350156966	-0.20878571087155232
934	0.6266995723319423	0.48858195227891976	0.4806039122795125
935	0.7884326244194412	0.4124609580190326	-0.037579091389834125
936	1.2831946047410496	0.3089626650037747	-0.7421292207036075
937	1.2536217135482552	0.3402464221035544	-0.5291694271848764
938	1.2463734760502336	0.31688586017047515	-0.6881931796671227
939	0.9992403188907468	0.33725595078845194	-0.5495266416894088
940	1.068006564656964	0.2862978330538226	-0.8964168887993467
941	1.0128352153638442	0.2713740670472383	-0.9980083350296471
942	0.8397174777096013	0.3177783042291453	-0.6821179917715244
943	0.7364745387569326	0.24333995399835945	-1.1888466319556916
944	0.4705689822036775	0.34792429465598984	-0.47690338547464634
945	0.6450434836866499	0.4940756416921075	0.5180014332792117
946	0.8013058944572466	0.4269589573480106	0.06111400783371148
947	0.9217810655526246	0.3972669377849269	-0.14101025541064674
948	0.8225816114753403	0.36243158667888625	-0.3781470275391824
949	0.6834394971842974	0.41895723490701897	0.006643403379370759
950	0.6267257719316798	0.43054803241640177	0.08554613352277055
951	1.041943739105313	0.4081493017818771	-0.06693008714970256
952	1.1672008439718087	0.6394890439772638	1.5078827965289332
953	1.3177060216212846	0.6218673015149997	1.3879252535703077
954	1.3117807404443957	0.6526713686706401	1.5976196250001549
955	1.2375580179770262	0.7531380769909937	2.2815326662364885
956	1.0461934938304085	0.7056733112342916	1.9584229232883372
957	1.063289026887877	0.6664881527996165	1.6916754471897602
958	1.047822848711686	0.5846357183821914	1.1344764676380656
959	1.1153706502096188	0.5698380726637665	1.0337435675996207
960	1.2928619721935375	0.5152727496036681	0.6622977756156632
961	1.1149580086659787	0.3424122804690191	-0.5144256498045234
962	1.267556697047081	0.24907833302989812	-1.1497834206607382
963	1.266765797044749	0.33205593505878356	-0.5849250202330183
964	1.184038531589183	0.37666638333593394	-0.28124564362940424
965	1.1024327737517527	0.529691385324978	0.7604506181990616
966	1.1078304082698611	0.6511672083634514	1.5873802644458488
967	1.2145915938191019	0.5238984444843511	0.7210159850329957
968	1.1720660357309425	0.46722834262910745	0.3352422062862244
969	1.1336194655709868	0.4987478064368932	0.5498065401965667
970	1.2054791176743729	0.633010973567151	1.4637842398070762
971	1.1386692517762196	0.521261503795832	0.7030653807383436
972	1.0661026327820133	0.5077371844529818	0.611000471605193
973	1.147068679181608	0.4936048049841597	0.5147962783553388
974	0.8197048764780643	0.5195415037760347	0.6913567215801751
