ID	SN	ssim	z_ssim
5057	0.7310903069515579	0.34124868695293403	-0.9030925675393929
5058	0.6277713909173573	0.4128896261713602	-0.12604771299508738
5059	0.5044749202738081	0.34924563948764364	-0.8163545810344242
5060	0.5217160075229798	0.5035108257209573	0.8568642587192064
5061	0.5316811891104386	0.5230761033973399	1.0690766963564478
5062	0.6419392125536325	0.3934188272483378	-0.3372353981658867
5063	0.7136810446737553	0.40576561830351954	-0.20331740987274866
5064	0.8022276726383406	0.5033931841284022	0.8555882732956116
5065	0.81792092262048	0.48638264926003405	0.6710855471070043
5066	0.7222999156521014	0.47453298661098015	0.5425596024448363
5067	0.6836275932727308	0.4226370858410786	-0.020323060807882085
5068	0.6470827702160983	0.3204619704331677	-1.1285531950907577
5069	0.6484142445812945	0.2792266236473171	-1.5758074381933398
5070	0.623242461703036	0.3940403862521841	-0.3304937329810976
5071	0.648007156322027	0.49038712855324507	0.714519651459429
5072	0.6679434130148016	0.4434856102626644	0.20580795873726385
5073	0.7272351497423685	0.3971833222707184	-0.2964042544230627
5074	0.7574102835138933	0.47383045703716387	0.5349396996845618
5075	0.8353718777208141	0.49199343956476926	0.7319423111833219
5076	0.9556481326885377	0.51010823176169	0.9284222320403085
5077	0.8670233585672116	0.5811033926378202	1.6984627292502235
5078	1.0458868648913384	0.4841791125033381	0.6471851499699797
5079	1.0473480135225706	0.42759968371359025	0.03350316179719327
5080	0.8246224272537215	0.46689159546634074	0.45967816991086297
5081	0.8560239575294507	0.393765474901119	-0.3334755259772735
5082	0.8382595780624383	0.4189206624366935	-0.060632801511877804
5083	0.6414788396057587	0.41544694144632327	-0.09831009959223991
5084	0.4925754229328182	0.4136780611223936	-0.11749604786440754
5085	0.43743830907046843	0.44160356478046503	0.18539457814907004
5086	0.3386015841995365	0.3169039183050748	-1.1671451807416646
5087	0.40230441778162995	0.36720338315814854	-0.6215780681826437
5088	0.6100952772836483	0.41604251621232274	-0.09185026932668011
5089	0.6540806593348277	0.2908069121026706	-1.4502032284141235
5090	nan	nan	nan
5091	nan	nan	nan
5092	nan	nan	nan
5093	nan	nan	nan
5094	0.5397684837669936	0.44799104746853	0.2546756430038863
5095	0.5497815724616656	0.43030525886491217	0.06284885816652418
5096	0.5427974900860585	0.4385232710507697	0.15198454166354594
5097	0.5548394945111078	0.3747970216586697	-0.5392145789755977
5098	0.5772949756866883	0.4752584141137446	0.5504278648450458
5099	0.48248954489469603	0.6371366926181732	2.3062211967951627
5100	0.5349828189300183	0.631100923750696	2.240754953710433
5101	0.6726030032116396	0.38833826663383886	-0.39234108950335433
5102	0.7800716336435046	0.39188662282064185	-0.3538542697167071
5103	0.7726675118773408	0.37654563210824016	-0.5202484854644776
5104	0.5883012877760819	0.46568578814971606	0.4465995254768702
5105	0.6503255915531752	0.3077827965683583	-1.2660763336621847
5106	0.6260116503004052	0.422801386235904	-0.01854099628176768
5107	0.6007726278230987	0.49508495887220866	0.7654741045514397
5108	0.7276975193569101	0.507313159338298	0.8981058142438654
5109	0.9112412932341676	0.30872017201128465	-1.255909203350264
5110	0.904404575502304	0.28703424298032104	-1.4911230315518513
5111	0.7271787603899392	0.47088775799276034	0.5030220674498062
5112	0.43750919502810875	0.3670846893406102	-0.6228654664383139
5113	nan	nan	nan
5114	nan	nan	nan
5115	0.3723591458726257	0.38255298139801414	-0.45509049192063183
5116	0.5316234843941847	0.5659387557946358	1.5339813145928531
5117	0.7842598448427607	0.5571248052125793	1.4383818567589275
5118	nan	nan	nan
5119	nan	nan	nan
5120	nan	nan	nan
5121	nan	nan	nan
5122	nan	nan	nan
5123	nan	nan	nan
5124	nan	nan	nan
5125	nan	nan	nan
5126	nan	nan	nan
5127	nan	nan	nan
5128	nan	nan	nan
5129	nan	nan	nan
5130	nan	nan	nan
5131	nan	nan	nan
5132	nan	nan	nan
5133	nan	nan	nan
5134	nan	nan	nan
5135	nan	nan	nan
5136	nan	nan	nan
5137	nan	nan	nan
5138	nan	nan	nan
5139	nan	nan	nan
5140	nan	nan	nan
5141	nan	nan	nan
5142	nan	nan	nan
5143	nan	nan	nan
5144	nan	nan	nan
5145	nan	nan	nan
5146	nan	nan	nan
5147	nan	nan	nan
5148	nan	nan	nan
5149	nan	nan	nan
5150	0.6104798193818515	0.647450901027531	2.418093021210437
5151	0.6121872011489958	0.6497759977006126	2.4433119034005157
5152	0.6064191104573818	0.4062503197066281	-0.19806015423951912
5153	0.6732570953460808	0.3833216366016655	-0.4467533654475273
5154	0.6972624298243636	0.4003165035247887	-0.26242057974778965
5155	0.8685606444513303	0.3614922543591686	-0.6835231417020841
5156	0.8361436974875776	0.3936755251150337	-0.3344511555433778
5157	0.8542144368811951	0.43968328462085554	0.16456648971825438
5158	0.8632562735835642	0.3078763278743855	-1.2650618575696018
5159	0.8015902371244019	0.31274168729029017	-1.212290320221233
5160	0.8217692016691274	0.36916177203410827	-0.600336638130734
5161	0.7891327657567334	0.4452618737586935	0.2250739877000625
5162	0.9154860891432292	0.22364086793247392	-2.178711670541349
5163	0.7918066859304898	0.4278614921496372	0.036342835597201896
5164	0.733184799134751	0.4796354935309998	0.5979033317528718
5165	0.6926770022410034	0.3941011912687086	-0.3298342186623818
5166	0.7236847300339236	0.273511068816205	-1.6378005181394384
5167	1.1032982051343467	0.32247966157905344	-1.106668550080871
5168	1.2217301912235512	0.30501903263628655	-1.2960531676626958
5169	1.057472153335849	0.308581251447214	-1.2574159885861802
5170	0.9497933215159405	0.31809972564065214	-1.1541749999026938
5171	0.8329486762089935	0.46552230557998336	0.444826331392533
5172	0.8033288848298956	0.5295061264032705	1.1388191696666643
5173	0.686206276326794	0.4899814394669515	0.7101193934437144
5174	0.4001388250340302	0.42527271332352934	0.008263956560633157
5175	0.2879214455471917	0.3448401508520931	-0.8641381851210594
5176	0.24839940047672715	0.31343505757066437	-1.2047697626387028
5177	0.23349668570620735	0.3290200373897598	-1.0357291483094844
5178	0.2570864070876554	0.34001831168731966	-0.9164376852853972
5179	0.29176484417392445	0.284221116403414	-1.5216352715589618
5180	0.31921806554822846	0.2979315913223887	-1.3729262497988464
5181	0.3213644024668062	0.2899976858639338	-1.45898040375315
5182	0.2676855987025061	0.2085801065658882	-2.3420664123007238
5183	0.22121892445042415	0.3608453633560085	-0.6905395673790843
5184	0.2533681023026063	0.35377972558742093	-0.7671761599761665
5185	0.3017824274059596	0.2884946600504634	-1.4752827929644858
5186	0.44366243162912883	0.26504604800961906	-1.7296153510147212
5187	0.6593083183792653	0.48852321459757053	0.694302932298973
5188	0.793411798318009	0.6404056915790164	2.341678001936832
5189	0.6583673710334677	0.6655108525627388	2.6139781194078
5190	0.7224234075138207	0.5352009327236822	1.2005872033800484
5191	0.7219111772380711	0.5025961715874162	0.8469435723643159
5192	0.7491496606841817	0.4712186410764151	0.5066109511302082
5193	0.6854558687645045	0.38426429462559053	-0.43652893825440314
5194	0.5871772295693696	0.419324351810169	-0.05625423314139667
5195	0.553800053724881	0.3695615999308721	-0.5959999528042564
5196	0.4426851005305674	0.35693553002136785	-0.7329471056938094
5197	0.44358060562942286	0.34783154712438463	-0.8316923642448122
5198	0.5360198583309628	0.3648533082428931	-0.6470678738805459
5199	0.5196410057334265	0.3861952066639962	-0.4155855324254232
5200	0.583902467390688	0.5359949296926586	1.2091991962712334
5201	0.5501418362562616	0.5067723269209011	0.8922397402965696
5202	0.4942620572742528	0.35733679560747283	-0.7285948266423311
5203	0.5357644421718465	0.44456607353296074	0.21752707400665058
5204	0.6337375226493749	0.5181989981168551	1.0161777588967216
5205	0.645924351441692	0.4321552522574189	0.08291458960822748
5206	0.774366617885896	0.45885504810904115	0.3725107229117159
5207	0.648581723204588	0.5166334506731018	0.9991972363214318
5208	0.5420943133624297	0.5981461690565447	1.8833151595476867
5209	0.544915505751051	0.4327833143229788	0.08972678947190886
5210	0.6264136514059555	0.35333103719857806	-0.7720428047696013
5211	0.5563057646266114	0.3417228365810194	-0.8979497604683622
5212	0.5784961614796112	0.3359015018692395	-0.9610901692027757
5213	0.7728709356975462	0.2945995964034137	-1.4090663330445916
5214	0.9684503692544649	0.4472483858936764	0.24662045330783375
5215	1.0178208266129514	0.3969579736527196	-0.2988484711796401
5216	1.1065047806356205	0.32172789950231534	-1.1148224472790897
5217	1.0826717521962792	0.484466858127188	0.6503061483665595
5218	1.1474037111631283	0.45281135134229233	0.30695849081841653
5219	1.144112033864071	0.47005432454891816	0.4939823315640413
5220	1.070896177415368	0.5661456782951617	1.5362256746763086
5221	0.8110021594214257	0.46928458868230905	0.4856334838097816
5222	1.0190302469067596	0.4615587392205063	0.4018359842687138
5223	1.0287035387739776	0.5007861541762099	0.8273114356090269
5224	1.0335290028918158	0.47079455922521074	0.5020111981959361
5225	0.8737930085419217	0.467151120810785	0.46249308043163967
5226	0.9328763021497845	0.4855926778583384	0.6625172170484992
5227	0.8139053977974601	0.49573994133981913	0.7725782933271022
5228	0.7707406487745135	0.4843013436300122	0.6485109152249224
5229	0.7360420179558272	0.47249482861318737	0.5204529661805554
5230	0.7776887243492061	0.41767306787334857	-0.07416468630541632
5231	0.8714633719820539	0.4337977450289153	0.1007296904519814
5232	0.7873609342449837	0.5530115949678899	1.3937684151825944
5233	0.7025096106332426	0.5586956952442863	1.4554203270736616
