ID	SN	ssim	z_ssim
494	0.6960470127651743	0.2876461685130247	-0.5261552618548877
495	0.8204932233815257	0.27523464499906036	-0.6253202230370941
496	0.6707838450865404	0.19342034044843232	-1.2789960047236928
497	0.6580815376083531	0.266557458487488	-0.694648767806212
498	0.6163893389103948	0.3003463844248526	-0.42468372079185296
499	0.659691787956744	0.2997016154019001	-0.42983526363513386
500	0.5646271965627783	0.34123705652106895	-0.09797750244779681
501	0.4001526386088352	0.4581090109598818	0.835800112538299
502	0.30897641864121217	0.36475718825699655	0.08994245338755746
503	0.3938298796758407	0.2066403626450765	-1.1733713417656646
504	0.6018951005490782	0.3814964365981386	0.22368485093456597
505	0.9414796573148573	0.3746312118261912	0.16883342618793262
506	1.0631056386873852	0.29293195491164525	-0.48392315372997485
507	1.1801222179060706	0.3756989918565075	0.17736472092691608
508	1.3787629581100047	0.25137495975026736	-0.815953126310746
509	1.368709132310011	0.19515445712439478	-1.2651408472433274
510	1.0005858622717438	0.39159192483729843	0.30434527092453234
511	0.7957205907749525	0.42302881071258985	0.5555181075231386
512	0.58898234013944	0.42703634918397704	0.5875373351791295
513	0.5321402912534754	0.5589991857835427	1.6418873151929825
514	0.5899821030985017	0.6273652338139223	2.188114898896606
515	0.6818603600832424	0.5694943138588534	1.725740757280049
516	0.7312926235961023	0.5634770210783865	1.6776640965602256
517	0.7702086800035975	0.5977715437842352	1.951668734996554
518	0.7106136556532072	0.4403658008841337	0.6940363124351401
519	0.6351822544210141	0.47562835047988833	0.9757752430276928
520	0.5587870971669457	0.40793477443070986	0.43492054185834506
521	0.737112120707178	0.28634047462010037	-0.5365874287086997
522	0.8092476793735836	0.22227569424289045	-1.0484489622347641
523	0.7387407583361969	0.2951587506621248	-0.46613161396384045
524	0.724910130802072	0.3724142655906856	0.15112058157706723
525	0.7313863551280981	0.32137878730363356	-0.25664009482633643
526	0.7749476934292616	0.20143310432790162	-1.21497603020761
527	0.7616688416287196	0.21894430073705387	-1.0750659611323814
528	0.7185218384004411	0.20548492515155475	-1.1826029976590473
529	0.715076382347915	0.38106301334965803	0.22022190784279463
530	0.6496334749685673	0.5269991303719787	1.3862148951918518
531	0.8048343707241504	0.5560428623705039	1.6182670323029573
532	0.9159539056455168	0.4461057017645801	0.739896681418752
533	0.909120826959803	0.3893123535926301	0.28613206819117953
534	0.9599782786911696	0.373326827380568	0.15841172148976518
535	0.6743531217952026	0.2854121631845219	-0.5440044043419138
536	0.6244798624911949	0.23363542622437788	-0.9576875517022824
537	0.7779981006630976	0.16799936403615537	-1.482103232962109
538	1.107116869934545	0.15633153818821183	-1.5753262362453295
539	1.2752348402652995	0.30187333144126904	-0.4124837969517332
540	1.0877060662470444	0.5196854281096588	1.3277802477349814
541	1.019710281842253	0.4128550709348082	0.4742324773580357
542	1.073283026926681	0.4092599102837274	0.4455080450990056
543	1.117608797998582	0.36076843555631344	0.058073319329709557
544	0.8953314417944702	0.3581626196929762	0.03725350388601478
545	0.7739844517337343	0.4379089341771489	0.6744065634076426
546	0.8243053352881162	0.4713789520721168	0.941823615116721
547	0.717484018089801	0.6419199674014127	2.304403571241862
548	0.5951972807224234	0.6775120208969917	2.588775155384054
549	0.693325318495712	0.6711003821914802	2.537547769589633
550	0.7810973304781536	0.463468749134913	0.878623076816275
551	0.7492851292366742	0.530669748022022	1.4155422099547605
552	0.6875920966974413	0.5496183711296521	1.5669369579734274
553	0.7523299474374621	0.467014751216775	0.9069547444317967
554	0.8450997466654023	0.45490723064124733	0.8102186905110906
555	0.9187024802079748	0.372410165768953	0.15108782502929088
556	0.8566264116646812	0.3068917122839224	-0.37238819217772284
557	0.7230788817159902	0.4364789529895732	0.662981372229647
558	0.905339442718917	0.4676114441333874	0.9117221712385858
559	0.9168420976651671	0.4389954657162732	0.683087678000809
560	0.7497025997082355	0.3043747483441249	-0.39249810302841015
561	0.40822548172208767	0.36536423657296196	0.09479261723897386
562	0.4151152675256981	0.31434467429974733	-0.3128408942041746
563	0.5261951606490214	0.14770179041615955	-1.6442757573790534
564	0.6689259229281791	0.1778909566665449	-1.4030718877675281
565	1.152952050318322	0.326261848094903	-0.21762566333677943
566	1.1697606020496985	0.6029307226548295	1.9928892807143235
567	1.3325495459187136	0.552935352204117	1.5934388051577275
568	1.34123135163853	0.4716560089729838	0.9440372302936838
569	1.0932115216719667	0.44243537977123054	0.710571728878703
570	0.9382267199619497	0.47452654668539745	0.9669721069430562
571	0.9042187892934814	0.4197493061565153	0.5293156883250358
572	0.8204971136961032	0.3285538647836709	-0.19931302462526973
573	0.6092879967175924	0.30623883817774367	-0.3776044926039551
574	0.6701009942279335	0.3142321311673877	-0.31374008561602756
575	0.9486669173705409	0.34403433350934565	-0.07562796061707464
576	1.0522600076491475	0.493719002628641	1.120315018186919
577	0.9660394260567667	0.675465902085966	2.5724271790666218
578	0.8656249249128476	0.6351161339828626	2.2500426480174407
579	0.806171870261896	0.614112373746241	2.082227869581777
580	0.8534301304796453	0.5494346819926332	1.5654693278213698
581	0.7085321675552413	0.40044236070182276	0.37505803458837306
582	0.7842104790733307	0.40301463006764254	0.39560982192734917
583	0.8390210106055307	0.48049407238345226	1.0146511411515173
584	0.8533540017880742	0.5139820834004569	1.282211953394612
585	0.8016666369658266	0.5371641224281911	1.4674306332547593
586	0.8686178276745923	0.5702109321833901	1.7314663580296417
587	0.9508490541021399	0.5360827465197622	1.45879071085828
588	0.8784211434939573	0.5477713367458337	1.5521796163169035
589	0.7597625094762396	0.5020550231874278	1.1869177325270324
590	0.6922816548863346	0.3711340540857093	0.1408920126142683
591	0.47052808732605456	0.3358949960049734	-0.14065922666284494
592	0.531272994666405	0.26831546345908036	-0.680602748832801
593	0.5312454077740407	0.19201672799417951	-1.2902105163333462
594	0.46443169610777946	0.26009872831615066	-0.7462524026062753
595	0.3403789594240416	0.24840372195302515	-0.8396925713913699
596	0.27431610256436295	0.21225845349053488	-1.1284842044226002
597	0.3794235276283805	0.2294813412632769	-0.9908776490704007
598	0.49315294761735856	0.25198008907586306	-0.8111182947112734
599	0.6781382437214348	0.20040807777912864	-1.223165735347792
600	0.8622910357148647	0.35100526240083607	-0.019931986456383475
601	0.8684877793332083	0.31933630037306193	-0.27295905332949005
602	0.8283045274323076	0.4076148898547724	0.4323647442949005
603	0.90772300082462	0.46715581780934756	0.9080818311396313
604	0.9818713966466907	0.40358928841175484	0.40020119802415244
605	0.6814726343955642	0.30849808695927483	-0.35955366125602134
606	0.6347292090704851	0.41416788771251967	0.4847215542755174
607	0.9420796710492678	0.2762098332974511	-0.6175287130225134
608	0.9234217968861667	0.19262670827944856	-1.2853369267822683
609	0.8504659714714046	0.2323886881035767	-0.967648676717638
610	0.7315724974455995	0.10605662355061368	-1.9770101997705896
611	0.6424230471891853	0.2572971668433257	-0.7686361763943744
612	0.798872270556067	0.4592974693219116	0.8452955968923959
613	1.0969883141696986	0.5089328952555825	1.2418702059995572
614	1.0407471323793884	0.47857663596063593	0.9993313048539025
615	0.9521844319875775	0.5262908517014926	1.3805559261872884
616	0.8810382597752366	0.504214551445198	1.2041718218910593
617	0.778628819507873	0.4943897057776204	1.1256737681952076
618	0.6623657921232439	0.3583340352191881	0.03862307096484334
619	0.6319103606755272	0.39280342688272074	0.314024868531651
620	0.8852079920499112	0.5155084119919581	1.294406936174704
621	0.8200526022904364	0.4445254391212609	0.7272707790864457
622	0.8886123430155771	0.532582641787089	1.4308257515558482
623	0.9403049713322156	0.5299366853850077	1.409685223271227
624	0.8611172027556528	0.365791551575124	0.09820675697405926
625	0.7561090743313551	0.22146283208672757	-1.0549435270697487
626	0.6618963153080063	0.3830294387094797	0.23593315346506047
627	0.8158020822029246	0.3869871616716502	0.26755436769166174
628	0.9328987620080951	0.3542383696033497	0.005899729519052823
629	1.0138148553952786	0.41553823579895804	0.4956702919260468
630	0.8986795256039217	0.44388616888093974	0.7221631701377889
631	0.9454680524778385	0.4847276773661199	1.04847658355548
632	0.9925052340477862	0.45308207774669473	0.79563617646789
633	0.9523714272836397	0.506354469057696	1.221269227115948
634	1.10193186251319	0.4957424164314451	1.1364815871810363
635	0.9720180289422382	0.35719258120544756	0.02950313956911247
636	0.809389897083379	0.46941322573911587	0.9261179545434999
637	0.8379534709879894	0.5469485344965882	1.5456056326302707
638	0.9375253213667807	0.3827209135471929	0.23346811476876492
639	0.8948858234151149	0.4797715862869239	1.008878658374821
640	0.7688393895571963	0.46170805420432387	0.8645555657448797
641	0.8510810361833728	0.5473938879928837	1.5491638954110496
642	1.0768375764999991	0.5312759697307546	1.4203857694216253
643	1.014727280164568	0.45619143226467485	0.8204791395199521
644	0.7543691316998493	0.3412570144364444	-0.09781804370759797
645	0.5397320581566241	0.2732724936783908	-0.6409973201580795
646	0.4014707697213467	0.16788637553061733	-1.4830059827939979
647	0.3793339508841453	0.16286780971579282	-1.5231030654492812
648	0.40376089986542807	0.2751683851153368	-0.6258496228960229
649	0.5342574337196462	0.24322842561829028	-0.8810418916068118
650	0.6051536946415448	0.1844226849203952	-1.3508850165895432
651	0.833372613318345	0.24694233958549103	-0.85136865012464
652	0.7508444413682744	0.19698583734837563	-1.2505085783992493
653	0.7630071918699305	0.16894361178521422	-1.4745589301795816
654	0.6369224145090088	0.13675939227573417	-1.7317027751512608
655	0.3613055413614861	0.252111012771661	-0.8100722472057416
656	0.3376705956323841	0.23779710814970142	-0.9244367564946615
657	0.33632374469887016	0.22957888183435693	-0.9900983243618781
658	0.3692671155458399	0.255429468305307	-0.7835586194622466
659	0.49966351706894246	0.21993601663142281	-1.06714239976957
660	0.6302935573615916	0.26111444020014035	-0.7381371193024312
661	0.7989733408169621	0.38393894039280385	0.24319984389355756
662	0.875438681113162	0.5883199838070162	1.8761531403801723
663	0.8382616650928721	0.6286473969433111	2.198359060849169
664	0.6996933643167964	0.5526593272074759	1.5912334346368209
665	0.48238225945760516	0.3572014984033359	0.029574385744608918
666	0.3184236828361351	0.3441072626789173	-0.07504527483627707
667	0.23937092580280242	0.35940630697861004	0.04719025349325869
668	0.3378272343547557	0.19700838182047564	-1.2503284537192971
669	nan	nan	nan
670	nan	nan	nan
671	nan	nan	nan
672	nan	nan	nan
673	nan	nan	nan
674	nan	nan	nan
675	nan	nan	nan
676	nan	nan	nan
677	nan	nan	nan
678	nan	nan	nan
679	nan	nan	nan
680	nan	nan	nan
681	nan	nan	nan
682	nan	nan	nan
683	0.5767251985705235	0.3202053598352483	-0.2660154861086105
684	0.5931020562850547	0.40630430203354245	0.4218934761808841
685	0.5254441527338796	0.5124628368347603	1.2700735542251629
686	0.5887111646295272	0.12768702530708098	-1.8041887126967207
687	0.5852636723945382	0.47854041222347476	0.9990418862756417
688	0.5947016902284313	0.37383196006118147	0.16244760496599922
689	0.5627044151196516	0.3496041354134933	-0.031126639808557677
690	0.8267502724804416	0.21629972184699725	-1.0961954834412815
691	0.868876526961607	0.35366829845560405	0.0013450039711625978
692	0.8968606325670866	0.3220247836922855	-0.2514787456388302
693	0.7877385124910223	0.3570472732146848	0.028342165153099917
694	0.7358002983038087	0.34379500706212063	-0.07754011892884373
695	0.7456049105199625	0.40699446505723635	0.4274077057093539
696	0.7496219684925302	0.40490078288769205	0.41067971008197235
697	0.9579352345992928	0.43313184315827447	0.6362388038318291
698	0.9451773280621683	0.3920565214189491	0.3080572811328631
699	0.7255322788755934	0.4116135273595545	0.4643128554592789
700	0.750232712397715	0.41841728892668006	0.5186732046088326
701	0.8511858654950266	0.2936258684363361	-0.478378958638828
702	1.0400338663763495	0.34820966289802624	-0.04226812559878794
703	0.9539450120789945	0.33801770846545187	-0.12369928628908682
704	0.9790489514293896	0.28848292569580025	-0.5194697817479926
705	0.9491284825688632	0.2743343003345758	-0.6325137511808202
706	0.6153928585586597	0.689180757530094	2.68200543561235
707	0.6963723448054685	0.3921092322055986	0.308478427103066
708	0.78864231012153	0.25286964661485445	-0.8040109529957966
709	0.6681296955246399	0.2991447351267471	-0.4342845974180938
710	nan	nan	nan
711	nan	nan	nan
712	nan	nan	nan
713	nan	nan	nan
714	nan	nan	nan
715	0.5000508891477812	0.24270581066675498	-0.8852174540447292
716	0.5857837183535437	0.397733696561934	0.35341648720013413
717	0.6102815529985232	0.3683830425389116	0.11891212006174927
718	0.7723115942796935	0.42041203612705597	0.5346107346365551
719	0.8302671925572312	0.4717576508544218	0.9448493234437263
720	0.8575913359011222	0.3065119854625828	-0.3754221142788751
721	0.8414211807661093	0.12802142500464142	-1.8015169429505962
722	0.7924457434910785	0.10752882304024886	-1.9652476949436937
723	0.5656644303260238	0.18460379724616016	-1.3494379745133716
724	0.4157904278877506	0.21624507356892264	-1.096632109482222
725	0.4099805078872103	0.2496036721814138	-0.8301052699061928
726	0.41354179358789867	0.28891329241601166	-0.5160312595507893
727	0.6569539232095326	0.32130784227152365	-0.25720692784625815
728	0.8933064439774842	0.40902590465223776	0.4436383987709801
729	0.8582339450929177	0.4288753757045323	0.6022306960158335
730	0.8754207621686212	0.4269297901077913	0.5866859548758427
731	0.7822563508414762	0.4439080546704607	0.7223380321090725
732	0.7122692557479522	0.39471095093633224	0.3292655074844503
733	0.768540199002538	0.3552454052515793	0.013945691874393996
734	0.9621591556923422	0.37095979851461225	0.13949975428883532
735	1.0245384778308368	0.40503629142083847	0.4117623892884536
736	1.124271294965026	0.24103811825794208	-0.8985418982838046
737	0.9674155459976498	0.21562144382004067	-1.1016147548255089
738	0.6414679797891186	0.1663652353352117	-1.4951595115900702
739	0.369739548385107	0.1792839436158218	-1.3919422712787104
740	0.3478652550457134	0.1798494698667716	-1.3874238583167675
741	0.3737493161751212	0.1883538168032914	-1.3194762584196913
742	0.472752883453813	0.2897492555783034	-0.5093521234684909
743	0.5140190654080196	0.2652657513387493	-0.7049691840805989
744	0.494611363964663	0.1596348101081718	-1.5489339217685008
745	0.8010653706227875	0.3017460594023728	-0.4135006686341278
746	1.0359949955732595	0.4142371863522505	0.48527523303309733
747	1.0878224371176985	0.35197330479148375	-0.012197570453118305
748	1.1030989504115392	0.26540990909325085	-0.7038173997639374
749	1.104334220866941	0.30799373911508554	-0.36358327408599256
750	0.8919045768066053	0.4312821355934558	0.6214601041293065
751	0.6072081538917348	0.46874765680265756	0.9208002256060562
752	0.5184169487023848	0.2954613490284933	-0.46371392888102464
753	0.611898212996756	0.1511944532318498	-1.6163702571275511
754	0.6437694364347086	0.1590531950106835	-1.55358088058065
755	0.6221027825671325	0.20575691654555875	-1.1804298546119465
756	0.6185664785131963	0.16394976402376865	-1.514458521785433
757	0.5487440296735159	0.3024287762974252	-0.4080459318066839
758	0.5353847013546905	0.3949102069188912	0.33085751282960824
759	0.7437307179718866	0.49175876339828983	1.1046531981881975
760	0.862018497835096	0.40986292624581644	0.4503259914539018
761	0.7632697459890975	0.4709378533648027	0.938299347033185
762	0.680309778389029	0.5995773599596276	1.966096753501575
763	0.8052077437918943	0.5587670707235497	1.6400327740572296
764	1.0613607747580334	0.4725364728054206	0.9510719155736734
765	1.0446015165199882	0.3338309770997291	-0.15715022024534978
766	0.9267032031852205	0.40425292575592936	0.40550349402351826
767	0.8941137920798855	0.3676017986498457	0.11267017725385081
768	0.968343169683253	0.4885461728366244	1.078985405029409
769	0.883943761319816	0.4772379694889886	0.9886356953626526
770	0.7089373003227883	0.27486992756018497	-0.628234223935361
771	0.5138317192953058	0.285234528738713	-0.545423659029176
772	0.34860083600731895	0.22084230725622891	-1.0599013648935873
773	0.3049784289303056	0.223316935571594	-1.0401297050681462
774	0.2891767550013286	0.22233013997702633	-1.0480139544691143
775	0.3214305016300392	0.18271154941083137	-1.3645565603119942
776	0.3968073364846154	0.17240720294580603	-1.446885705163758
777	0.6508781490914123	0.1630453869820909	-1.5216842676119748
778	0.9410121160382587	0.20172431328605156	-1.2126493436410206
779	1.0344781749338936	0.26259595278822634	-0.7263002051538013
780	1.0282641182000998	0.28061193023234343	-0.5823570621629102
781	0.7473506817619789	0.33584375072255024	-0.14106866362169596
782	0.5696429999692045	0.2498807049245954	-0.82789184774308
783	0.5137779522152894	0.1793129538715281	-1.3917104866087815
784	0.5514898691882223	0.21708367486989058	-1.0899318953333088
785	0.775740650299111	0.08187899267735459	-2.1701834088715444
786	0.6905406060070508	0.32512764869522864	-0.22668763218492644
787	0.6865045320689285	0.3348311133506598	-0.14915938234467835
788	0.9337549864636775	0.3366893138181465	-0.1343128264790948
789	0.9182934177121075	0.3293384073788315	-0.19304472598269293
790	1.1200976119672104	0.2882643497270651	-0.5212161489389823
791	0.9175492906685363	0.428438096137322	0.5987369419042292
792	0.6265120227339749	0.47287098913666903	0.9537446171937237
793	0.5588548697940497	0.551659362948535	1.583243970909028
794	1.040404015694355	0.3434473966290006	-0.0803174391400245
795	1.1845530109841822	0.35317215493970583	-0.002619058332670981
796	1.1317408304395347	0.4520825550905839	0.7876502410359951
797	1.0739654032609325	0.4142810976497149	0.48562607329083185
798	0.6692641299044402	0.4111699577516433	0.4607688454994516
799	0.5457960930565254	0.30550036872069947	-0.38350467842398284
800	0.4737645602599865	0.15952836847262816	-1.5497843637505007
801	0.5134430128929197	0.23549528595444283	-0.9428277387446925
802	0.5048367605840322	0.22480810337104226	-1.0282156482013909
803	0.4796658895653371	0.1884426418294964	-1.318766568729645
804	0.5846614676677542	0.4197699512525287	0.5294806374662487
805	0.6688910996788828	0.37961806086126826	0.20867709972475107
806	1.0119026865151488	0.3345554808807115	-0.15136161667571943
807	1.1623433121162714	0.1825227462675781	-1.3660650500917317
808	0.9514423078218189	0.3924389759336989	0.31111299682050253
809	0.8606313827770851	0.4785185955973816	0.9988675769028058
810	1.0493349658528575	0.5363823167476894	1.4611842018741354
811	1.1637474188824146	0.4902726795472343	1.0927797607945027
812	1.294141943265031	0.49817764666123243	1.1559384661802092
813	1.0092652102913255	0.4990717783008403	1.1630823538128385
814	0.6905789264031861	0.3897903148524991	0.28995085882781485
815	0.7220703548375339	0.2740463893259333	-0.6348140879576745
816	0.6675753775114649	0.2009093685250712	-1.2191605479663665
817	0.4794747720665201	0.17375725161883104	-1.4360991547371333
818	0.39903946368743415	0.1634448230631544	-1.5184928734669394
819	0.3707643851938694	0.3492606321603136	-0.033871144681726396
820	0.4183397622557333	0.431886411059868	0.6262881136079743
821	0.5241477080158518	0.15484745678542974	-1.5871836745793535
822	0.6619450546154674	0.1513026442063028	-1.6155058383662424
823	0.6856450808679306	0.19833339745575218	-1.2397419109882473
824	0.7084285236506076	0.24705909529950942	-0.8504358012414704
825	0.8025576951406057	0.22183444027731086	-1.0519744707929168
826	0.7323165444917944	0.25985283931640507	-0.7482169940673855
827	0.6971865756676678	0.3921690325979118	0.30895621724508565
828	1.0679613762620053	0.2207054796386116	-1.0609945832542833
829	1.1485888180101467	0.218479000127252	-1.0787835963491335
830	1.190028951871978	0.340816573149689	-0.10133705916569227
831	0.9574344553851727	0.3093259375579924	-0.35293934252277864
832	0.698699614702226	0.5032231000743773	1.1962503740050798
833	0.9494775152313276	0.527260744820247	1.38830512904413
834	0.9843115440098893	0.5374988201647142	1.4701047842574737
835	0.9551554470225164	0.529891160453459	1.4093214904817128
836	0.8895061965721464	0.509611133944025	1.24728916307892
837	0.8392201380871405	0.557650997575748	1.6311156294171105
838	0.8461189238703625	0.35599521773656273	0.019936505643844225
839	0.8150208407571824	0.39344594315098147	0.3191584124297329
840	1.0576567943471737	0.42107725699482085	0.5399256825924026
841	1.1437171565544455	0.3743715017742416	0.16675840798479
842	1.0030947518723294	0.3374156514655404	-0.12850957077660538
843	0.7705457941561467	0.40113496981587515	0.38059180776554763
844	0.6978822855724417	0.4757417679164619	0.9766814199110181
845	1.085881599924966	0.45200300538452376	0.7870146588284896
846	1.2164507711314207	0.43096821125646023	0.6189519273807156
847	1.15442498504287	0.3924334102800565	0.31106852864326534
848	1.2145838953495243	0.34430362528867964	-0.07347638681436644
849	1.2425860503250825	0.24113297607968148	-0.8977840080699213
850	1.1110265479114114	0.24275302177153282	-0.8848402491538553
851	0.8048436433957497	0.2649313532558105	-0.7076409409263011
852	0.6144261906338971	0.21241347173861105	-1.127245647485113
853	0.7751586621547841	0.26010273381722404	-0.7462203996569187
854	0.8534171319465921	0.2804508340083965	-0.583644180603795
855	0.8666948983112387	0.18603609569165894	-1.3379942690255306
856	0.9596696692394869	0.23311099731601276	-0.9618776072004929
857	1.1264816778258995	0.2147238180217962	-1.1087865599096238
858	1.0519626905334514	0.23116053724219776	-0.9774612941902239
859	0.9402117780130521	0.24653518031726307	-0.8546217505988384
860	0.6655141345612463	0.2783882879325119	-0.6001234066489686
861	0.3436100205833597	0.21173885219678246	-1.1326356884903868
862	0.30430792680957097	0.1502413144498984	-1.6239855970338182
863	0.3568585287651135	0.23108407980670082	-0.9780721699311928
864	0.5464429778518446	0.23104341230590653	-0.9783970930667858
865	0.6903105559982872	0.2606014021280572	-0.7422361648745464
866	0.7806556144121004	0.22630403691099368	-1.0162635142628345
867	0.9524567073750251	0.1784498569395121	-1.3986064147084665
868	0.7812679719365926	0.11920274480858399	-1.871975986784853
869	0.5851473411927673	0.22899727118855878	-0.994745247606139
870	0.5689480717735287	0.3390670806107081	-0.1153150659366906
871	0.7299875643070288	0.4141955480277515	0.48494255325949914
872	0.7012238539416802	0.3868109910087113	0.2661468082625454
873	0.6263450637841486	0.3393430323248601	-0.11311028092449937
874	0.6562935138417142	0.40823265624531907	0.4373005428750915
875	0.7101132822697874	0.3616701712658127	0.06527796157435378
876	0.5775831878518501	0.22936792206863768	-0.9917838400002298
877	0.46632899208680273	0.16203143417926424	-1.5297854962983455
878	0.3719605668376995	0.17161453210376132	-1.453218946461105
879	0.34797800730710504	0.18204944762177344	-1.3698465876109578
880	0.28438872153856165	0.19893078613392856	-1.2349689252209965
881	0.3593449250893875	0.2084104173799304	-1.159229048204791
882	0.4493584337741319	0.29831090153322726	-0.44094671877980923
883	0.6210586233252577	0.3513070171316291	-0.01752104181030758
884	0.6354327943908444	0.27720103312386446	-0.6096092749132835
885	0.7408250402278117	0.2635028928112683	-0.7190539817487247
886	0.7584069232983645	0.2766244965500402	-0.6142156575945943
887	0.7360774987409096	0.2569859193190942	-0.7711229660800846
888	0.8174345980649927	0.3297599271493509	-0.18967688869550942
889	0.7815729321177449	0.37126479907254706	0.1419366322800124
890	0.7010004375238437	0.4665017756518588	0.9028561982762743
891	0.6798502589357153	0.31422889969083845	-0.31376590430349216
892	0.5718942634476935	0.4636408519611898	0.8799981352503092
893	0.5641222618100596	0.5282893487839312	1.3965234168325584
894	0.4160476706895234	0.400216457262346	0.37325312274322886
895	0.455280392706521	0.3785246217280908	0.19994079518690366
896	0.5761248849629367	0.38515361759675115	0.2529048102212466
897	0.5539244512549181	0.4207260566637251	0.5371196799964195
898	0.6088454943861119	0.35664357206208536	0.025116694155788703
899	0.6150592519287169	0.4798153177756004	1.00922806200542
900	0.6777287727346232	0.3353509744240144	-0.14500582270299953
901	0.5817487175823604	0.3661517011345329	0.10108426166060223
902	0.5363112290356914	0.5088856701775776	1.2414928894661021
903	0.5902395984377237	0.32605991856643424	-0.21923902964347144
904	0.6489409499308008	0.20387594529171588	-1.1954583433516497
905	0.6844363476726443	0.39184781453860873	0.3063897654838676
906	0.6282437372154778	0.3517243668358655	-0.01418652230724707
907	0.6454704137739558	0.4641779144811636	0.8842891301378986
908	0.6584400328699753	0.4730404002704968	0.9550981696799246
909	0.6152660603223916	0.5586488846477613	1.639088496942124
910	0.5129836905436727	0.4130788349244085	0.4760202955350485
911	0.4886662773115862	0.15195938700440936	-1.610258628061427
912	0.5061994658537868	0.16999988862870144	-1.4661195430193976
913	0.5068614089825294	0.17850087132025388	-1.3981988225961604
914	0.5537901344423706	0.14559180049430337	-1.6611340478588885
915	0.4221434425187623	0.13119273521666222	-1.7761789694360675
916	0.3395583462235509	0.23370107394356043	-0.9571630428845604
917	0.33477314814858544	0.2457817722467453	-0.8606412921952585
918	0.42364828331841786	0.21831396405188896	-1.0801021932150723
919	0.4231536563073599	0.25828310556634904	-0.7607587731822193
920	0.39013899746762926	0.33092224343286564	-0.18039027299466445
921	0.5096379700786297	0.23419795829500872	-0.9531930614904167
922	0.6836123316090215	0.3111449614123422	-0.33840579797418613
923	0.8139050047227403	0.4807572461683404	1.0167538337124462
924	0.9114316276581178	0.572554824290245	1.7501934683259743
925	0.8757414592187206	0.5110967002009	1.2591584650248784
926	0.9337974856770002	0.46892220972867904	0.9221948597227854
927	0.8103318361871361	0.5008974427187208	1.1776689547991852
928	0.8112469127215366	0.4551788982682073	0.8123892467406812
929	0.707379637616616	0.46734345504154595	0.9095810055823461
930	0.7020332335816315	0.4782349243529458	0.9966011147790115
931	0.5858004577877033	0.5103241913585181	1.2529863130500205
932	0.5629545250457363	0.43760588547612905	0.6719852802638661
933	0.45698724116422595	0.3372970003706603	-0.1294575632776691
934	0.5227618795283066	0.4142177114926643	0.48511963378754774
935	0.6245952978064709	0.3249628922991792	-0.2280039944832682
936	0.7560479154230939	0.2161896726251355	-1.097074749133505
937	0.7988189341685082	0.27063132031896964	-0.6620996331310032
938	0.8345812856806859	0.24635188891370075	-0.8560862029602943
939	0.6401331519574938	0.25723704402671643	-0.7691165426256849
940	0.7357503990897523	0.21208847010413906	-1.12984232906335
941	0.69307977866644	0.23151171519539934	-0.9746554703880049
942	0.6169396579986639	0.22425641627103807	-1.0326234898168933
943	0.6169153996364587	0.14735027939101097	-1.6470842423426244
944	0.4016441854949446	0.2573477079594444	-0.7682323655477548
945	0.4821445530330772	0.43450973256191777	0.6472477947161415
946	0.561007416506662	0.3758195553213265	0.17832799278434075
947	0.5327514781505873	0.34168589183062587	-0.09439142085198483
948	0.5350945857073292	0.2835147370311129	-0.5591643636037407
949	0.5560214484436844	0.3352357099308797	-0.14592675710517256
950	0.44004916049209214	0.3630806916626894	0.0765476659136814
951	0.6382405144498187	0.33025150497583444	-0.18574930510543441
952	0.7574174760853067	0.5046201613230686	1.2074125431247504
953	0.8439427853253703	0.4926482015204529	1.111759585793155
954	0.8147192975111467	0.5494342633232076	1.5654659827576232
955	0.7458025749168582	0.6252190677812913	2.170967570361397
956	0.5778789730675205	0.5997843586218284	1.9677506209159035
957	0.47737878316998406	0.5784680337061232	1.7974385290574857
958	0.43522910625595046	0.42940322887958693	0.6064481105463946
959	0.5491720697859209	0.41741966148034615	0.5107024114279068
960	0.6812841972674574	0.3901862858026352	0.2931145674454837
961	0.7152856950939903	0.26710055294394386	-0.6903095792583983
962	0.7432984459611446	0.2735580889456559	-0.6387154855742507
963	0.7218896068385189	0.2878204824460681	-0.5247625372321355
964	0.6871513104143149	0.29481867591423216	-0.4688487259393269
965	0.7367774551412148	0.44541261154800593	0.7343590643530458
966	0.7779757420183268	0.5045564117576032	1.2069032000793423
967	0.6869050972306525	0.43886668922892147	0.6820587861524356
968	0.8075844196142341	0.34578921180623845	-0.061606922990623966
969	0.6525349350190206	0.35070302875666226	-0.022346757500303426
970	0.7440554385537385	0.5249317562293863	1.3696970941041278
971	0.6808770516408802	0.44755622034652387	0.7514859612288162
972	0.5834390816368789	0.3784341750776089	0.19921814912544245
973	0.6068520630922414	0.31527779923179433	-0.30538545994096916
974	0.45450464169314436	0.3871934310205123	0.2692024080752596
