ID	SN	ssim	z_ssim
5057	0.3913657776802475	0.40699233016511915	-0.9760007250643654
5058	0.40911789716873087	0.41376480343153493	-0.9208466223721629
5059	0.40801397282600255	0.26389960633020054	-2.141328438358518
5060	0.7436176966379014	0.4727634972867843	-0.4403692706586167
5061	0.8021995144934709	0.5396930252100633	0.10469571682930062
5062	0.5232655365880424	0.48789799233547215	-0.3171159979953895
5063	0.5267106058598172	0.5333074385836651	0.05269236640061541
5064	1.0003299211154293	0.5690989322162756	0.3441734306536817
5065	1.3953067012633897	0.4791907923715568	-0.3880262522082476
5066	1.1400359095992514	0.4686931632409053	-0.4735175184444345
5067	0.44499443515343773	0.5349241696888525	0.06585880499600498
5068	0.3316909656706686	0.4050647075855058	-0.9916990216135773
5069	0.3350920361650782	0.4127193509642742	-0.9293606453104374
5070	0.34445264803553227	0.49747911429625513	-0.2390886417041466
5071	0.8744710270372343	0.556713792249512	0.24331053246084816
5072	1.0602647163961105	0.5015392358472999	-0.20602356308957145
5073	0.8423932911662197	0.5230053759137168	-0.031206233134285406
5074	0.4566285774324764	0.637853942846133	0.904104901433713
5075	0.4937092340576499	0.7087025488275882	1.48108632848165
5076	0.7097572417823892	0.7440656199421152	1.769078377920113
5077	0.7353485531612116	0.7712151949107733	1.9901808300031023
5078	0.7269018101320015	0.7309884215997755	1.6625794502866313
5079	1.0354007032664676	0.6838666220334688	1.2788259129770745
5080	0.933081049446545	0.6101841739066188	0.6787660602857815
5081	0.3182919828793377	0.6007316021484043	0.6017855993892713
5082	0.43246880267752014	0.684762593817508	1.2861225855281893
5083	0.6172515645844617	0.6331419097580453	0.8657307437802293
5084	0.595242158454286	0.7023520135226041	1.4293684312551735
5085	0.7046328447658523	0.7133245035964412	1.5187269005344273
5086	nan	nan	nan
5087	0.6933943981951551	0.6594315730452361	1.0798301918910862
5088	0.7938272550141764	0.5762208073298906	0.40217301454650145
5089	0.5636242970211046	0.60861431302304	0.6659813264109735
5090	nan	nan	nan
5091	nan	nan	nan
5092	nan	nan	nan
5093	nan	nan	nan
5094	0.5317241894859049	0.4022317033239486	-1.0147706236447311
5095	0.42036963518541454	0.5648286387172798	0.30939674023285635
5096	0.4567662501550088	0.5376531403196867	0.08808317126459153
5097	0.7400288590350317	0.36650379968992136	-1.305733819583802
5098	0.5687340782935438	0.5528951343484382	0.21221190102487927
5099	0.4998258078747551	0.7266278656617078	1.6270676748181454
5100	0.46347059640705773	0.7217698219167943	1.5875044262012963
5101	0.7573840750978746	0.5405844814634734	0.11195561551210545
5102	0.5722950627014558	0.5854908971527666	0.47766736733963316
5103	0.46839694246388985	0.6276673548299696	0.8211467117996957
5104	0.5618425224167255	0.6232903395202963	0.7855008934437636
5105	0.6379953636888638	0.4454441250160078	-0.6628545289144023
5106	0.7323658420619651	0.48676251288042055	-0.3263631884980618
5107	0.46593253684612124	0.6114277910888996	0.6888939097556989
5108	0.5149045645839518	0.6835892705406806	1.2765672000795378
5109	0.5887076769501501	0.5073423329842855	-0.15876392797025501
5110	0.5741564294491032	0.41563567865567136	-0.905610468580606
5111	0.8904188789944333	0.5945545876779891	0.5514808322782742
5112	0.6767602905557065	0.4857375733098256	-0.3347101571912013
5113	nan	nan	nan
5114	nan	nan	nan
5115	0.523637513635786	0.41755650908559155	-0.8899674863762342
5116	1.063256692817689	0.7314102853622106	1.6660150514858045
5117	1.1056510807071915	0.7267922449301772	1.6284063572605838
5118	nan	nan	nan
5119	nan	nan	nan
5120	nan	nan	nan
5121	nan	nan	nan
5122	nan	nan	nan
5123	nan	nan	nan
5124	nan	nan	nan
5125	nan	nan	nan
5126	nan	nan	nan
5127	nan	nan	nan
5128	nan	nan	nan
5129	nan	nan	nan
5130	nan	nan	nan
5131	nan	nan	nan
5132	nan	nan	nan
5133	nan	nan	nan
5134	nan	nan	nan
5135	nan	nan	nan
5136	nan	nan	nan
5137	nan	nan	nan
5138	nan	nan	nan
5139	nan	nan	nan
5140	nan	nan	nan
5141	nan	nan	nan
5142	nan	nan	nan
5143	nan	nan	nan
5144	nan	nan	nan
5145	nan	nan	nan
5146	nan	nan	nan
5147	nan	nan	nan
5148	nan	nan	nan
5149	nan	nan	nan
5150	0.3322049123107132	0.7615584687075798	1.91153776302747
5151	0.4243513996256914	0.7680159796598899	1.9641268554002513
5152	0.4916199230384163	0.5807516651247172	0.4390717052122659
5153	0.4213399874527164	0.5589352166498256	0.2614015111444306
5154	0.6433145492297389	0.5755256894707829	0.3965120690873989
5155	0.5956532850147734	0.5991706117121636	0.5890731052331254
5156	0.718293414435239	0.6092655311564026	0.6712847584644619
5157	0.8366163427247646	0.6030491630497964	0.620659500683896
5158	0.6604380307957254	0.44789518848823767	-0.6428934008103088
5159	0.47430111658477125	0.4267447833380314	-0.8151394284795379
5160	0.4910150848912514	0.5038863219973456	-0.18690921217895062
5161	0.49285016535156506	0.5008712040981392	-0.21146392294710942
5162	0.5535326789270988	0.38490534296873097	-1.1558741497453997
5163	0.5614198992300697	0.46262209012541056	-0.5229595135460379
5164	0.44254163932181334	0.6112692950576978	0.6876031395987225
5165	0.5242755076421285	0.4971290609724536	-0.24193942844175387
5166	0.7149268233082399	0.2997985740883691	-1.8489721194201099
5167	1.2558114077116302	0.4656012137511975	-0.4986979352531819
5168	1.4421758948217842	0.5706766250369341	0.35702194676061927
5169	1.0046129295226258	0.5555883460327252	0.23414505128825722
5170	0.649017291627039	0.5299048947659998	0.024982511558537545
5171	0.9431922565886748	0.5787479353679923	0.4227536021467494
5172	1.1925448703400876	0.5174619682118049	-0.07635099275587667
5173	1.024094673296738	0.47500002015303233	-0.4221553321185852
5174	0.5526105808621096	0.44131647800843987	-0.6964695256780656
5175	0.2625247492560373	0.377531797928031	-1.2159232993517999
5176	0.2493311695251112	0.32671016260496877	-1.629807796688073
5177	0.2585263212918886	0.2992707906031282	-1.853270316459672
5178	0.2759765080374438	0.33033105939386453	-1.600319704897005
5179	0.31228097901611973	0.2964383158100769	-1.876337606571207
5180	0.28418109969468597	0.39003289237962613	-1.1141160835791932
5181	0.32747729315310664	0.4103277087579085	-0.9488378546937546
5182	0.30495840760820414	0.16414016223333017	-2.9537558054063244
5183	0.2525560438060297	0.3356389307867146	-1.5570931209944907
5184	0.2961096858209061	0.33405216963906426	-1.5700154883251218
5185	0.33737999345112774	0.2299492546791147	-2.4178154923105772
5186	0.4924982221665995	0.2244394414622342	-2.4626866630076463
5187	1.170812145879361	0.45555965059599834	-0.5804750621114765
5188	1.5358034069510547	0.6754543552993546	1.2103175549406782
5189	1.4827778650199632	0.7240475811625614	1.6060541882169153
5190	0.9236321208444062	0.6780418294596624	1.2313895931661702
5191	0.880571845777788	0.6487209224010348	0.9926041073733366
5192	0.7188899589893388	0.6693045521179726	1.1602343928727255
5193	0.497643283104136	0.586058076145231	0.48228639604076773
5194	0.6215664545351334	0.629708881792718	0.8377726301788341
5195	0.6996974201656938	0.5831409858646465	0.45853000888814155
5196	0.788283596229317	0.5273175366497783	0.00391141838032768
5197	0.715002823767851	0.49061664858551424	-0.2949756306434523
5198	0.6347783599040181	0.43109689346496616	-0.7796964345501178
5199	0.6034512724621023	0.4680040405161938	-0.4791296403430542
5200	0.49153746104115625	0.6235420350823453	0.7875506679250097
5201	0.27035230098361024	0.5284310783858981	0.012979951078797384
5202	0.3701720254223909	0.41900017590417216	-0.8782104598317116
5203	0.8491584065087764	0.5029843167060213	-0.19425502079414528
5204	1.1622398686263364	0.5718938756483833	0.36693507045782814
5205	0.7924164833116292	0.5169843975305805	-0.08024026353759485
5206	0.8271162619653484	0.5116340859053874	-0.1238124749296312
5207	0.597179459607921	0.5800132984910994	0.43305854760601886
5208	0.28835509041073804	0.6358347446061947	0.8876608251412705
5209	0.33402335226808716	0.4190058085888007	-0.8781645880129217
5210	0.42914584772255493	0.3739257264123489	-1.245290656130842
5211	0.4769969343446164	0.3866106986416803	-1.1419859647039021
5212	0.4351866771320876	0.38660511394562014	-1.1420314457103071
5213	0.3410724636880711	0.3943431536562755	-1.079013901004118
5214	0.34435068232410776	0.46682672098603434	-0.48871757073621724
5215	0.34335883035239584	0.43012350220045764	-0.7876236008378938
5216	0.6564795061755665	0.48629809648661715	-0.3301453325491569
5217	0.9310213076415966	0.6873830311027286	1.3074630709671253
5218	0.7156811983156122	0.640269387201505	0.9237759522866008
5219	0.8451171526179709	0.6352689199957016	0.8830528263430072
5220	0.8540471814172524	0.5848563021837347	0.47249931207930423
5221	0.33770682073101793	0.4749114072295442	-0.42287698373530774
5222	0.576356718562719	0.45554925126854884	-0.5805597528221692
5223	0.8821333109488976	0.5045441224730763	-0.18155217442298874
5224	0.6616111804323422	0.46685748867884386	-0.48846700282371863
5225	0.5265293583836278	0.5181075928398352	-0.0710931134503089
5226	0.5334560336320627	0.5421288836796455	0.12453301745641808
5227	0.48730966080212623	0.4948984461690721	-0.26010525252001715
5228	0.43841544240297736	0.58248550895105	0.4531918939066999
5229	0.4201332283287896	0.5529673367450418	0.21279990753893213
5230	0.4439052644823669	0.4650907528127275	-0.5028550598239568
5231	0.7779061392883792	0.4795681936368143	-0.3849527475488199
5232	0.7231788459812563	0.6556545023593383	1.049070241088657
5233	0.6564061738838365	0.6293164852291027	0.8345770058456927
