ID	SN	ssim	z_ssim
494	0.29082987147685446	0.4577328096476293	-0.24307085139914852
495	0.3209656192087786	0.4031885057482635	-0.587113577704166
496	0.37625788324796017	0.21092946664465834	-1.799803432395965
497	0.38592954442812166	0.22927826985646146	-1.6840668324189985
498	0.37862369148763314	0.4181050249407828	-0.4930263942020382
499	0.680087897821075	0.3777662720096469	-0.7474664281197477
500	0.9166850816655904	0.36953560533019225	-0.7993820416901753
501	0.5250712568259551	0.4506221089217713	-0.28792218671322334
502	0.21815682215963858	0.3686954558765381	-0.8046813541366616
503	0.27376055764025975	0.17991382542019965	-1.9954371650153873
504	0.3075432446723207	0.5398048057867264	0.27460507965839553
505	0.6153362805396018	0.6274598852589502	0.8274967724691913
506	0.9469931037527385	0.6309063841873408	0.8492358506636533
507	0.8555765655432737	0.7005973608061378	1.288817472954169
508	0.43733824840108015	0.7679416010473509	1.7135968606657501
509	0.5710912582319024	0.6996509610168606	1.2828479776925166
510	0.8588932686998195	0.6227220260997666	0.7976123323820624
511	0.7167733111398766	0.5980257859207144	0.6418387466312797
512	0.5172572203849427	0.5403836371118717	0.2782561063089718
513	0.6789831605590325	0.6361190950001339	0.8821154569884819
514	0.8886414464167405	0.6843538898148649	1.1863604307888742
515	0.8231815284978652	0.6085867383349591	0.7084528309851283
516	0.5555295798713331	0.6533228970213288	0.9906298668726735
517	0.7117632223210144	0.7052529489601175	1.3181829818440376
518	0.9656188174876215	0.6466619415124933	0.9486153368626419
519	0.7257317647515837	0.7163220743452591	1.3880024094114407
520	0.3345766622879511	0.6964236474277407	1.2624914292270593
521	0.3910733343965939	0.27109529973872465	-1.4203024438732041
522	0.5588711761457439	0.2991276445178256	-1.243486101321324
523	0.5724303573398752	0.3270376188432913	-1.067441620567617
524	0.5863627991563789	0.4155373447186285	-0.5092222504281856
525	0.5118015366836974	0.36424579891460696	-0.8327479349317773
526	0.5645213159304344	0.28414930912301906	-1.3379631956527103
527	0.42947957962166355	0.32712251994255015	-1.0669060998336977
528	0.5647221079462484	0.3148718069499072	-1.1441784893566334
529	0.5268214896438814	0.4962348530591679	-0.00021601530005045257
530	0.35484030328773836	0.5923279962784511	0.6058994653077253
531	0.6758359577566183	0.6365628281168426	0.8849143404705403
532	0.764283276123167	0.5527427174205942	0.3562120316771019
533	0.7745083244270984	0.5515206503448505	0.34850374211414087
534	0.9445056254897085	0.48596226158434846	-0.06501123908244909
535	0.5302092875022295	0.3200757938625107	-1.111353909756699
536	0.28357927832763935	0.2684179390301946	-1.437190118875237
537	0.4676515816202443	0.20967957060373424	-1.80768725546777
538	0.861369449084655	0.20670390138401012	-1.8264565361762497
539	1.21370310408356	0.4941650938794098	-0.013271193203000888
540	1.2220235514047229	0.7264851751166864	1.4521070114898833
541	0.9141618370666689	0.7103805328802565	1.3505256432243564
542	0.6092365664076267	0.6551517817311143	1.0021657090536107
543	0.739482397035308	0.5847322770997312	0.5579888358253955
544	0.812021467916436	0.6009183249346071	0.6600836766631913
545	0.6823456222571643	0.5341859612445917	0.23916375110964933
546	0.6554262415889974	0.4951108636229969	-0.007305672006858633
547	0.6387772260332827	0.7286641963377346	1.4658513687915926
548	0.7370757729078663	0.7552405526346408	1.633483943084056
549	0.6232145113010594	0.7565163077355992	1.6415308743244115
550	0.5756852525045969	0.6005202749498728	0.6575729433296739
551	0.5529993839896544	0.6611060947475724	1.0397230328620737
552	0.5197487748699132	0.7122184992951198	1.3621187690142338
553	0.4733171043072619	0.6901479905599115	1.222907202391086
554	0.4607744951739513	0.7000337233325281	1.285262282783879
555	0.6104238312782795	0.5682961555036667	0.4543166339723156
556	0.6570937100497141	0.43053184309369996	-0.4146432067565748
557	0.6101015305640994	0.4953417105575284	-0.005849585797345167
558	0.8075947686337961	0.5976689244557423	0.6395878133065325
559	0.6453158675410091	0.5485847052555992	0.3299850246573837
560	0.49037727518993834	0.4224621310364444	-0.46554358568151233
561	0.2937926586815266	0.5752250272040009	0.49802106760848064
562	0.2853679753985566	0.5253446032729313	0.1833961515007007
563	0.3499996290250966	0.14669650182950567	-2.2049581919916106
564	0.4929734482396565	0.28312637289056874	-1.3444154508854051
565	1.0033659382440177	0.4778392568028384	-0.11624776629114832
566	1.1985115347664397	0.7591446397072137	1.6581092964969126
567	0.7881442502629015	0.7577300191455295	1.6491864598313848
568	0.4440859351379005	0.6791632044993293	1.153619752117035
569	0.7295975190827716	0.6446185658074909	0.9357265749176452
570	1.040701386339906	0.6212842272691165	0.7885432968602657
571	0.9669175279720759	0.52222271344911	0.16370457218944892
572	0.5463785032003754	0.4199213361475	-0.48156986043583105
573	0.293749171773996	0.3645831077401124	-0.8306203315041539
574	0.2903158466025582	0.32180267407733765	-1.1004614693983545
575	0.62989980244612	0.4308243000898094	-0.4127985099674454
576	1.1321052636720716	0.5897165527620034	0.5894275684686371
577	1.2801929764948454	0.7541946392718311	1.6268867576935553
578	0.8205005257202841	0.790578896704947	1.8563834828688919
579	0.816341173706096	0.7908442109463713	1.8580569744788602
580	0.969717110483023	0.7203034874169081	1.413115502984764
581	0.48268619011282055	0.5610584578846065	0.40866425520831107
582	0.4082063467057146	0.6355450646620786	0.8784947129626587
583	0.490491601528676	0.6932992944953051	1.2427843136536825
584	0.5202086674817364	0.6470840513623926	0.9512778297936629
585	0.5408668102884193	0.6806205477438882	1.162812065652566
586	0.5815140307169561	0.6770382231385905	1.140216255721797
587	0.49260564587312816	0.6566498932870568	1.0116151720986692
588	0.8419113078643747	0.6904173296910652	1.224606081327257
589	1.02124491112232	0.6324516711726134	0.8589828766467461
590	0.834358660970969	0.4392723640759987	-0.359511644831715
591	0.3062023377366967	0.4078424446956723	-0.5577584713216962
592	0.3888902593625449	0.3595876561710043	-0.8621295571078306
593	0.5087848228232856	0.23694217519185806	-1.635726113091126
594	0.4398937458748191	0.2250967565492385	-1.7104420748448976
595	0.24440622550288782	0.20866017409487728	-1.8141171835999548
596	0.2494593785714829	0.2141918379647953	-1.7792257543808594
597	0.2410362860253584	0.17598902833842225	-2.020193148531099
598	0.4580241769166004	0.21288933068136803	-1.7874414272336883
599	0.6276722927937992	0.22152594003808693	-1.7329652965161864
600	0.6554038092762804	0.44215298435044703	-0.3413418932386024
601	0.41729524664884093	0.4480213186308798	-0.30432688744745223
602	0.6248610730061808	0.5204100255130408	0.1522708925037376
603	1.1757897426642077	0.5631778823418865	0.4220327009735271
604	1.0719700425618164	0.4914026245271996	-0.03069569804262542
605	0.4443580927313009	0.39332230664892953	-0.6493454478306161
606	0.5893865870170436	0.5088518496374344	0.07936673835607105
607	0.6931138313113433	0.5355381837027438	0.24769300655549445
608	0.48205077923221024	0.5737261783490956	0.488566953988987
609	0.433232204590346	0.5681291017318624	0.4532629284342057
610	0.44076794865528207	0.22471691586089879	-1.712837951529273
611	0.30021191185863033	0.32632456749891325	-1.0719392511353825
612	0.5580919582767653	0.6607885886837328	1.0377203369981152
613	1.1168371001037436	0.6680312577151151	1.0834040733581762
614	1.2136784404225183	0.6775836339953851	1.143656479992954
615	0.8328690862290782	0.728614489144058	1.4655378365397005
616	0.6190463774946242	0.6869351106514416	1.202641695564929
617	0.45005398231182114	0.6424962874801491	0.9223401281300235
618	0.3544855402794381	0.5440097128021255	0.3011278798412726
619	0.5825404067531433	0.5696083503099632	0.4625934116801112
620	0.9557626778325061	0.700886279915538	1.2906398542290876
621	0.6642815689731322	0.6726734148656209	1.1126848650782981
622	1.000712294087467	0.7493042843463402	1.5960404378969137
623	1.31570696272924	0.7129030362419171	1.3664365426513703
624	0.9173337227860966	0.5219334574818026	0.16188006615530798
625	0.2887821616973995	0.3129796917093822	-1.1561131633609898
626	0.25516793043062924	0.49836544865738386	0.013222893364291347
627	0.5014596498710462	0.48718514308931316	-0.05729781243954483
628	0.5501352893498265	0.43045296037825914	-0.4151407660347842
629	0.5655795273106526	0.4791159339290028	-0.10819501930023902
630	0.7581179760043909	0.5885341392078509	0.5819693967860141
631	0.9217630546543235	0.648766213612057	0.9618882078732824
632	0.719426479380778	0.6524076992501898	0.9848571809315004
633	0.6971207871595776	0.6636509800597644	1.0557751083007028
634	0.776586993181459	0.5527007038527769	0.35594702760921
635	0.5150080125466114	0.4121773597583036	-0.5304156345847938
636	0.4307451173519555	0.5445086028800963	0.30427467043682704
637	0.641664127211125	0.5651610765366532	0.43454186304512776
638	1.0811666562180653	0.40932893723956515	-0.5483822961600051
639	0.9899269602399997	0.6511465683445374	0.9769024930174576
640	0.6132836221219287	0.6052057539802749	0.6871269914047701
641	0.9488638046008444	0.6830472659826123	1.178118792462484
642	1.1913793295639805	0.7272278159299113	1.4567912800895642
643	0.8341392682970462	0.6513330881541077	0.9780789822052718
644	0.6123468558441932	0.5743681084041887	0.4926159811185449
645	0.4226859401117784	0.41294727350278404	-0.5255593397064237
646	0.34819156824123576	0.21647403164261625	-1.7648306282404245
647	0.2533507853300062	0.23902828957285438	-1.6225677733981994
648	0.24565513381988383	0.3120147500784281	-1.1621996128287688
649	0.33478486163987076	0.3022683635092568	-1.2236757554717643
650	0.40811741036577076	0.27805401061017165	-1.376409797187345
651	0.7823854427843315	0.3498802413659094	-0.9233598821126268
652	0.7237523977864434	0.41968409259162	-0.4830662938656874
653	0.5142651773050119	0.42572166732622224	-0.44498378985582315
654	0.3183671079342567	0.38165852218000834	-0.7229157369505478
655	0.27785179067081345	0.3097393184432189	-1.176552086823898
656	0.23682529857457563	0.2745549074737228	-1.3984806807924852
657	0.2740189786435441	0.21796565153047212	-1.755422111930902
658	0.2524801004275743	0.24505429363287	-1.5845582523791404
659	0.320940975355133	0.23161246125836826	-1.6693437263159048
660	0.6621552656612735	0.31893644778535113	-1.1185404297517862
661	0.9036607359363086	0.4917420630320398	-0.028554661485745328
662	1.2486142965942184	0.647176716668451	0.9518623239067249
663	1.0446437670372648	0.7179556465351156	1.3983063016538133
664	0.7216616153315756	0.6366060642747439	0.8851870561269128
665	0.7199201409104293	0.5001888719446811	0.024724287169357227
666	0.5267522180483193	0.6251058185850605	0.8126483014375862
667	0.4077946734281091	0.6007248938011103	0.6588635937257816
668	0.5441492566427532	0.2150636933985342	-1.7737264538320654
669	nan	nan	nan
670	nan	nan	nan
671	nan	nan	nan
672	nan	nan	nan
673	nan	nan	nan
674	nan	nan	nan
675	nan	nan	nan
676	nan	nan	nan
677	nan	nan	nan
678	nan	nan	nan
679	nan	nan	nan
680	nan	nan	nan
681	nan	nan	nan
682	nan	nan	nan
683	0.9792454492631272	0.47955960516019236	-0.10539652616623221
684	0.8835213169016961	0.5413398888289527	0.28428774342336965
685	nan	nan	nan
686	nan	nan	nan
687	0.6949343327506047	0.6401899516430966	0.9077927233154258
688	0.45568024417272246	0.5613492070022452	0.4104981794121611
689	0.42462543478958786	0.5638137342249477	0.4260433895282511
690	0.6279449913862772	0.49270351392233847	-0.022490230154528407
691	0.5228236366936145	0.5742295826631416	0.4917422185034568
692	0.4119565363540616	0.556431464163224	0.37947910807658364
693	0.4312594154924719	0.526489642618196	0.1906185822571403
694	0.5594131935756829	0.4588766621144368	-0.23585590697713818
695	0.4833644288620292	0.5574902139664445	0.3861572603809368
696	0.5366735334764324	0.5462572690711871	0.3153045276496036
697	1.0161292627523753	0.5464988275561138	0.31682817785274153
698	0.9576391684818709	0.401562900922889	-0.5973672151334436
699	0.34946386177872524	0.3847697413540746	-0.7032914636487366
700	0.2441733088715754	0.4461173757455881	-0.31633616530336456
701	0.5312184099009167	0.28310911169902175	-1.3445243272844891
702	0.8714693404993484	0.4079690392215984	-0.5569599658367743
703	0.6326418535474645	0.5072642641236256	0.06935291089168803
704	0.5458709738812421	0.5138253186629124	0.1107373072403301
705	0.7022998920400795	0.44746532803225125	-0.3078338443187883
706	0.46094836218454316	0.574282460840674	0.492075751999344
707	0.46012990139154525	0.40623415871967655	-0.5679028686703284
708	0.8733053451676941	0.27034669998251964	-1.425024299000574
709	0.8184619729715323	0.35926605204807033	-0.8641581018198372
710	0.6242419289330162	0.48598210236130707	-0.06488609173416793
711	nan	nan	nan
712	nan	nan	nan
713	nan	nan	nan
714	nan	nan	nan
715	0.570652930876049	0.4892785214596986	-0.04409365453033133
716	0.8722899001215825	0.5205308500015686	0.15303300299861541
717	0.6485282693113362	0.4571172597206369	-0.24695348368005637
718	0.7674094595970413	0.5260019351507684	0.18754232690621192
719	1.0868403144869736	0.5888745540574568	0.5841165917185813
720	0.9011966125317338	0.44707008354164246	-0.31032688176513595
721	0.6814413874773486	0.31804561490321165	-1.1241594321322894
722	0.4348514305485607	0.12007349788775067	-2.372885000177664
723	0.3054014171110007	0.2573563650971962	-1.5069619150311602
724	0.2378034413303503	0.3271578417859351	-1.066683304373356
725	0.2462935021454865	0.3314895614832709	-1.0393606226684036
726	0.32233395144754273	0.2730815291550739	-1.407774136889421
727	0.7394751214551906	0.3178517066465565	-1.1253825245636417
728	0.738311305029622	0.4570338891694852	-0.24747935035469038
729	0.6644605332798494	0.5341918320482749	0.23920078169140346
730	0.7173666259424073	0.5558805291109918	0.3760040394839648
731	0.79226702912403	0.5399276319412867	0.27537981582799526
732	0.5249665916981965	0.5295528711157506	0.20994015038161964
733	0.51665579185702	0.5080998577848452	0.07462348729907242
734	0.8036305411517713	0.5038644919308046	0.047908565462105854
735	1.1607081299495012	0.49981024401974306	0.02233606009084816
736	0.9580981406944094	0.5531733016527001	0.3589279774776197
737	0.6148433893083629	0.5939815199995729	0.6163292034903659
738	0.4631267377726149	0.5111606873424114	0.09392992391036231
739	0.5100224945898263	0.1433655905918656	-2.2259681912280485
740	0.4372304594596599	0.08688446712927568	-2.5822275677651767
741	0.37536706028057837	0.13508823111182552	-2.278178323515625
742	0.3486820207152752	0.5090833680701324	0.0808270600960326
743	0.350249581990105	0.5516817820100808	0.3495200934732518
744	0.42099495978188783	0.3722708477032348	-0.7821292732826293
745	0.8065480530547283	0.376835825955315	-0.7533352938734056
746	1.30798382562565	0.48722906738482996	-0.05702075629801792
747	1.0420306630883889	0.4884022204618124	-0.04962099584415213
748	1.0070056716567564	0.4183549064748009	-0.49145024567559464
749	0.9115434312916222	0.5106537398185312	0.09073231030562934
750	0.4380800001722538	0.5768299621490265	0.5081443280509924
751	0.5601279141714666	0.5176584591227704	0.13491515900195036
752	0.5926751796832184	0.27856854041318885	-1.3731643577273085
753	0.4750873183974376	0.8920123782990806	2.496183591247602
754	0.42910626226455384	0.8833320342589526	2.441431600382688
755	0.6092102995689821	0.2833497081679042	-1.3430067450774377
756	0.6745470536290964	0.2046436584652322	-1.83945168947282
757	0.4838297660442511	0.3350947852849572	-1.0166203741548223
758	0.39227803575366094	0.48342834561976333	-0.08099412445013296
759	0.6496426844972408	0.6189645898693387	0.7739119913341919
760	0.6630954452578977	0.5846748810748861	0.557626805632413
761	0.702681462066414	0.6105083444216078	0.7205735209503846
762	0.6165180197703002	0.7469798909618686	1.5813791336024379
763	0.7241260633832016	0.7928217802786139	1.870530657262992
764	0.7958283691993847	0.7714207137551835	1.7355416529823515
765	0.9675025565551697	0.684588783468297	1.1878420420139
766	0.7385368305810479	0.5783800121398608	0.5179213970871948
767	0.45730558499802415	0.4571007105201201	-0.2470578691365923
768	0.4518289008727955	0.6846086095722091	1.1879670968107223
769	0.5559995491683862	0.6842117160774005	1.1854636581334477
770	0.6419959274863176	0.3647026769395201	-0.8298661388496426
771	0.47319867038370533	0.24794276295010678	-1.566338992296841
772	0.24267868455142377	0.16582961123439977	-2.084274515571487
773	0.2791542687493724	0.21062409977317115	-1.8017295592960998
774	0.2590110035642204	0.20524753767558374	-1.835642671206282
775	0.3042410746928679	0.23377840254604246	-1.6556818717801334
776	0.39823670044932186	0.16840662416856073	-2.068019792489352
777	0.5214921290416094	0.2729665234269322	-1.4084995450699629
778	0.6213346530675827	0.3170956233748085	-1.1301515825867439
779	0.6256738724806982	0.42855211068889154	-0.4271305333005404
780	0.3876857275569579	0.5435515757297207	0.29823814221253026
781	0.34858558924562544	0.5317371430846334	0.22371762721132782
782	0.34042209409921886	0.377333951951469	-0.7501933227873612
783	0.2670224886718871	0.3139806261692216	-1.1497996861361062
784	0.29806141636106104	0.34706060916388637	-0.9411449463743544
785	0.7163625614995592	0.3280721319611013	-1.0609163431691497
786	0.6983561665632243	0.6808224416510731	1.1640855282377773
787	0.4721942658878723	0.6449636820707816	0.9379034244074433
788	0.3736364746612471	0.6458970424054822	0.943790672226534
789	0.42400078538320374	0.5832354989866682	0.5485477835820305
790	0.5760073318319107	0.505785700048966	0.06002674520808
791	0.5635499488270678	0.5282728797256215	0.201866498395531
792	0.3536833271220586	0.580847024300966	0.5334822811586136
793	0.334423713580578	0.6845414556613671	1.1875435179415015
794	0.6446177913564156	0.33295017190355514	-1.030147701150673
795	0.810292798498208	0.37651165600349856	-0.7553800227641595
796	0.5578152611836161	0.628082405758925	0.8314233722180349
797	0.6376653729806315	0.5849921459254972	0.559627980023902
798	0.7568139842817925	0.5999599433668401	0.6540386053387253
799	0.5379140529759935	0.353637481918576	-0.8996607753184849
800	0.38838269456716307	0.1686060734554245	-2.0667617495498214
801	0.36049041873630755	0.4776342122825214	-0.11754110163032358
802	0.391814351030736	0.523047367470663	0.16890614591118844
803	0.5191480728624414	0.4857968592759735	-0.0660545278778375
804	0.41750274954278077	0.5591277140076395	0.396485927871803
805	0.41607384890381943	0.5514207754379096	0.3478737728448139
806	0.44818422224357773	0.5656317789094043	0.4375108573492503
807	0.507150755411609	0.4008725320320029	-0.6017217742422157
808	0.4280105233136811	0.5314264255870991	0.22175775079307514
809	0.49861620891177094	0.5403767037954992	0.27821237384019704
810	0.5871262989356985	0.6663883621516044	1.0730413731622495
811	0.4602047701542383	0.6628096693985019	1.0504684714407981
812	0.6526096981715922	0.6392931289176189	0.9021359395006595
813	0.5999721233481466	0.6310665176148943	0.8502459055557225
814	0.36787007365361324	0.5400787300641128	0.27633287978518817
815	0.43947125330190695	0.36252136739192353	-0.8436249299610826
816	0.5244492016717271	0.347053408574051	-0.9411903646926914
817	0.5212083834156932	0.3086640083673207	-1.183334694423361
818	0.5783154513183024	0.2346907148609722	-1.6499273860936141
819	0.3523346259290884	0.4643052551226014	-0.20161460577774704
820	0.34957804355733657	0.48364181644255866	-0.07964763950833993
821	0.5691882748363315	0.26952728559712136	-1.4301928232821581
822	0.6451376887892616	0.39434486485293285	-0.6428955770437427
823	0.4389359438548353	0.3397674708885167	-0.987147021681925
824	0.686846228075731	0.3668429592273327	-0.8163661305862693
825	0.6928668695430654	0.3614156417558292	-0.8505993862322474
826	0.3450327905765039	0.3836796934546679	-0.7101670312938358
827	0.448308700915698	0.4650112940814501	-0.19716120641402937
828	0.617566625820527	0.5738554937029814	0.4893826213222078
829	0.6094506043196428	0.5945727990933861	0.6200587454755009
830	0.8203589543702905	0.6914564825388941	1.2311606242081106
831	0.8660620487995851	0.5102281064882364	0.08804759272941624
832	0.5300973863485833	0.6090835712519861	0.7115866458671991
833	0.6310711905619829	0.7170153845109657	1.3923755208553923
834	0.7053766399874034	0.7500367181799863	1.600660325125295
835	0.755600355466118	0.7321057209560964	1.4875590711124722
836	0.8513645050675847	0.7309790523662861	1.4804525154216028
837	0.6003172208839709	0.6746514492210032	1.125161481034499
838	0.5337304025745057	0.4126925881866915	-0.5271657884872164
839	0.43523537032541443	0.56356922028687	0.4245010975589363
840	0.49662926216996034	0.6180704030699599	0.7682718338421862
841	0.670184414745128	0.5424775976564866	0.291463936330483
842	0.7569573524061641	0.4120298479665926	-0.5313460774606628
843	0.4505028153350105	0.45792190097348934	-0.2418781421587933
844	0.3315387380456032	0.5276915179363764	0.19819951063251
845	0.42330448135885956	0.5464353553341952	0.31642782154213933
846	0.41198634548193636	0.537573021624796	0.2605279157255396
847	0.6332863518110314	0.5669236063787917	0.445659166388151
848	0.9407265144559155	0.5279432713030026	0.19978746589856944
849	0.876615941107961	0.5001142167694479	0.024253393452070168
850	0.5265896957565165	0.4540815922869662	-0.2661012081053663
851	0.6276047093214747	0.5212570371357249	0.15761348865122746
852	0.6028300293633315	0.4648540834862409	-0.19815282529836956
853	0.4918668688440324	0.5599291702120512	0.401541179435534
854	0.39374313498458613	0.5375723752246561	0.2605238385029785
855	0.5257336781993583	0.4916563486400495	-0.02909531213110589
856	0.5309237076431605	0.5405530670965941	0.27932480000738774
857	0.4709462550022821	0.44720571826506816	-0.30947135448377033
858	0.40578484917651425	0.4443509168402198	-0.32747825153898585
859	0.3348633252897163	0.35843823549658305	-0.869379623461759
860	0.22633947486041378	0.31484543220466765	-1.1443448502524394
861	0.21917736784475678	0.21047043634286677	-1.8026988041432397
862	0.30657505259950674	0.11902992543030964	-2.379467420113158
863	0.34649660223946344	0.2118138548046284	-1.7942250806357272
864	0.33207635431622157	0.29002052243254817	-1.300930030146455
865	0.3083198280383712	0.3304035669460651	-1.046210623394822
866	0.45217470127080345	0.366545150112105	-0.8182445863111871
867	0.43689756090385423	0.32760786420881133	-1.0638447505703705
868	0.3822492348389341	0.23483649338310342	-1.6490078759595537
869	0.28732394999958016	0.315998476678553	-1.137071926482464
870	0.608376555588131	0.4291111345126526	-0.4236044441097965
871	0.8748966365841133	0.5661586118191978	0.44083389967695097
872	0.8345479493422193	0.6076638312883358	0.7026315181486453
873	0.5801189874379584	0.524442292873124	0.1777047537243938
874	0.6880636602067303	0.5962259935625454	0.6304864068740458
875	0.7050698582938256	0.5770962958906238	0.5098242502429636
876	0.3842932004280466	0.38725621362524887	-0.6876078333170538
877	0.3762218405322797	0.30536005021252605	-1.2041746848515176
878	0.3120282233943261	0.15774306443366165	-2.1352810810389293
879	0.3014252458878478	0.12752467218382751	-2.3258860995458797
880	0.27454405034574764	0.15357087634793887	-2.1615975038558326
881	0.2785422951320291	0.3064463148938741	-1.1973229801684888
882	0.29263322660028	0.39722401299763477	-0.6247351110312541
883	0.346433480962846	0.49790780399353524	0.01033626164340777
884	0.4821434798279155	0.44877829060489255	-0.29955222386101554
885	0.7638921278573921	0.5689070848458223	0.45817012153066305
886	0.5614049689670066	0.523898491438367	0.1742746810163877
887	0.5568828725784768	0.5634929716774879	0.42402015312343366
888	0.7876477659970624	0.583469327798989	0.5500226782333206
889	0.46111791543247466	0.6382952096985615	0.895841481157399
890	0.33811936081889443	0.6676817124890501	1.0811992878178898
891	0.5593422334290941	0.5840640104752792	0.5537736885975696
892	0.8649178662756944	0.6302039558953109	0.8448052258807313
893	0.7731484857599695	0.6604263413058298	1.0354354315803003
894	0.6571546928765263	0.5314546936329169	0.2219360538395016
895	0.4724686269926332	0.5349171455838205	0.24377575704823343
896	0.6432476623167719	0.5843475736029887	0.5555622865732033
897	0.5300716374703047	0.633254582970697	0.864047309488438
898	0.4885429137498004	0.5486824982994793	0.3306018624025727
899	0.7434386462701726	0.631291184647809	0.8516630115225975
900	0.900346751754193	0.3984605516589068	-0.6169355407408257
901	0.47205594982124516	0.4145965265363487	-0.5151565392401956
902	0.2558554892634311	0.595696143071746	0.6271443309035653
903	0.6061059751405865	0.4083131776194258	-0.5547892843145894
904	0.7822634770213835	0.3278372243846984	-1.06239804221447
905	0.6764133175111918	0.6356933471960555	0.8794300173593737
906	0.350144686754264	0.5952542326867353	0.6243569444530552
907	0.5510127287936984	0.6695105223928425	1.0927346581538135
908	0.9808035710733458	0.6309628938830913	0.8495922902622693
909	0.8686818458965426	0.6524216554147568	0.9849452105984525
910	0.38794303535214275	0.5415722125207786	0.28575314440215016
911	0.28454736821946935	0.2851152041411596	-1.331870732616082
912	0.3590029981843648	0.26794311938587884	-1.4401850832116592
913	0.41661125320115344	0.2683810268949399	-1.4374229452336078
914	0.4679509581185578	0.20823973643233892	-1.816769129070336
915	0.359675306162089	0.24799263482950024	-1.5660244212761139
916	0.4095117798393956	0.4582247665856237	-0.23996779215973568
917	0.5126229766741498	0.5304298074004655	0.21547149881986855
918	0.4607758881933788	0.5418570692392001	0.2875499018086219
919	0.3280953623330554	0.5412093179835794	0.28346415697333355
920	0.32514111776639565	0.5504805614859957	0.34194329526601336
921	0.29300337145509353	0.3977217818460662	-0.6215953926841279
922	0.3432643643090737	0.47380036625431876	-0.141723403822869
923	0.6346425231981473	0.662903770303811	1.0510620207153478
924	1.102422746860911	0.702367197303093	1.299980863629207
925	1.1033830120679529	0.68876310051719	1.2141718934427927
926	0.47852241648879973	0.7808090227439004	1.794759191551207
927	0.7237916380869674	0.8029242784334182	1.934253003304531
928	1.2054763685233099	0.6557706795689449	1.0060694585601466
929	0.9959780219517512	0.6127748572818787	0.7348697390319587
930	0.9226634984747011	0.5700687796229855	0.4654976078069006
931	1.3435390557814741	0.5363509787831662	0.252819779021264
932	1.1321590252411802	0.4257882864963931	-0.44456358390779144
933	0.4010080747239403	0.38633270878481313	-0.6934329167876503
934	0.3278151940842463	0.6591599742396101	1.0274477161486593
935	0.47171985682673245	0.6431673185049738	0.9265727120427613
936	0.6634522222830981	0.497587962481113	0.008318834743574267
937	0.5557070878096652	0.4374160610190766	-0.37122043051408643
938	0.4679674077132454	0.46124452566346597	-0.22092041100987284
939	0.4873772928438778	0.4058355823090375	-0.5704169224789557
940	0.5732176426383065	0.47536280667398984	-0.13186818112785462
941	0.5464017095349188	0.499789185189912	0.022203229772924642
942	0.5392161308169819	0.5128311319499477	0.10446639198920386
943	0.6084269291672196	0.4114021026226114	-0.5353056333469572
944	0.28133612108004163	0.45001012123407713	-0.2917823498739425
945	0.34274227148900566	0.5823400717220523	0.5428998017525315
946	0.4282500120481208	0.4838822382637329	-0.07813115890621125
947	0.5254609598757862	0.3840144800704625	-0.7080553369134123
948	0.4045847055216491	0.4334049404869628	-0.3965209063612537
949	0.29616828391470645	0.485763239301517	-0.06626658865858667
950	0.5554997040873259	0.4712717130408045	-0.15767309395114473
951	1.2589501761227024	0.46765154777275253	-0.18050758700459477
952	1.2964619347045578	0.7455384304916491	1.5722870019849882
953	0.9483159079423031	0.751550336757535	1.6102075999968668
954	1.1210996938506934	0.7637603459412925	1.687223246865138
955	1.400601416568323	0.8047960550527306	1.9460593897666325
956	0.9673673012481032	0.7683006416339202	1.71586153898093
957	0.6977018165502609	0.6846334125881248	1.1881235438932987
958	0.5627244407225452	0.5151540023521035	0.11911808994625157
959	0.7119410389894487	0.571115615512546	0.47210061211148946
960	0.914852123352967	0.5189516844138237	0.14307228491708615
961	0.36742505243267376	0.4427753965672181	-0.33741597649505856
962	0.2808269331877552	0.4816671288464176	-0.0921031455027059
963	0.2944402492738526	0.4703295621572623	-0.16361578888703726
964	0.366491371962768	0.48494258094954124	-0.07144295936265947
965	0.28621727816071596	0.6190163487000401	0.77423846445699
966	0.511106503469615	0.7022439383905452	1.2992033978026638
967	0.6764826781329342	0.4942549232266223	-0.0127045871358633
968	0.5972082467117992	0.4501483941621997	-0.29091018189736995
969	0.7905790732691261	0.4705732413551245	-0.16207876211095051
970	0.5932956183416491	0.6615684243083682	1.0426392149594936
971	0.266144443056117	0.5798802384204028	0.5273841989332756
972	0.36048006434380325	0.5012349446112477	0.03132247738153321
973	0.8425113893372691	0.41010027716413333	-0.5435170055322989
974	0.6067244187465355	0.47466837177988225	-0.1362483868895948
