ID	SN	ssim	z_ssim
5057	0.652549638101737	0.7145307048120051	-0.7079029100371553
5058	0.7170779240553048	0.7229655660558	-0.6235543885452857
5059	0.7170890791174639	0.6708367480212392	-1.1448420068292926
5060	0.7115680124947771	0.819048680926862	0.3372757241811816
5061	0.6960929043886533	0.8356393638261705	0.5031823742907598
5062	0.6357377041917944	0.7840987947607279	-0.012222760644664215
5063	0.6763820835952526	0.7996312195858004	0.14310132013286903
5064	0.9350218350809163	0.8672201546515792	0.818989942035498
5065	1.0628768814342189	0.8324426336744322	0.47121510724105314
5066	0.9517307230241611	0.8140158368275263	0.28694733745278833
5067	0.5981383374825961	0.7852638433441569	-0.0005722873721218595
5068	0.5271177728981995	0.6903450597381522	-0.9497591000020296
5069	0.5689102285913598	0.6693853381925272	-1.1593560894670696
5070	0.6354437842287459	0.7624670075125408	-0.22854039988900043
5071	0.7593147373841126	0.8288571175510723	0.4353599846670865
5072	0.7449465666022315	0.8228985854351473	0.3757747277537224
5073	0.753412454141824	0.8247726285291315	0.39451513848731956
5074	0.7525333417159895	0.8757255807859073	0.9040441116718577
5075	0.8456556649013096	0.8967149676109141	1.1139377536108592
5076	1.0923614010588556	0.9063715676397806	1.2105036497804538
5077	1.1678461035208654	0.9100331739973602	1.2471196738762
5078	0.9631834891257185	0.9003234127096373	1.1500221656912357
5079	0.8420518139859573	0.8922737260165421	1.0695253855533462
5080	0.7994659846229988	0.8724699782586116	0.8714881215013494
5081	0.6512733084079337	0.8495557359541017	0.6423459455214287
5082	0.7431908990264935	0.8864636687611736	1.0114248756446662
5083	0.8786235213460212	0.8544746010901029	0.6915345438454168
5084	0.6893418497045497	0.8409684750948968	0.5564734295186569
5085	0.7027727328079522	0.8602136308558535	0.7489247796237475
5086	0.6002760003677263	0.8044431722963697	0.1912207953552865
5087	0.7942246494973714	0.8054950987788696	0.20174004883823846
5088	0.789588128438466	0.8043185155953427	0.18997422968908567
5089	0.7002659681942264	0.8321515042781041	0.4683038164167785
5090	nan	nan	nan
5091	nan	nan	nan
5092	nan	nan	nan
5093	nan	nan	nan
5094	0.753031763748994	0.777547603092424	-0.07773460669166284
5095	0.701877268656415	0.8133195330945882	0.2799843076310696
5096	0.7327477157298853	0.8087997925218103	0.23478695063588725
5097	0.8945307703154579	0.7464074636485583	-0.38913566537214844
5098	0.7565876590958354	0.7979704901044916	0.126494043226043
5099	0.7299569878474634	0.8822407392664008	0.969195626229268
5100	0.7301428389530238	0.8988821455364358	1.1356095094992027
5101	0.9816953068544306	0.8063338132120296	0.2101271841266794
5102	0.9282661767073128	0.8459917854698101	0.6067064791056207
5103	0.8837231520963962	0.8436915764877937	0.5837044140866928
5104	0.8419994168514671	0.852975337964377	0.6765419287534625
5105	0.6991599837593266	0.7543595837444571	-0.3096145501542437
5106	0.7459619876646744	0.8111629993622077	0.2584189935593711
5107	0.6500161282098023	0.8638418445220094	0.7852068771653028
5108	0.8123272489374522	0.8924644042330238	1.0714321656622385
5109	0.8589598712630979	0.7966722295089722	0.11351145126891096
5110	0.9560550534982485	0.7501968035673802	-0.35124230704122367
5111	0.9488455637468521	0.7918619073016424	0.06540828106130847
5112	0.8143467350616446	0.7040220606320318	-0.8129892385309362
5113	0.6919334308429869	0.732430173545422	-0.5289084156980408
5114	nan	nan	nan
5115	0.706678212782248	0.8163855485274119	0.31064442890101734
5116	0.9433019881938522	0.8938551029448524	1.0853391377857797
5117	1.1351144767822274	0.8972477025854797	1.1192650976124783
5118	nan	nan	nan
5119	nan	nan	nan
5120	nan	nan	nan
5121	nan	nan	nan
5122	nan	nan	nan
5123	nan	nan	nan
5124	nan	nan	nan
5125	nan	nan	nan
5126	nan	nan	nan
5127	nan	nan	nan
5128	nan	nan	nan
5129	nan	nan	nan
5130	nan	nan	nan
5131	nan	nan	nan
5132	nan	nan	nan
5133	nan	nan	nan
5134	nan	nan	nan
5135	nan	nan	nan
5136	nan	nan	nan
5137	nan	nan	nan
5138	nan	nan	nan
5139	nan	nan	nan
5140	nan	nan	nan
5141	nan	nan	nan
5142	nan	nan	nan
5143	nan	nan	nan
5144	nan	nan	nan
5145	nan	nan	nan
5146	nan	nan	nan
5147	nan	nan	nan
5148	nan	nan	nan
5149	nan	nan	nan
5150	0.7608096048359537	0.9108114168925029	1.2549020944364826
5151	0.7348390385211836	0.9181132645214898	1.3279204919966139
5152	0.8535335017923541	0.7986817448565793	0.1336065830780524
5153	1.0439966471948678	0.8024934001247334	0.17172309466169103
5154	1.0414805771474949	0.8225036824845953	0.3718257025061118
5155	1.1059870591179088	0.8413926675037932	0.5607153490339072
5156	1.2445378557326756	0.8496411390606162	0.6431999756657432
5157	1.2566865685348798	0.8619450473312713	0.7662389257095051
5158	1.0895852937577704	0.7542918957328999	-0.3102914295399924
5159	0.9369525646061482	0.689109928446874	-0.9621103995974198
5160	1.008746204704718	0.7665736412344253	-0.18747410694856476
5161	0.949386137844252	0.7763838226089944	-0.08937239897788354
5162	0.9703073386543558	0.6836881918661463	-1.0163277069466303
5163	0.914842342785589	0.7706653085871782	-0.14655747753807483
5164	0.9604331407547173	0.8376047080077187	0.5228357949155729
5165	0.871491085953059	0.7745733283672854	-0.1074773218739228
5166	0.9105994346632375	0.6279754157653763	-1.5734548672498958
5167	1.1060955341428116	0.7902109128140243	0.04889835398642538
5168	1.2616821149449482	0.8633520516622346	0.780308953848583
5169	1.0025182770835006	0.8382410295011973	0.5291990029894343
5170	0.8814039991080549	0.786595840364871	0.012747668473205047
5171	1.0365010814830276	0.8501602545549924	0.6483911250123157
5172	1.2257596845720338	0.8405854910258713	0.5526435929578001
5173	1.024642585087053	0.7708515570426708	-0.14469499499131028
5174	0.8214593218040759	0.7149747354865517	-0.7034626080793024
5175	0.5048782884886622	0.5923805755866138	-1.9294028852480232
5176	0.5271640325183723	0.4969754134937159	-2.8834534775026497
5177	0.5557082234061468	0.4667532487366745	-3.1856747992126477
5178	0.5223743379691232	0.5294748089251095	-2.5584598736026103
5179	0.484502934244147	0.5452092200325007	-2.4011159321797395
5180	0.4785296160286952	0.6585148842857181	-1.2680605113281151
5181	0.5189735163273496	0.6602923689313316	-1.2502856840371162
5182	0.5503050730731526	0.3740362129420985	-4.1128441574678805
5183	0.5144221690485732	0.5742112372650547	-2.111096072558781
5184	0.5372178128528634	0.6323296703369333	-1.5299123684826237
5185	0.5971792401007096	0.45930054042699475	-3.2602018019531025
5186	0.8413921677881123	0.4330663086291781	-3.522543837069411
5187	1.27587670020805	0.7736901444389376	-0.11630915163476506
5188	1.6072384760384437	0.8557900756957131	0.7046892757178524
5189	1.5455633591616333	0.8954449261774633	1.1012373529701498
5190	1.10547942209624	0.8869000941542844	1.0157891248701634
5191	0.877100016498842	0.8716233387263388	0.8630217353072296
5192	0.8001409652028264	0.8667708583088852	0.8144969834529463
5193	0.6514047669206527	0.8188298191265855	0.33508710853822077
5194	0.7030232734199763	0.823428475117957	0.38107361886846114
5195	0.8888505370470844	0.8109259271097902	0.25604827359134824
5196	0.9718449009238702	0.7963176607385196	0.10996576738740463
5197	0.8838120761442955	0.7742574816002233	-0.11063578613903123
5198	0.8193382367022686	0.7436142481555691	-0.41706779018512524
5199	0.801548505255119	0.7745783788544534	-0.10742681705669876
5200	0.7298977182669045	0.8562159917315758	0.7089484314841821
5201	0.5492828648060775	0.8136149433391526	0.28293840689155186
5202	0.5591427810869334	0.6919968778799396	-0.9332409363943341
5203	0.7488157769446983	0.8134702146101187	0.28149112116170183
5204	0.9283166267036677	0.8553785353998958	0.7005738771969761
5205	0.7446334271686667	0.8109873846152722	0.2566628479835235
5206	0.7678541157598733	0.808636776942654	0.23315679660198518
5207	0.6684518241456696	0.8292282665123882	0.4390714702784561
5208	0.5865257709528149	0.8640835726150148	0.787624155489004
5209	0.6644513722994112	0.7117994043652315	-0.7352158850555549
5210	0.8203322175947021	0.6808742874822893	-1.0444667204452143
5211	0.8961848542063325	0.7036272641835855	-0.8169371987586382
5212	0.9028515414716871	0.7068798288798119	-0.7844115868660678
5213	0.7749724435526741	0.7176976797615805	-0.6762331946882528
5214	0.9072628309429315	0.7513846039285439	-0.3393643162366478
5215	1.1034563153457344	0.7061343854011899	-0.7918660136147925
5216	1.1137901140239648	0.7838251506789553	-0.01495919851191364
5217	1.1142565480526216	0.8827737793871708	0.9745260216896411
5218	1.131655300376434	0.8505607766633838	0.6523963417777332
5219	0.9396106219820455	0.8645270723957102	0.7920591485140701
5220	1.0290925685100556	0.8507681234631987	0.6544698075402348
5221	0.7823149751142644	0.7684945647227437	-0.1682648927770978
5222	0.7916119028099089	0.7503175238368324	-0.35003510564832774
5223	0.9076649177537982	0.8212363922536287	0.3591528138605801
5224	0.8680933952482018	0.7847815206488422	-0.005395509124784941
5225	0.8369676863560713	0.7929698858450152	0.07648805454862667
5226	0.824865671743425	0.8000823038334992	0.14761215774619146
5227	0.8380104918604738	0.7862066039520307	0.008855308541614131
5228	0.674317711512418	0.8458397113687143	0.6051857397343504
5229	0.7144619733212401	0.8272536911093207	0.4193257375379815
5230	0.7297421838630569	0.788503391256159	0.03182315681855376
5231	0.800536117754508	0.8050799809230823	0.19758887475623538
5232	0.7899729097973395	0.8809009810547337	0.9557980585580933
5233	0.8071738502343467	0.8676055013055337	0.8228434044201713
