ID	SN	ssim	z_ssim
494	0.8081445419924949	0.7366162512090445	-0.013046179558776341
495	0.7848331472719581	0.7052376940515781	-0.21600747812278095
496	0.6861641307412385	0.4668481990752068	-1.7579471288727464
497	0.68142217472181	0.5332366864090488	-1.328536256621395
498	0.7542047108719712	0.7305635849978565	-0.0521957487321599
499	0.8053331540371853	0.7591299576128081	0.13257591084729364
500	0.8224824006212722	0.7361547625790026	-0.01603115847784509
501	0.6674636747316453	0.7701507076598211	0.20385980479647203
502	0.5056053457807078	0.6770974109102794	-0.39802312593142297
503	0.5279680008165731	0.3922385919647515	-2.2405334590375485
504	0.5337357950720998	0.8016312784381778	0.4074809430358071
505	0.7637621254036127	0.8687903233766895	0.8418758995226863
506	0.9183102876267807	0.8609456135258464	0.7911351184792821
507	1.139264664235315	0.8994649025946229	1.0402837612906324
508	0.983650803014728	0.9102967727141805	1.1103459510308942
509	1.1307633981208902	0.8761935374033631	0.8897610181679013
510	0.9305120842226557	0.8343480190472299	0.6190978164781505
511	0.9181795524934259	0.8413062897950894	0.6641049740621776
512	0.9220691244689667	0.7971070336646273	0.37821743708002964
513	0.8655840944973078	0.869179219613457	0.8443913397586695
514	0.9212287594078419	0.8964095241992347	1.0205211073349252
515	1.015679622587674	0.8584262357301577	0.774839398238856
516	1.0337952485476776	0.8699689621329371	0.8494995149523381
517	1.082514626131899	0.8969254221988667	1.0238580143637104
518	1.020855642932001	0.8861041310189026	0.9538642508199292
519	0.8680653402669415	0.8943720126356002	1.0073421714546296
520	0.749701660973433	0.8783847984952946	0.9039344294716573
521	0.7630651983732146	0.5279780728588093	-1.3625497719480204
522	0.8714662540486234	0.6314415264751804	-0.6933323571855736
523	0.9392060674218695	0.6571556318203997	-0.5270095977901341
524	0.9644286635059166	0.7329275736536398	-0.036905109173412706
525	0.809430711720843	0.648836217337119	-0.5808208408739179
526	0.8509680143812643	0.5186374811870511	-1.4229661449999302
527	0.8104924943488286	0.5479835139535476	-1.2331515245219862
528	0.7905691442470949	0.6009113827526675	-0.8908059881167677
529	0.7127325531904577	0.7525828368313234	0.09022813402004318
530	0.6318644190803886	0.848317374902301	0.709453742986176
531	0.7267755708046922	0.8622969199095492	0.7998755744861599
532	0.9696660187280826	0.8100965088019714	0.462235345497877
533	1.0576106882189837	0.8004803668859025	0.40003667139482985
534	1.0847429300888003	0.7911547382761929	0.3397170817128061
535	0.7041225421927407	0.6304494910904023	-0.6997489935180091
536	0.5093431629237043	0.5135504158724541	-1.4558700601464825
537	0.5858560696917228	0.4019464717561341	-2.177741410350458
538	1.0198667545510263	0.5480758451678311	-1.2325543121308957
539	1.34829785005684	0.7738756833913034	0.22795351655597418
540	1.1464918312840344	0.9055442026356985	1.0796056021421743
541	1.0005507316374451	0.8928236298287031	0.9973269950529565
542	0.8249208578228371	0.8589245673715137	0.7780626833802846
543	0.8902070493302824	0.8305168940150841	0.5943175148351112
544	1.1567810960943175	0.8471501434724308	0.7019039118852006
545	1.1291614791239935	0.7988117491830817	0.3892437973288912
546	1.1599800060979846	0.7768644740864389	0.24728547109985508
547	1.150138820120222	0.9031747872318662	1.0642798615484923
548	0.941481634145793	0.9158403937222992	1.1462029381099428
549	0.884334917863229	0.910792121921541	1.113549945333883
550	0.8128634213848328	0.8254011629973736	0.5612281855441494
551	0.7515640142580708	0.8716422281346876	0.8603224549254554
552	0.7599604463329499	0.89940433939545	1.0398920292716092
553	0.7798115659114657	0.8780412384697188	0.9017122307715825
554	0.8273368337306576	0.8771926588127918	0.8962234879896692
555	1.070755528774714	0.8058266971618073	0.4346175518956243
556	1.1679597398302815	0.7508791933604054	0.07920870793832704
557	1.2078239403369313	0.7954329750382969	0.36738937029011204
558	1.2492199058517492	0.8551217202883524	0.7534652878287466
559	0.9725936159293055	0.8282109456993962	0.5794022890576849
560	0.7477188153954785	0.6911001414296293	-0.30745132699920785
561	0.5419124803612629	0.8216917353870982	0.5372350414064961
562	0.5673266509196844	0.7861803595841941	0.30754204084618175
563	0.5850382302317517	0.3107721928313989	-2.7674705668995787
564	0.7776270288989419	0.5394640438192743	-1.2882567581008326
565	1.341958442321874	0.7719431155361379	0.21545337260483302
566	1.2533910681016778	0.9252392087276237	1.206995908572882
567	1.0268918791155253	0.9256011897994629	1.2093372574127093
568	0.7893046454692054	0.8755220476642841	0.8854177200126686
569	0.8965745885002014	0.8713967793290301	0.8587348545754065
570	1.1986778704193397	0.8602239209810754	0.7864671009118828
571	1.1774056853492283	0.8027958337459203	0.4150134645702711
572	0.8436927290452495	0.7169298166626863	-0.14038104392405548
573	0.59201103754481	0.632553809071379	-0.6861379435303585
574	0.5899005802052842	0.5989429429033745	-0.9035381576028523
575	0.968011170052377	0.7223950823501633	-0.10503087102218633
576	1.3762118885238797	0.8246078781571404	0.5560970980790089
577	1.4756520051518616	0.9053019921986563	1.0780389480547623
578	1.0570468862588085	0.9325240098612595	1.2541151145466802
579	0.8598438428017826	0.9279443265949079	1.2244930239551315
580	0.8003127782835829	0.9002460950514241	1.0453366333734728
581	0.6604162572042633	0.8058245778375502	0.4346038437827516
582	0.6971202562338722	0.8459533714260173	0.6941630075661702
583	0.9664224959508383	0.8506877468561495	0.7247856706914086
584	1.0510693035983718	0.8487286357285965	0.7121138408018456
585	0.9415769864008161	0.865426563466009	0.8201185868424631
586	1.0162347578806301	0.8646947384254451	0.8153850307452489
587	0.9175571974697116	0.8530917441229446	0.7403350920546842
588	1.1350995086433608	0.8826691381768716	0.9316461926639067
589	1.1930757396079645	0.8505794398231281	0.7240851242655385
590	0.8232494109380661	0.7537439370044038	0.0977383072159833
591	0.5233413863861984	0.7073817150068806	-0.202139623235352
592	0.5454328700834465	0.6071020211802579	-0.8507639935821337
593	0.5888033111693026	0.5072285584723071	-1.4967607990300897
594	0.6199454498394726	0.43720476980544987	-1.9496853553401956
595	0.7226466352148716	0.38029253717741734	-2.317802365322399
596	0.7374726848794945	0.34081425991720693	-2.5731538901739985
597	0.6631183801536402	0.29450030045642894	-2.8727196511689552
598	0.7962681056845404	0.44656868064035765	-1.8891181503806707
599	0.8241624534477827	0.47864308034828384	-1.681656035959242
600	0.9981612556878651	0.733406520760745	-0.03380720615914337
601	1.0670557815333317	0.7332290315079845	-0.03495523374500885
602	1.0249235054703911	0.7945045344338024	0.3613840747061845
603	1.2104785581942945	0.8435165756654645	0.6784014405376049
604	1.141759088506354	0.7846571461721061	0.2976896639329904
605	0.6838757331892953	0.679640798821399	-0.3815721045985316
606	0.7778567994202022	0.7842043196544185	0.2947607128791581
607	1.0337172704695454	0.782506559942858	0.2837793438512971
608	0.9939884750100794	0.8110362104173017	0.46831347901921866
609	0.8438130205265114	0.8039341498970032	0.4223762672332731
610	0.7501482674401206	0.5707584799353251	-1.0858395672762813
611	0.5934111129541793	0.6174974251060656	-0.7835249338225853
612	0.7710429231775013	0.8766112245530291	0.8924626824243002
613	1.2088290556016874	0.8759226888224358	0.8880091281933764
614	1.172872684676441	0.9021354599962856	1.0575573343045597
615	0.8932699552913178	0.9080972767671541	1.0961192754270888
616	0.7975923843283391	0.8813560498212933	0.9231529366980556
617	0.772415091141248	0.8541073137279511	0.7469039513167551
618	0.7425871528650607	0.7966603297839453	0.3753280881771522
619	0.7263267062319795	0.8252712957020936	0.5603881840501748
620	0.9689550818776843	0.8893320844438235	0.9747431464153622
621	0.921737229140582	0.8539817086324378	0.7460915183816236
622	1.116398635555808	0.91067805588887	1.1128121488189961
623	1.1811413288653292	0.900149674283607	1.0447129691257357
624	0.8521617456571724	0.8071239041918217	0.4430080850229711
625	0.5246833767371014	0.6117293946388346	-0.8208334355459476
626	0.443132963126843	0.7844468320487213	0.29632932007223484
627	0.7550347247282504	0.7937242156823089	0.35633685388267106
628	0.8469695841868401	0.7248393673656399	-0.0892208623493166
629	1.0830936783696643	0.7598322064633269	0.13711816363161164
630	1.0994445045000487	0.8386018456842679	0.6466122166395981
631	1.0945092218723502	0.8797611404858299	0.9128368196059575
632	1.0412188998131722	0.8766084360889727	0.8924446462130412
633	0.9374228667652127	0.8692953112058015	0.8451422379027862
634	1.0776799174884835	0.8160784227998465	0.5009272785531244
635	0.7548967241766706	0.6681945496075956	-0.4556081921236069
636	0.6848568131055291	0.8022139957063231	0.4112500472952838
637	0.6504426385895671	0.8484240759695865	0.7101439017804683
638	0.9270400975960552	0.771131775051232	0.21020549847321837
639	0.9392804999609742	0.8857210576976617	0.9513864740906135
640	0.7976049308912277	0.8472553912841286	0.7025846708004694
641	1.001388043400051	0.8900017876592511	0.9790748890628513
642	0.9792184790212083	0.9063362270127431	1.0847285367389639
643	0.8643370916056021	0.8688591543187728	0.8423211085651706
644	0.6743769888159185	0.8177371195762481	0.5116559825522589
645	0.6277189494397665	0.6894259866377852	-0.3182800158023504
646	0.502291977291579	0.38030164131122846	-2.317743478394892
647	0.43813149744797075	0.44378328710736425	-1.9071345010251937
648	0.4499591606872225	0.5209152205247644	-1.4082333791989827
649	0.5099406937072097	0.46451110083518377	-1.7730638371167347
650	0.6040527915019358	0.4575863727365191	-1.817854035724487
651	0.726553948043254	0.5964597334230839	-0.919599935657115
652	0.7996599685845012	0.6977294189310352	-0.264572147963841
653	0.7550295211877152	0.6934140180488083	-0.29248481974430945
654	0.6349564681474371	0.6377417649430082	-0.6525814528569799
655	0.5322928170808258	0.4898134691405044	-1.6094042557592585
656	0.521579626871404	0.4871574366502576	-1.6265838794284877
657	0.5765755997486403	0.3808051025739386	-2.3144870140793548
658	0.5405439541184175	0.4034242781260915	-2.168182733118502
659	0.509013214634664	0.38175053661770486	-2.308371802335664
660	0.7113026036106648	0.6086436189448781	-0.8407927038698461
661	0.8531167450853877	0.7940569433764793	0.3584889874093382
662	1.077973653197168	0.8838023235315114	0.9389758085521465
663	0.9605960574325084	0.9112902079350493	1.116771641716891
664	0.822558567904575	0.858175950166217	0.7732205129977555
665	0.8221902005480525	0.7292359429097375	-0.06078314046214379
666	0.6631304075489024	0.6580708205813557	-0.5210900171535016
667	0.4231300624534673	0.6739456385270679	-0.41840927091777924
668	0.5798167188366731	0.41444451702134755	-2.09690214537693
669	nan	nan	nan
670	nan	nan	nan
671	nan	nan	nan
672	nan	nan	nan
673	nan	nan	nan
674	nan	nan	nan
675	nan	nan	nan
676	nan	nan	nan
677	nan	nan	nan
678	nan	nan	nan
679	nan	nan	nan
680	nan	nan	nan
681	nan	nan	nan
682	nan	nan	nan
683	0.9769605220650335	0.7150661589111764	-0.1524354668035764
684	0.8847034039544682	0.7803787992601235	0.27001666288945236
685	0.8634432229661106	0.8297024989462911	0.589049883188542
686	0.9636730412446517	0.8497712076288374	0.718857355032196
687	0.9463237672087621	0.8645307327550028	0.8143242170284875
688	0.9729948637082333	0.8057307789518721	0.433997138268997
689	1.052629403998631	0.7904476411644704	0.33514346963479197
690	1.2153935607259079	0.7781302623250125	0.2554727826871506
691	1.169948757357463	0.8186166789088509	0.5173451066064121
692	0.9512087691661881	0.8028645593367354	0.4154579921846673
693	0.9316372058705389	0.7868610247530405	0.3119446870820522
694	0.8526448289968843	0.7168926087140435	-0.1406217106167766
695	0.9683095050920627	0.8022494142337782	0.41147913973855405
696	0.9013580710044912	0.8024950927947625	0.41306822618113614
697	0.9416276274260319	0.8282924315687914	0.579929352102173
698	0.8296093110757422	0.7326561803322917	-0.03866052261214998
699	0.5643237295119892	0.6682029613552511	-0.4555537836554676
700	0.48279054165608926	0.7378272714558937	-0.005213115703916398
701	0.6252564446801112	0.5997701304524873	-0.8981877822404222
702	0.9358675115173725	0.7255390094741458	-0.08469547037033479
703	0.8108182260884259	0.7524618891720269	0.089445826093458
704	0.7094540052732645	0.7792398014095634	0.26264945089014946
705	0.7239462276202647	0.7585603942876948	0.12889188829968856
706	0.6663814324115802	0.8056862730924419	0.43370926757506023
707	0.7029240526412748	0.6896687968288877	-0.3167094824141059
708	0.8747836973243835	0.6255948356566259	-0.7311496460711367
709	0.9786898633005481	0.7122357265574938	-0.17074313541683211
710	0.9880520645192715	0.7511646858092482	0.08105531668635112
711	nan	nan	nan
712	nan	nan	nan
713	nan	nan	nan
714	nan	nan	nan
715	0.5935335000157531	0.7592694487512873	0.13347816082844605
716	0.7262517168820508	0.8032780846101009	0.41813273678972057
717	0.7209417300755386	0.7669934267901737	0.18343803007881432
718	0.7563661639392691	0.8004286758902944	0.39970232614306966
719	0.895263132576336	0.8224438205825209	0.5420996432786517
720	0.7816747008934131	0.7167718689644831	-0.14140267375144513
721	0.7704447872082179	0.5674458920859461	-1.1072658912510704
722	0.5719165935233034	0.18008706651127943	-3.6127619169074023
723	0.652782039639014	0.38251891530001214	-2.3034018117026536
724	0.6304625217687633	0.4770787593555319	-1.6917743029804624
725	0.6133409022294497	0.46435975528917217	-1.774042763215734
726	0.631971907587507	0.4871738446252496	-1.6264777501410745
727	0.8371735716949672	0.5897451689948539	-0.9630307635567646
728	0.807834699870809	0.7301883332573228	-0.05462293428326454
729	0.8303679841530254	0.797771160448332	0.38251311051572673
730	0.8160036662803271	0.8296684765016987	0.588829820822381
731	0.8021483815875808	0.8340849516021622	0.6173962560783876
732	0.7828682364960029	0.822434165454782	0.5420371924382944
733	0.7721492820598925	0.8177194963185423	0.5115419926307041
734	1.0299686950861224	0.8073512723396277	0.4444787369174868
735	1.1472413101223027	0.8169051129991063	0.5062744369807696
736	1.2955324929401593	0.8340425632475557	0.6171220817289499
737	1.0739908210008218	0.8111646130009963	0.46914400653502675
738	0.7144132844403518	0.7529801792739421	0.09279820560503615
739	0.7407162863828648	0.3830176918060608	-2.3001756491084704
740	0.65927470990787	0.2165022017613133	-3.3772232622573073
741	0.9110926616572264	0.2766967589626781	-2.987875675790374
742	0.9767926298620412	0.7406937743120184	0.013327862426369559
743	0.8494167769324648	0.8064559859429992	0.43868788781201185
744	0.7759787605271155	0.6141412296471972	-0.8052333184735497
745	0.8979725304753	0.7178351115521395	-0.13452545835889623
746	1.1947424144360075	0.7970520062446393	0.377861511325976
747	1.1994714044980719	0.8209957827383173	0.5327335134163217
748	1.1795583689567937	0.7601704534733997	0.13930599693622328
749	1.196634809830341	0.8193426393960306	0.5220407298769385
750	0.7935625787208234	0.8396666231173522	0.6534993596467142
751	0.597702592309052	0.7896731773266056	0.33013411928655556
752	0.5827420922295885	0.4855786712027375	-1.636795575388524
753	0.5829186908840248	0.9268040823037631	1.217117749787821
754	0.5861483470901234	0.9296982301910595	1.2358375402005604
755	0.5802863239351207	0.461828865754674	-1.790412943140389
756	0.6142757670155404	0.4422063061659795	-1.9173346545270884
757	0.66014126486913	0.5990731944107699	-0.9026956709662541
758	0.7377069880036214	0.7407842011251466	0.01391275686002387
759	0.9273195176483674	0.8465775895898295	0.6982005459551658
760	1.0143045376268183	0.7998243095510692	0.3957931923864738
761	1.16642236629734	0.8439825244019081	0.6814152681058481
762	1.131816114265193	0.9049774299700368	1.0759396300059796
763	1.0502863289900009	0.9222774342093315	1.1878386987856462
764	1.1737138049058011	0.9102260059043732	1.1098882205004033
765	1.2593391750580762	0.8711514107698431	0.8571477732717806
766	0.8663506228655702	0.8178377507286696	0.5123068802104581
767	0.589288898487197	0.7310351258604314	-0.049145750438295395
768	0.743755354998907	0.8728431087199076	0.8680899339007768
769	0.8130028623710064	0.8719197591864593	0.8621175681416794
770	0.8247099118842823	0.7105147818438708	-0.18187446857791278
771	0.7297869957894588	0.5150916827479457	-1.4459009106755984
772	0.46785079986372907	0.32940850965640445	-2.6469280242876945
773	0.42976465831288324	0.28323217191199157	-2.945603627009156
774	0.439350691440131	0.34821936035030476	-2.5252565699640157
775	0.46114941158146133	0.37919015324102956	-2.3249327529346324
776	0.562188921387735	0.3306304542044382	-2.6390243003848535
777	0.7938260644306263	0.49692316546484644	-1.5634176544269267
778	0.8746470667469651	0.5671730792803754	-1.109030486130486
779	0.9893899549437256	0.706407385394239	-0.20844173593029663
780	0.9072793714555157	0.762905939662506	0.15699953926064453
781	0.7994333021199336	0.76418050050989	0.16524359342112516
782	0.738667611885374	0.661366723667535	-0.4997716127745132
783	0.5148993977280071	0.5555526198927897	-1.1841933916579468
784	0.5075228311582773	0.5978016943542319	-0.9109199274642221
785	0.8137128791417746	0.6750880235195734	-0.4110201503672258
786	0.8218564381386884	0.8807761856261781	0.9194022865505438
787	0.9167575345877635	0.860645924244715	0.7891966824524465
788	0.8110986809945246	0.8546475343298489	0.7503981806505633
789	0.8296070318434553	0.8213380290711007	0.5349472149508407
790	0.8481381899218803	0.7870865637112294	0.31340350749884427
791	0.8008883527132233	0.8019650269018634	0.4096396790555497
792	0.7194278188667615	0.7922618234827873	0.3468778778585249
793	0.7368559168923189	0.8590639717501944	0.7789643721858142
794	0.9259925984440553	0.671520989012177	-0.4340922741749171
795	1.0402741534108222	0.7206343182195467	-0.1164197622519993
796	1.1448728182689007	0.8334503298636207	0.6132914257796275
797	1.1121515315319952	0.8083949683728621	0.4512295222116714
798	1.0274798762839168	0.811998187619041	0.47453569443448407
799	0.7939137390976875	0.6412827117736017	-0.6296780681259084
800	0.5794122568148932	0.33771366702323863	-2.593208998409859
801	0.8708642669259183	0.725914153878042	-0.0822689790889894
802	0.8422235080252577	0.7391529410204952	0.003361517442792512
803	0.903086593269349	0.7182668726145305	-0.13173276188619076
804	0.8866318337781759	0.8161767273725056	0.5015631275381981
805	0.9433988763298299	0.7947164528375456	0.36275479529723886
806	0.8758862542163343	0.7997676448220038	0.3954266762673235
807	0.9106933808123294	0.6682768717887134	-0.4550757196872089
808	0.860528807147569	0.7844205845155265	0.2961595470200647
809	0.777756544270541	0.8056365903201378	0.4333879118182452
810	0.9013031733531572	0.867619367801358	0.8343019800802655
811	1.0049050606703978	0.848457667993489	0.7103611801198908
812	1.1254843508808319	0.8669844308286385	0.830195110798713
813	1.1164922762384362	0.8655404651370834	0.8208553202414481
814	0.7876065965718075	0.7950446728806617	0.36487777264866056
815	0.7333333185139574	0.6625662466292263	-0.4920129151154571
816	0.7927564341752732	0.6379402608989797	-0.6512975507074478
817	0.6419703703118751	0.5634640675476261	-1.1330209403088038
818	0.662915209828927	0.5245405908844413	-1.3847839301920388
819	0.5488718669441985	0.7274759477554483	-0.0721670578356641
820	0.5555712519817866	0.7873753681293785	0.3152715385700118
821	0.5886668120813592	0.5150258329810029	-1.4463268370221087
822	0.6267740949332018	0.6512135053214382	-0.5654441792276635
823	0.5392093172274379	0.59959087059534	-0.8993472623657967
824	0.5882197577163675	0.6917482844504178	-0.30325903898244877
825	0.6904214934460423	0.7045986659153451	-0.22014080967457653
826	0.5499183786062934	0.6647804159125165	-0.47769133013237625
827	0.6896832026704571	0.7665226583254039	0.18039302777188307
828	0.77342942616302	0.8087999516601239	0.453849015946418
829	0.7867201485101691	0.8265619209459796	0.5687361451799382
830	0.8453719033303935	0.88555524586451	0.9503139778376825
831	0.8308573036883807	0.8056489966862856	0.4334681580886901
832	0.8299849918286027	0.8575370222671087	0.7690878297949868
833	1.0487598945548946	0.8989604944993996	1.0370211727178387
834	1.0963167891063592	0.912200067125916	1.1226567498804683
835	1.0927169296237558	0.910879439404061	1.1141147281424317
836	0.9746495918591362	0.90509344569022	1.0766900373973727
837	0.9268234736432308	0.8657936528080662	0.8224929767539892
838	0.8938178142130672	0.7028334322140063	-0.23155861077023424
839	0.8238793654710463	0.8199264475393585	0.525816890083651
840	0.9045826323992177	0.8531606291582126	0.7407806509801453
841	0.9826264546207694	0.7899164674263197	0.33170775679697234
842	1.0164117866399622	0.7408292128231136	0.01420389939484815
843	0.6873196116482407	0.7457093020670289	0.04576906171518107
844	0.6462946219437736	0.7813566715371821	0.27634169007873877
845	0.7439916055379215	0.7932010846473667	0.35295316247716196
846	0.7814883690277599	0.7974585179512883	0.3804908911106775
847	0.9332862799080631	0.8078420344696569	0.44765306130394317
848	1.1064368618648666	0.8066215462663195	0.43975875726095287
849	1.0487820253033429	0.7851967329541844	0.3011797936234344
850	0.9413873087052843	0.7031299724070588	-0.22964054352589536
851	0.9213894136475451	0.7774991447321153	0.25139061773743077
852	0.8392332242659742	0.737852243874713	-0.005051590286210583
853	0.8323055327753454	0.801966775839988	0.4096509914543667
854	0.7808674589561043	0.7924356511642796	0.34800222184238006
855	0.9205560811846888	0.7521723291120758	0.08757290741574315
856	0.8548350531210991	0.7847130570431747	0.2980513039835186
857	0.7431789618128717	0.7282120669942549	-0.06740572620857949
858	0.6939192788015575	0.6841904602459369	-0.35214419986356077
859	0.7804635493481428	0.6533167589962985	-0.5518400133344721
860	0.7706032969553928	0.5709980586542831	-1.084289935543248
861	0.6470406843704021	0.37519269873875766	-2.3507888989855856
862	0.5228284334529413	0.25412321504880525	-3.1338848043478054
863	0.4969436900754522	0.41042787244430323	-2.1228824157614468
864	0.5220760430144351	0.5022679069501157	-1.5288470504665392
865	0.5702348490695618	0.5509381639544824	-1.2140403972007874
866	0.5909544873024438	0.6246429914723431	-0.7373063195823868
867	0.5208576783946213	0.6307703956499069	-0.6976733338315131
868	0.558553484432609	0.49325834177621214	-1.5871222935892904
869	0.5693086787928021	0.5632042617744939	-1.1347014037164973
870	0.849158726703349	0.7076641446014789	-0.2003128254962175
871	1.074453609508366	0.8273895122047957	0.5740891317983677
872	1.1202197843177097	0.8488403921147396	0.7128366981703539
873	0.8897788640807193	0.8077659205243777	0.44716074468482114
874	0.9015782375756117	0.8306620048284947	0.5952561137317304
875	1.0225290190213827	0.8109935071531014	0.4680372677864484
876	0.6451177505990816	0.6726364687602249	-0.4268771808534014
877	0.5950136113506636	0.538747227757354	-1.2928932338326133
878	0.42867862294378545	0.22526735984658103	-3.3205288814998606
879	0.4141369254953704	0.13403970142234445	-3.9106033048017226
880	0.39649813019830205	0.2414886107454126	-3.2156073540300736
881	0.43678411429250785	0.48493452779541246	-1.6409619932947412
882	0.5122466330209541	0.6547832682175565	-0.5423544077851491
883	0.8065821228577862	0.7551774590141174	0.10701054644455855
884	0.8733006447809015	0.7086949984422656	-0.19364510546352698
885	0.9206424077918572	0.8131637978063199	0.4820750390908481
886	0.8233167499821862	0.7622623370758318	0.15283661946496932
887	0.8459520695268159	0.8047639447051228	0.4277435067450348
888	0.8049504320986759	0.8236768892273307	0.5500753195378649
889	0.5668727407006265	0.8506675939721213	0.7246553187605779
890	0.576354586730013	0.8755366417446226	0.8855121167525185
891	0.5704820764875282	0.8256755998308197	0.5630032848838192
892	1.0355091471852937	0.8425001030359374	0.6718267403750611
893	1.102672351235393	0.8730692553967567	0.86955268513465
894	0.8361429993768325	0.7761195086411886	0.2424669208588562
895	0.8652552246166135	0.7877167929180277	0.3174799262316379
896	0.8584577284733274	0.8070656168794286	0.44263107378712163
897	0.8767870457723711	0.8454326955193187	0.6907951963049883
898	0.9035564946888919	0.8243721021988195	0.5545720631823804
899	1.0609976698095518	0.8734411531544168	0.8719581766124433
900	1.1535145261558548	0.7574859639192333	0.12194230863274488
901	0.8444831377982247	0.7109804165732675	-0.17886267205519235
902	0.5795485013520632	0.8336636779339666	0.6146713936725497
903	0.7744392920331287	0.7218769235323731	-0.10838240136799945
904	0.8435543638670728	0.6767297640406145	-0.40040112201663924
905	0.8361751559511177	0.8731440766312124	0.8700366403027949
906	0.8352702759787407	0.8262724954891074	0.5668640971354896
907	0.7889540484837586	0.872179880427419	0.8638000720434469
908	0.9410347512374599	0.8552631928903072	0.7543803542181879
909	0.7684064813596508	0.8589728950422327	0.778375274133151
910	0.49129591114861415	0.775512833814674	0.23854285545401302
911	0.497566614239386	0.5722418664411415	-1.0762447968736157
912	0.5547425398528668	0.5035299545073141	-1.5206839341775047
913	0.5480131713916443	0.5171432665732587	-1.4326309532582173
914	0.6391154113154124	0.4717866917809135	-1.726004204044522
915	0.48338311894500174	0.4867629198373664	-1.6291356744089869
916	0.6039079378032052	0.7345504388862238	-0.02640816907043997
917	0.8910365980166146	0.788708893331311	0.32389698317837395
918	0.8569385775153862	0.7861987794640802	0.30766118344162763
919	0.825592057873458	0.7969383130706582	0.3771261265180234
920	0.7083859308906477	0.8195838547562985	0.5236009476558463
921	0.6921869797557292	0.7010758379660005	-0.24292699871534418
922	0.8730160917501013	0.7222818074751431	-0.10576355020859328
923	1.0611167569275737	0.8703732248023562	0.8521143476208549
924	1.3148681743308144	0.90074585000786	1.0485691247341504
925	1.374023904555155	0.888564779887786	0.9697801033950625
926	1.2416882735061296	0.9220452916090662	1.1863371650036618
927	1.3899878960026886	0.9379305131746218	1.289085203440953
928	1.4785464429490411	0.8841446006310002	0.9411897090904134
929	1.4325363375080178	0.8542772701862194	0.7480032556377396
930	1.1254300441152945	0.8581483998163544	0.7730423131284645
931	1.2272329966771414	0.8527906668215826	0.7383876781010743
932	0.9718777580843992	0.779647846379542	0.26528874805616526
933	0.6210182830568369	0.7097680578561754	-0.1867043933399411
934	0.6164613512972239	0.8625592342668714	0.8015722637994045
935	0.7107776318055465	0.8486772182335861	0.7117812645937095
936	0.8326614488092835	0.7589251077019015	0.13125091034712125
937	0.8423351679356252	0.7189309915117695	-0.12743713946135726
938	0.8335932283232569	0.7358018369007719	-0.01831393564923677
939	0.8963532961138774	0.7261951838617351	-0.08045123424688176
940	1.001841066394776	0.7470707267153359	0.05457496420237326
941	0.9860128751308974	0.7381304226883041	-0.003252287247638636
942	1.047458283949842	0.753812141824842	0.0981794664080711
943	0.8903784766778625	0.7059115645667895	-0.211648780744028
944	0.5693764502886455	0.7454996742425595	0.044413156940593994
945	0.6566456816686314	0.8193060313277949	0.5218039433022802
946	0.7272795531773368	0.7600551840020348	0.13856041639612332
947	0.8746381535066848	0.680642226054198	-0.37509472035915237
948	0.7158182581407317	0.70821887343619	-0.19672475469745898
949	0.5751913070913657	0.7650928101229892	0.17114455128983322
950	0.7247107440098591	0.767635162155289	0.18758887240036023
951	1.0932491608749932	0.8023543657621951	0.4121579822483254
952	1.221944300689976	0.9209613550620956	1.179326097922721
953	1.1473313370579095	0.9192876688237704	1.1685004397952772
954	1.2006365585307839	0.9255271687606612	1.2088584780322278
955	1.2436161260321965	0.9378014317554934	1.2882502851139142
956	0.9912342113135024	0.921730561467383	1.1843014423943425
957	0.9986094245997028	0.8879143401066266	0.9655729595815558
958	0.9811860176340464	0.7976882403529411	0.38197677067852087
959	1.0769659405744354	0.8414349628573808	0.6649372510748468
960	1.1766774617748872	0.8142430844830165	0.48905603010091625
961	0.9640786768097026	0.7551975725807973	0.10714064406477844
962	0.8040561502829751	0.780531387445883	0.27100362657206706
963	0.8873135838662699	0.7679933160091805	0.1899054662101627
964	0.9654838094958345	0.7435714852743509	0.03194133629885747
965	0.904501855325395	0.8573138874695994	0.7676445598565366
966	1.157107164396276	0.8958881017670449	1.0171484674328874
967	1.2261399590297308	0.824478015859772	0.5552571289122897
968	1.1230362641312646	0.7609346037035047	0.14424863729479032
969	1.2942040318121883	0.7745432590271619	0.23227149769397223
970	1.3533529113491038	0.8711917017351767	0.8574083813871715
971	1.3105568967970465	0.8387499413714959	0.6475701221557982
972	1.2469673231364573	0.7937745864329784	0.3566626595885938
973	1.3993458838124622	0.7847490304172011	0.29828398525912614
974	1.2108143363608113	0.8003718837114451	0.3993349856592578
