ID	SN	ssim	z_ssim
245	0.43394214072163817	0.2530530564257002	0.2951389167848791
246	0.6546037666754229	0.2533431544435627	0.29894737642208274
247	0.7963173037408492	0.18964925548220596	-0.5372377347958295
248	0.8094488252354691	0.34315643621564546	1.4780325043869824
249	0.9613184751045489	0.33307631255577036	1.3456988042827265
250	0.999242857533761	0.15237604031619656	-1.0265672950406501
251	0.8254547323546378	0.07943450552946678	-1.9841570543840255
252	0.5386222885103702	0.13947525412628267	-1.1959311667916388
253	0.46139655667919044	0.16319791937124348	-0.884495694953469
254	0.440158831222716	0.24295727149742508	0.16259961269543086
255	0.6409183185877023	0.26456252394821006	0.4462373035582778
256	0.7873312081843262	0.2882669926532553	0.7574338879048478
257	0.8756996733828304	0.20591561527070656	-0.32368999960206885
258	0.8449624378099773	0.21417036644875495	-0.21532012204000678
259	0.8170919006626512	0.22764332849127858	-0.03844462143990416
260	0.7881071725892904	0.12035576863973316	-1.4469352560168764
261	0.745411056445416	0.17869692791811448	-0.6810218866787456
262	0.7103474994022443	0.29606939116058956	0.8598651971826808
263	0.775679220427316	0.235304376821612	0.06213101695887295
264	0.8095687578208549	0.2176129915139009	-0.17012471290471212
265	0.7812430051928254	0.2397509759045769	0.12050677993400946
266	0.8011962375331823	0.1656771630314987	-0.8519477324391223
267	0.6548461231626532	0.12334674852624489	-1.407669127080874
268	0.42996997264069037	0.14236167636869926	-1.1580376896587459
269	0.4311433161517161	0.13234138093374248	-1.2895859539249845
270	0.4678118752701188	0.16090804575323908	-0.9145575730480673
271	0.6945700777122361	0.23398585388954202	0.04482120765884529
272	0.7660803494806836	0.2937661777393188	0.8296281917201586
273	0.7635254304504636	0.3197514457731818	1.1707675252394607
274	0.7358480722474781	0.28353971005037226	0.6953732605369352
275	0.6527392626603301	0.3025763244414144	0.9452894029204256
276	0.7373199566784598	0.3947785755109595	2.1557373551160524
277	0.7572659625392859	0.44133979352301655	2.7670015090890194
278	0.97682363066184	0.35110495895930544	1.5823821592645686
279	1.0686749220421141	0.40313118306645096	2.265391909031579
280	0.9508007057073634	0.22919585953339716	-0.018062711032585377
281	0.881417442523764	0.2211403556171469	-0.12381683423695596
282	0.6591757625636611	0.2572754838526975	0.3505717134141984
283	0.7289680043720818	0.42849988797058114	2.5984368894398977
284	0.7706061824091361	0.382596530790833	1.995809252342179
285	0.70724804607515	0.37689306520297794	1.9209331168774373
286	0.6985232316614628	0.2609474804575369	0.3987783539163335
287	0.5973114181705271	0.17684425934682813	-0.7053440572569811
288	0.5169474901247255	0.16390615257827212	-0.8751978803645589
289	0.547629428232361	0.150728734015481	-1.0481934323118118
290	0.5736932996630654	0.19362226901233892	-0.4850792892502039
291	0.751703110283184	0.30203945783685715	0.9382413203134359
292	0.8742238853495364	0.3266654517800275	1.2615358558970506
293	1.1241209538718868	0.17576127215379667	-0.7195617104579887
294	1.3433193432884578	0.1407988354445895	-1.1785549500754064
295	1.3180753530243774	0.08798311137720163	-1.8719293991751158
296	0.989366907189934	0.2674019782919578	0.483514177559434
297	0.8280864283676632	0.21129782599747987	-0.25303135648939556
298	0.7523635423375933	0.28665052807420394	0.736212646375358
299	0.863871732107504	0.33302068636940707	1.3449685335725123
300	0.9754740834958127	0.30264881624267975	0.9462410884961543
301	1.1727661335825177	0.2766993553454545	0.605571837591044
302	1.0679707820810378	0.2369669361509474	0.08395739876900742
303	0.862603652170112	0.2850674387756441	0.7154295616094645
304	0.7386945251622784	0.2853582085442791	0.7192468401132093
305	0.6110774600792465	0.20097984030533858	-0.3884877526940378
306	0.47785425565196976	0.18157012583529605	-0.6433020208971397
307	0.525356252984682	0.17147553259021098	-0.7758256803525326
308	0.6118303444916099	0.20538530472700395	-0.33065201304758013
309	0.7270186260203164	0.2056780654816034	-0.3268085965173172
310	0.876135852213984	0.21964680886791513	-0.1434243880997399
311	0.7593036937999859	0.18922113110307315	-0.5428582296535467
312	0.5399879303502803	0.14001274066586863	-1.1888749455646341
313	0.518229363117872	0.15451010381821223	-0.9985509205388835
314	0.5759091113890862	0.1615508895250847	-0.9061182028788366
315	0.6446665801575474	0.21174430044385795	-0.24716995860532018
316	0.629208908727371	0.1965513445358898	-0.44662585207073374
317	0.734426209008155	0.16127552578208312	-0.9097332282709365
318	0.8397000043018835	0.23280479731589832	0.02931608175995702
319	0.9243427136293961	0.3087592836575691	1.0264604181059278
320	0.9392139697033727	0.28260422928091394	0.6830920985417132
321	0.9970864851984874	0.31940295647549816	1.166192494241301
322	1.271368733920376	0.2317811787870464	0.015877831199851596
323	1.3348427641196023	0.12319757576159115	-1.4096274943159892
324	1.3708285507377655	0.28999161945539553	0.7800751028072667
325	1.144658061179404	0.36806658381610086	1.8050574609590195
326	1.0768625451543623	0.32614908232090456	1.254756863550104
327	0.9664717199263625	0.43860793342022214	2.7311371518878245
328	0.7939820632532374	0.26982871578929923	0.5153728295999107
329	nan	nan	nan
330	nan	nan	nan
331	nan	nan	nan
332	nan	nan	nan
333	nan	nan	nan
334	nan	nan	nan
335	nan	nan	nan
336	nan	nan	nan
337	nan	nan	nan
338	nan	nan	nan
339	nan	nan	nan
340	nan	nan	nan
341	0.5132866583453081	0.2169620588787533	-0.17867027514524142
342	0.5241298233416799	0.22566448877195602	-0.06442318983917973
343	0.631766097729664	0.19413048868688493	-0.47840728876015365
344	0.6604118761105281	0.22918079767767802	-0.01826044581888418
345	0.9290369418064537	0.23652376627203203	0.07813938384870694
346	0.9790151208730963	0.2570162626297446	0.34716860996662285
347	0.9927410732720512	0.21321595352455594	-0.22784982881228885
348	0.8388550342034855	0.2085144052333436	-0.28957261144754465
349	0.7661580696443695	0.20265711356597557	-0.36646820371275346
350	0.624529391243819	0.3015472215512403	0.931779152665578
351	0.6484980866866864	0.3449663008040928	1.5017927364792016
352	nan	nan	nan
353	nan	nan	nan
354	nan	nan	nan
355	nan	nan	nan
356	0.6275814730511429	0.18043720879419736	-0.658175162241282
357	0.7753279855341066	0.23918504689567716	0.11307716078735662
358	0.8431514269823672	0.29809344020284345	0.8864372818109811
359	0.8844330934965425	0.18711270325955143	-0.5705380545595364
360	1.005423642641984	0.28785269990839124	0.7519949772620703
361	0.9241206682923812	0.29607877255288284	0.8599883578100888
362	0.6696188696414904	0.20805043083512656	-0.29566375188802496
363	0.4852659674676393	0.22275850745265668	-0.10257344209724518
364	0.5487820832760042	0.23477576666169972	0.055191326461587656
365	0.6961800803258796	0.29943177805441124	0.9040072249846485
366	0.9025680606663922	0.23952590728018622	0.11755203802329744
367	0.9289103866965277	0.0919752845091832	-1.8195194228853542
368	0.9972382603257026	0.06422124797493693	-2.18387947156466
369	0.8825543018212153	0.27625283213513674	0.5997097995250835
370	0.9076859992173277	0.20812404788814462	-0.2946972938022547
371	0.7507965377475485	0.22717762886147738	-0.044558411034975286
372	nan	nan	nan
373	nan	nan	nan
374	nan	nan	nan
375	nan	nan	nan
376	0.4593974505240052	0.24771935646180077	0.22511713180635096
377	0.5391368418913418	0.20409240359206543	-0.347625454726323
378	0.6089665834595204	0.16969970457153472	-0.7991390741550003
379	0.5934838245584606	0.2856597391812681	0.7232053892574403
380	0.7049160756790078	0.27372007703013057	0.5664593290137364
381	0.8446436584565415	0.2835772866129893	0.69586657249779
382	nan	nan	nan
383	nan	nan	nan
384	nan	nan	nan
385	nan	nan	nan
386	0.9870712733851498	0.1662098064638795	-0.8449550924059687
387	1.0075684189030785	0.2332286304485457	0.034880240351906316
388	0.8211254484562684	0.2236294071179423	-0.09114011260491321
389	0.6998948126987169	0.2238545517821788	-0.08818437242924985
390	0.7085741617893783	0.2193864737318427	-0.14684211520171445
391	0.6520414690827055	0.20152032649487295	-0.3813921515159448
392	0.710803804001787	0.14963212742510912	-1.0625898834426923
393	0.6108604665995163	0.13615236801232464	-1.239554621158127
394	0.6354062756673454	0.1947734164370885	-0.4699668161077379
395	0.7031409722915637	0.24398612697525165	0.1761066148758992
396	0.7113976388710423	0.3117952758349415	1.06631747659803
397	0.7884093376710725	0.2655594945160189	0.4593257148302899
398	0.7820821051690152	0.16157044357695244	-0.9058614937229769
399	0.8053572370834032	0.3170299111526753	1.1350387228511456
400	0.7926624594079026	0.26337417428294974	0.43063643262377366
401	0.6788800867770951	0.17056571878812105	-0.7877698817233693
402	0.6317001000431103	0.16621761736909288	-0.8448525494191039
403	0.6886378905112673	0.2853535840506537	0.7191861289182665
404	0.6534452299009098	0.19775570680912116	-0.4308147647011315
405	0.7542202901349946	0.1637531701120592	-0.8772062620559082
406	0.7589131265957786	0.2575348195680533	0.3539763199389008
407	0.8038429097053	0.248913922676959	0.2407996147406312
408	0.84478279202079	0.2533750989477592	0.29936674969377675
409	0.8390326472500017	0.28062085578411916	0.6570540098856834
410	0.7118273788709664	0.2312631361396932	0.009076872932946562
411	0.6503609335663034	0.3183563798822293	1.1524528460283454
412	0.6004981365091314	0.22223837065804827	-0.10940189271089087
413	0.5538862396830619	0.2875593823212211	0.7481442505323587
414	0.5349768939042615	0.271943927656447	0.5431417164041785
415	0.5843299711229644	0.1845937673255099	-0.6036071044764714
416	0.5321043486364758	0.13511318898396843	-1.2531971527910004
417	0.5089130653900179	0.16892713143710644	-0.8092815550341786
418	0.5122631255896295	0.19564205534182408	-0.45856316629183963
419	0.48655831990843096	0.29532148491998556	0.8500465477801775
420	0.6047496670023529	0.2505046522565867	0.26168300250851784
421	0.5443885059214157	0.3351635351042258	1.3731002422112732
422	0.6541405561776094	0.29884106977215735	0.8962522990223757
423	0.667088082620286	0.1641923950374312	-0.8714400372045347
424	0.6265348449573669	0.08356179841681405	-1.929973201325678
425	0.7682249932722703	0.04588474441407609	-2.424604431402469
426	0.858699898676696	0.09083445232629805	-1.8344964756530857
427	0.9723707054728691	0.08832295429481868	-1.8674678794299258
428	0.90874932878466	0.06438724552982984	-2.1817002254176425
429	0.884286759161234	0.07132183056123112	-2.0906617295759866
430	0.7996512298096132	0.11186080508742371	-1.5584586853972888
431	0.6523364235857168	0.20856364008081224	-0.28892624739890427
432	0.6433242074265172	0.1665251084013588	-0.8408157511196342
433	0.6620981415516156	0.12160886360995266	-1.4304843969216385
434	0.6902593423976933	0.13019337762866975	-1.3177853327012532
435	0.7517435307010291	0.25005363483216014	0.25576196358084696
436	0.7306905091681584	0.23497405534119248	0.057794496376111185
437	0.6951370170702011	0.24742601606042502	0.22126610556759146
438	0.7030349190174984	0.29818371032542135	0.8876223644282856
439	0.503430485752069	0.26439898411651	0.4440903228491581
440	0.6238199323811423	0.17606744253754195	-0.7155422498729331
441	0.6258835784971104	0.2629011621165111	0.42442664271531033
442	0.6640569382807104	0.2910591858031465	0.7940903083416025
443	0.6983569254282419	0.2552185413948095	0.32356779803195035
444	0.607985583721605	0.13887063293023671	-1.2038687440212432
445	0.5815794738999064	0.15071540081426926	-1.0483684730067597
446	0.6629734108227239	0.1858824522415654	-0.5866890140874609
447	0.7107124924736749	0.36649401291211636	1.7844124635936656
448	0.8794571181874318	0.34734626337033425	1.5330373187013462
449	0.8068406479369137	0.35198618423386685	1.5939510452369006
450	0.892816364076426	0.2521972625779928	0.2839038992181421
451	0.6925945041150748	0.3252499588252807	1.2429530064704326
452	0.6328618982563762	0.4205533533941415	2.494113335583844
453	0.796281355796063	0.37743473497771707	1.9280442563777593
454	0.8846427455068191	0.22613190826714943	-0.05828682153786328
455	0.8195528773383571	0.2598284628964385	0.3840876874782567
456	0.8305918710675618	0.23310962990215764	0.03331797949585701
457	0.7170308963748507	0.251082325990133	0.2692668085403353
458	0.7696315773375352	0.28565967997487923	0.7232046119851795
459	0.6831404563374991	0.20819340626663482	-0.2937867443716583
460	0.6552036991779417	0.27345787353113626	0.5630170737028894
461	0.5329227531337885	0.21281408534435042	-0.2331256275063516
462	0.6778581849906355	0.26521228349413	0.4547674652696782
463	0.6930253825706898	0.3544282256046563	1.6260106093165185
464	0.7415723916501422	0.27669224949325605	0.6054785506686271
465	0.7777304125210452	0.28825231024387743	0.7572411345592562
466	0.6876848579625345	0.18499504723683252	-0.5983390286834915
467	0.628019114361174	0.15397071940850485	-1.0056320573506528
468	0.5929848389065142	0.20319620197738647	-0.3593909528205542
469	0.6297831357730898	0.20063589091141076	-0.39300318300847586
470	0.8340501236215875	0.15935476043881636	-0.9349493856796307
471	0.7568875497926639	0.25975395505512267	0.38310953496140265
472	0.49817571026222884	0.2988625608852257	0.896534438270629
473	0.5375229530099583	0.23255909090040752	0.026090403167274637
474	0.5120898610643082	0.20852165575050688	-0.2894774253371099
475	0.46769673979643006	0.15729229675911616	-0.9620257846678498
476	0.4137804255829354	0.17583733556106762	-0.7185631361878366
477	0.4140519708624377	0.18662523673184891	-0.5769376039563983
478	0.4694482777445512	0.15882711039177289	-0.9418764716402321
479	0.4822719100529653	0.147513596048472	-1.0904023493723838
480	0.5414369155276404	0.19306580674997653	-0.4923846272233804
481	0.4984312794770649	0.12057651883012958	-1.444037207294502
482	0.4512935681625838	0.09698533534527858	-1.7537465626286841
483	nan	nan	nan
