ID	SN	ssim	z_ssim
494	0.3086575800143517	0.12088674682943185	-0.3915864663535638
495	0.3762799783470429	0.1313966555706909	-0.2123288716418783
496	0.3684452368372848	0.12634616730993195	-0.29847028352580274
497	0.29333840445413	0.17406153221962667	0.5153656645375828
498	0.3476845468241635	0.13282197700354106	-0.18801850910364726
499	0.5028718905043719	0.08027803751928737	-1.0842108967356745
500	0.5054001680371216	0.12280648872566602	-0.35884324057889716
501	0.48830137685590685	0.22196143148386638	1.3323490409328194
502	0.48137863060142067	0.22392774420921133	1.3658865813885788
503	0.538488816852918	0.13745419657956143	-0.10901111143576625
504	0.5712081553269611	0.2959883832826799	2.594956895099923
505	0.662256242862459	0.23387722348688228	1.5355854596431002
506	0.7450395326645969	0.06403878852877652	-1.3611884410349229
507	0.6381512804511335	0.11474416605037335	-0.4963546696637998
508	0.49997841275948773	0.10128844058037215	-0.7258562802138665
509	0.537852533409714	0.07935342076240337	-1.0999812121541592
510	0.5180031185173842	0.06479673698388355	-1.3482608295472474
511	0.3838116583705973	0.06036862614854285	-1.4237869370522334
512	0.3177429212425776	0.049473088615465594	-1.6096218381301988
513	0.31269065743208374	0.05210658024848972	-1.564704856693812
514	0.3570389938845544	0.08924704158984699	-0.9312350587689572
515	0.5235585983572867	0.16149330547150018	0.3010012821128573
516	0.5406425798098956	0.2261712719859823	1.40415231735582
517	0.6275878067395445	0.15349002115566637	0.16449681460800847
518	0.6377670731659939	0.10647706827798104	-0.6373587543241817
519	0.6080008440321149	0.12100084942125025	-0.3896403261288213
520	0.4721189559618025	0.1523834774880639	0.14562354356625618
521	0.451718476806822	0.15336140610637083	0.16230314909215726
522	0.6056871308884627	0.09209695995090413	-0.882626690884445
523	0.6586857894183257	0.058908306411747324	-1.4486942326313392
524	0.6677310748072653	0.03685708603065565	-1.8248010879129624
525	0.6009166426960308	0.004771836218545308	-2.372048913620861
526	0.5906036592868684	0.0679835905422499	-1.2939056759835932
527	0.522873986541292	0.0817135054283252	-1.0597274753288102
528	0.7156569670256241	0.07505299488032201	-1.173329517913609
529	0.6500713082631104	0.17988339450115187	0.6146636751123036
530	0.5583439652297094	0.19043646330202607	0.7946574102286958
531	0.5067165686176468	0.24685504567499697	1.7569359249335046
532	0.6411557406879672	0.11875350149148291	-0.42797121884046624
533	0.6165039957000245	0.08592616492862472	-0.9878761179142111
534	0.4886016588451127	0.10984015809815519	-0.5799977051651999
535	0.4797960483452964	0.1599141762335261	0.27406756499818163
536	0.48527340634166677	0.15651689478457398	0.2161233414953587
537	0.5246600183537459	0.06670838553592112	-1.315655644306478
538	0.5511284102822924	0.05740214357277631	-1.4743834307399921
539	0.5125984224458817	0.0629809667103129	-1.3792307094769811
540	0.37518530455287197	0.09001890833794322	-0.9180700560931028
541	0.3509634593856768	0.06627819893857145	-1.322992931110442
542	0.3160036780799264	0.04925077934295028	-1.613413557587929
543	0.34335874270797606	0.04393948004805585	-1.7040033771416416
544	0.2947342431265157	0.05394663745244682	-1.533320737513178
545	0.3183235994339035	0.03373791791707572	-1.8780017947227858
546	0.4176131454524805	0.08729867080579175	-0.9644665804647795
547	0.501872034338355	0.10733659833988536	-0.6226985612366346
548	0.5260831149482094	0.12963823782753583	-0.24232054358655478
549	0.7584578280172027	0.166341254998409	0.38368818195868976
550	0.859552608106529	0.14433921541092698	0.008420157059472362
551	0.7958388927047356	0.22733825944721084	1.424056521141843
552	0.7547389095876406	0.21454040984206396	1.205775678350653
553	0.6422254149823172	0.217422509646109	1.2549329347370908
554	0.5115873614189109	0.22305136166852957	1.3509389514749903
555	0.5252700371367229	0.2669049419555992	2.0989080837753864
556	0.598623424793228	0.1873368111465608	0.7417895686983202
557	0.6159471628733729	0.17702650149784724	0.5659363473372689
558	0.6765476142051359	0.19655082558768236	0.8989443173280705
559	0.7267744557569153	0.21106674293940958	1.1465286202525236
560	0.7934940505080477	0.3476952076093375	3.476871399513204
561	0.5651105272469672	0.23803918728807644	1.6065721483619397
562	0.5445929597618199	0.15167824430495983	0.13359504672328934
563	0.617790795711156	0.04503843241223241	-1.68525958379816
564	0.6505768862595231	0.08929565972267636	-0.9304058251604718
565	0.8021096821776057	0.13837541423363542	-0.09329877130602099
566	0.8001762076070642	0.1664339747909397	0.38526961595592046
567	0.7027769864093678	0.15259424779501007	0.14921845377812987
568	0.5500221886782868	0.16451466115025562	0.3525336945320074
569	0.6200604236918559	0.12044971287754719	-0.3990405420216653
570	0.758368208510747	0.13274964051119886	-0.18925228438622785
571	0.7079579159372719	0.10872543922831243	-0.5990104129162476
572	0.7197672254441414	0.2547310989553483	1.8912703327399536
573	0.6877680112472061	0.2795417716211348	2.3144425614186064
574	0.5970894525945191	0.29735473522047595	2.6182614706132616
575	0.7782712268869842	0.26322813415976065	2.03619624317569
576	0.8374476531323267	0.19602860216489992	0.8900372452521175
577	0.6603421709444312	0.16726747205155057	0.39948579212016627
578	0.5683390422972561	0.15367609227407691	0.16767045407079897
579	0.5858274853543004	0.126914000299808	-0.2887852921077961
580	0.6636594000054558	0.10699501601869654	-0.6285246085220849
581	0.5522887154406663	0.1299843796391896	-0.23641672937524638
582	0.5875287601065488	0.18521647935488372	0.7056250703830647
583	0.6120489938458438	0.16638085229381921	0.3843635556566991
584	0.5442668451222087	0.13794629318551382	-0.10061788404240991
585	0.5158907424953896	0.1342056117599439	-0.16441915686392972
586	0.7484021468799602	0.16291362231281944	0.325226286056411
587	0.7401861397251374	0.1868685391148528	0.7338026945834953
588	0.7229342591208768	0.1968195988760007	0.9035285296531077
589	0.6973629594602356	0.19494282325651435	0.8715181391116621
590	0.714849915937847	0.16218659732121937	0.3128261069018678
591	0.6149757017843333	0.1478783160355857	0.068783256400994
592	0.9765720207327598	0.17161256970944033	0.4735960222007547
593	1.063931871787346	0.15742697498595612	0.2316457206054693
594	1.138647071137684	-0.00722842602217786	-2.576726061457236
595	0.9693213188633183	0.03165356475350245	-1.9135526395331734
596	0.6612446966581881	0.14676239755827447	0.04975008807748149
597	0.6273885153344029	0.11790594627179994	-0.44242716834545703
598	0.6952634829560208	0.09608384609434555	-0.8146261365449942
599	0.8581740685961335	0.07491670676126952	-1.175654055738873
600	0.7862822285356114	0.08385264595329173	-1.0232421742005098
601	0.6886965051974496	0.1576036142475129	0.23465848978718573
602	0.7033152387361383	0.07469663052862804	-1.179407688342898
603	0.9349447638463522	0.12376035718210265	-0.3425740065273277
604	0.8347097955301692	0.2785528799564282	2.2975759695566005
605	0.6894105349650518	0.3438163269565627	3.4107129928982673
606	0.7805081204536387	0.2335820506048976	1.530550974363416
607	0.8613998429290376	0.1643701026696645	0.3500680969551026
608	0.8311755993191161	0.19663413027586707	0.900365166775942
609	0.7387029744889859	0.2708204658782356	2.1656914800624008
610	0.7507445818654562	0.15811310519316513	0.24334839601695749
611	0.6304997876795503	0.21958990721135208	1.2919001895339093
612	0.8171497930088479	0.1297889470229091	-0.2397500390723253
613	0.864267476855439	0.13214309632453508	-0.19959753615429218
614	0.7086481503809904	0.1535733645014438	0.1659183234019559
615	0.5618264118726459	0.12542508939210012	-0.31418024030634106
616	0.4859892069675158	0.1182267441996211	-0.43695562084248357
617	0.5383491944476211	0.08846619092880678	-0.944553291569362
618	0.49184421483545154	0.08989304599185675	-0.9202167713481705
619	0.48079095392330606	0.13053932446768735	-0.22695155916271445
620	0.46901676747617366	0.12032027694804216	-0.40124820851654697
621	0.4971826861864214	0.10140688860815217	-0.7238360239889161
622	0.6203031619154932	0.11279488214350074	-0.5296017656337617
623	0.6371067767794905	0.1633076292894901	0.33194649121483805
624	0.6088056832507424	0.2134582192016739	1.1873177739109821
625	0.5471128398630247	0.22975921096886517	1.4653484064825486
626	0.49631675127141905	0.1896478748872325	0.7812072018649968
627	0.4747962503891874	0.2020095891264496	0.9920492953206802
628	0.5714145511708455	0.13850848299050272	-0.09102914310328843
629	0.5446859354224903	0.14994797483395544	0.10408347329185831
630	0.48605252200967014	0.17874213765817157	0.5951983341985638
631	0.5027133311348153	0.1386656481864839	-0.08834852467951713
632	0.45958270100618187	0.1443414752287982	0.008458700640206897
633	0.496318672233125	0.12399410024498905	-0.33858727169783587
634	0.5848742756185042	0.11055199259218265	-0.5678566159917761
635	0.5398843449600795	0.11733346600908463	-0.452191423910436
636	0.4139264967452611	0.1787474686231009	0.5952892594362847
637	0.4561951586136192	0.18940237126917955	0.7770198783450101
638	0.5036764077784222	0.1175655746879175	-0.4482325652273012
639	0.5141423830686821	0.12736590536211775	-0.28107757394373006
640	0.467085404303495	0.11591145721229779	-0.47644528594162344
641	0.5735518195129429	0.12285870096549018	-0.3579527056793271
642	0.5980625195445471	0.12171599822397076	-0.3774427079198869
643	0.5978845570434668	0.1348758412453187	-0.1529876850585192
644	0.6734413306355177	0.18110348051691516	0.635473530831459
645	0.6292465305749395	0.16832886562041385	0.4175889805379651
646	0.61908372553398	0.057370470587370964	-1.474923646960787
647	0.5824788918774303	0.10025812073287632	-0.7434294734920116
648	0.5238889944030213	0.2724939511509764	2.1942345390139297
649	0.7005827614474859	0.21548980733918513	1.22196865546863
650	0.7641483799558264	0.1033421484299757	-0.6908281236024573
651	0.9790328966565014	0.06812450916511431	-1.2915021600248302
652	0.9223864500557974	0.06493966764578757	-1.3458229961374404
653	0.9043033846451277	0.13078494615099434	-0.2227622219151131
654	0.6213670714473074	0.18186189291079216	0.6484090552848936
655	0.8090658825893771	0.30938145602886447	2.823389897268128
656	0.7584520133761181	0.2692856096370347	2.139512885671206
657	0.7297047021464249	0.1841617813187789	0.6876360813486421
658	0.6781705717552036	0.19434005858309605	0.8612373509341241
659	0.6194064362091344	0.15086874431316413	0.11978816932588948
660	0.7740043926678968	0.14702485416629993	0.054226562748106936
661	0.7705939276036732	0.12425304673026515	-0.3341706658782808
662	0.7205922317666235	0.14148508778957422	-0.04026000420542823
663	0.5377183871854173	0.12380945276960661	-0.34173662942505395
664	0.4069971542609676	0.09615622740145668	-0.8133915968991935
665	nan	nan	nan
666	nan	nan	nan
667	nan	nan	nan
668	nan	nan	nan
669	nan	nan	nan
670	nan	nan	nan
671	nan	nan	nan
672	nan	nan	nan
673	nan	nan	nan
674	nan	nan	nan
675	nan	nan	nan
676	nan	nan	nan
677	nan	nan	nan
678	nan	nan	nan
679	nan	nan	nan
680	nan	nan	nan
681	nan	nan	nan
682	nan	nan	nan
683	0.2828713782832803	0.1545763875637889	0.1830259411770262
684	nan	nan	nan
685	nan	nan	nan
686	nan	nan	nan
687	nan	nan	nan
688	nan	nan	nan
689	0.42751983116913617	0.10644430914661693	-0.6379174959115487
690	0.5577498793434381	0.11633879165926814	-0.46915664557497294
691	0.5296677008864127	0.1757602533968451	0.5443391484954937
692	0.5010796404048989	0.17930273893018225	0.6047599810298482
693	0.5580835968526351	0.18932316345076952	0.7756689053384794
694	0.6709213771730741	0.14396287132442911	0.0020012111494347143
695	0.6391664006962461	0.13312147397160531	-0.18291027196854456
696	0.677496802262113	0.14232936480712688	-0.025859967900382794
697	0.8305146519946592	0.08192653790630747	-1.0560939814004893
698	0.7350101086744827	0.1594678319287609	0.26645469142760825
699	0.6515400451611632	0.22615102836311313	1.4038070409853856
700	0.5818148162520059	0.08956153055854188	-0.9258711172277434
701	0.6778480174008178	0.12256874791720274	-0.3628981611818361
702	0.6686046562797172	0.15914361925149448	0.26092490176600425
703	0.5730603225092941	0.11983510625052174	-0.40952330722607994
704	0.5920306009175436	0.1720376345791216	0.48084595252949064
705	0.5876317862674943	0.12817298455446022	-0.26731198583798327
706	0.5901697174857241	0.08725593007300333	-0.9651955688075411
707	0.5627406980648133	0.189349695987978	0.7761214457856592
708	0.4921092987208855	0.17185258387077895	0.4776897172382198
709	0.6267949703355555	0.13835535347739752	-0.09364092869290536
710	nan	nan	nan
711	nan	nan	nan
712	nan	nan	nan
713	nan	nan	nan
714	nan	nan	nan
715	nan	nan	nan
716	0.388795783771402	0.10144265409808345	-0.7232260057807086
717	0.456298287423935	0.11091688692733108	-0.5616329576848448
718	0.5171743609945898	0.043462641969913646	-1.7121363542263193
719	0.6035735827026506	0.08113477919097146	-1.069598262588581
720	0.5632902187868171	0.08649903382599693	-0.9781052337746621
721	0.591619922483433	0.10999299740091056	-0.5773908694196349
722	0.6271524926540062	0.05697951972659092	-1.481591726834666
723	0.5382791760631885	0.10722800646382621	-0.6245507103833893
724	0.6030922649615889	0.11628475509578948	-0.4700782962414191
725	0.5630643697738442	0.1557835682242125	0.2036156824295345
726	0.5311020526215846	0.20815721868087306	1.0969036108275534
727	0.7826706357747141	0.19928842564193774	0.9456369778534568
728	0.8084561214986732	0.12534336371153948	-0.3155741581113515
729	0.6760168714272357	0.19203424147224782	0.8219092045808585
730	0.5712969683757742	0.17689678782487314	0.5637239436341547
731	0.5386916252999451	0.10355022793375734	-0.6872791078807252
732	0.4676051978459297	0.10637019637159172	-0.6391815675714931
733	0.4537751461655429	0.08212595053938548	-1.0526927883130213
734	0.4454967366873655	0.10768722379153794	-0.6167182738092853
735	0.5757853683684248	0.13387612933782722	-0.1700388275901418
736	0.6080662101482137	0.1793540067242045	0.6056344074086926
737	0.5775142368490801	0.1264544106369828	-0.29662407925054096
738	0.5048498214204582	0.13033425570250973	-0.2304492235574513
739	0.6738317508714876	0.13549094153840285	-0.14249649985803686
740	0.7478623912134765	0.12977867112767066	-0.23992530531956885
741	0.6857725235391164	0.10489985093819365	-0.6642598619958339
742	0.6431682472891979	0.11515182978387106	-0.4894015340926882
743	0.6110517540634518	0.18776736947914918	0.749133195839427
744	0.6210371253099164	0.18855834745219557	0.7626241606431076
745	0.6801196850022613	0.23889846672228193	1.6212280667293568
746	0.640114800738167	0.12220612853193369	-0.36908301781565045
747	0.620247488037586	0.12252957530405013	-0.3635662914753695
748	0.4875038459254903	0.11035253258785946	-0.5712586170458664
749	0.4816503444082966	0.12416042841245292	-0.33575036911700495
750	0.3840792197930803	0.16947013887354367	0.43705460134413815
751	0.33685151818562	0.18083507510701247	0.6308955930613734
752	nan	nan	nan
753	nan	nan	nan
754	nan	nan	nan
755	nan	nan	nan
756	nan	nan	nan
757	0.4354926764888347	0.14112982615628203	-0.046319366607624896
758	0.556931971426621	0.22531095426308545	1.3894786898780758
759	0.6115347055099231	0.1645416899057901	0.35299469850686976
760	0.5889486085620868	0.09586446537607035	-0.8183679064168629
761	0.5790158914300811	0.14571479802042836	0.03188217142867619
762	0.4621215578827075	0.18525308699240117	0.7062494523078756
763	0.525614922106135	0.15392626121198405	0.17193734954866
764	0.5883977431845024	0.137229586727394	-0.11284206970945894
765	0.6773821793040633	0.10645393185781542	-0.6377533704080346
766	0.6795059637667039	0.2975246819743794	2.621160092007965
767	0.7003508966044617	0.25902275825485405	1.9644691151738414
768	0.6730244429484387	0.1535955155496835	0.1662961329268099
769	0.7611728579570345	0.1458284960470735	0.033821411367065395
770	0.7326542789420709	0.1706865178207585	0.4578012290935947
771	0.8260346757568205	0.2109283001489766	1.1441673322309855
772	nan	nan	nan
773	nan	nan	nan
774	nan	nan	nan
775	nan	nan	nan
776	0.5872517377584411	0.17308051298977423	0.49863334536730314
777	0.7288639941526541	0.1912934304662602	0.8092738903894078
778	0.7816032408386016	0.16195723543514318	0.30891409767050804
779	0.6779517766642215	0.1703117661460542	0.4514094434486871
780	0.5232123688880059	0.16536479820933703	0.3670336800350159
781	0.5281509990836184	0.22149069812308533	1.3243201862508662
782	0.5785060962156365	0.19236105005669873	0.8274832701814303
783	0.5102850772306192	0.14484548784003792	0.017055168090062713
784	0.5828161280356565	0.19212533160751302	0.8234628430520947
785	0.6407967710086918	0.2123627147596132	1.1686327885210672
786	0.6021034335272707	0.1845386379072024	0.6940637685203537
787	0.6284433419099561	0.20441311702540826	1.0330440023725465
788	0.5585519947598864	0.17070718784336636	0.4581537781619587
789	0.5129701781655102	0.15489995964122907	0.18854480473195773
790	0.5690392332050425	0.12769449465869545	-0.2754731364169522
791	0.5845910691298327	0.1285584305376444	-0.2607377974660488
792	0.5542939222442207	0.1545110224503642	0.18191107012542806
793	0.4506527182329408	0.21780941796973227	1.261532064869816
794	0.46722364510869946	0.097342422576795	-0.7931597852608101
795	0.5793998418205688	0.10476128778319123	-0.666623202962239
796	0.6153719003028743	0.14741742261895555	0.06092223236001108
797	0.6402651783756468	0.174271657387768	0.51894957122571
798	0.6807531520508886	0.27375286126778176	2.215706580784456
799	0.5696681128890674	0.2414095922156188	1.6640579644036952
800	0.5907467905051201	0.11696376000821983	-0.45849715025849963
801	0.5491234568272735	0.11335418620142548	-0.5200622441589003
802	0.6743725605194544	0.09039642753965338	-0.9116310673518998
803	0.6365952283849053	0.13501038081935582	-0.15069297051539954
804	0.5434499224274479	0.19504507907452684	0.8732622200959465
805	0.45053159790046676	0.2783967961981496	2.2949137961951194
806	0.5549718014844278	0.16786123572785697	0.4096130587846246
807	0.6516749407993538	0.16045710629501014	0.28332781066865326
808	0.5493237618498644	0.10724770585417467	-0.6242147164734433
809	0.6103478956835959	0.15098386041202572	0.12175159598377386
810	0.580060219121632	0.1696760854437868	0.44056723763145184
811	0.5433505034818218	0.14793221484672386	0.06970255755577143
812	0.5257181988997274	0.1287093343032659	-0.2581639743507204
813	0.579458478340842	0.1437588040049429	-0.0014793725312546124
814	0.6611301587204126	0.21852960158216297	1.273815557076394
815	0.7334576221736171	0.22454519433982917	1.3764178455502227
816	0.6088028418472925	0.1746554549352726	0.5254956437859627
817	0.7212920099771054	0.08886109085149653	-0.937817856273402
818	0.6624132916000022	0.08855843537321943	-0.9429799651363727
819	0.5917038207752026	0.19417998887232552	0.8585071929427157
820	0.6146074713038729	0.22686148941944245	1.4159247047281691
821	0.7588201426502647	0.1463334250164309	0.04243350827252458
822	0.7518060653561972	0.18099197079887874	0.6335716148078007
823	0.558053407468726	0.15792643217102462	0.24016449045028931
824	0.6314847209673643	0.09735806843752802	-0.7928929285800109
825	0.6474982797875006	0.1380587091275192	-0.09870051141175885
826	0.5231865786564892	0.19718541359105424	0.9097678860114753
827	0.42395115353931456	0.17486695523271897	0.5291030047568727
828	0.48009147800644597	0.07463309657307127	-1.1804913270628918
829	0.48437403660446604	0.06929623029551948	-1.2715172185110444
830	0.4661014364364251	0.1479413673863739	0.06985866378690617
831	0.5412463664880911	0.15511148441911654	0.19215258324264808
832	0.5665480165006175	0.2283347413240589	1.4410525720891103
833	0.6564755013466038	0.25220993020222787	1.8482691366617767
834	0.6493059941160457	0.14404678276345978	0.003432409373866802
835	0.5885208757792806	0.12798874609241018	-0.2704543674107955
836	0.4583023567035008	0.11517586931387239	-0.4889915145166742
837	0.41561691666735756	0.10064568497532145	-0.7368191559709627
838	0.44334070106907214	0.085344236955313	-0.9978015141625908
839	0.36402387842616885	0.0911422754944249	-0.8989098426786438
840	0.5440088163590228	0.1432929065777236	-0.009425745258339849
841	0.646404239526593	0.12386949707562363	-0.3407125103639162
842	0.5638926186430618	0.19427129444740354	0.8600645059675187
843	0.49822359307637937	0.1840748537612569	0.6861534400375543
844	0.5134771759868128	0.15284493528012913	0.15349419362640754
845	0.5646758884067286	0.12926826876913608	-0.24863075665873244
846	0.5334322691527591	0.19084135440537237	0.8015632556639744
847	0.6247362823201812	0.17893577422153734	0.5985010103160946
848	0.6669609529601171	0.16658310928681005	0.3878132623068458
849	0.6063860784108723	0.11896355831385773	-0.42438847786157746
850	0.47632956726016196	0.21032570629690855	1.133889457592007
851	0.5567899466198848	0.2550027899906693	1.8959043103220017
852	0.545771345207607	0.08977149250117178	-0.9222899945231214
853	0.6414450241727947	0.05866113317393257	-1.4529100332799056
854	0.5111821159469387	0.09999205926936361	-0.747967432780614
855	0.4783386698906189	0.11324184059024861	-0.5219784172229842
856	0.45238687357802904	0.1206737366813621	-0.39521957942164065
857	0.633127347131613	0.11571360070879273	-0.4798199375955569
858	0.7703175608401699	0.08042529607584885	-1.0816992465111301
859	0.7641707462099331	0.1011702282678271	-0.7278725160665095
860	0.710557520034273	0.07722011727022567	-1.136366956522859
861	0.6278732473897962	0.06855832158208036	-1.2841030310375237
862	0.6188902864697379	0.07148700879687354	-1.2341511771526537
863	0.5562373274932336	0.04731739099826859	-1.6463895379549789
864	0.6203043926563793	0.13271539187970094	-0.1898364309716671
865	0.628650300779408	0.09209033122141293	-0.8827397508675371
866	0.6411463122863933	0.15165670756277438	0.133227714837054
867	0.4639874506072256	0.11885304249736398	-0.4262734418446134
868	0.46193684619825714	0.12545456674365896	-0.3136774729399448
869	0.41894527038277013	0.1570687744253143	0.2255362316930721
870	0.5891445953745111	0.1088475557967137	-0.5969275858560925
871	0.5613288905286168	0.13258266886876285	-0.19210016211238146
872	0.5331806539975085	0.16314636593448534	0.3291959743602237
873	0.4488858001219016	0.1533393829235782	0.16192752044756176
874	0.5402427610555544	0.05711834956616777	-1.4792238372811575
875	0.6522477013270662	0.055735094052003394	-1.5028167211439223
876	0.5293904903796034	0.07870930825012003	-1.1109672313973464
877	0.4946592474269223	0.08985058310346179	-0.9209410207613276
878	0.5191765202784272	0.20450026845836108	1.0345304621155762
879	0.579623608312741	0.21571181179022836	1.225755175874185
880	0.5920766555865211	0.1750515302080623	0.5322511259193453
881	0.563216141427896	0.22300157479704774	1.3500897837943029
882	0.48224370953920975	0.17822917340435054	0.5864491870292787
883	0.5285073257277806	0.21627956073797025	1.2354387338648236
884	0.6080430248858505	0.12292635606504462	-0.35679877649547986
885	0.5317865659133594	0.09689608654300569	-0.8007725177611534
886	0.5910991553325357	0.08201239546577305	-1.0546295900364429
887	0.7605669349870866	0.09673337775940383	-0.8035476879272304
888	0.7370286615867538	0.0833426837998186	-1.0319401173773821
889	0.584592358769093	0.11478647608076722	-0.4956330274053081
890	0.5124139319071281	0.15679474413782235	0.22086235569440432
891	0.6353236920491316	0.12017739685900888	-0.4036851793526257
892	0.6408765677448386	0.09798554893860997	-0.7821905858554861
893	0.5813744299885467	0.08417078879677353	-1.0178159119653867
894	0.6166806719267065	0.07856000124140783	-1.1135138201370065
895	0.4630235506650257	0.0759199855803976	-1.1585420757617246
896	0.48670477639018944	0.09182589168336033	-0.8872500465042524
897	0.4571961761955093	0.06320637578410959	-1.3753861196342207
898	0.4049442954134301	0.061935438166465115	-1.39706330313565
899	0.6713949922893166	0.10715771263872129	-0.6257496458186634
900	0.68898301753391	0.17140383804396211	0.47003588317243933
901	0.6910607837414849	0.3291190235085885	3.160034958512595
902	0.4638497043853522	0.237390489028274	1.595507914351102
903	0.5935635401780536	0.22590504100684392	1.3996114667991704
904	0.7394321862405461	0.14669695710336036	0.04863393199720178
905	0.6296426518051165	0.1132680351323504	-0.5215316416393574
906	0.492973541946843	0.1978175574548095	0.9205497673120873
907	0.5663908114681218	0.12924466847099886	-0.2490332846713639
908	0.721566948633783	0.16745506925239736	0.40268546053083726
909	0.6794298648439487	0.29210529165192706	2.5287266658077088
910	0.5489356090052943	0.2861358939808527	2.426912283329433
911	0.4099727084929991	0.19915270046589767	0.9433220416158802
912	0.5746943610836862	0.18039897909512512	0.6234575149506286
913	0.6801037780944412	0.1378165455963842	-0.1028308662213807
914	0.6494205542077179	0.19880519980644903	0.9373950508201424
915	0.6264524462403102	0.229525541404391	1.4613629252461102
916	0.680636692711655	0.23087829994107525	1.4844356509454077
917	0.7414503547564014	0.2253740860169736	1.3905554686237838
918	0.732502091671703	0.11977147536068182	-0.41060859926265963
919	0.5185917215903091	0.12536805372645862	-0.31515304382798703
920	0.4998664731763289	0.15920646016309975	0.2619967198893747
921	0.4605176765957721	0.1661621046961136	0.38063258432488023
922	0.4605162308976174	0.13385402934932436	-0.1704157662372517
923	0.5727646307647056	0.14431965306109873	0.008086500520348063
924	0.7737927276400409	0.15628957576435124	0.21224617549891403
925	0.7620333506215407	0.18284270885508405	0.6651379072052168
926	0.5594219670993088	0.2047343273287964	1.0385225833763878
927	0.5442053495223567	0.19162327433627685	0.8148997259913345
928	0.5158399491245176	0.0947584024967288	-0.837232977106991
929	0.4541104886105546	0.08427893581475566	-1.0159713503430186
930	0.4056339620704463	0.10091024532990707	-0.7323067996806637
931	0.43015134856269627	0.10890661576403432	-0.5959202557311329
932	0.49551268355946543	0.22827210813640667	1.4399842969171681
933	0.5253244533238071	0.18870007530331298	0.7650414788444755
934	0.508686435019582	0.1290576424394334	-0.2522232111866419
935	0.7213280933763242	0.13990264719834347	-0.06725019994752553
936	0.8218265367454856	0.07122782054792323	-1.2385719065070362
937	0.7627583222685348	0.08150097100409792	-1.0633524744242686
938	0.5884814324788048	0.16253694236516592	0.31880161167960896
939	0.5419152491541547	0.15827939049613932	0.24618456749864118
940	0.505332750880775	0.15342741180582137	0.16342894601504734
941	0.42494511216627173	0.1592230049503162	0.26227890871084303
942	0.430177773097877	0.0735063010925052	-1.19971001416579
943	0.435120182918503	0.07211344991500636	-1.2234665622021783
944	0.4577346800167028	0.13219448732091837	-0.1987210084290474
945	0.48787141184723337	0.1721394911675868	0.4825832242321585
946	0.5250052829813451	0.1636750449934466	0.3382131541299958
947	0.6585767307909287	0.1431317245400103	-0.01217487516065626
948	0.4828404696187121	0.15802636744479412	0.2418689921014263
949	0.3966325120534296	0.16767660938233836	0.4064640614495527
950	0.3244208980975678	0.18527314153544314	0.7065915037221407
951	0.3332140668789041	0.18517643410517534	0.7049420563513469
952	0.33173051680322835	0.19070637790559533	0.7992610888908559
953	0.3810524314556706	0.09112653640661267	-0.8991782894457505
954	0.42360774633707754	0.0607458094969983	-1.4173536766430357
955	0.36649588709114644	0.09194795272061813	-0.8851681665864041
956	0.3910224432641325	0.11488773867084606	-0.49390588697253274
957	0.3450179051075737	0.1098967369629485	-0.5790326928645173
958	0.37525540056777923	0.0744395800616848	-1.1837919555671101
959	0.354978092871763	0.11482792631382474	-0.49492604989855205
960	0.3899824763429457	0.08502623233064725	-1.003225418929812
961	0.3861367068402634	0.1012104085077359	-0.7271871996343396
962	0.38337175648094596	0.060490768024013895	-1.4217036783532724
963	0.46325465379966013	0.047792146728245985	-1.6382920775177399
964	0.48383542758732984	0.07816312313965428	-1.1202829953663587
965	0.4699442126328656	0.10764407465580045	-0.6174542278957206
966	0.47356760974643747	0.11807231830767029	-0.43958951754261744
967	0.4696044024684437	0.07111488196195367	-1.2404981933825412
968	0.39455756711732826	0.07072191511467711	-1.2472006580355113
969	0.3250898341105305	0.02324828229445873	-2.056913609982475
970	0.28350488179061073	0.06727927815674413	-1.3059184676509248
971	0.29092460034443907	0.01952832731270814	-2.120361371412274
972	0.2539958099185146	0.023655815577310415	-2.0499626993849205
973	nan	nan	nan
974	nan	nan	nan
