ID	SN	ssim	z_ssim
494	0.2885635237606126	0.3375448788599073	-0.24637788176504175
495	0.4364374861504968	0.26675022149521954	-0.7645834948226805
496	0.4948591628535445	0.13202872438579813	-1.7507233901257608
497	0.47928586945906987	0.1522443516529271	-1.6027482192404416
498	0.49348034228162563	0.28990163783603407	-0.5951188156415562
499	1.3359543869116621	0.27646806484448305	-0.6934504297318809
500	1.6248682880949483	0.20902028484065957	-1.187157433725264
501	0.9076755951009676	0.3470030189668072	-0.17714580303298427
502	0.3122071111733169	0.283423137682057	-0.6425404046280191
503	0.39415692702524574	0.19111197075215147	-1.3182434397392295
504	0.4049867689000702	0.4509884784665543	0.5840111937663941
505	1.281329440252104	0.4840144626080719	0.8257561360538545
506	1.8502592034652436	0.37931068392078826	0.059341157242770046
507	1.3816142732468188	0.46240146042240204	0.6675524033915693
508	0.37524804342347123	0.5780761035203394	1.5142723618342213
509	0.7955378018757533	0.4356842949397921	0.47198700857995296
510	1.1272896935055148	0.34499511275222616	-0.19184335662843688
511	0.8196111916899117	0.35809378077222426	-0.0959631935735431
512	0.6269229091360714	0.33279797556769486	-0.2811244575976589
513	1.063378448276139	0.4542323553478333	0.6077558557298991
514	1.193713400791555	0.4644162526994964	0.6823003618675468
515	1.0673088623991207	0.44472059163853894	0.5381312607715106
516	0.7471095888855066	0.5192001991651107	1.0833101219358412
517	1.3732063844833449	0.5756544118398561	1.4965459645517705
518	1.6750749660908204	0.4668263530703261	0.6999419126100358
519	1.2208320053723376	0.5374991032548124	1.2172551845305886
520	0.4230522381040629	0.5722822640501048	1.4718623799740922
521	0.5572915677976937	0.16028789598567506	-1.5438707562048335
522	0.7377585612856834	0.16013723006216207	-1.544973606761179
523	0.9309084948110459	0.19321053379902836	-1.302882292574622
524	0.9329454623085496	0.31714942150106296	-0.39566938027157567
525	0.6163821356539629	0.2734098167599356	-0.7158363184772901
526	0.6853477981209082	0.15225614310163493	-1.6026619077144886
527	0.49178974926589525	0.2275961727849689	-1.051184893443258
528	0.7835115536409422	0.20359104800111624	-1.2268985824164365
529	0.7902185210394476	0.35715052762361377	-0.10286765634431794
530	0.47956890269121094	0.5095671056898405	1.0127974124205057
531	1.0400843609664765	0.50980268816328	1.014521838593592
532	1.3232977209063024	0.3754472777200881	0.031061639363174937
533	1.4465866923116721	0.373191742855397	0.014551483500578158
534	1.7206110080211285	0.341544227062623	-0.21710329008867885
535	1.0166182863528916	0.24768240890076634	-0.904156845171367
536	0.4334786263348907	0.21807402923992486	-1.1208854671456412
537	0.7187025082720091	0.1461065848312228	-1.6476756945195663
538	1.3792120141346305	0.1009154909514217	-1.9784673019722583
539	2.04129788405508	0.2538274420552534	-0.8591761814939288
540	1.9878176057130572	0.519976834069023	1.0889949657006834
541	1.1988773421075276	0.5354920206220005	1.2025636594224747
542	0.5649101791204704	0.5304604647783966	1.1657334722639014
543	0.6969919809584352	0.4426568046812348	0.523024669042124
544	0.7601767729689612	0.4213436226615508	0.3670155722281541
545	0.8379806843915801	0.3728506956895852	0.012055072581733137
546	0.9463804854049366	0.3376971754965046	-0.24526309464872084
547	0.9100274680730613	0.5982829059413591	1.662182936251976
548	0.8508198341866426	0.6352885126869461	1.9330580819763479
549	0.7189388144912385	0.6468183825087428	2.0174548921579474
550	0.7334756875851014	0.3789332200708566	0.05657818199799554
551	0.8085309238974703	0.49129994041856756	0.8790846729200965
552	0.8772809837200248	0.5706996494555349	1.4602778932805782
553	0.7704437942178114	0.5102947584098834	1.0181237144031599
554	0.5824862838570468	0.5593867744554197	1.3774694506225418
555	0.8468311209435935	0.3790302408606755	0.0572883587223271
556	1.1443199789999543	0.21986758426722036	-1.1077569300911505
557	1.1351403254131451	0.41890684455118576	0.3491787446825066
558	1.368648585193327	0.5000422343573936	0.9430768717489184
559	1.2823222705550699	0.4714925043065506	0.7340973962580642
560	0.9655779376391834	0.3326366530618452	-0.2823053126389253
561	0.4516578678705184	0.5077715890356813	0.9996545165698947
562	0.40993470280752853	0.4019183590496467	0.22482573738005085
563	0.48744045412571996	0.1002816191878276	-1.983107142294687
564	0.5981034061426819	0.1899952281971704	-1.3264178173246794
565	1.8321218126909635	0.3331216112810324	-0.2787554957369708
566	2.545176393773137	0.6551112290740416	2.0781572078175348
567	1.5175998300875155	0.6442104224526591	1.9983650400419772
568	0.534907121926635	0.5825780061479988	1.5472255718352868
569	0.9815542526178963	0.47247177785996763	0.7412655226533299
570	1.505847255559543	0.4634621365659468	0.6753163837776852
571	1.6483760178713964	0.4172451062444629	0.3370150850218526
572	1.080685768112919	0.38800057701726376	0.1229497902539751
573	0.48760233932605274	0.31375547522098224	-0.420512526325577
574	0.4436144097412537	0.27002479461317863	-0.7406141412971351
575	1.0054096687082563	0.3197874319176751	-0.37635956430409545
576	2.122911100033966	0.44157504840504136	0.515106385443461
577	2.346801247419244	0.555260443393746	1.347265364649241
578	1.3360183136043269	0.6361470629467213	1.9393425330955298
579	1.1215335052916595	0.6577986380244716	2.097828613182494
580	1.3065380115864693	0.5640828468476303	1.4118439523654145
581	0.4971723145266111	0.44004511563841253	0.5039075213373213
582	0.4319271129706618	0.5060877540979607	0.9873291130907246
583	0.5892802924401672	0.44429566794863173	0.5350208870593142
584	0.5959487155358164	0.436046525095824	0.4746384756123803
585	0.5835217222833021	0.5257504590727904	1.131256980886798
586	0.7970681952139332	0.4971677056820569	0.9220357798091529
587	0.7158507136292401	0.48944945446226307	0.8655394105353726
588	1.3878238100937048	0.5026477242587047	0.9621486427254936
589	1.8458246068320527	0.45353453652594405	0.602647933128657
590	1.5215084182938567	0.3582265227698699	-0.09499154329894544
591	0.3806007455869937	0.34110681484393623	-0.22030507784189618
592	0.6144510759395223	0.2688808045210778	-0.7489879665132829
593	0.8496575286674592	0.16853841335830871	-1.4834782834917595
594	0.7926650330779793	0.18261756975134474	-1.3804211017555175
595	0.5209007683320849	0.16689216225483244	-1.4955285792920363
596	0.49776775148113717	0.143119870707533	-1.6695379660681338
597	0.4366532993960247	0.11860496897335955	-1.848983141101098
598	0.7742839637822152	0.15389700570496606	-1.5906510548767898
599	1.0317493226679733	0.1498120306707994	-1.620552421317492
600	0.9976474029827014	0.3384026184037573	-0.240099364957271
601	0.6435428733579951	0.38230568804234305	0.08126411025496448
602	0.9399288546822604	0.375596969165438	0.03215735689461832
603	2.133989406739745	0.41087724013214044	0.29040331959432475
604	1.9331009498563194	0.4070278900380049	0.2622266901753938
605	0.7278948879389168	0.33862784414695746	-0.23845074839952465
606	1.1001665689451459	0.42809555652141623	0.41643865237885264
607	1.5172569707010224	0.41894941724052515	0.34949036998588195
608	0.9813812837413032	0.49405633582965824	0.899261048186318
609	0.6070889581022678	0.4456951142504074	0.5452646110315506
610	0.5549273014295875	0.19827563806528206	-1.2658065363071145
611	0.30492068238235515	0.28097553005922377	-0.6604565024795994
612	0.8616365988426052	0.5636047861378617	1.4083446241335076
613	1.9777414136491864	0.5076018667079572	0.9984121761707485
614	2.0643741703720506	0.46681021238105314	0.6998237653360574
615	1.0935649892710968	0.5839347130311272	1.5571564500721768
616	0.7819602930944441	0.5714869734735032	1.4660409796573448
617	0.5377814015799732	0.5581949170085772	1.3687452439958077
618	0.4124092726156665	0.4716480899354487	0.7352362582740322
619	0.7807910257807422	0.46938396475418653	0.7186632226627258
620	1.3552734481522037	0.5421377559869487	1.2512093835096936
621	0.7415904102589548	0.5117148879827185	1.028518836624337
622	1.398076568279913	0.5633510228142841	1.406487117033944
623	2.234285585564996	0.5179696464948382	1.0743026724384395
624	1.6129595537603019	0.359596218713948	-0.08496558720529265
625	0.5987910375822111	0.27005631518487166	-0.7403834157341316
626	0.3912314315695687	0.3617414947864599	-0.06926250813525493
627	0.7911203463243751	0.36839649007391584	-0.02054900289055002
628	0.9218232742188504	0.3735212076948542	0.016963113635778168
629	0.9711534115485457	0.4121755923000406	0.2999070506126912
630	1.2003470272308079	0.4780778568802954	0.7823011279337304
631	1.4330085602317786	0.46902900324507557	0.7160649609677343
632	1.0469745099952137	0.4931770355836389	0.8928247104736721
633	1.1541529624096054	0.4948156950333799	0.9048194365780926
634	1.2205136568728414	0.3991367785431448	0.20446501122785427
635	0.7717427113504293	0.2766680656828159	-0.6919864554589861
636	0.545201330673835	0.40668293781324594	0.25970169484720157
637	1.0157321390879712	0.4328758171494233	0.4514293985950678
638	1.8235223255248356	0.2521539632725669	-0.8714257795681697
639	1.6485171411109496	0.45760252170277654	0.6324249365204605
640	0.8854013242475687	0.397966171766316	0.19589635612001038
641	1.5376567293898211	0.49061179178337616	0.8740475345448494
642	1.819158167568957	0.56473246121071	1.4165990260080006
643	1.2105127715445927	0.5384323798747336	1.2240866207007965
644	0.8733368241157248	0.4871910337799544	0.8490081309475773
645	0.5709119411000042	0.28725524446071193	-0.6144899935312387
646	0.5610563098638288	0.1017320228541798	-1.9724904185321679
647	0.48364141814121225	0.21140085560133484	-1.169732035024512
648	0.43084477850240355	0.2514054664653347	-0.8769046569482152
649	0.5207550067162721	0.15134010530691183	-1.609367158430699
650	0.6077421565006997	0.13987255116512265	-1.693307827762643
651	1.2304311948314435	0.17670527039103512	-1.423698191138222
652	1.1259852518590412	0.1797986722576689	-1.4010549823085656
653	0.8360632744730151	0.2896665372742583	-0.5968397142980414
654	0.432154684030045	0.28001010352075895	-0.6675232709314914
655	0.4920028499679067	0.1885279306984229	-1.3371582012488434
656	0.4700791137849181	0.19867270048370905	-1.2629001026633557
657	0.5081306119575961	0.1506433142439952	-1.6144675580000019
658	0.4321188196756238	0.17842964194673422	-1.4110760660736559
659	0.49285249084348093	0.15202188022623855	-1.6043766746401347
660	0.9610206346623527	0.2408189000400601	-0.9543966365523321
661	1.3155575045222891	0.39434583495670233	0.16939606745787802
662	1.9045782418814874	0.47670940764585484	0.7722842975560013
663	1.7922022008553606	0.5101238204061069	1.0168724754489897
664	1.1238050847647452	0.38555024192155257	0.10501372773546326
665	0.6974159227221994	0.2752268011276848	-0.7025362823833904
666	0.5385151737100313	0.5412680843497572	1.244843525679658
667	0.4015720737404519	0.5182351767427748	1.0762463115496295
668	0.4716505259482053	0.11826549395101985	-1.8514680441801974
669	nan	nan	nan
670	nan	nan	nan
671	nan	nan	nan
672	nan	nan	nan
673	nan	nan	nan
674	nan	nan	nan
675	nan	nan	nan
676	nan	nan	nan
677	nan	nan	nan
678	nan	nan	nan
679	nan	nan	nan
680	nan	nan	nan
681	nan	nan	nan
682	nan	nan	nan
683	1.3913475891644167	0.23691862923838886	-0.982945997437847
684	1.1957408013001685	0.23511111255490133	-0.9961767315913225
685	nan	nan	nan
686	nan	nan	nan
687	nan	nan	nan
688	nan	nan	nan
689	0.44297270419269114	0.44451021220563813	0.5365913168398735
690	0.8285619510507932	0.3048857599099706	-0.4854374292983
691	0.7340404731529488	0.448462381968487	0.5655205698527781
692	0.566534108173301	0.42052468140655774	0.36102105271355667
693	0.512753859013914	0.4110681676468162	0.2918008785835921
694	0.6507567190573451	0.26156285592779593	-0.8025541843363452
695	0.648894604319367	0.39092085467923443	0.1443257574872719
696	0.9419334518672567	0.404173398845519	0.2413322694177675
697	1.838891219735472	0.31427131299103794	-0.41673667603092845
698	1.7588579345587871	0.2422039905163221	-0.9442579949357167
699	0.7095579941347215	0.29128545710543363	-0.584989479056648
700	0.3776886557577734	0.3717573329558569	0.004051831563030853
701	0.948594399612863	0.254678711265819	-0.8529450264949606
702	1.6026670279204307	0.2939824729652545	-0.5652477526454999
703	1.1978034721032973	0.33649962185417026	-0.2540289965189488
704	0.95612849681029	0.37347709851198324	0.016640241444542504
705	1.2981507772528085	0.3371576009380697	-0.24921269445261127
706	0.9129068559672256	0.39663483554016554	0.18615118705020062
707	0.7099517417281578	0.254612806530609	-0.8534274386568974
708	1.1757364290139096	0.15121406278544713	-1.6102897696069984
709	1.1212706528729997	0.16963767735547075	-1.4754318461648988
710	nan	nan	nan
711	nan	nan	nan
712	nan	nan	nan
713	nan	nan	nan
714	nan	nan	nan
715	0.5762038313373083	0.3730507766642699	0.01351963343995658
716	0.7407552130915053	0.3134864984363813	-0.42248139353605546
717	0.6126995526608341	0.27467732814605156	-0.706558337068097
718	1.1035081874887234	0.31185673515032797	-0.4344110011396
719	1.878070835842326	0.4147821194185697	0.31898641385405446
720	1.3512176489667416	0.274561235727505	-0.7074081150762644
721	0.8632946545367842	0.14847004052419313	-1.6303755753876787
722	0.6569578655907733	0.0679655783154629	-2.2196554129585766
723	0.5838450451069468	0.1279571825230648	-1.780526427891715
724	0.4526154554209655	0.20754562226246184	-1.1979517288576151
725	0.44470626632183213	0.16880264890586355	-1.4815441213810947
726	0.49394231641090924	0.198357622707732	-1.265206421785997
727	1.2291247527475688	0.20573259405013203	-1.2112228065241313
728	1.2086073461025875	0.35308347453119265	-0.13263783702672774
729	0.8687768754866788	0.39177702018626603	0.1505927525963042
730	1.2964967158214369	0.4164581941443533	0.3312550138181861
731	1.3056154197281655	0.32825958805426275	-0.3143447311498874
732	0.9015316357074137	0.34810650966112977	-0.16906842695629654
733	0.8485970930944015	0.38218729389406214	0.08039748395184816
734	1.3680299413954622	0.29902762582959846	-0.5283180374613574
735	1.5595504190266518	0.22680878501549526	-1.0569484464708867
736	1.3731687241657102	0.20395232769606153	-1.2242540726077376
737	0.9052868887254454	0.34498656356841845	-0.19190593529187186
738	0.4944769204698455	0.23059367384465784	-1.0292436632417283
739	0.5824051765399172	0.058126847378918586	-2.2916733559287223
740	0.6018879267615302	0.051283057478628755	-2.3417688076610212
741	0.5837589364990844	0.13828089339078387	-1.7049585090913246
742	0.40075139803072546	0.3745944628379995	0.024819170294911055
743	0.3472848371759152	0.4591795046799817	0.643968200672081
744	0.42479323536320707	0.28451169309960644	-0.6345723523978548
745	1.4989304443128662	0.22226175747194593	-1.0902319636670623
746	2.893506002736548	0.27188523228583233	-0.726996033934221
747	2.4925148187308737	0.2152070456297352	-1.1418713304105943
748	1.4976921964308918	0.16116987605210017	-1.5374148026337604
749	1.4292070149018725	0.3423376926256487	-0.2112952485805499
750	0.6796959106275642	0.43121057385843764	0.4392400830080165
751	0.8729993594894206	0.36028451793488936	-0.07992734656634673
752	0.9903458068144797	0.11189166820190906	-1.8981234331995391
753	0.762438385517556	0.4684338016778206	0.711708180321656
754	0.6794385305624178	0.4876836198282241	0.8526137823431666
755	0.8231614717904637	0.09390898753664677	-2.029753790707423
756	0.8148941748644444	0.09650594711974073	-2.010744460301166
757	0.5922181606312	0.23329201531283095	-1.009492233588635
758	0.4331460020940183	0.32358123941874517	-0.34858949781747806
759	1.0043863600174578	0.4566872236830678	0.6257251008394957
760	1.0571498194693432	0.42582588105513314	0.39982498956545254
761	1.2282683901040667	0.46242460236923594	0.6677217987554684
762	0.9286712757970509	0.6265223271715944	1.8688910006137125
763	0.9270905649689516	0.6429134057902386	1.9888710847109516
764	1.2738782808065146	0.6482056500628866	2.02760946963781
765	1.5963196178764536	0.5222246162411707	1.1054483730890048
766	0.9634980719316252	0.4336094408162276	0.4567994069567375
767	0.7911152322318629	0.3298642872313854	-0.30259858883055607
768	0.8763092558804183	0.5536888904086299	1.3357618471746175
769	1.0713569891052177	0.549674882098904	1.3063799458505567
770	1.1722260250451728	0.25968441424245536	-0.8163040782037668
771	0.8810216422214421	0.1936458545207301	-1.2996958142461221
772	0.4848897678013395	0.13504986261506594	-1.7286091396087366
773	0.5341847227560597	0.14454148714066278	-1.6591319602664827
774	0.5544638574960556	0.17237719128353385	-1.4553790406649179
775	0.5683633223658155	0.19124284435188904	-1.3172854658396498
776	0.6246928691461224	0.16479048309569974	-1.5109125359019044
777	0.8676553257199836	0.19708257785669922	-1.2745395469581657
778	1.0429799434973441	0.20594809939921307	-1.2096453417027047
779	0.8502611093988877	0.2799066805340528	-0.6682803107170534
780	0.5216157437055429	0.37226290503065906	0.007752538603931984
781	0.46044146650632134	0.4152521326217867	0.32242683562011465
782	0.47336177205011176	0.3319658614030449	-0.2872154007122655
783	0.40937153169410456	0.26678551290324926	-0.7643251673384539
784	0.5830276811565064	0.2643308744325473	-0.7822927298762935
785	1.4208113650682492	0.27568578534637744	-0.6991765910269342
786	1.314558678192113	0.6061493624533132	1.719764144652622
787	0.6697100023329817	0.5696546652362895	1.4526287752803306
788	0.535492602472009	0.5711007261101888	1.463213710493979
789	0.5603652136108748	0.498278157619625	0.9301641110773474
790	0.9247092768302969	0.4317353806174792	0.44308158487312144
791	1.0522889796041432	0.49840248723795855	0.9310741840756227
792	0.7048746438814979	0.5003362108055052	0.9452287325134026
793	0.46660410878111	0.5682207347955106	1.4421326329045292
794	0.9353428453122236	0.2650174811088936	-0.7772668783941311
795	1.2526475815518874	0.28100796372069986	-0.6602190932448553
796	0.898708533724577	0.4650033262643322	0.686597646830853
797	1.0157139449129682	0.5004062173301058	0.945741169120191
798	1.1320563782311002	0.49143707584454216	0.8800884823901107
799	0.8623365212318939	0.2533076460285655	-0.8629810055965045
800	0.6082305533985837	0.10428154306806056	-1.9538283367506135
801	0.5363981398146368	0.4319070413232795	0.444338113890967
802	0.6518456006272473	0.4512437803296316	0.5858799627299783
803	0.7875562808732846	0.4046347930582386	0.2447096015465455
804	0.6285955605999564	0.47559775358665446	0.7641471669489777
805	0.5158694048180549	0.4873580596346053	0.8502307335934239
806	0.6690901086513867	0.4756341958046386	0.7644139181787263
807	0.7146480080472664	0.3307941482519594	-0.2957921543034033
808	0.48557514139290037	0.4757390188986835	0.7651812065269458
809	0.7960475150829361	0.47686428050825824	0.7734179422347842
810	0.907700148995655	0.528996485116233	1.155017374374941
811	0.8336437960865066	0.5109499052451997	1.0229192848610966
812	1.3977055311589603	0.5248453000345269	1.1246313609346918
813	1.2292390143389151	0.5235520286630422	1.115164820536625
814	0.604244408035781	0.4935421133956124	0.8954970218939096
815	0.7454093769854364	0.33405423590245364	-0.27192883209190727
816	0.6730084902855381	0.28249833292411985	-0.6493098281182229
817	0.7564645753934162	0.22629235810702122	-1.060728609164897
818	0.8764464132900849	0.16506547217041445	-1.508899659685658
819	0.6030641943905408	0.42942279549882983	0.42615383024067355
820	0.5285838404771781	0.4846002275342497	0.8300438419906733
821	0.9431633061934056	0.18499562185230634	-1.3630141392426023
822	0.9606449147797774	0.2375534393189037	-0.9782992887850492
823	0.6780631979450266	0.2800958216098165	-0.6668958281760109
824	1.2239867639218784	0.2599753737191908	-0.8141743011890985
825	1.2903290168303991	0.27683100438074537	-0.6907937701491835
826	0.6548946786870079	0.2994010307528511	-0.5255847729132136
827	0.7097107347224093	0.4159369622538231	0.32743967942104374
828	1.0804044609679762	0.473705218917615	0.750294114686144
829	1.142146415691414	0.487703297005636	0.8527578161468965
830	1.404262597270469	0.5648872944896965	1.4177323809424787
831	1.54748623010365	0.3444435848651499	-0.19588045289360345
832	0.7183522797491662	0.47419436611435417	0.7538745942363999
833	0.8672043131350946	0.6060518433309197	1.7190503202132372
834	0.9468645596615934	0.6394123515409738	1.9632439253867329
835	1.0243906847956046	0.5640869107122286	1.4118736992068277
836	1.1266885682183096	0.5796628189376144	1.5258868658966016
837	1.0122595717199425	0.5534267089150997	1.3338427204121657
838	0.7798490524877042	0.32351094697956645	-0.3491040272734267
839	0.5052823899786789	0.44477215490371036	0.5385086956576174
840	0.7006724981784703	0.49792888939033564	0.927607523283609
841	1.1695519736309563	0.4058283931960172	0.2534465643932897
842	1.2833553981558605	0.2796912567037206	-0.6698571788342261
843	0.6072863291941761	0.40267202864197327	0.23034247872287017
844	0.4490885733379757	0.43260396714025146	0.4494394998384861
845	0.40958091626405135	0.47293920408992984	0.7446870081873161
846	0.46866898132194434	0.4709561356725359	0.7301712633101688
847	1.1125281557663047	0.40573118778282524	0.25273503625528093
848	1.6467898313842546	0.37147523878358957	0.001986947164668182
849	1.3327203906480292	0.375842845851594	0.03395713506473776
850	0.5746267916573	0.38869310194532863	0.1280189623958345
851	0.940645768025703	0.4267558242667442	0.4066320257179019
852	0.9508802438637146	0.32459821615932066	-0.3411453900990028
853	0.653109632921339	0.4826021971009001	0.8154185775404464
854	0.4424064161811647	0.5463154262643716	1.2817892643630253
855	0.7437175077598945	0.4439059459312883	0.53216818398203
856	0.7621059657985172	0.5054224939358072	0.9824595146915727
857	0.722729866839326	0.39990555375897474	0.21009232332812297
858	0.7054950943317769	0.3694345430837104	-0.012950620239217052
859	0.666768909783635	0.3139879612267033	-0.418810765802867
860	0.42581483064630066	0.25725409971867397	-0.8340935933253869
861	0.49982198603776484	0.17437962641278848	-1.440721534542413
862	0.5813927961136002	0.09029862743870819	-2.056181051429562
863	0.5360861036499901	0.16217432375205612	-1.5300624054965206
864	0.42270269097185337	0.24623554547246723	-0.9147476549553607
865	0.4347371301402994	0.2736190769173744	-0.7143045674637141
866	0.5654757304643263	0.31576233427123646	-0.4058226378061647
867	0.5679777113299389	0.29993081601094257	-0.5217068292282271
868	0.5366030980075316	0.24161974890235588	-0.9485345504698377
869	0.4127170863670887	0.298028050095034	-0.5356347725881224
870	0.9721340803752068	0.3716119909244754	0.002987951048896726
871	1.5016324267263719	0.4670070762283185	0.701264777334117
872	1.22199963163063	0.4682246913338913	0.7101775259191014
873	0.886129474663286	0.4094682150329626	0.28008948035117787
874	1.1774164583480187	0.4578653204736929	0.6343485816550356
875	1.0898729727789194	0.47843495839631184	0.7849150541383285
876	0.4896900464649366	0.3524949929645063	-0.13694542833925982
877	0.5063521531224481	0.2735349637727249	-0.714920262281824
878	0.4577988288125994	0.12648412705346362	-1.7913089592451803
879	0.5283009330360912	0.10983745928199724	-1.9131599152211662
880	0.4640649947816856	0.11589992202398319	-1.8687836538082965
881	0.43049212758727307	0.20239744198915205	-1.235635588261283
882	0.3586052167603838	0.35583509017086906	-0.11249644892575592
883	0.38818102402289634	0.43978067541276233	0.5019718610156073
884	0.573958927992628	0.3238542940080165	-0.34659078172647906
885	0.8690401809185369	0.4319049973382913	0.4443231522464966
886	0.6075309619155036	0.37537705986974684	0.030547655885632987
887	0.8039559316778263	0.4230750732768021	0.37968951488082214
888	1.3135149482643578	0.4479271618847535	0.5616028441099566
889	0.7291868958238743	0.5756041618150777	1.4961781423761176
890	0.5554233230584993	0.5986922461587504	1.6651792414280808
891	0.9853781047744056	0.4956620949244325	0.9110149489339953
892	1.3489587506514953	0.49776473486113926	0.9264059382826364
893	1.1394632728629113	0.5461565322275688	1.2806261853282834
894	0.822640297167407	0.37816314153362807	0.05094132979273155
895	0.5484817308243543	0.4049299253720926	0.24686992306411432
896	0.8152930436887773	0.4201375116775557	0.3581870319803065
897	0.7070389180670594	0.4894411420548681	0.8654785650375563
898	0.6203894905254057	0.4355512141663364	0.4710128785203986
899	1.2689658376695987	0.4932713543084356	0.8935151085125285
900	1.5010579180412211	0.3063903686933118	-0.4744239327152631
901	0.8186468368705141	0.3343004808583643	-0.27012635824585585
902	0.3810789797566295	0.46137628229547833	0.6600482628316523
903	0.9979117211832101	0.31836331725059475	-0.38678385678025146
904	1.3359384802189322	0.20176371517589373	-1.2402743675703471
905	1.0225617354452055	0.49689883220832975	0.920067668817811
906	0.45269461180714926	0.48161830774343467	0.8082166641949265
907	0.7451348455178768	0.5776551752451153	1.5111912339209643
908	1.8464817629581884	0.5126258042036141	1.0351865982360888
909	1.4112751210479257	0.5456485664613325	1.2769079568474426
910	0.522406997188655	0.4334256775579778	0.45545428918311415
911	0.38747227634211406	0.25128140074796673	-0.8778127982334665
912	0.48465953513124754	0.20668545625445256	-1.204248006996453
913	0.5631295139543618	0.22268137996130044	-1.0871603938983359
914	0.683522796967236	0.19548228497373776	-1.2862534359062385
915	0.5737080647125223	0.19811049213196652	-1.267015378228291
916	0.6521810997768952	0.4221235061096863	0.37272419481915986
917	0.8621689197232487	0.4957944072034871	0.9119834537369687
918	0.7661111537971435	0.44136462218014416	0.5135660990018651
919	0.4421476058988427	0.4489139726661996	0.56882614181358
920	0.36427558672061366	0.5084710779909121	1.0047746642811146
921	0.36762330972012897	0.31026050737085015	-0.44609513417781615
922	0.4515082771782472	0.324833067609603	-0.33942631489896175
923	0.9011813624152137	0.44115295935267107	0.5120167608264266
924	1.9906315565889556	0.4497446178388772	0.5749063321409857
925	1.6345171736618556	0.44785591416613163	0.5610813221606772
926	0.5065108070279782	0.6251713018151301	1.8590017102468355
927	1.020657176963153	0.6508404284388116	2.0468956275823826
928	1.8551932629684813	0.39171231180700683	0.15011909756932604
929	1.4281512818108946	0.3069243940423113	-0.47051495224035184
930	1.9074199521887325	0.3031580449336625	-0.4980840276690575
931	2.8025360986148975	0.2996514816726381	-0.5237515120816724
932	1.931766455534824	0.24657144281811405	-0.9122889398996655
933	0.5793241679279074	0.3034069299967095	-0.49626222865938413
934	0.33852251998643157	0.4900663532992606	0.8700550117392047
935	0.5810064670840075	0.4849829378386322	0.8328452204461744
936	0.9810329219524613	0.358545631812792	-0.09265571594451906
937	0.8055581019472743	0.3623749296279769	-0.06462586601282097
938	0.588063596712739	0.3860641046651775	0.10877512115129541
939	0.5219523579746874	0.34325718493471463	-0.2045647113697158
940	0.6130317134052968	0.3336775184153594	-0.2746863440796208
941	0.6691298493700153	0.3418523108379724	-0.21484816593636272
942	0.7123285717002138	0.4386397285545467	0.49362031178665755
943	0.7936452949192468	0.3021652944892432	-0.5053508027593507
944	0.36347130032252595	0.4023984318014607	0.2283397934391756
945	0.4423061445819005	0.4994966616096338	0.9390833661547884
946	0.5786806548472483	0.38200951643557957	0.07909618127887635
947	0.8459666256359836	0.2900069990307351	-0.5943475884822624
948	0.5235264129327208	0.31616632687934076	-0.40286547627807073
949	0.41055298518965955	0.38625859941215446	0.1101987917126839
950	1.004115569092545	0.36124493858879325	-0.07289722039191404
951	2.1068609201496677	0.29217238016630026	-0.5784973435537704
952	2.2791391972568396	0.56906589792541	1.4483190923658285
953	1.205601373299877	0.581778979973371	1.5413768275361353
954	1.4963868224721477	0.6059092508663149	1.7180065660898534
955	1.7411727617116546	0.6055301022757493	1.7152312588120482
956	1.1558392557911623	0.5862016489702623	1.5737500599833087
957	0.6700469588274355	0.5302214097427922	1.163983627489009
958	0.6814381569473715	0.2780954337352424	-0.6815383487204183
959	1.045809168799524	0.3044729800585226	-0.48845891204770514
960	1.3069195887172294	0.3230961160707302	-0.3521405234361439
961	0.49802229941800635	0.3276242007378968	-0.31899566507715177
962	0.3169160165872158	0.3295903853940332	-0.3046035066425252
963	0.36481123858085224	0.3399206433562344	-0.22898766415359467
964	0.44184118266737843	0.29091973711802604	-0.5876664910987532
965	0.395629267904214	0.5039772760114263	0.9718807497341021
966	0.7290038696478544	0.5317993820326758	1.175534133251821
967	0.8222914350484908	0.30971650113028365	-0.45007717318886387
968	0.7858765774742735	0.26918993511957695	-0.7467251797822885
969	0.8414254528937335	0.2257177690972472	-1.0649345091741633
970	0.6238601038473104	0.39465402858776266	0.17165199573649612
971	0.26542917039416475	0.37950377313316236	0.060754539514792254
972	0.2524103383262656	0.3107231114500051	-0.4427089460194845
973	0.6653151116868125	0.18203139474936775	-1.3847118093818542
974	0.5702940486930413	0.22872797100059933	-1.04290031082049
