ID	SN	ssim	z_ssim
494	0.2600168412243211	0.31171623028015727	-0.5948395790180349
495	0.3903124444626864	0.2988596555769645	-0.6845798795872591
496	0.417269292564058	0.14856521626012015	-1.7336515389948908
497	0.4256162998173904	0.15346970669147728	-1.6994176582288443
498	0.45038172482322636	0.3003594210031524	-0.6741113525311366
499	1.1558653645228356	0.28593357913634954	-0.7748053099014066
500	1.3798350446818481	0.2310687282663635	-1.15776798241911
501	0.7962802797052632	0.3557828140090411	-0.28724999468599255
502	0.28011840623491424	0.30040298820296996	-0.6738072487012404
503	0.3897625550478272	0.1802082050626802	-1.512780008932911
504	0.4095693213521549	0.4584911024106675	0.4296651156678996
505	1.0423321187288312	0.4870589723067806	0.6290719787154123
506	1.7304194550494447	0.4255633116256651	0.1998255269481438
507	1.2862371625997884	0.4908519813347295	0.6555475974620905
508	0.421399922817174	0.6245088489781646	1.5884871830333707
509	0.8893310023509283	0.46018299545163677	0.4414747145332846
510	1.28715102354372	0.37506446833886126	-0.15266193410402176
511	0.9179257943733822	0.36999762559695915	-0.1880290517922477
512	0.6473462784960966	0.3331674248371427	-0.4451078898586575
513	1.0455747125969121	0.47320548842022964	0.532373142780422
514	1.2741078642423385	0.4858880674108705	0.6208989342052869
515	1.0757860284472363	0.4673655756438037	0.4916099115191152
516	0.755050620905692	0.551858932721917	1.0813828047929088
517	1.1648399730418018	0.6094182165882436	1.4831529149475737
518	1.455336805895979	0.4913930481053159	0.6593243028242415
519	1.2047080186594632	0.5494335174050698	1.0644531400444115
520	0.43936362235793397	0.6043031160888087	1.4474489528224923
521	0.5825087712287086	0.18305917822919623	-1.492879903750587
522	0.6786623106914648	0.17002321141390273	-1.583872380924492
523	0.7811606859588699	0.2088438519590402	-1.3129000549949974
524	0.8111814767620816	0.3353103381003172	-0.4301501204083466
525	0.5604801698409158	0.2808640284130878	-0.8101913295963303
526	0.6661195736930352	0.17445118552863348	-1.5529646362769225
527	0.48421538069803033	0.2623086964539547	-0.9397095804225639
528	0.7365650466746746	0.23112542923875026	-1.1573722034171576
529	0.7325041066331971	0.37409221854557084	-0.15944834422433013
530	0.3950303748489034	0.5112299868709728	0.7977883096301331
531	1.0253204408674335	0.5343354912307712	0.9590672625332652
532	1.3317669525989517	0.4509693941618538	0.37716276767664764
533	1.4100343052350697	0.4280922395153644	0.21747772080061306
534	1.5385374690815377	0.39286358056982135	-0.02842217986566759
535	0.8711113222765807	0.2582092905644134	-0.9683238828456913
536	0.358209896666895	0.20189091927979672	-1.361432287170177
537	0.6808408130319044	0.15163722227738094	-1.7122086002881305
538	1.1542165657149432	0.11752233885927636	-1.9503342256978644
539	1.8961867142135935	0.3100820724357891	-0.6062461798830954
540	1.8003221297400234	0.5759324759850312	1.2494187753427928
541	1.058176392061467	0.5731264130381581	1.229832148415948
542	0.5443145814408308	0.5553631777090724	1.1058428188849536
543	0.6951527310146065	0.4607597288813095	0.44550037708509144
544	0.7579731725852245	0.42601397008526687	0.20297117239044696
545	0.854004393736549	0.37510484017662693	-0.15238013425147443
546	0.9296459030521202	0.3439053030472951	-0.3701563230299362
547	0.9652889237135011	0.6233456850244528	1.5803681711482325
548	0.9828143309868943	0.662963660272033	1.8569059806924038
549	0.8140517935564915	0.6802468773006882	1.977544729874134
550	0.8366478427138284	0.4296120544845591	0.2280861958644468
551	0.9002131741175193	0.5099893387624344	0.7891284498516785
552	0.9699950715886121	0.5854320389554548	1.315726766073044
553	0.8199469123906968	0.5540735432378143	1.0968410289255803
554	0.5761232859634937	0.5957781907148655	1.3879440393405302
555	0.8524648059807758	0.41941430983154615	0.15690482046573254
556	1.0832931641737154	0.2508858223306952	-1.0194424938035405
557	1.0642914479080177	0.4181086801492146	0.14779138217991622
558	1.2465877391116278	0.508666872946898	0.7798974935107739
559	1.0744041420041486	0.4997441336212437	0.7176157950435914
560	0.8008635288172772	0.37203325098478224	-0.1738201634711444
561	0.42256499677739695	0.49637740978955514	0.6941156936896693
562	0.40972290148433343	0.4097429654807177	0.08939777687221008
563	0.46818819173739656	0.10679182987691299	-2.025234354508916
564	0.5541127356229881	0.2327451037944502	-1.1460666974944378
565	1.6008228282155583	0.389294399858585	-0.053335452429057656
566	2.2067366722166035	0.703356368531266	2.138851511572286
567	1.3345324596325845	0.6867892178296465	2.0232109838374956
568	0.5177025499849846	0.6293090328229346	1.6219929923925474
569	1.008506916478735	0.5235100376026076	0.8835044096881494
570	1.3753362758019778	0.5075911189002151	0.7723886123572338
571	1.3426030608528208	0.45321456828137074	0.3928343291124988
572	0.8542144483076295	0.4031214817803428	0.04317909489789722
573	0.4153548742372623	0.32108633618398436	-0.5294352128017298
574	0.40491167078582985	0.2824927690834988	-0.7988225411992383
575	1.0652722359962747	0.4234354071113539	0.18497252020992833
576	1.9669332058041824	0.5227734785490392	0.8783631467639121
577	2.1992595652225293	0.6017080723700206	1.4293352632363778
578	1.3956931516848194	0.6745826154551958	1.9380075613629095
579	1.1202909279513458	0.6878900548278721	2.030894946742013
580	1.3294493335388822	0.5815296274691464	1.2884875061759937
581	0.5311389456230706	0.4717788815493633	0.5224152704589653
582	0.44519911540555385	0.5498644063460949	1.067460792080217
583	0.5691636535828003	0.4811836812151033	0.5880618029360216
584	0.5622554019921937	0.44527233838904146	0.3373966939583619
585	0.6638599992351132	0.5417556130135656	1.0108605258573489
586	0.874901499670402	0.5272842367739397	0.9098487335739929
587	0.6591533055420473	0.5431424144648527	1.0205405519872819
588	1.2245566974119282	0.5584021854799065	1.1270554262148929
589	1.4892170615187836	0.5207952434815329	0.8645548491688687
590	1.2640573050695691	0.3766319643214203	-0.1417206403408417
591	0.31809616984720607	0.33554416248732305	-0.42851800055879524
592	0.5211900078564099	0.2708884303056519	-0.8798220977586125
593	0.679339600866002	0.20719201321048314	-1.3244300705092067
594	0.5787589468244057	0.2387139433219334	-1.1044035433797739
595	0.35254314857972574	0.2231574073716301	-1.2129898693822565
596	0.32552390029080075	0.1823356728802803	-1.4979300503856028
597	0.29564971478435625	0.14641282853783397	-1.7486754412082461
598	0.6020015993345619	0.18941117458200074	-1.448542272999394
599	0.8561125056813914	0.15445842848652566	-1.6925162717308566
600	0.9080490841450407	0.3583675324943085	-0.2692083763615468
601	0.589124787857052	0.394636210220607	-0.01604903061465282
602	0.9055041120024803	0.4042723066710938	0.05121197877114957
603	1.8992986030129384	0.4394670472632211	0.2968751256129774
604	1.6752827366369833	0.4301905199183697	0.23212394799497194
605	0.6881333005371879	0.34714753234010665	-0.3475252072025615
606	0.9563829976581484	0.41547753848125024	0.12942572495204718
607	1.2388453054160022	0.47729845578780616	0.5609425036145428
608	0.896866050362449	0.553896505256661	1.0956052844129365
609	0.6571286144696128	0.48022082664117416	0.5813409724766151
610	0.5911013477473088	0.1904486159468899	-1.4413008185640241
611	0.3244575907051035	0.25902604264367274	-0.9626228638125991
612	0.708091294506712	0.5596224328179923	1.135572886379568
613	1.727050855624726	0.554312701903388	1.098510382624197
614	1.8284745492524217	0.5167612792577568	0.8363973367454964
615	1.070212807272853	0.6192400304780379	1.5517102524152455
616	0.7547540085357276	0.5945530543474128	1.3793924532150135
617	0.5395410286839638	0.5784507028316529	1.2669962747416958
618	0.4862818882444007	0.47223445301322253	0.5255952092094737
619	0.9131106462622037	0.4773787783797917	0.5615031641103351
620	1.2654665473821596	0.5630808669157246	1.1597131354423509
621	0.7044241211649305	0.5457168448934754	1.0385103585487283
622	1.1756903578877544	0.6104820878038778	1.4905788526379797
623	1.7718329198855343	0.5600037394138297	1.1382344482115063
624	1.3505504027323776	0.3897959450420855	-0.04983461207651782
625	0.4850690885835556	0.2789642361843087	-0.8234520875793545
626	0.318983931433682	0.4184073514833721	0.14987614082811587
627	0.6941285458083861	0.38911832551994185	-0.05456447061136081
628	0.7616037746979262	0.3533051931681347	-0.30454405971439386
629	0.8847852512454965	0.412748782564251	0.11037870956693481
630	1.2849810705874412	0.4877569845629698	0.6339441807690329
631	1.535835993050214	0.5106167087804148	0.7935075613398808
632	1.0733447373954226	0.5221076604774286	0.873715663647284
633	1.1304551404027787	0.5186835699577279	0.8498151365233788
634	1.2725863999827396	0.4274350052975352	0.21289015392420974
635	0.8145356012903477	0.2966766883578099	-0.6998172300404124
636	0.6021293903945499	0.40848720686978357	0.08063244413085133
637	0.9934136993099068	0.4159847277734476	0.1329659618019119
638	1.7361968333419637	0.26378506209561625	-0.9294043864271617
639	1.5843454201100289	0.48970127737472596	0.64751555769871
640	0.9737533633935826	0.4414222453639285	0.31052262265480485
641	1.7268810783822106	0.5239127489990066	0.886315379374074
642	2.0901973390975983	0.5777564306640232	1.2621501789161518
643	1.229953774703536	0.5376169581967247	0.9819722616198043
644	0.9064818525228666	0.4811155752896746	0.5875864161118001
645	0.524679608386139	0.28649380975900673	-0.7708948387513533
646	0.47154032213594627	0.12969818242314587	-1.8653455030924448
647	0.3627457057459427	0.2122465646101499	-1.2891487477369723
648	0.3160054606259561	0.24766311911904498	-1.0419373154442588
649	0.44764321281010744	0.20294393830830854	-1.354082098935336
650	0.5330641755178773	0.2052672980813236	-1.3378647930685534
651	1.129635612516149	0.21383605086923485	-1.278053959433404
652	1.0599579593787292	0.2573725438115232	-0.9741644668922368
653	0.8154177334576818	0.3241586906713816	-0.5079898417352231
654	0.45114254179313545	0.29067904625983604	-0.741681429253998
655	0.4277986623192687	0.2170473129607705	-1.2556389980650855
656	0.40416112220691697	0.23678891897925955	-1.1178404242833417
657	0.4075687697163923	0.1758963864230882	-1.5428769756328267
658	0.29659306155967063	0.23957727912738425	-1.09837736483207
659	0.3844489105893818	0.20434512665125537	-1.3443016507247472
660	0.8853615050115172	0.2700338924702962	-0.8857868655107536
661	1.2422258712530418	0.4039504690797629	0.048965517108748975
662	1.823163302043833	0.508354272699812	0.777715509523659
663	1.716795576726351	0.5563041364672638	1.1124108141506268
664	1.0587221064917727	0.4108428615300027	0.09707517184998957
665	0.6871585497236697	0.31214815903106313	-0.5918246689952933
666	0.49042135255195096	0.536506582538029	0.9742217178197234
667	0.41826684778034195	0.5210724060602466	0.86648947434661
668	0.521339395064726	0.11604249557599886	-1.9606636940129119
669	nan	nan	nan
670	nan	nan	nan
671	nan	nan	nan
672	nan	nan	nan
673	nan	nan	nan
674	nan	nan	nan
675	nan	nan	nan
676	nan	nan	nan
677	nan	nan	nan
678	nan	nan	nan
679	nan	nan	nan
680	nan	nan	nan
681	nan	nan	nan
682	nan	nan	nan
683	1.3146384164766858	0.2955280853572403	-0.707834604876669
684	1.0553945006285257	0.278643123138153	-0.8256934918370187
685	nan	nan	nan
686	nan	nan	nan
687	nan	nan	nan
688	nan	nan	nan
689	0.41825213130622835	0.4935244342181121	0.6742016115014818
690	0.8372784684221237	0.3226204090672113	-0.5187272159352165
691	0.7600200997806182	0.44946516761370425	0.36666310150027315
692	0.5843081755667542	0.4419006698057032	0.31386207769595686
693	0.6043983584645545	0.4254822819281974	0.19925993077858437
694	0.7321783063255684	0.280239383181017	-0.8145514217802341
695	0.667337567643464	0.41971961607976643	0.15903589154130807
696	0.8780094844227552	0.4478633027624612	0.35548190926668966
697	1.617812445671761	0.36793004407158125	-0.20246099745602616
698	1.476685980652927	0.29552285932390987	-0.7078710831621131
699	0.6493950590082727	0.3382744751506622	-0.4094601189136033
700	0.338059561080557	0.3764841853538603	-0.14275215373167918
701	0.894340211532037	0.2620336400069833	-0.941629504569902
702	1.4143077769870407	0.30414687537598684	-0.6476745058859739
703	1.0936166839291783	0.37817727897053877	-0.13093417471625543
704	0.8983653974713275	0.4365500096180083	0.2765138831283728
705	1.1165947779786647	0.3826187238389567	-0.0999324027314919
706	0.7723839894528127	0.7320927539776112	2.339434631630514
707	0.7110787436780754	0.32551357307722945	-0.4985326140409333
708	1.0698360759067145	0.17574315101847765	-1.5439465755523278
709	1.0814561685200874	0.20621771349603474	-1.3312307893038788
710	nan	nan	nan
711	nan	nan	nan
712	nan	nan	nan
713	nan	nan	nan
714	nan	nan	nan
715	0.6644260334302297	0.34729181344895915	-0.3465181092488842
716	0.8381772730272232	0.3231650391696479	-0.5149256381261933
717	0.6650768730310489	0.2789427551954432	-0.8236020272360529
718	1.0929114336925214	0.3339008597901189	-0.4399884334989697
719	1.698057909226513	0.4347086036692203	0.26366066777909697
720	1.2545457800825892	0.2902338974015493	-0.7447886170752438
721	0.806729624724028	0.16561485727788952	-1.614643175970171
722	0.5341266673147004	0.07659000170112436	-2.2360464254380616
723	0.4186399479310234	0.20543442077489293	-1.3366982583500078
724	0.2892228701212365	0.24826312399897704	-1.0377492156189816
725	0.300230812955907	0.2470561806185063	-1.0461738127013276
726	0.3790679362086808	0.2224700051506498	-1.2177880122272091
727	1.0863321450430967	0.2357300101753716	-1.1252317237958553
728	1.0714197156050747	0.39603913544172237	-0.006256458804077877
729	0.809908699687443	0.42173262549061463	0.17308691786430935
730	1.1153370768947113	0.4461813995912267	0.34374204078699006
731	1.1670062737465354	0.35774992095904573	-0.27351937257080455
732	0.8437807823697332	0.3464886112989638	-0.3521245482905778
733	0.820703878083631	0.39225658708340183	-0.03265906093021126
734	1.3320470091572694	0.32719300285499464	-0.4868100101187451
735	1.5284148915902385	0.2333690880787387	-1.1417112187984972
736	1.3952172185416183	0.231859523379097	-1.1522481458573737
737	0.9879731792844321	0.38011562583869735	-0.11740430112459284
738	0.6269762843726575	0.2533672814681702	-1.0021216370443946
739	0.5764058042190124	0.028812880966790015	-2.5695359647604223
740	0.4792280993943848	0.0676544531426908	-2.298417533753995
741	0.4641671386675028	0.17929029330079516	-1.5191871336383065
742	0.34373209918452363	0.4147953581256854	0.12466403130003541
743	0.32854345985314204	0.4881135048159556	0.6364327312111673
744	0.3747596402496255	0.2886620769490913	-0.7557600961123008
745	1.178642499522691	0.25535109274987233	-0.9882744168630851
746	2.175440125001762	0.2684539601663527	-0.8968149661602761
747	2.021470826123588	0.24443769856362324	-1.0644511044423361
748	1.542334413502216	0.17167235987239637	-1.5723611439297938
749	1.4370785598943592	0.3445901276801936	-0.3653761720323103
750	0.6291403213796197	0.44722304841793414	0.351012863767009
751	0.7497936908679995	0.3604548709010572	-0.25463852550035326
752	0.8728583950575441	0.12179992578290667	-1.9204762001273183
753	0.6880884626977251	0.7525911299650977	2.482515542741401
754	0.6407581824497876	0.7620296775289993	2.5483976392465535
755	0.8261055194017486	0.09922708345320191	-2.0780371136781377
756	0.8319741995014713	0.12942114395053633	-1.8672792619959766
757	0.590928815666928	0.2435820354982947	-1.0704237264230179
758	0.4250093136463315	0.322217147423106	-0.5215420264104408
759	0.9536654510505355	0.475113967579241	0.545694536488596
760	1.0496205978294544	0.4506389893471353	0.37485650585599406
761	1.169104237175108	0.47553803246674453	0.5486545558828729
762	0.9687066263954717	0.6630437937910778	1.857465321438346
763	1.018215352210315	0.6747767119269119	1.9393623760093723
764	1.3405621595703	0.6899908628671204	2.045558817114389
765	1.551582875713151	0.5679348064943839	1.1935941657159561
766	1.0993937450635118	0.45319779045236114	0.3927172180270829
767	0.7537456126765189	0.339327216410223	-0.4021118695364852
768	0.8319058584162853	0.6027293858822693	1.4364641434926293
769	1.001860268899634	0.6018302995343172	1.4301884222398396
770	1.0236677743676532	0.29348946272295134	-0.7220644143066163
771	0.7440193948063356	0.25318218029600414	-1.0034136635140714
772	0.3660144708461523	0.1762600541508681	-1.5403385350332328
773	0.3875423974693576	0.16844882888404203	-1.5948617435426353
774	0.4278090138656202	0.1503343118961211	-1.7213030575544181
775	0.4455936390066897	0.1973075426422193	-1.3934247584600619
776	0.5351994939305669	0.1885961731502	-1.4542310723213459
777	0.7441517463717482	0.25014596349453466	-1.0246067895719424
778	0.9304853150238048	0.25336018943456484	-1.0021711402162805
779	0.8222133436687953	0.319240579793863	-0.5423187947083415
780	0.5231299022672411	0.42648177325910663	0.2062364898172723
781	0.44916242295678194	0.43817982937632577	0.2878902036773251
782	0.5010353299659666	0.2969032082251575	-0.6982360965386857
783	0.4273853222961242	0.24823976592129215	-1.037912257561377
784	0.5192504358008688	0.3019437177953975	-0.6630527872749001
785	1.1647105448101138	0.3546366511329551	-0.29525033718590427
786	1.1059015251640076	0.6661666679665491	1.8792633254648048
787	0.5901562368519846	0.6219725273323979	1.570783379953161
788	0.4644154139564121	0.6208765953223895	1.563133654404009
789	0.5556859768687754	0.542310876342341	1.0147363247516688
790	0.884323351784149	0.4393069302583395	0.29575749136932844
791	0.964995885715141	0.49368464223403097	0.6753198810121462
792	0.6005230083880359	0.48131072796659136	0.5889486031863286
793	0.4016785390518232	0.6181346436998878	1.5439945315481782
794	0.8852261804450516	0.3003075468772818	-0.6744734396153611
795	1.15333007742864	0.29721428989296933	-0.6960647124013478
796	0.8485050570755603	0.5122245140693541	0.8047302184796843
797	1.0921621515754223	0.5592836341398602	1.1332080344722804
798	1.164996706718845	0.5384707939826494	0.9879321289899688
799	0.7884478946516218	0.28218064487342914	-0.8010012023958031
800	0.5353037142645043	0.12419604925965373	-1.903750995633243
801	0.474814214885929	0.4478531891177928	0.3554113149184013
802	0.545670976894707	0.47678874258662013	0.5573846496033048
803	0.7057365353606905	0.4192127641764525	0.15549800970282882
804	0.5898504780538028	0.5012335680063459	0.728012210300605
805	0.4930836169950093	0.5029385361424666	0.739913074763239
806	0.5490956013770165	0.5100983191547781	0.7898891449350004
807	0.6603581130794112	0.3396949581748816	-0.3995449917129446
808	0.5239685262788745	0.4776097556861797	0.5631154110251202
809	0.7689093477221192	0.4917010695735738	0.6614743264332803
810	0.8658352364106857	0.5582015847721298	1.1256552112878322
811	0.8251275315834451	0.5321241656891408	0.9436319678810254
812	1.230540390643316	0.5362377331778907	0.9723451198188064
813	1.047363610086204	0.538068229583521	0.9851221853611044
814	0.5720670810528233	0.49840725179816076	0.7082842133899491
815	0.6572966929999913	0.37600956298097366	-0.14606506991526802
816	0.6717003089076696	0.3431210822864245	-0.3756302698950896
817	0.6927355468565831	0.2889009823918538	-0.7540925099366605
818	0.7749799053392347	0.19580597425566654	-1.403905870377144
819	0.5053620126125473	0.42722194851160755	0.2114029942064109
820	0.4736336160691832	0.4442779597729492	0.3304558222294739
821	0.768885538853511	0.2517740147948074	-1.013242813053974
822	0.8314245770776049	0.2831706107713411	-0.7940911319234683
823	0.6059096517119942	0.2822188984735593	-0.8007341880741206
824	0.9705057069281683	0.3043042662183042	-0.6465759005558236
825	0.9676142630954842	0.31681817634003673	-0.5592274363228387
826	0.4883593196233673	0.3563774661812196	-0.28309925734751695
827	0.7111668769081098	0.4643450562022833	0.47052635475419297
828	1.0265632476596513	0.5245087350241342	0.8904754271523304
829	1.0911082085315653	0.5373925172002059	0.9804056388643159
830	1.3928841628697273	0.6252201638727375	1.5934522389609407
831	1.4829235035443156	0.3552255114213714	-0.2911400278309069
832	0.6944744115593353	0.5153212798464566	0.8263459830239256
833	0.9515159998811749	0.6452983326629554	1.733600057778212
834	1.0516107111173159	0.6686689635421239	1.8967296228456583
835	1.1241389285451038	0.5796459388286972	1.275339153004541
836	1.138615950258087	0.6133692185325574	1.5107313415672443
837	1.082449764374861	0.5854587054285346	1.3159129009779118
838	0.8886126780661795	0.34140083997923115	-0.38763774974593124
839	0.5344114140006998	0.49561547730531635	0.6887973214383056
840	0.663489265227344	0.5428451450681208	1.0184655790159718
841	1.0444813291008117	0.4478990823010225	0.3557316543674527
842	1.1665237216148439	0.31707077933697064	-0.5574642397177657
843	0.6296949693102618	0.4102595821709131	0.09300381799338811
844	0.4745392126991663	0.47311526076535093	0.5317433438599942
845	0.4545107767186722	0.5091405291064455	0.7832036654193534
846	0.4520671462511042	0.5023975764302577	0.736137116680297
847	1.0270986041682246	0.4521912938406551	0.38569176136062144
848	1.5491746982524455	0.400792709755743	0.02692401092184504
849	1.3192408360575967	0.3941800283848609	-0.019233229827831468
850	0.6552642538894226	0.40160052433204874	0.032562645204728714
851	0.8871123484185971	0.43709960912186707	0.28035014790399276
852	0.8370371882341229	0.39305816046683306	-0.02706399085765571
853	0.6356743464049621	0.5195978200820446	0.8561967025972145
854	0.45420161743782844	0.5348694504135021	0.96279435615316
855	0.7498407448373955	0.5045245006549283	0.7509832808893765
856	0.7783364588971636	0.539114605482993	0.9924260038271293
857	0.6173290884991689	0.4079915317338025	0.07717257735338164
858	0.5069005234703572	0.3515834150224673	-0.31656225988611925
859	0.48495514897175035	0.32507812039962314	-0.5015721214582829
860	0.29671289967626896	0.2858837784749203	-0.775152923976569
861	0.35472022383989826	0.1957140561457125	-1.4045474688592796
862	0.4394623492572046	0.11147617423059741	-1.9925371174940687
863	0.4528886834795481	0.17632646918712014	-1.5398749508007938
864	0.4123599306170192	0.26595622041703704	-0.9142494633745009
865	0.35546492460519347	0.3199863410611871	-0.5371132993234835
866	0.4860561279179459	0.3489734122107019	-0.334780365580802
867	0.5461740147496105	0.33664336388885036	-0.4208454542985012
868	0.504235943272075	0.25482523170690163	-0.9919449845798595
869	0.38737149484681443	0.30010374263390915	-0.6758960155720038
870	0.9437910556306716	0.4047090924984026	0.054260791719541825
871	1.3715482547578433	0.5157778089334397	0.8295326060887989
872	1.166528548798453	0.5148270822769496	0.8228964298223935
873	0.9446048479837333	0.44916343607020903	0.36455698225548294
874	1.3001744803463822	0.49636475547962217	0.6940273652193654
875	1.1174005158104685	0.5065219187792812	0.7649254783237627
876	0.4971226569937551	0.369499093706223	-0.19150885903102124
877	0.5178971229413942	0.2881603740707779	-0.759262037191919
878	0.4072120457671761	0.14494385460923206	-1.7589290402363258
879	0.38419037894751484	0.0844650176036384	-2.181077951299804
880	0.34108242651171666	0.11272425913178398	-1.9838253480878225
881	0.3769634092754198	0.2221965549251359	-1.2196967247727244
882	0.3430617441924649	0.35846314607034885	-0.2685409831210886
883	0.44023842110398953	0.4363111642845085	0.2748467165219747
884	0.601615400585849	0.3448874174575466	-0.3633010568020313
885	0.9281331150556258	0.43545882364936606	0.26889728546814573
886	0.6950525704201327	0.43727335476742807	0.28156291155334684
887	0.6309342113477293	0.4806692184040094	0.5844707961270471
888	1.036920700759846	0.48467159361772827	0.6124078137979161
889	0.6649402103941169	0.560825180288787	1.143968195552484
890	0.5515880447556657	0.595051498196327	1.3828716459122201
891	0.9819591311353628	0.5160113181651069	0.8311625261195439
892	1.315076721329701	0.510378824279497	0.7918471014502168
893	1.082606282300348	0.5540830680258434	1.0969075129899848
894	0.9214475699352007	0.4235199775893368	0.18556283141557023
895	0.5305675599986615	0.4373062198529798	0.2817923134526656
896	0.8516010537734757	0.4530820549799128	0.3919093717442423
897	0.7205687483028643	0.5228969634355443	0.8792250848062405
898	0.6441131057021731	0.4632310764166658	0.46275065375316904
899	1.1432292306587577	0.5284196848512728	0.9177742856042174
900	1.3974378863094368	0.3118771042656232	-0.5937166609669386
901	0.7930098048636034	0.32670404720648294	-0.49022297413719107
902	0.35812701703832206	0.45906230089359246	0.43365214368475097
903	1.0199328052001193	0.30618265688806184	-0.6334645278004803
904	1.3394373510861413	0.22592171217703594	-1.1936947188597409
905	1.0452744845727915	0.5377101213229	0.9826225504516235
906	0.4736928242001056	0.5254991817188684	0.8973888536391825
907	0.7478409165042568	0.5988982117348468	1.4097221280289496
908	1.559816836455752	0.5602127120082192	1.1396930998247221
909	1.2272655044992171	0.5771425738734305	1.257865391236229
910	0.4858646274967511	0.4489012533839505	0.36272691836894516
911	0.3499943660802262	0.229527039007846	-1.168529142419942
912	0.4651854943436509	0.23651440210669558	-1.1197565821421762
913	0.5331630810512997	0.21774555917123967	-1.2507651629849486
914	0.5935481535284114	0.14586450187311192	-1.7525028214271825
915	0.4691144095046812	0.18035799037989342	-1.5117344910015889
916	0.5937446498551232	0.4217946514456954	0.1735198658291089
917	0.7948661480077637	0.4951913946068631	0.6858371777216477
918	0.7057632541544235	0.4933093914407606	0.6727005893458704
919	0.4106842201889302	0.4939946188865673	0.6774835520217461
920	0.3280512649869689	0.5083538911160149	0.7777128460269318
921	0.37771112161659987	0.2924648228910211	-0.7292165126388247
922	0.4868140428242475	0.32247687818731235	-0.5197290772085693
923	0.9673634685696889	0.4688668979118944	0.5020893055023563
924	1.872753431701617	0.48516484246708497	0.6158507448288152
925	1.7145507311366361	0.4569837602800769	0.41914370238460424
926	0.608108172358856	0.6469445387755255	1.7450907568758685
927	1.1921394442515123	0.6686368566830276	1.8965055134501037
928	2.0460875865896226	0.4055018100781577	0.05979404731180054
929	1.6460434053229072	0.3144970483117071	-0.5754291643671071
930	1.4620386560308152	0.31738177318655947	-0.55529346856125
931	2.533775455395417	0.3223743851705244	-0.5204444896994649
932	1.990207274055649	0.27199653166608995	-0.8720874288096443
933	0.6419928573104352	0.27418247658675937	-0.8568292936735472
934	0.36634966297173294	0.511617047572348	0.8004900357494025
935	0.6047126869376502	0.5145037327078449	0.8206394143894118
936	0.9684251832227521	0.41046060816294794	0.09440700145118384
937	0.7890275760018551	0.41407646985680613	0.11964611238972916
938	0.5771732580193313	0.40290583151231063	0.041673832390751044
939	0.5556145176408746	0.34282082202207276	-0.3777261194501993
940	0.652579700799282	0.34542720343586186	-0.35953329151031355
941	0.7096399621554066	0.3808508766084105	-0.11227217016505932
942	0.7674623390433298	0.4426350098056363	0.3189878513826011
943	0.8774992298577448	0.30576320449638406	-0.6363923514683424
944	0.37430801722551155	0.40243136431352244	0.03836199933937728
945	0.4914796430524607	0.5312853458016604	0.9377769131278153
946	0.6398605306446984	0.41098204087393303	0.09804665892533261
947	0.8514159234845721	0.31649409793755995	-0.5614895390926408
948	0.5378328831646468	0.3399675407673771	-0.3976423353409942
949	0.37840772798528266	0.3855169864659993	-0.07970221193154549
950	0.8439531062821721	0.37329678384612475	-0.16500056560984083
951	1.7342036823752514	0.3039757790358851	-0.6488687770928463
952	1.8087142611433757	0.5781954263265653	1.2652144167566812
953	1.0663969741924877	0.5977271503055369	1.4015479908985367
954	1.4179535864633555	0.6196380736174836	1.5544886371559732
955	1.7355486485722016	0.6331096283736093	1.6485215658993697
956	1.1718480607879662	0.6094030228049253	1.4830468606747023
957	0.8084347658554745	0.5541045914760765	1.097057749031683
958	0.8058669913890967	0.315047860913877	-0.5715844320323146
959	1.092410581324885	0.32183936576602956	-0.5241789837834772
960	1.3487566719704709	0.3498874258407625	-0.3284004502627945
961	0.5583476756722033	0.32572851361203115	-0.4970323055495259
962	0.33246598968035235	0.34044956350988287	-0.39427776376634877
963	0.4205929669901818	0.3641470290122591	-0.22886685720630348
964	0.5499308425183105	0.3110190365229747	-0.5997060678588778
965	0.48142051253346024	0.5014738718623175	0.7296895575537176
966	0.810636150826031	0.5667561130561818	1.1853667563269716
967	0.8893736301540639	0.31683681793857443	-0.5590973159218388
968	0.8459682937014132	0.2503830448947215	-1.0229519354134038
969	0.9005019721189589	0.19089299808242824	-1.4381989825515984
970	0.6901464986875658	0.39021086169018077	-0.04693844839600039
971	0.31407116789103323	0.4093657039527317	0.08676445005723336
972	0.3220439504762589	0.3341089184680308	-0.43853616112293686
973	0.7858805932003966	0.1767395264632789	-1.5369917657401893
974	0.5551431107079088	0.21130384597544424	-1.2957290271336055
