ID	SN	ssim	z_ssim
494	0.21982889043224169	0.370118509212172	-0.007173808021225397
495	0.2539818362473666	0.37191034035721177	0.005344132307290981
496	0.26296720198420154	0.18219530106873288	-1.3200271493614382
497	0.316674721650099	0.18295095480023768	-1.3147480646964667
498	0.3541606605825067	0.39189366485248855	0.14494995637711486
499	0.7596110171339592	0.3531493193606182	-0.1257225376674555
500	0.938170485214922	0.2836685989368347	-0.6111229140672876
501	0.5691964796408848	0.3647695822766059	-0.04454203235774564
502	0.27054415329261494	0.29483961487790217	-0.5330809002613031
503	0.300841507547461	0.14634617132810168	-1.5704733301663267
504	0.3599542002711816	0.41533083133040655	0.30868472137003417
505	0.7431872289114483	0.4790104895162147	0.7535582037385804
506	1.0092398486502066	0.4657291526967517	0.6607732433648311
507	0.732677303737619	0.5941827729807276	1.558165142232073
508	0.2560504346153333	0.7010956965596833	2.3050712340328645
509	0.4628762331953125	0.5599712055083506	1.3191591614789475
510	0.7050756276583536	0.41710632938700015	0.32108855684714444
511	0.5641339678941838	0.4595035860361394	0.6172807121715441
512	0.442299786023378	0.4106205740490639	0.27577831735812136
513	0.5839475544727069	0.495168105146066	0.8664371816855184
514	0.6682365637666112	0.5686733151973334	1.3799531096812898
515	0.6890669201447208	0.49941130384259974	0.8960806602199137
516	0.5298436332685422	0.5367820947108395	1.1571573422572183
517	0.8228689479527513	0.5838202851991515	1.4857715999812655
518	1.0938921220397555	0.4814537353462548	0.7706270026558238
519	0.8166460413728285	0.5883943685747259	1.5177266772839475
520	0.1982281675914673	0.5743080098323423	1.4193177403306172
521	0.3204721691637504	0.234055984175257	-0.9577223985367426
522	0.567215829505598	0.23588218540733574	-0.944964344791384
523	0.5964065476728918	0.2587709711991029	-0.7850606309137161
524	0.5195972818454065	0.3383265852831936	-0.22927587817072512
525	0.38408673675426863	0.266871649514309	-0.7284683520871279
526	0.4446558450671598	0.22155109881103388	-1.0450829789338467
527	0.3531992389088097	0.24779441896511312	-0.8617440986937547
528	0.5691937873614079	0.21571453576380817	-1.0858578857385686
529	0.5596208809282665	0.34009422225791097	-0.21692696112391258
530	0.36777232080586836	0.5258851178186983	1.081029797050375
531	0.6244898131840775	0.49413219567219957	0.8592001978795935
532	0.7221102861587043	0.4007337073022109	0.20670751885363917
533	0.7865875343439509	0.41343551881374374	0.29544384816992664
534	0.9151521148477687	0.379264947350408	0.05672427029371706
535	0.4792418874719202	0.2176422794333305	-1.0723904447408177
536	0.28330045478751087	0.1965838620290392	-1.2195069926419073
537	0.5156235047138948	0.12632844300949841	-1.7103195033386125
538	0.8643570579945318	0.1280461465918005	-1.6983194267661859
539	1.0795445024122021	0.3826529918811073	0.08039354258148529
540	0.9999127999480624	0.5950378715931632	1.5641389603762086
541	0.6441323859616546	0.5553475029508281	1.2868574388126695
542	0.44271196984132766	0.520091185014616	1.040552710071666
543	0.5514736896375845	0.4390827132816934	0.4746181251839149
544	0.6280807345386156	0.47835011054023774	0.7489447195727478
545	0.5607510391124648	0.4186016476929366	0.33153502407016805
546	0.5388572171095187	0.3781555107023103	0.04897361711548581
547	0.541995601709459	0.6307806275387866	1.8138420015040624
548	0.5770777139399439	0.6527922799630697	1.967617959881603
549	0.5061846401232429	0.6532694307092473	1.9709513903696783
550	0.49923532453685077	0.46170612722161697	0.6326679205071242
551	0.5489215462704834	0.5452213418143665	1.2161149019312976
552	0.5996509122932197	0.6108241363428445	1.6744236379775037
553	0.5118297927328542	0.5816918021690809	1.4709017705141076
554	0.4272050535133697	0.5724780737315401	1.4065335943589101
555	0.5578051371364595	0.40449095441948946	0.23295608325870693
556	0.7080314390086021	0.253063001982871	-0.8249371662912799
557	0.6399818203920377	0.31955552961186895	-0.36041265154770774
558	0.8295654223131447	0.420269651312791	0.3431878909370528
559	0.7302657055537114	0.4000826861953637	0.20215940984756575
560	0.5394976356618943	0.29833807732524875	-0.50864023559339
561	0.29334983457113517	0.4665439097390651	0.6664652306182905
562	0.32144236033653467	0.4250392134360568	0.3765086054572079
563	0.41041895572024806	0.10877198570565946	-1.8329709515612758
564	0.4559028224654264	0.15051149707422898	-1.5413738811009423
565	0.9905205503531105	0.2829705316421643	-0.6159996932013947
566	1.1668702432428	0.634264938128157	1.8381837996497732
567	0.7113190245161836	0.5963129158980154	1.5730465678639662
568	0.375289285192334	0.5398960043355094	1.1789114762769983
569	0.6792342414556759	0.4323597295825803	0.4276505808323974
570	0.957280787500249	0.3916966821610244	0.1435738124339062
571	0.9863980985098222	0.34824554599362245	-0.1599808675120671
572	0.6359225967721926	0.27470065051266795	-0.6737740425252874
573	0.3840365849913346	0.2531366501162614	-0.8244226518842501
574	0.29759844027424315	0.20331396469708773	-1.172489714347222
575	0.6257030454903582	0.29880285734487017	-0.5053932284367093
576	1.0433514905355274	0.4384879091527115	0.47046275450941694
577	1.0800130341916672	0.6368513434085212	1.856252727101216
578	0.7267544639351528	0.682590490122982	2.175791714261842
579	0.7421003166351293	0.6957675552220015	2.267848220295417
580	0.8184841838897481	0.5691219512636042	1.3830873333062916
581	0.4080953089298868	0.43844623079443734	0.4701715846615711
582	0.3376879776926978	0.5081962423228082	0.9574532599703752
583	0.47670251949069353	0.5695213807409736	1.3858777939906042
584	0.4587054624613772	0.5553844714605187	1.2871157051117135
585	0.3854013281160353	0.5959365257569467	1.5704170626568585
586	0.5534166792423099	0.5833371735797271	1.482396526140905
587	0.5393299440766903	0.4907812832212764	0.8357903346104696
588	0.806660776454795	0.5232707401802361	1.0627654514589548
589	0.9422914845244802	0.43934825957858015	0.47647326243168997
590	0.7327848308616354	0.29188803223524584	-0.5537009991460315
591	0.2657404982069478	0.29380196438840456	-0.5403300470044793
592	0.4660603314976753	0.20372836726320045	-1.1695946499272607
593	0.5440430402993442	0.11239420469003462	-1.8076657093632331
594	0.5189933078501917	0.1703141242602519	-1.4030304294042213
595	0.3237378903471355	0.18971176469768297	-1.267516262133517
596	0.3322922552394685	0.13883571449099846	-1.6229422532492932
597	0.3126453711541964	0.12586354540787165	-1.7135673319368285
598	0.4549441472644796	0.15994531781417287	-1.4754681145785526
599	0.6366210086749268	0.16433345363451526	-1.4448120884766893
600	0.5842872143152029	0.2977502134988348	-0.5127471205086982
601	0.43051769602617085	0.32804438580815	-0.30110851699431296
602	0.6491803446521084	0.36916666963460065	-0.013823469774980479
603	1.0808732133470909	0.3732677174985853	0.014826926546046445
604	1.0234945578443193	0.3242858281871245	-0.32736623673064624
605	0.4956448485746297	0.2866880657764781	-0.5900285683041713
606	0.714686818442929	0.3649367481260228	-0.043374192333444694
607	0.8000174746123934	0.3218962553511863	-0.3440600698821252
608	0.6145481481939625	0.371499853165964	0.0024764211505315043
609	0.3813645860799298	0.3484117578196249	-0.1588196924060577
610	0.40655698008477986	0.1335723563254464	-1.6597126842278929
611	0.216679967135513	0.2607556052492149	-0.7711957471148068
612	0.5586112541336855	0.48116190511369034	0.7685882427830469
613	1.1432304690299286	0.4864755143929903	0.8057097338741348
614	1.0379554251061018	0.5130678428200914	0.9914868264133828
615	0.7412369812702657	0.5665332180684257	1.3650021427717927
616	0.5235414754456174	0.49810909099768175	0.8869832501582368
617	0.40150075637613997	0.486973530154457	0.8091889297804892
618	0.35343397640918284	0.39562856127914214	0.17104237626358842
619	0.6213732262454182	0.39487974092250705	0.16581103034849756
620	0.8817206203729913	0.5308501761935159	1.115716271072004
621	0.5622327203419699	0.4649593293014135	0.6553951677838724
622	0.8254227617601907	0.5911070406467529	1.536677719195719
623	1.0957743783957823	0.600835979948283	1.6046452182390554
624	0.8743225788386993	0.3860083501129331	0.10383446459194587
625	0.30475785624563645	0.2512531501008332	-0.837581001579844
626	0.21798887230504974	0.3613794400579714	-0.06822595933687428
627	0.43899345233315645	0.3398665540178161	-0.2185174778710374
628	0.4727142864186444	0.2862332766738567	-0.5932057777552037
629	0.5577852982669186	0.35206058214282365	-0.13332858222333624
630	0.7689966007789149	0.44720713021791975	0.531376244771914
631	0.8434436485126904	0.5346787138223317	1.1424628792642235
632	0.6205315987487201	0.5329215621935567	1.1301872140610314
633	0.6310348703308323	0.5511971578800209	1.257862646483639
634	0.7472078381754496	0.45783711043297354	0.6056385202065778
635	0.5145907420950218	0.2947291351335759	-0.5338527245767886
636	0.39988598492165084	0.4129813552950503	0.2922710091208168
637	0.6026428317774873	0.435749237612601	0.4513300772962699
638	1.0704949287417742	0.2611409802647751	-0.76850347253177
639	0.9970252983552166	0.5527265890861761	1.2685474303865314
640	0.5717008500639458	0.48835124306633154	0.8188137920720134
641	0.784593408956567	0.5384920718332928	1.1691034408844547
642	0.9090667845028898	0.5883259805395038	1.517248910533177
643	0.8050369061692423	0.509369771695872	0.9656516723634402
644	0.6717022694911967	0.4167899379960325	0.3188782098713407
645	0.4931035360047784	0.27896586144292246	-0.6439767839715097
646	0.45005544111007084	0.2019627081356132	-1.181929749504485
647	0.3659018196187692	0.13344897372200806	-1.6605746494145643
648	0.2817395682984704	0.19214072170705515	-1.250547286575735
649	0.35394185119660804	0.21934191147072837	-1.0605166180783678
650	0.4301609702742848	0.18872279740847323	-1.2744253023895993
651	0.757550918148388	0.21136639565326137	-1.1162344971701357
652	0.6906001573948595	0.2689808953625372	-0.7137329158048737
653	0.4782382502372016	0.2570924964765676	-0.7967866501191437
654	0.23505798282894147	0.25838654110408477	-0.7877463041721839
655	0.27519890378087153	0.20798342860442598	-1.1398682975803405
656	0.32341179919182017	0.18850598056714366	-1.275940010005601
657	0.3823870565853703	0.1314597579787607	-1.6744715414534417
658	0.32607067098302295	0.20577609829323906	-1.1552889633039234
659	0.3717887527864485	0.17912958550581112	-1.341444594072729
660	0.6114671183750814	0.2613080396734597	-0.7673363761147777
661	0.7788319178560207	0.4057142539614772	0.24150219582790441
662	0.9409583302325893	0.5599136027628425	1.3187567420137962
663	0.8106569516578646	0.6182498581389045	1.7263005922298975
664	0.6070689581306323	0.5256333865367039	1.0792711730999265
665	0.4542540356963965	0.3597948823487943	-0.0792958633875314
666	0.304188677284755	0.3860556478903676	0.10416489235420215
667	0.29029303499830955	0.3859779836024442	0.10362232062551353
668	0.42731861591010445	0.12937169918680433	-1.6890589625017367
669	nan	nan	nan
670	nan	nan	nan
671	nan	nan	nan
672	nan	nan	nan
673	nan	nan	nan
674	nan	nan	nan
675	nan	nan	nan
676	nan	nan	nan
677	nan	nan	nan
678	nan	nan	nan
679	nan	nan	nan
680	nan	nan	nan
681	nan	nan	nan
682	nan	nan	nan
683	0.6607246254478653	0.28480815745743754	-0.6031618259919702
684	0.5897654264272028	0.33418925227889207	-0.2581797666930435
685	0.4420233241205454	0.5203431512544723	1.0423129754650053
686	0.5242639157367267	0.5698725540803975	1.3883311316949094
687	0.49962267910939073	0.5119359081773815	0.9835789996338073
688	0.30332478547018993	0.4147368261868829	0.304534932500673
689	0.31242469233974474	0.4021318534928801	0.21647513040218766
690	0.6179366435317586	0.31562801820761377	-0.38785070202145505
691	0.5865886982455121	0.3919232397396286	0.14515656997096085
692	0.45224576821995227	0.3789757838146554	0.05470414027434887
693	0.3531966012746597	0.4036585524793853	0.22714082670151967
694	0.5453288437630817	0.3628733690922099	-0.057789197727163254
695	0.4854564812032007	0.47134501002074036	0.7000062743732252
696	0.6525531788959689	0.45687742891310723	0.5989340737338609
697	1.2209016880139643	0.446866071836349	0.5289935713370532
698	1.037631111575095	0.2898563553295044	-0.5678945297938828
699	0.43498010323339015	0.3202239874778074	-0.3557427273190165
700	0.2718748714847652	0.37381312884656825	0.018637233520253517
701	0.5773484447324939	0.22144097313778774	-1.0458523296676752
702	0.919942398713672	0.2599728223445617	-0.7766643593318433
703	0.6601617037631677	0.33492517844428626	-0.2530385010943847
704	0.5507060269572256	0.3799123068762603	0.061246799070018745
705	0.6535592688696974	0.33592939788892545	-0.24602290751039768
706	0.4697090007279497	0.46600267358619585	0.6626840920416961
707	0.48493148413489756	0.30905237334680724	-0.43378892014929327
708	0.8058119189726963	0.18614630781078287	-1.292424957731127
709	0.7528431126963622	0.24667055703448923	-0.8695955285698262
710	0.5270391578751688	0.32825876030972556	-0.299610871847276
711	nan	nan	nan
712	nan	nan	nan
713	nan	nan	nan
714	nan	nan	nan
715	0.41083226934012523	0.3802713339923365	0.06375500416947912
716	0.5968714024297159	0.3970224792358449	0.1807804488789436
717	0.5406825646954588	0.3430059792004751	-0.19658508920196213
718	0.7168261581202817	0.3939272353542656	0.15915671590663016
719	1.0429639461047489	0.4494452967023075	0.5470123355801408
720	0.9204843889808203	0.33088188433822097	-0.28128542296002945
721	0.7375842067257566	0.2573702589263629	-0.7948461694094157
722	0.5013863797995289	0.08947193976702243	-1.9678033123371674
723	0.4319867374644498	0.16631495124654488	-1.4309691161982194
724	0.3137638255963706	0.156163109499815	-1.5018910608032647
725	0.2803997753315376	0.16186746156091336	-1.4620397952912494
726	0.32868363019549607	0.18507958030674	-1.299877239872422
727	0.6507489774576218	0.18498775042669047	-1.300518774071678
728	0.6792831685113241	0.3360372401925389	-0.24526950866181768
729	0.5941552784715349	0.41748406059497317	0.323727430903282
730	0.5933658664391604	0.4303818458498224	0.41383285553392535
731	0.6652327085604341	0.43400606041384127	0.43915203908295375
732	0.44946183531752676	0.44164796745689505	0.4925392885600202
733	0.4104685301637771	0.4178916784183742	0.32657509632326254
734	0.6459809596144558	0.40781391464107664	0.25617066900971996
735	0.8923276836509615	0.43073537020971614	0.41630261774007804
736	0.7992278838630117	0.4689297930208602	0.6831332881163381
737	0.3899498537179453	0.47273420705961267	0.7097113661087352
738	0.24860744068269475	0.4474618692927568	0.5331558815122278
739	0.4575022134091195	0.14526396136466874	-1.578033774565723
740	0.5017681845852554	0.10171457626169544	-1.882274832977785
741	0.41079184369622324	0.14124633077396903	-1.6061014081346685
742	0.2900658347063763	0.35577644717114487	-0.10736911789428351
743	0.2972490035804078	0.4035511097965415	0.226390219650014
744	0.3006279677803857	0.23893600246340282	-0.9236300244298499
745	0.7626163940865454	0.26113128660133955	-0.7685711935895199
746	1.0900503329714084	0.35734841936725714	-0.09638713769849705
747	0.8701194330696022	0.3460680808423712	-0.17519289176236683
748	0.808512109197857	0.2969254381471756	-0.5185090968339126
749	0.7386898625003273	0.31330486600466356	-0.4040805129224964
750	0.3374443045562171	0.4637034811372343	0.6466216667626461
751	0.37950033249872717	0.35126321768826396	-0.1388990628402677
752	0.43145050042878624	0.21015147691560385	-1.124722060467656
753	0.3877501460229747	0.8239126432838422	3.1630846772524066
754	0.41001378381802916	0.8092158270960403	3.0604110137393232
755	0.5617642081502746	0.17227630938450458	-1.3893223764066536
756	0.6477021107667457	0.18858539235086602	-1.2753852300684572
757	0.44291433173460854	0.30451188560706	-0.4655092944411769
758	0.2673854753789441	0.4576530855779636	0.6043529012126477
759	0.522449990791657	0.5337795346936632	1.1361811095179626
760	0.5809908871489046	0.387115740937278	0.11157082540801395
761	0.7846540404794606	0.42686872792440095	0.3892898059953535
762	0.7355849591680019	0.6426819093789007	1.8969857376311048
763	0.7805018472396311	0.6987891196369665	2.2889572199631623
764	0.8482389227921061	0.6306761425496274	1.81311205724389
765	0.9219437146255038	0.5609160047051981	1.3257596383159014
766	0.650740061592182	0.4525964920304331	0.5690269518514193
767	0.5407030125521557	0.3368954255420948	-0.2392741262139313
768	0.6060696830495439	0.5322212771201945	1.1252949412676017
769	0.7783717729181202	0.5616695052245637	1.3310236803909796
770	0.777168789444982	0.21083120124507637	-1.1199734274171969
771	0.5946215468259637	0.2025364429749092	-1.1779215713329092
772	0.312094026889988	0.13659134747629456	-1.6386216616819054
773	0.3851957065384221	0.11970523425700091	-1.7565900083337864
774	0.35628450656674765	0.14024411441093323	-1.6131030079581086
775	0.422346409878626	0.15811240348969674	-1.488273066766481
776	0.4655384473464684	0.12271283256682164	-1.7355785774974022
777	0.7200621927407856	0.14260007308596226	-1.5966440072358006
778	0.8447405151863279	0.1483404311484426	-1.5565411996194882
779	0.7098068237314122	0.20875813881820662	-1.1344560821186078
780	0.39605623700482284	0.3315955556801691	-0.2762996321407275
781	0.34021967525487345	0.33783911883185097	-0.23268137537226255
782	0.37707589955015375	0.24747362395957406	-0.8639852098320113
783	0.34195044107355954	0.2476174340419125	-0.862980535907052
784	0.47650909973953576	0.24338360598623796	-0.8925585500569042
785	0.8582914980916648	0.18433554469831992	-1.3050751589811933
786	0.7832717234284843	0.46464331389583563	0.6531874474856366
787	0.5690037925022716	0.4494672058904603	0.5471653957112265
788	0.37011024177894003	0.4772548618698093	0.7412931852530864
789	0.4377197001227649	0.46864392497614726	0.6811361807798281
790	0.6626686802078513	0.35780646991753445	-0.09318714339563645
791	0.6978892537208591	0.3319077813743695	-0.2741183872059858
792	0.44073499518700104	0.3791136408581294	0.05566722557892676
793	0.3189303508429306	0.5205107711423356	1.0434839874545858
794	0.5770660503662064	0.20085715236035218	-1.1896532904546882
795	0.7829804414116707	0.22900486864496977	-0.9930100778337637
796	0.6358659042664674	0.4652476832448631	0.6574096418974555
797	0.6750170476266564	0.39148554637279115	0.14209879331414468
798	0.7768292645596193	0.4378685302706242	0.46613570175772484
799	0.6159105249599476	0.2262890865715833	-1.0119828465759608
800	0.528989150304048	0.1401275353902734	-1.6139174425259062
801	0.4948987741195885	0.38005095311802173	0.06221539780542237
802	0.6406687827553351	0.38004958772595354	0.06220585901797474
803	0.6912044738682798	0.295208601426616	-0.5305031174096035
804	0.5624866953715529	0.41459182860396027	0.30352196255881814
805	0.4392215657877509	0.3985163943078369	0.19121711294678043
806	0.545291910611881	0.38828361059741145	0.11972969838971474
807	0.561434756564092	0.25421948276142864	-0.8168578573579935
808	0.39860695771530286	0.42220516629147853	0.35670962320252386
809	0.5590258309471585	0.4082857674973705	0.2594670878242258
810	0.6424550813726264	0.49212613200403715	0.8451856042819895
811	0.6423359857934935	0.4930892342980155	0.8519139486796478
812	0.8345410231483001	0.44556222163563824	0.5198847225177861
813	0.8580382675155326	0.4504115396338506	0.5537626208363104
814	0.5266749572153312	0.35723232797086957	-0.09719816566653783
815	0.630591049664366	0.2869389194203244	-0.5882760756356786
816	0.6328770334867645	0.2708121913737659	-0.7009392693411042
817	0.7339430238025818	0.18889345488413553	-1.2732330694591305
818	0.7347973896699478	0.12239100422946722	-1.7378269076116433
819	0.45002894152722794	0.3349765480245196	-0.25267962724522663
820	0.41959516963884697	0.41400219066853994	0.2994026835120989
821	0.6674842893072777	0.14315484065278927	-1.5927683366309218
822	0.769101697552147	0.23676619855208844	-0.9387885263688325
823	0.6062610246390474	0.23714194808511968	-0.9361634965238196
824	0.9221255077409342	0.24928480000454192	-0.8513321237875433
825	0.9428898066160408	0.259120452250721	-0.7826191157284194
826	0.5200642449957025	0.291874310499834	-0.5537968607820819
827	0.4918187735075836	0.40591518598133497	0.24290593023760626
828	0.7456671209553437	0.41199305561925426	0.28536663288952163
829	0.7225243724671714	0.41394754708131076	0.2990209370701061
830	0.9078448235511911	0.5306649944611881	1.114422569998871
831	0.9289948806302281	0.2973562590948634	-0.515499331694848
832	0.49810579709874697	0.490495459864397	0.833793539468351
833	0.5796287286861151	0.5613046660089049	1.3284748712893175
834	0.6867525231113359	0.5964858484454808	1.574254694710083
835	0.7042424284296499	0.594317035251148	1.5591031140349103
836	0.750802630199389	0.5992189112518326	1.593348188658275
837	0.6228203850378207	0.5071671776938154	0.9502640950451089
838	0.5163797292659595	0.2950989941596295	-0.5312688464971389
839	0.35680754168197043	0.44815987671043017	0.5380322423386847
840	0.4479698144924551	0.47133396950770023	0.6999291440678305
841	0.7221825714951894	0.29828788743933904	-0.508990867961095
842	0.838392707700481	0.24236191807129223	-0.8996961804017395
843	0.42969352199414507	0.3211474785150217	-0.3492911117581588
844	0.3055782586480933	0.43243087592406154	0.42814761743080676
845	0.3064646378014619	0.448706019755346	0.5418476610325813
846	0.32359071317833277	0.45913277388856977	0.6146901754743697
847	0.8412992167604583	0.394748485843915	0.16489406713676935
848	1.0929621916580239	0.33846802347693306	-0.22828777453478546
849	0.9128381437115742	0.3216469153805739	-0.3458019878537381
850	0.479836942304759	0.2862891799192451	-0.592815231195122
851	0.7287116605298906	0.32030602835944905	-0.355169580198691
852	0.6891506859322736	0.2834839450097311	-0.6124129278318702
853	0.627713954292208	0.4137888542991624	0.2979122908770769
854	0.41057099273447606	0.4226496167174548	0.359814605458668
855	0.6994305067303589	0.336719381923936	-0.24050398736096396
856	0.6211377606555911	0.35141797840372446	-0.13781788652145222
857	0.5601630850586735	0.2854110503158612	-0.598949946514862
858	0.517530954600526	0.279522289160568	-0.6400895153603458
859	0.4791733312005428	0.18313636976783776	-1.3134527342146538
860	0.30602597866523545	0.1930552727634564	-1.244158126758358
861	0.32948453077492645	0.10865800504190316	-1.8337672337061954
862	0.38254740212946214	0.07559645785664387	-2.064739039268999
863	0.3996928538893383	0.0997903469407446	-1.8957177223285613
864	0.36291997169303053	0.16148562019107754	-1.4647073834151614
865	0.33186796392799467	0.23741917911411559	-0.9342267283814694
866	0.47332837607212347	0.2828025432282849	-0.6171732797564925
867	0.4834752561988773	0.27076556307122246	-0.7012650200740761
868	0.5105317464121568	0.15508297830450307	-1.509436982687318
869	0.3089209175696326	0.26132297857599124	-0.7672320112079724
870	0.5863448298351408	0.32518494983799345	-0.321084868530963
871	0.7399923931350599	0.4037380635305858	0.22769630013278594
872	0.7034689899493537	0.41024799885178903	0.2731754637910972
873	0.5413193187641452	0.3539328323284706	-0.12024882514418239
874	0.6443109430282372	0.34709156031299443	-0.16804274540165098
875	0.6604673862588955	0.364995678380293	-0.04296249873801797
876	0.45195515842981165	0.26652752750393766	-0.7308724283883363
877	0.48167537254383824	0.20466016895337874	-1.1630849751803114
878	0.40279094249666303	0.10027202413120645	-1.892352669575404
879	0.35125253414456303	0.08165304039512838	-2.0224270507641893
880	0.3266756555197894	0.08099857910771543	-2.026999193270942
881	0.30347079694166323	0.16736991078981142	-1.4235990463966275
882	0.25207411880447916	0.26842745009929475	-0.7175993486434521
883	0.3375123629412655	0.32918458695854863	-0.2931429394326621
884	0.4436962288835001	0.2604021185205306	-0.7736652464249631
885	0.6129447670731578	0.4301476442405629	0.41219669591159214
886	0.4781221535402015	0.3598625898186412	-0.07882285114545452
887	0.5210369660241397	0.4175869143068619	0.32444597887112686
888	0.8040642093133047	0.43089414714985513	0.41741185187059665
889	0.4935286229815864	0.48149130575360255	0.7708894738817533
890	0.41106170096244243	0.5665607602343761	1.3651945555395018
891	0.6217111294076555	0.4528406152181173	0.5707324247720666
892	0.9392971073673957	0.45503065315815283	0.5860322839839361
893	0.7688169466818102	0.4896840189397432	0.8281247189977107
894	0.6298167692656551	0.3205014087379374	-0.3538046301998862
895	0.4236591690666222	0.3819715176746764	0.07563268468751476
896	0.5592936472445373	0.3647270914453473	-0.04483887823615122
897	0.5060983716813986	0.4337762923268405	0.4375468525616485
898	0.4091766445222032	0.38916875847802845	0.12591344420870504
899	0.6673457754081976	0.4474255391839872	0.5329020751561072
900	0.8035006921561041	0.20790168195417846	-1.1404393891659996
901	0.44257848021229707	0.24711930103919463	-0.8664605508743934
902	0.21030656092943673	0.5093570709161103	0.9655629432420474
903	0.6624258256707656	0.2643862018483351	-0.745831977927899
904	0.8467590160133942	0.18086460422931522	-1.329323551914373
905	0.660224880709863	0.4865694528484699	0.806365998826054
906	0.360543704225083	0.46758595893935595	0.6737451072655564
907	0.5266919111408894	0.5236884613576356	1.0656837000825035
908	0.9421446724762481	0.4734763669246619	0.7148961810566301
909	0.7777983224928139	0.4389707330780525	0.47383581848552303
910	0.397483704223707	0.3278850221502715	-0.3022218500030507
911	0.3236155711115743	0.18854225820278228	-1.275686570232863
912	0.39730858686188375	0.1658173011014229	-1.4344457578663585
913	0.4461534859722224	0.18372957389029526	-1.3093085413714225
914	0.5515663488701406	0.10038960574645467	-1.8915312307654568
915	0.43380359774530886	0.0861370950593526	-1.991100924487197
916	0.5462371109701972	0.29254928171372757	-0.5490814335486756
917	0.7771041914933897	0.35991048080130666	-0.07848827918261105
918	0.6939622708200963	0.341957680148239	-0.2039086280402382
919	0.3844649527612784	0.39896673160332297	0.19436322155651475
920	0.35475912213872113	0.42398601717866513	0.3691508541753745
921	0.23474399600111845	0.28083971482866876	-0.630885826750404
922	0.27472701140179207	0.3721922183207735	0.007313364473813539
923	0.6174227864905	0.5072086698600833	0.9505539641339906
924	1.0580978042020408	0.5832340666964175	1.4816762094881322
925	1.0137754094560716	0.4611668238339419	0.6289002844524818
926	0.48642328920995836	0.6274720989315598	1.790728236685818
927	0.6273575103291965	0.6685512094698152	2.0777116703033833
928	0.9620431104994744	0.4731997251325588	0.7129635293915966
929	0.6820368899409588	0.4937307737605675	0.8563958178182917
930	0.8044914130041328	0.46023987842106445	0.6224245362223468
931	1.0720751295412563	0.4391248553457579	0.4749125345342269
932	0.8266745611989026	0.30297602658003897	-0.47623898384661223
933	0.3004503903210415	0.2707329947880096	-0.7014925458802823
934	0.2690716858534438	0.5115125516644471	0.9806213819022076
935	0.5486232791856032	0.4879339316105406	0.8158984058111717
936	0.7708438751394486	0.36612787056020657	-0.03505287277364944
937	0.6059347780353456	0.3259999125568046	-0.3153914443976209
938	0.48260004767277065	0.34214454218616613	-0.20260318815718234
939	0.45322028688566024	0.3312874975185398	-0.27845176220926804
940	0.5370862475479541	0.3523030162025706	-0.13163490974648862
941	0.5449422191848758	0.32307114769255985	-0.3358521356342705
942	0.6391791775871003	0.3234891668528157	-0.33293180526790495
943	0.7258208893471402	0.24273760223507704	-0.8970716072338686
944	0.2920774594021332	0.30172096249475755	-0.4850070072016634
945	0.35723115773843966	0.43182848793709855	0.42393926504431534
946	0.4294023981145601	0.3611075424448519	-0.07012546761694753
947	0.6484511340803801	0.32895167355149035	-0.2947700995249164
948	0.49434051746351515	0.3420396165426829	-0.20333621087960257
949	0.3350729025225613	0.342160098011167	-0.20249451335840987
950	0.5250042735343046	0.3129408013606043	-0.4066239107770722
951	0.9846854255497104	0.35058867090932133	-0.14361152492184923
952	1.021470990789111	0.6784304533619862	2.146729214660394
953	0.6601148723053248	0.630695013936392	1.8132438949419283
954	0.7828780484050532	0.6721569302861238	2.1029016543846337
955	0.9204116647259676	0.7045359783160604	2.3291054416415595
956	0.6886511263754136	0.6640742306171715	2.0464349764672694
957	0.5099001991324776	0.5952580934399021	1.5656774557551645
958	0.49525259034530267	0.4042323064995382	0.2311491388727876
959	0.607716995305938	0.46312253359473177	0.6425630998094058
960	0.7518791528679546	0.3477147334998997	-0.16368918519615624
961	0.3441574107918535	0.3388505768097767	-0.22561521255467457
962	0.23322329411333265	0.4235564849387904	0.3661500920986518
963	0.2687954756768978	0.4095010191372823	0.2679569768155292
964	0.33043119295453394	0.3337229088308828	-0.261437696141884
965	0.2905498340943431	0.5524297847394526	1.2664739207749731
966	0.3780307237205653	0.6039189986660857	1.6261835447984456
967	0.47035686122609244	0.4533977606524665	0.5746247074354165
968	0.46417913358659063	0.358000751894458	-0.09182986695763741
969	0.5076112701344379	0.3419682225725031	-0.20383497744083834
970	0.440431372945157	0.5130437278602188	0.9913183565050736
971	0.2326251693744798	0.4732343567511804	0.7132054698984268
972	0.24531386140998937	0.410799338748705	0.27702718829618234
973	0.5273056086951984	0.3310302406757408	-0.28024898836876166
974	0.42312683113884925	0.39336615151980636	0.15523691912304427
