ID	SN	ssim	z_ssim
494	0.27567204393037487	0.4512929924754375	-0.18848076635543942
495	0.3272687601535854	0.4247211989406	-0.3559412761616478
496	0.382203128604833	0.1921835619686526	-1.8214378067364114
497	0.38962875898315874	0.23842598940056509	-1.5300092111366448
498	0.40851042470636073	0.4243917384615146	-0.3580175989253446
499	0.8527142067831002	0.38467810460274465	-0.6083004924578224
500	1.217392439155963	0.33452941511379974	-0.9243470964223488
501	0.6432089695417599	0.4721144128315328	-0.05726020485477575
502	0.2746213919152559	0.38168256508620646	-0.6271789537075851
503	0.31518180466650814	0.17083562245121298	-1.955976592393298
504	0.3501867317552383	0.5437950653981125	0.3944849363342619
505	0.7121002256026401	0.6346085642857601	0.9668089234626674
506	0.9756008603843717	0.5971310852714096	0.7306187041699302
507	0.8783151495485626	0.6904813721834422	1.3189300131656703
508	0.35342922730175486	0.7456128384250358	1.6663790263862783
509	0.5071931872396707	0.6754207744171208	1.224015254151461
510	0.7219972702761552	0.5935002172911295	0.7077362817914943
511	0.5898631510037906	0.5811096518618297	0.6296485757110849
512	0.4808479325341466	0.5177073906652134	0.23007543553401663
513	0.648300325276931	0.6214977921310646	0.8841823372632888
514	0.8158618530482039	0.6669721021199229	1.170770110265354
515	0.7294708069357385	0.5868330294807629	0.6657183928509557
516	0.48759617390386906	0.6508138048132246	1.068937439428424
517	0.7721165721831857	0.7004344381283649	1.3816561326911119
518	1.0187241559080693	0.6404973423320286	1.0039211256356535
519	0.7730819084547327	0.7180682202713797	1.492787590325288
520	0.34927800204273396	0.6958245949645463	1.3526040220261832
521	0.39593306293265235	0.2811970886225409	-1.260457587860125
522	0.6147396343708703	0.29599508598536406	-1.167197786663779
523	0.5784712095043767	0.3028559470564556	-1.1239593319027847
524	0.5882556780489002	0.41560184554767937	-0.4134131802045302
525	0.4436409680801554	0.35996797334631137	-0.7640284515869442
526	0.5338132963953498	0.22325487935734434	-1.6256204395933531
527	0.4108379370561679	0.2834355787750774	-1.2463501960633132
528	0.5859968317904459	0.28453924475738984	-1.2393946825857793
529	0.6060716159595496	0.5036642398197965	0.14157282103131852
530	0.40403839024728155	0.6042688718452832	0.7756023962561144
531	0.6297100816209318	0.6224354104223659	0.8900913865285969
532	0.7463716752574422	0.5172710340900665	0.22732543318902637
533	0.8240281783194103	0.5258181022378423	0.2811906864884853
534	1.172738380319621	0.4606706268115942	-0.12938112655693965
535	0.6103982574647908	0.30675142136174277	-1.0994093100066293
536	0.3241154353093232	0.24753632417226634	-1.472594144164439
537	0.5451668201099098	0.20020911091811794	-1.770859266872698
538	0.9993024258552833	0.20490952778533086	-1.7412363434575664
539	1.2935732011175742	0.4669323957774631	-0.08991826448335362
540	1.265999701684472	0.7029536390760109	1.3975326174471743
541	0.7662152179015762	0.6776419904352914	1.2380137810595109
542	0.44944644183734944	0.626988949820147	0.9187886601234456
543	0.5060575977421294	0.5734510852024287	0.5813828282188555
544	0.5464279158861234	0.5817245422514713	0.633523732199461
545	0.4864337545881222	0.5291523672504549	0.3022038604057468
546	0.5201742517638438	0.4819599350416398	0.004788153546445898
547	0.5002265973547639	0.7198656598039366	1.504115397011471
548	0.49500036796398056	0.7409022638266737	1.6366920870124768
549	0.4459123986943975	0.7447154145014792	1.6607232896911228
550	0.45829007517815784	0.5722767940646203	0.5739822215439431
551	0.41089376966964364	0.6423821102645835	1.0157992925511923
552	0.4152631245024992	0.6969883393666432	1.3599381611614947
553	0.36445162914553175	0.6653057587593478	1.160268496653603
554	0.38831098983048107	0.6581341517988117	1.1150716620414953
555	0.5728766258793657	0.5440163132988878	0.3958792827944963
556	0.6690936101074817	0.403694042009529	-0.4884584287895171
557	0.5804624979085834	0.4733413630118465	-0.04952773085249344
558	0.8265023943759742	0.5911832629099789	0.6931343934636889
559	0.8321321478924355	0.5489667352365604	0.42707778583689016
560	0.631665681359082	0.37100856624971296	-0.694448529789703
561	0.31881398760180135	0.5969775969076652	0.729651391233065
562	0.28957156287452196	0.5247660827756545	0.27456065922920186
563	0.34894951068619395	0.15078147160013722	-2.082361675163447
564	0.5045377257185671	0.259679673906418	-1.3960644385361751
565	1.2783184210375524	0.46134351920109434	-0.1251404304051095
566	1.3613476804524485	0.755601979949786	1.7293325010950098
567	0.7841753946341317	0.7438655876472814	1.655367518803306
568	0.3877096647260245	0.6576074479952844	1.1117522742350259
569	0.7252572417727404	0.6449911130059219	1.0322417253353218
570	1.0930047468008588	0.6026051241706101	0.765117141151886
571	1.1281373747576156	0.4943362384082744	0.08278597738832058
572	0.7361835357258522	0.4097910137506743	-0.4500341502511631
573	0.3394110450581783	0.35798440453291663	-0.7765292804937803
574	0.3331243036238786	0.33593321820678895	-0.9155000616404739
575	0.681922960721932	0.4153016734592053	-0.4153049219456195
576	1.2488886772494154	0.5432534171188217	0.39107136559178357
577	1.2870187776140518	0.7394138906867409	1.627312075668183
578	0.7130405792385416	0.7746723385228516	1.849517537330739
579	0.6624848352279542	0.7755699504025637	1.855174458561428
580	0.7586261455829575	0.7172868650363862	1.487863340638483
581	0.4170769917910651	0.5591917331092581	0.49151767222560633
582	0.41681335614386134	0.6278967537419836	0.9245098135471138
583	0.46352225778148876	0.6672587967419239	1.1725769144427254
584	0.4632656989317667	0.6220288714604892	0.8875293004683276
585	0.45483422237576804	0.6526031452297165	1.080214203940753
586	0.5279128527952315	0.655899320146402	1.100987326810118
587	0.5999576141845558	0.6293619597852427	0.9337438214304585
588	0.9727924316859877	0.6523599754075601	1.0786817013517045
589	1.3180214739660951	0.6001216081364145	0.7494655495251098
590	0.9748834466794385	0.44467607062335585	-0.23018186964169954
591	0.300448243648292	0.433326766963854	-0.30170734549164063
592	0.4814321207564625	0.34357062809400646	-0.8673676481609094
593	0.7027592456458953	0.23241055065575922	-1.5679196531846196
594	0.6644161582975566	0.20480750519841784	-1.741879309254881
595	0.3991739318925621	0.21848306517765928	-1.6556933224863688
596	0.39818238218886154	0.15715292757091542	-2.0422075446688135
597	0.3562529224237233	0.15966977017354977	-2.026345922652725
598	0.538552890770369	0.22025479894752753	-1.6445275184184562
599	0.7225288610595696	0.19724284034932535	-1.7895532696325005
600	0.7251031867286666	0.4177872704163722	-0.39964021594546917
601	0.5414239574806472	0.4352330882520369	-0.2896933452189458
602	0.6913408609219196	0.5023161822767985	0.13307710533555378
603	1.2343601781440001	0.5358604155606831	0.3444792600080626
604	1.1839458000489456	0.464951245695664	-0.10240385008244852
605	0.4293103468182292	0.3919565687702453	-0.5624302233509262
606	0.6340075891175725	0.5133335161277753	0.20251044414916783
607	0.9027734242832204	0.49537250000429867	0.08931669557018908
608	0.5859718327628558	0.5655473762154392	0.5315721470322091
609	0.41752662838587495	0.5675815268312323	0.544391752103155
610	0.44935049850409114	0.25793721551888793	-1.4070457435620978
611	0.3186219016969499	0.3476928458874661	-0.8413886455647945
612	0.671583456641578	0.6463686574762891	1.0409232732702014
613	1.2450337752591134	0.6393625738688979	0.9967695983931012
614	1.1632969675027283	0.662012364204424	1.1395128961542442
615	0.6678092799186693	0.7110207765884491	1.4483732563652254
616	0.47020767262521673	0.6803369499131062	1.2549979295879217
617	0.3859851519067402	0.6392943515575078	0.9963396483774738
618	0.3291861529344564	0.537845777315938	0.3569913883763957
619	0.5139833466365051	0.5455421639781146	0.4054954847379771
620	0.846312094494447	0.6789927333185819	1.2465264202818642
621	0.5135370130613378	0.6320097165804569	0.9504304896520863
622	1.0236344142900407	0.7106127756358959	1.445801956560927
623	1.5058923271487157	0.6910018302342367	1.3222100390474205
624	1.1054277517211113	0.51418883069117	0.2079007996267899
625	0.3363629199722811	0.3395184159978014	-0.8929054615036071
626	0.2925152702630138	0.5197975566272356	0.24324805999841018
627	0.5625750657915238	0.5039694527118177	0.14349633087758815
628	0.6327687628528708	0.42689770305996766	-0.3422245321659231
629	0.6188666817475394	0.4643396737096075	-0.10625809335864828
630	0.6728588021578676	0.5836075250303958	0.6453906487364119
631	0.8229108126436172	0.636787325643311	0.9805398930038536
632	0.6151675724208956	0.619350034236207	0.8706467574560165
633	0.6227618443932307	0.632503005208102	0.9535392886482379
634	0.8238292123247163	0.5211259108507889	0.25161960161782765
635	0.4931521653595475	0.3945877477519532	-0.5458480316712225
636	0.3456551193762764	0.5486618651156135	0.42515643619929416
637	0.6413046529868509	0.5829671360753499	0.6413547954265608
638	1.2611686965163857	0.4112484752006794	-0.44084895027131354
639	1.0577421881755624	0.6440865514763471	1.026541006085976
640	0.5551826201684606	0.5947856107667362	0.7158370765852091
641	0.7964417401372913	0.6649552247186551	1.1580593642861596
642	0.9621590860823491	0.7200711977165037	1.5054107361302953
643	0.7603603133536531	0.6515491474107831	1.0735717087000076
644	0.5320678390447837	0.5725908244417863	0.5759613008629929
645	0.43782312777528787	0.40473924950491447	-0.48187133184398956
646	0.4276637586321664	0.19330994270245735	-1.814339140563519
647	0.35171866563051324	0.2364994281865364	-1.542150767281552
648	0.3400681286341241	0.3341249365974851	-0.9268961971617815
649	0.41406263180261715	0.27799517971028037	-1.2806366283941106
650	0.471618541141156	0.22165426039959785	-1.6357078454855556
651	0.8712146067742911	0.26363523950909823	-1.3711357098250974
652	0.8063865950361727	0.3305612172178556	-0.9493554362544155
653	0.5544666413475788	0.41842963006361195	-0.3955919429576231
654	0.33529540621977133	0.3790877667520863	-0.6435318676088004
655	0.3305356785235856	0.2775923318667434	-1.283175452322747
656	0.3394049701065556	0.2681080774822888	-1.3429470319968944
657	0.4119559542689784	0.20232109541743723	-1.757549137825702
658	0.3978174759534812	0.20621369765976816	-1.7330172162179682
659	0.41553991144990604	0.20252252222998796	-1.756279707643123
660	0.7742987565809182	0.30150891665174784	-1.1324485743771806
661	0.9881814394584149	0.4970551459763487	0.09992105134818473
662	1.3060935241756813	0.6466117043863551	1.0424550012438176
663	0.9862324081818556	0.7023084213340215	1.3934663322012082
664	0.6484186816274569	0.6090824379372874	0.8059384076621972
665	0.5979445747068132	0.44701363056155674	-0.21545012116410908
666	0.4785025870301287	0.5941691041481694	0.711951734313949
667	0.38724416216790436	0.5768847890530131	0.6030226846549113
668	0.5017906462190854	0.22234187103398792	-1.631374392147821
669	nan	nan	nan
670	nan	nan	nan
671	nan	nan	nan
672	nan	nan	nan
673	nan	nan	nan
674	nan	nan	nan
675	nan	nan	nan
676	nan	nan	nan
677	nan	nan	nan
678	nan	nan	nan
679	nan	nan	nan
680	nan	nan	nan
681	nan	nan	nan
682	nan	nan	nan
683	0.9252634214016402	0.37722016716412055	-0.6553018363429233
684	0.7297847106942335	0.46950376729839305	-0.07371299082609957
685	nan	nan	nan
686	nan	nan	nan
687	0.6048344994691714	0.6260779713546647	0.9130475001203721
688	0.42267103483903123	0.5179155967811131	0.23138759017903962
689	0.3673903503123185	0.5431928803459161	0.3906898513052335
690	0.5845166279715545	0.4679575597286712	-0.08345748577531574
691	0.4265448326209307	0.5690424328661239	0.5535986605138036
692	0.3693990295381086	0.5306447922834258	0.3116094075526183
693	0.3661932343092688	0.5097058367029158	0.17964811665501496
694	0.4768883065416341	0.442531178917629	-0.24369938617851927
695	0.4737633763453454	0.5359957768716723	0.34533233280183456
696	0.5878351666396624	0.5259538905384545	0.2820464502522835
697	1.1791149203473446	0.516382795952644	0.22172758706971699
698	1.0698333448585666	0.3637409646969494	-0.7402503406271445
699	0.39223256334268347	0.3859931906447335	-0.6000125694487207
700	0.2685429537644107	0.4743017254315194	-0.04347534375313195
701	0.5291847366355441	0.2909471942439873	-1.1990105629955394
702	0.8948740678585017	0.36914627633082225	-0.7061850359768193
703	0.624043828080306	0.4526685086300164	-0.1798120012534355
704	0.574379038514191	0.48946725524097023	0.05210071700626906
705	0.7948087502752144	0.43667727032615905	-0.28059183439814206
706	0.5400608962966061	0.5356588251731381	0.3432087989446778
707	0.5027469586053528	0.37291994340003515	-0.6824026665097085
708	1.0401980920682232	0.22422595667947165	-1.6195005251355095
709	0.9147261754185168	0.3327997819751363	-0.9352475742842795
710	0.4984171870896381	0.4512857233924414	-0.1885265775026155
711	nan	nan	nan
712	nan	nan	nan
713	nan	nan	nan
714	nan	nan	nan
715	0.444473345753959	0.4996665288269815	0.11637848403494783
716	0.6695484992992271	0.5054953019811276	0.1531125239355034
717	0.540936319070432	0.45005131515106694	-0.19630605362787334
718	0.732489930253748	0.517142518899719	0.22651550595301875
719	1.1160559873528302	0.5651669688173468	0.5291747470699117
720	0.9605574972109951	0.41109792960320746	-0.44179771733397655
721	0.7773637452647025	0.28192255862420473	-1.255885537570465
722	0.5220584670892289	0.10374843464892833	-2.3787728427143855
723	0.42935677556075563	0.18620931401695323	-1.8590886565515967
724	0.34604322860551884	0.2571830379388971	-1.411798714484595
725	0.36174125649284733	0.25196401471295315	-1.444689994064995
726	0.4083078392960006	0.24429077058972784	-1.4930482417330768
727	0.769335965228906	0.3035871289809778	-1.1193512839860702
728	0.7050540884705537	0.42437295002066727	-0.3581360072623143
729	0.6195805532580466	0.5045415224576726	0.14710162350339331
730	0.7515638098906399	0.5243986270292025	0.27224488304527955
731	0.8656814767797214	0.5155574366678927	0.21652601547024855
732	0.5078034005110005	0.5193442228041164	0.2403910637993239
733	0.5117881361866276	0.519970187864312	0.24433601497334995
734	0.7448346096708377	0.499549160452437	0.1156388061577066
735	0.9713042115723144	0.4824262955235593	0.0077272462333327786
736	0.9398451177368896	0.5164098052608864	0.2218978048806395
737	0.5491101528087984	0.5672259590789679	0.5421508963255133
738	0.38554682116218897	0.473834268319835	-0.04642134760991241
739	0.4804780718830428	0.14853606262156424	-2.0965126707212844
740	0.5163035009511343	0.07259208801283155	-2.5751260803887357
741	0.42555104787870746	0.12346392795202252	-2.2545220443898972
742	0.33862232449092156	0.49686646915283195	0.09873197402778078
743	0.31640408220872246	0.5620018212970325	0.5092273838379648
744	0.33694717310093913	0.34710271047972274	-0.8451077914367443
745	0.9881175767971806	0.32823842510810686	-0.9639941150610375
746	1.5324199012715247	0.45637105777890363	-0.15647783048162459
747	1.1749899223872655	0.48263850808062847	0.009064650234590294
748	1.0150652708683128	0.4139087060485358	-0.4240836681912699
749	0.8522443959457935	0.5225913465912648	0.26085505709683415
750	0.31902451811094645	0.5901483704306393	0.6866123037162425
751	0.5150953875113281	0.514777121040514	0.21160831758887427
752	0.5888890320429878	0.2409692966217515	-1.5139808040479288
753	0.48997586237673824	0.6943375163700257	1.3432321691539328
754	0.46989459496646985	0.6987571429334576	1.371085498531004
755	0.6400716901908856	0.18949575590696457	-1.8383768730723133
756	0.7004123856615999	0.15232066949020603	-2.0726613565520733
757	0.46832371796377587	0.3322926467148973	-0.9384436373994393
758	0.3206675966332675	0.4916766252051603	0.06602458782322093
759	0.6489311996340392	0.61466933179953	0.8411480781414478
760	0.6786110306285451	0.5522803247999338	0.4479606591304653
761	0.7529216555236985	0.5845563994857147	0.6513706364937856
762	0.5793209244011516	0.7434417205126956	1.6526962272943317
763	0.6266565736788027	0.7772976286205737	1.866062616140619
764	0.7970031019081154	0.7447809904329007	1.6611365617155522
765	0.9565237048149524	0.6497981857440586	1.0625368143871197
766	0.6352969826992811	0.5563150375190042	0.47338818806152116
767	0.472323527543626	0.43905693392264405	-0.2655947406373392
768	0.5256826604389394	0.669839839519234	1.1888431382018894
769	0.6032095132514408	0.678267889763808	1.2419583179799616
770	0.7432737088695163	0.3668936959171992	-0.7203812272858565
771	0.563306247334906	0.24253369592107918	-1.5041216613497732
772	0.36029819640442456	0.18441246017284205	-1.8704127721175103
773	0.3961469973447666	0.18822823065125846	-1.8463650589369405
774	0.3460584755635025	0.14956897311612044	-2.0900030718198863
775	0.37374140626927826	0.18227951107202092	-1.8838550240808907
776	0.4490194792226451	0.13571285919647452	-2.1773269439504843
777	0.5886345889326334	0.2434924320271632	-1.4980795235887692
778	0.6932813748681278	0.2710709524885988	-1.3242744287193537
779	0.6858163210036429	0.3797462184394694	-0.6393821795153954
780	0.3905337810744172	0.4910490802648684	0.062069679943562196
781	0.3573572460108718	0.48908720471724876	0.04970556613430877
782	0.38767680840229674	0.4106804730028212	-0.44442860843400706
783	0.3373739885112885	0.3260519532177703	-0.9777736778501529
784	0.4431472614779172	0.3375457766448672	-0.9053374108664928
785	0.970609711291205	0.3208544424714525	-1.0105293816817553
786	0.829370410211601	0.6708786793146273	1.1953901046878161
787	0.5215111064986228	0.6401733475879663	1.001879248976328
788	0.3972095494745707	0.6363219738881364	0.9776071575052663
789	0.4399678373186614	0.5793790236445264	0.6187418266738152
790	0.6303919947076395	0.5058374781345185	0.15526898330341352
791	0.6327470967868806	0.5408664345566343	0.37602814631347775
792	0.4052686444442869	0.566938881013659	0.5403416756152972
793	0.35729874061823325	0.6705581362247935	1.1933699810116314
794	0.6444420059680741	0.3405899263912546	-0.8861525986787822
795	0.814865108838038	0.3513322402392662	-0.818452488367154
796	0.6000801485679247	0.5897691189907995	0.6842221888232815
797	0.6437660183480566	0.5757677742734013	0.5959830445113277
798	0.7920335493520354	0.6072432407020874	0.7943474359712205
799	0.6271081131028592	0.3774322866197225	-0.6539650190848655
800	0.4586997744204092	0.1607860149717029	-2.019311135079121
801	0.409461073806748	0.4772420658334738	-0.02494475784934206
802	0.49293213156444504	0.5118397288824873	0.19309631208051461
803	0.5747331359129195	0.4434206862581046	-0.23809354129954582
804	0.4391691227938324	0.5604763060164233	0.49961329564052936
805	0.37618969139887276	0.5535664618482412	0.4560661400611308
806	0.48681712258805093	0.5507273652458318	0.4381736118881556
807	0.5464653466128462	0.37459953967023507	-0.6718175305343169
808	0.4000416660858319	0.5421679969335493	0.38423084060646967
809	0.4807727349338303	0.5449949581673319	0.4020468893722765
810	0.5447397604100445	0.639740817754792	0.9991533634889669
811	0.42751170843880887	0.6331519799319469	0.9576292511102725
812	0.6766855896625501	0.6300206070255142	0.9378947419354563
813	0.700765031355777	0.6339345102839606	0.9625609066086204
814	0.4322355538068258	0.5488457033087428	0.4263150195483225
815	0.5316171316700684	0.3458549454708636	-0.8529714444576799
816	0.5368556108858157	0.3407009881313971	-0.8854526664141483
817	0.5906124198791418	0.29020533153615624	-1.2036859232453745
818	0.6790966174478099	0.20454784542378437	-1.7435157346688932
819	0.42616457751737713	0.4560712160580212	-0.15836749018315402
820	0.3872583303712961	0.5459936243580721	0.40834067414101316
821	0.7409110707930745	0.19324481656380382	-1.8147495779081542
822	0.8204042136885445	0.35959856918938676	-0.7663565070252052
823	0.5559174691838176	0.3484342352283761	-0.8367162685635618
824	0.8957469008127634	0.3917806077848198	-0.563539163034908
825	0.9273396206194239	0.36147769587399387	-0.7545138923299575
826	0.45620329392565345	0.35962701195844315	-0.7661772552708876
827	0.4574324088480347	0.5091501811443448	0.17614626936747863
828	0.68308134732881	0.5538953071123118	0.4581385856224898
829	0.656562785690114	0.5704661562853419	0.5625712369901602
830	0.8443259515283598	0.6690515545327297	1.1838752158996362
831	0.891724134503755	0.5002855365621692	0.12027958882008859
832	0.465596902751188	0.591532311848804	0.6953341664359696
833	0.504118877584253	0.7049777961849298	1.4102892415321464
834	0.4885260778176172	0.7463968063775746	1.6713197419172698
835	0.5869449811465955	0.7303300304200859	1.5700638560751767
836	0.8017997110225095	0.7213779058330649	1.5136458598557734
837	0.5928868762111785	0.6594430641132903	1.1233206770425654
838	0.5300914642037813	0.39343058500787975	-0.5531406919426203
839	0.4254298105086093	0.5643231962432591	0.523857131409833
840	0.5080499139918444	0.6138326522413164	0.8358751640199686
841	0.7063499174996802	0.49153763699261477	0.06514865760423082
842	0.7587657756452008	0.37997187962001194	-0.6379600197245034
843	0.40402429086503105	0.43671691077624286	-0.28034201272271475
844	0.29592119726849303	0.5138435044613177	0.20572448787633463
845	0.3803114186356132	0.5427110828007691	0.38765347130220834
846	0.40569138249386844	0.5392915297851917	0.3661027961267756
847	0.6746684482738894	0.5568972824289338	0.47705760651161694
848	0.9882041556730556	0.5331681883357837	0.3275123306585358
849	0.8362684291417682	0.4817638883547875	0.0035526299419491934
850	0.4237866385132568	0.45955171785541055	-0.13643270416247796
851	0.6749183222308617	0.5208878873250793	0.2501195319703296
852	0.6601542165525994	0.4307346200414771	-0.3180435496904546
853	0.5092878752685848	0.5406422420498641	0.37461524238475924
854	0.36156848011272724	0.5279892901971196	0.2948739270295871
855	0.5174533339092275	0.4522158855938775	-0.1826645179374328
856	0.5015057008478465	0.5532465062138258	0.4540497186410135
857	0.5328433284791663	0.4437341337427798	-0.2361181354801243
858	0.5363097570831283	0.4407370949988532	-0.2550060451467751
859	0.4728637925457978	0.36387063457327345	-0.7394331363399266
860	0.2596997167745891	0.3007296227844786	-1.1373598329315067
861	0.2833072773197179	0.16887422099370414	-1.9683377183962694
862	0.40927852606254134	0.09414714402974632	-2.439282007057312
863	0.38482921630821676	0.19717827659708198	-1.789960162710738
864	0.3310768705186412	0.28916456015295283	-1.2102450629660129
865	0.35014967749537546	0.31116794618409216	-1.071575528393328
866	0.496458947870054	0.33591248224921266	-0.9156307435992395
867	0.46836305340090334	0.35551942208179876	-0.7920640699458495
868	0.401851498422809	0.24537310428418996	-1.486227168401409
869	0.2796170653746207	0.3062958460797667	-1.1022804323068536
870	0.6081708551389876	0.42946053580369775	-0.32607307151083376
871	0.9093458008234159	0.5651366834082087	0.5289838826464275
872	0.8149485540107685	0.5981715840904678	0.7371761261393506
873	0.555204790511975	0.5178877175888731	0.2312118901932868
874	0.6614556129253493	0.5693013686933857	0.5552305234734303
875	0.8100234693492319	0.5614660145138124	0.5058506273176336
876	0.4331766039814694	0.38360028902025456	-0.615093091786288
877	0.38670079182360817	0.2922908416510197	-1.1905426408175939
878	0.3671644143452851	0.15081914104773855	-2.082124275121513
879	0.40289481206014144	0.07419653695973734	-2.5650145371745148
880	0.3699267827349159	0.14908831757769378	-2.093032254678792
881	0.3167922671592253	0.2751999829047814	-1.298252491675746
882	0.31876344621606223	0.38640529871759477	-0.5974153857890582
883	0.3833443151002706	0.4656624998032069	-0.0979213910683538
884	0.5330726314778395	0.3834301429592173	-0.616165384707933
885	0.6417005225862937	0.536532693273319	0.3487160823490822
886	0.4801796921006335	0.4924817843596825	0.07109885435004171
887	0.5672341936637457	0.5176080880934959	0.2294496117911412
888	0.9099951351982893	0.5602951718939146	0.4984717538601889
889	0.4925059101897498	0.6253581942745663	0.9085113277079951
890	0.3270275192134385	0.6674063274329258	1.1735066809899044
891	0.5393190139881371	0.5807932739266332	0.627654701633673
892	0.8280249079257618	0.6132017481175529	0.8318990859255124
893	0.7473694320160511	0.6500100567214538	1.0638720656881369
894	0.5218484958376931	0.501760460978416	0.12957484374318895
895	0.4079568132249179	0.4775569843467291	-0.02296008132729967
896	0.5135012837097895	0.5339446520137452	0.33240575282015833
897	0.4676702445996159	0.6111704905111215	0.8190977131512293
898	0.40078305519149815	0.560766799761997	0.5014440426191066
899	0.8043021501666897	0.6511720106827708	1.0711949211242353
900	0.9877435769610986	0.3825940848464026	-0.6214343823620058
901	0.45411140588356985	0.4080274564589705	-0.46114842459451827
902	0.23758910584736845	0.6022407649915451	0.7628208801261184
903	0.5511861955812605	0.4602014713183309	-0.13233783393829326
904	0.7438082069428141	0.3104964092379562	-1.075807682282609
905	0.6357548955827786	0.6209138765289469	0.8805023897924406
906	0.34252266476017273	0.5791701657460299	0.6174255643705787
907	0.5316304874569338	0.6607033782296243	1.1312634169317846
908	1.1779769533569906	0.6039362833202315	0.7735063599502539
909	0.9570269617641819	0.6378151265320774	0.987017290195219
910	0.37151940892531776	0.528154957271176	0.295917992521185
911	0.3032950183281949	0.3242839007331125	-0.9889162817566883
912	0.3853032613042686	0.25985651238744445	-1.3949499687075873
913	0.44000509346785216	0.23966317074536445	-1.5222122583848028
914	0.5387335487381307	0.1754457450952664	-1.9269227203906358
915	0.4313879394633482	0.2246509431487286	-1.6168221793659927
916	0.4846910103957935	0.45526093328611805	-0.16347404672372737
917	0.6567233078895797	0.5469334203001097	0.41426344737651544
918	0.5753822242504097	0.5072972982173951	0.16446904783738442
919	0.4137716973651433	0.519112554179946	0.23893104395313536
920	0.3944580921484728	0.5762572065917554	0.5990675403109714
921	0.3750712329315094	0.42375884971608024	-0.3620061844840161
922	0.3829512789829363	0.4521867417979392	-0.18284818769683808
923	0.6696752410329735	0.6399171965001873	1.000264935975941
924	1.1924103782466275	0.680910785654354	1.258614351853449
925	0.974993846503975	0.6731372752213779	1.2096242067816318
926	0.4663598281349674	0.7653643975397073	1.790857118332682
927	0.6090630548823094	0.7937187914587212	1.9695519156823162
928	0.9412653912281729	0.6380951193760315	0.9887818584893828
929	0.6382558455835974	0.5939121639231422	0.7103324480201441
930	0.9956000931603364	0.5614634268468522	0.5058343193470111
931	1.4437364123110183	0.5252135933919914	0.27738095646872424
932	1.1251316402703737	0.42044234207077513	-0.3829074480863707
933	0.34495613625360055	0.4279400826556786	-0.33565525718339356
934	0.27687454064739664	0.6526835251703764	1.080720773654365
935	0.3831555730804729	0.6137400093190035	0.8352913106575631
936	0.5710133722733478	0.4597239798612005	-0.13534707615351405
937	0.499849323247658	0.4368510428852311	-0.27949668659434856
938	0.45493932587939234	0.4314510543355421	-0.3135284441530931
939	0.4368862313777977	0.4120023416382308	-0.43609794022780146
940	0.5599619332342304	0.4585556464241437	-0.14271013626222145
941	0.5530507423040864	0.4444501121968215	-0.2316059027335132
942	0.5011720329165698	0.4757286750245357	-0.03448243531430253
943	0.5321066922810211	0.3757703871136981	-0.6644386266778441
944	0.2608271683001864	0.46467029165637913	-0.10417447601287624
945	0.32334204358840707	0.596323263433565	0.7255276569050673
946	0.4317281789549962	0.47504864336003044	-0.038768124538596384
947	0.5781210491410118	0.40177786123121895	-0.5005345654490904
948	0.4267157893231874	0.46242659541613096	-0.11831467756719068
949	0.3521375320077692	0.4826760118262925	0.009301005991318041
950	0.6342995090971724	0.4765896898564779	-0.02905615565731533
951	1.3564599808356914	0.47403725058690954	-0.04514211465631602
952	1.3623397703516633	0.7383493702601436	1.620603264947394
953	0.7404164001066715	0.7458140299171072	1.667646973534324
954	0.7441649015917103	0.7530041019873033	1.7129601787886028
955	1.0682412797611418	0.7905566832112544	1.949623706527411
956	0.7889016145244069	0.7626559643648336	1.77378805599612
957	0.4319384370317492	0.6807233048536212	1.2574328120966978
958	0.4402443215413205	0.5160292170612106	0.2194992654722862
959	0.5567648519919893	0.5634674137286371	0.5184638268143432
960	0.9000172729387761	0.46960860878438826	-0.07305225978923599
961	0.3622665943330469	0.4622160730377916	-0.1196414297397944
962	0.3148866497030962	0.4949977896918227	0.08695519972781757
963	0.3073242192148699	0.47259002195203387	-0.05426282548393405
964	0.3605489753502266	0.46349726140332403	-0.11156713635163622
965	0.30337419156291845	0.606551696910409	0.7899891951262454
966	0.49550271994838274	0.6946568246035808	1.3452445105303756
967	0.5777454741821778	0.5154801850440262	0.2160391610056042
968	0.4506415631711048	0.45453094292283014	-0.16807458519432558
969	0.519829968264686	0.43761074292561297	-0.27470891207339443
970	0.4496585528158195	0.6318952932205356	0.9497093718185823
971	0.24503187529054712	0.5843733434623555	0.6502169825277994
972	0.3031207464802131	0.5047223907365392	0.14824148988640848
973	0.7330121779770181	0.4084575299175903	-0.4584380196480033
974	0.5059416272620904	0.5009716890039629	0.12460385235001939
