ID	SN	ssim	z_ssim
245	0.6773849027021897	0.1924484732180887	1.6377760252518334
246	0.8630963857340127	0.18240439198103656	1.4855003578144623
247	0.9834886191235396	0.15085793730983002	1.0072328760043876
248	1.2205768066384142	0.048811485233430776	-0.5398664786111502
249	1.3756837770920984	0.08261560797433022	-0.027371086447631445
250	1.3138693905308876	0.048204097622657885	-0.5490749220357652
251	1.0098072800578364	0.0541395153722879	-0.4590896184511644
252	0.7630732941373566	0.06798504765622765	-0.24918115397309587
253	0.6959894079799899	0.059535004521580025	-0.3772900300200492
254	0.7800221126248356	0.04057606291864466	-0.6647215449945768
255	0.768640107178565	0.051632354868675304	-0.4971000178147077
256	1.0358708934658516	0.05038139260917693	-0.5160655268053523
257	1.0659304985568105	0.06105308124500995	-0.3542748690684762
258	1.0405712560893328	0.06101412233975432	-0.3548655147592484
259	0.8226354075973302	0.07990184112679449	-0.06851379011807651
260	0.784321810646193	0.04503717168470051	-0.5970878511972897
261	0.7593893046934054	0.05259384389779751	-0.4825231361480014
262	0.760823186696897	0.07045672691929508	-0.21170867634256185
263	0.8138030724428904	0.05657438724708164	-0.4221751679297031
264	0.8620527084878559	0.05280919742744827	-0.47925821806454433
265	0.7989544625814458	0.06035564460711656	-0.36484852205116175
266	0.7283977241864481	0.05518709613218019	-0.4432075227529854
267	0.5109828738170725	0.08132244598278404	-0.046976374449575975
268	0.4475162529424358	0.07238792732961995	-0.18243025609714253
269	0.5450138900134377	0.055587676281559674	-0.4371344327242128
270	0.650472176470868	0.05586149364891352	-0.43298315981176994
271	0.9734307672075283	0.06243445431523004	-0.3333322361602711
272	1.0116567145686444	0.08048601589328142	-0.059657270505440015
273	1.0682075139272078	0.07264775230186638	-0.17849111819772293
274	0.8729478589817142	0.08152221393385875	-0.04394774521365541
275	0.9467289633227242	0.09506790387186219	0.1614148885133629
276	1.0940534435997966	0.11783767719702876	0.5066214184741866
277	1.2957528412189425	0.10641750908535927	0.3334832607463983
278	1.49125290164982	0.09164601778066644	0.10953657569075384
279	1.5521028666769643	0.03556907706076271	-0.7406311374564378
280	1.302200176698947	0.06851848190537235	-0.24109389796576566
281	1.3110877319926209	0.10431856228441881	0.30166168170045377
282	1.057799702047727	0.1043941282938897	0.30280731804649513
283	1.135575292051432	0.07814752378524406	-0.09511053279435837
284	1.205889279461902	0.08061810894028193	-0.05765464264719075
285	1.1794590750247433	0.09276916983619549	0.1265643878771411
286	1.2928477849352413	0.06747260270066968	-0.2569501968343427
287	1.0192801239491538	0.06585462031218114	-0.28148000123298916
288	0.9941213992662439	0.06853720278913171	-0.24081007558299186
289	1.034480959525233	0.09161151978073276	0.10901356060941643
290	0.9900294884489065	0.1336734665908898	0.7467036462495129
291	0.8622678596131287	0.12897263142631832	0.6754355237299986
292	0.9818357510169424	0.08358075010679007	-0.012738821044391311
293	1.2763531537336963	0.061278342791127344	-0.3508597381596916
294	1.485413516126774	0.05018554532267427	-0.5190347158794087
295	1.6204958402252014	0.03979135995740947	-0.6766182196970248
296	1.5186012098751969	0.06196454676881201	-0.3404563805768552
297	1.3358551912731957	0.07044708284182218	-0.211854887658395
298	1.242911051506506	0.08430214993772762	-0.0018018684100393537
299	1.201350511216091	0.034570451092947804	-0.7557710424592309
300	1.1022104225120986	0.053530785552687726	-0.4683184107499265
301	1.2595750994714703	0.07911235580552116	-0.08048296892015754
302	1.4706526223326732	0.08950282094461892	0.07704413352940573
303	1.257851936430509	0.09798921482695946	0.20570411367798333
304	1.17776941722011	0.04936024990061891	-0.5315468021778436
305	0.89466491896854	0.06650819151526192	-0.27157138054204577
306	0.6330982987722052	0.05863948928492341	-0.3908667004136714
307	0.8933827487655012	0.0508650238443579	-0.5087333211617869
308	1.1214063357713988	0.06644005512246867	-0.2726043784285117
309	1.036882722532658	0.05117907712828014	-0.5039720421267526
310	0.9227293319362903	0.06652238971234276	-0.2713561254195648
311	0.88341088777778	0.07555663879595373	-0.1343902570106713
312	0.8674933165324302	0.09396744799794361	0.14473116715235285
313	0.8553398171358704	0.10377883633717272	0.29347903891706195
314	0.8171732617938244	0.06717341024172954	-0.26148617481999165
315	0.7545646830141943	0.08459370379332602	0.0026183027243206623
316	0.8470447749562147	0.061891439697208124	-0.3415647376142123
317	0.9785898019636506	0.07420708320548068	-0.1548505134973495
318	0.846301788071222	0.08531379628485794	0.013535435130633662
319	0.8937638814320428	0.09455991567242075	0.15371341335654146
320	1.0752242923291198	0.0786289171369576	-0.08781225511200787
321	1.3598159306207072	0.1068813980316144	0.34051615875276187
322	1.543787286693686	0.08458436772598846	0.0024767610689402286
323	1.591130030140356	0.04761590807314097	-0.5579923087153917
324	1.9495939797743245	0.08941471750865647	0.07570842056591265
325	1.9052206548117316	0.09484511903293408	0.1580373063092725
326	1.4755948241567256	0.10727680965836114	0.34651089017261943
327	1.4501394248999435	0.05746994831118173	-0.4085978027582931
328	1.4458860296153142	0.1139593648291369	0.44782334721080935
329	0.9728769388502294	0.026591140323740138	-0.8767432692258783
330	0.5053763627692498	0.027738769060835083	-0.8593443725237316
331	0.36534289537003384	0.0005052228261085574	-1.272224986659087
332	nan	nan	nan
333	nan	nan	nan
334	nan	nan	nan
335	nan	nan	nan
336	nan	nan	nan
337	0.21063761948914758	0.16671214461084935	1.2475943328141208
338	0.4309292844298398	0.2139286324712092	1.963431056282818
339	0.599259739253615	0.036747819434760846	-0.7227605351085463
340	0.7456272539107203	0.10627587020372656	0.3313359110061214
341	0.947355046590492	0.06733796532201071	-0.2589913986340337
342	0.9742016199004538	0.011581201087276425	-1.1043050005065103
343	1.5221213575445915	0.09391865303571592	0.1439913995951777
344	1.4267564254345821	0.05758341264543382	-0.4068775999024225
345	1.5243779368954173	0.05691211015644609	-0.4170550399440143
346	1.3748618479829713	0.05162363056746782	-0.49723228464508673
347	1.436228819420822	0.10421567766172901	0.30010187506215846
348	1.0118484362650233	0.09515221067779539	0.16269304176999255
349	0.8191640162071804	0.2954501485797638	3.1993572682436335
350	0.699041106695485	0.31670084928322095	3.521533538701645
351	0.7710654210850346	0.04464767948392705	-0.6029928397606674
352	0.6153395336712104	0.04206216424471798	-0.6421911546117733
353	0.5234675782245922	0.020769612269955898	-0.9650019211596363
354	0.45910147123836986	0.012559168465339554	-1.0894782949361512
355	0.5478162085864914	0.029628324811809357	-0.8306973159787989
356	0.8353805772388087	0.09255514899718371	0.12331967436508785
357	0.9010130054053483	0.08896585487682929	0.06890333255079026
358	1.16935496925198	0.09554148351864518	0.16859470467540333
359	1.5750198827187523	0.09626230145855641	0.17952283541332517
360	1.3020737794418158	0.08119047499977555	-0.048977151727825234
361	1.0367323630946264	0.0708658812029134	-0.20550559612522934
362	0.8728538145525154	0.0646571025912748	-0.2996352516650946
363	0.8752125767201054	0.06645467515334885	-0.27238272799501845
364	1.0496603873772719	0.03913283246131736	-0.6866019814395491
365	1.1974690252554758	0.056316353506998894	-0.4260871494305609
366	1.3264257836084523	0.0647939158958837	-0.29756106122577614
367	1.4059872051504871	0.10390907306886542	0.29545352366836086
368	1.533650007219817	0.05118427035644911	-0.5038933089637165
369	1.352312442277715	0.08348459875746794	-0.01419654630043755
370	1.1354355188075873	0.12416122642026342	0.6024910809963248
371	0.982956808400034	0.017594483825389067	-1.0131392063612141
372	0.6770596169264064	0.4250735651931495	5.16454371133027
373	0.5039019452384023	0.42194536621250156	5.117117911357861
374	0.3289492787342714	0.4210829103743954	5.104042445789302
375	0.43540140507947755	0.4102689094170192	4.940094228467225
376	0.6004805017206667	0.06901823192408357	-0.23351731969493672
377	0.6017332942195391	0.07646429077235582	-0.12062958470571071
378	0.6061536645341042	0.08048621918985947	-0.059654188379620755
379	0.7359980480712154	0.06453772288328205	-0.30144513594261463
380	0.9026482250986292	0.07128590285318606	-0.19913775862731328
381	0.9961074523800252	0.07176472691519983	-0.19187843326868848
382	1.0245202662296198	0.23648228211693822	2.3053609921223233
383	1.097539262312928	0.29453469750971994	3.18547835593626
384	1.0023231987924237	0.3302112457346786	3.7263610971845353
385	0.9253004826529286	0.4018568659522176	4.812561455395908
386	1.0229023253151022	0.10997024405884034	0.38734533897404305
387	1.090724359369248	0.11549043916127441	0.4710355614810806
388	1.0704186212088052	0.13093168516125048	0.7051362208860505
389	1.0367319209479333	0.11339004761062468	0.439192078965713
390	0.9297763059083359	0.09667185844346023	0.1857320208786719
391	0.7857112721885161	0.09615335150831483	0.1778710739431866
392	0.8089800417623917	0.0830590949697766	-0.020647497038351358
393	0.7665599312145389	0.05864054258035496	-0.3908507316793428
394	0.9115242770294191	0.05455933952646068	-0.4527247751395474
395	1.075412961247807	0.03502799846960893	-0.7488342873174794
396	1.1255187723361806	0.06394908474304756	-0.310369323587836
397	1.1336098096914715	0.05043939870340623	-0.5151861117044849
398	0.9641375782817047	0.061976497227085744	-0.34027520282979534
399	0.8449271228390165	0.09726885930990486	0.1947829936110696
400	0.7705196031333257	0.06372695787022495	-0.31373693054127855
401	0.6311907209007311	0.07266783663113287	-0.17818662497709814
402	0.726832191769451	0.04895305468605303	-0.5377201814657954
403	0.7627153878647038	0.05185575588908896	-0.4937130938455759
404	0.8429389366599978	0.012310634475318587	-1.093246253231003
405	0.7750776546323246	0.044379793929690686	-0.6070541820184033
406	0.8766170591152112	0.060157238125090176	-0.36785651041380224
407	0.9774507756218188	0.0840323250109021	-0.005892612984269316
408	0.8801219713600019	0.0723110886798495	-0.18359518660722413
409	0.9160623310481228	0.06884163050968836	-0.2361947271762911
410	1.0288581463248654	0.08906959641129934	0.0704761306026548
411	0.8287740898870264	0.09118009091492454	0.10247278132436406
412	0.7121138700835451	0.0916712990657397	0.10991985858814853
413	0.7774403440396631	0.05962038008171866	-0.37599567366269604
414	0.6725490213573906	0.09235554998001623	0.12029360629159401
415	0.6664784947742394	0.0906200585732942	0.09398227864964612
416	0.5907254505356665	0.10143168327073643	0.2578944701213841
417	0.6367478127945754	0.07199113919806303	-0.18844585634350108
418	0.7029110980977591	0.07274706075455524	-0.17698552892992767
419	0.7878020862110516	0.06152184916545266	-0.3471680022208329
420	0.787358101550073	0.07752317028267493	-0.10457619163131125
421	0.7457006833923231	0.05202572532991601	-0.49113623196691863
422	0.9130310323931928	0.07218959535648982	-0.18543711485005168
423	0.9087976185043359	0.06616353213771192	-0.2767966704930437
424	0.8618987724317012	0.03607023496700165	-0.7330332145740013
425	1.0309777644469176	0.040731751253743634	-0.6623611951945421
426	1.0941693521439035	0.017806312528648345	-1.0099277272413316
427	1.0967218274024289	0.026715346640786102	-0.8748602100010743
428	1.137504764942774	0.056659555966614414	-0.42088394742824026
429	0.914286186175284	0.06773643238419132	-0.25295034456315196
430	0.8904224389512002	0.06337188267244288	-0.31912013199660544
431	0.791801797757127	0.09108078797677016	0.10096727566097212
432	0.8622736510910474	0.07768956759370957	-0.10205348587061785
433	0.8559773266494861	0.06538189632132597	-0.28864684502110804
434	0.8979511677120553	0.0312504420544579	-0.806104824146418
435	0.9241470018680937	0.0261946049229327	-0.8827550378879785
436	0.9713415447492427	0.04900089090818096	-0.5369949491144936
437	1.0489371506537242	0.08164108319715016	-0.04214559965366982
438	0.9002018961168063	0.03958623222004601	-0.6797281072397212
439	0.7444407997295133	0.04537920811178369	-0.5919023271067587
440	0.7667923441777323	0.0641425121670702	-0.30743682141082407
441	0.876508206955412	0.05680621214796869	-0.4186605317297336
442	0.9203101364832071	0.08290368394828289	-0.023003642559932688
443	0.9373510735393382	0.04211213012444423	-0.6414336350831237
444	0.8279393852039622	0.030605776506032335	-0.8158784285551766
445	0.7052651693328785	0.03547974741527357	-0.7419854406592656
446	0.5509078606672139	0.05422643990045847	-0.45777177859787616
447	0.7921729257416541	0.0955681954432366	0.16899967712133393
448	0.9508546238436486	0.10364589259096699	0.2914635138324556
449	0.9117326212005276	0.08167140499918973	-0.04168589880751906
450	0.8466075038282138	0.08206228993809399	-0.0357597953085463
451	0.9397731531709448	0.06969045585348754	-0.22332590993813903
452	1.0648871355482643	0.07448430262417277	-0.1506476629815439
453	1.1220019656839826	0.058822480965518266	-0.3880924117913059
454	1.1375653883336065	0.060089255306185835	-0.3688871800070293
455	0.9163065310554316	0.09067864355312785	0.09487047008253358
456	0.9278553081816528	0.08589142079747332	0.022292648071347405
457	0.7575186669532172	0.07310813131074026	-0.17151143342657493
458	0.9011494169361229	0.03671802098484682	-0.7232123015511074
459	0.8450366250574247	0.020224646004294893	-0.9732640110288673
460	0.8379455090086466	0.04684972586315893	-0.5696081951912261
461	0.6815637982370519	0.04640413771833169	-0.5763636395722854
462	0.7667080537852352	0.033399042175066326	-0.7735304642124586
463	0.9288138258154086	0.043865133498390996	-0.6148568131232436
464	0.9501872153493994	0.08092029893191362	-0.0530732198587273
465	0.8516097297332615	0.05296803414079064	-0.47685013653205505
466	0.7752704888103341	0.04856096705231212	-0.543664518704087
467	0.7151341394223671	0.04579959793168445	-0.5855289078861817
468	0.6075532968241527	0.0853399606187629	0.013932105698543217
469	0.5671814629232714	0.04569360226429066	-0.5871358802529839
470	0.68607788774688	0.04665653792361522	-0.5725370666071947
471	0.7197420454333414	0.06857035603768427	-0.24030744792278988
472	0.6731046982015934	0.11958188602871873	0.5330649086976589
473	0.6181931161894462	0.09933724693181238	0.22614127300085315
474	0.6518478494279819	0.08391812868715233	-0.007623913339919823
475	0.6624233721292901	0.07325469118716556	-0.16928947778170494
476	0.6291926660627358	0.09601250840295962	0.17573578875724047
477	0.612898415360661	0.13253691388418265	0.7294726703237968
478	0.5313662412926061	0.1197759811984457	0.5360075343912376
479	0.6176630383512031	0.10606724299279034	0.32817296886725106
480	0.7371008151854676	0.08887089898245784	0.06746373127206065
481	0.7226365414489199	0.08593001460695616	0.022877758641368623
482	0.669264475852015	0.11414472635851582	0.45063356448576136
483	0.6609183432245235	0.131488828420963	0.7135829229515404
