ID	SN	ssim	z_ssim
245	0.5677091466869476	0.2940220694289139	-1.342024041866331
246	0.7418172314255749	0.34781011383418586	-0.8981731411727993
247	1.0447074481189609	0.30898760895724303	-1.2185306471452824
248	1.076035167850864	0.4676174909845241	0.09045942291973766
249	1.0283441821341277	0.5052448747967659	0.4009549685463757
250	0.8749751916408849	0.6333874866171406	1.4583686429524345
251	0.8923827121252512	0.5890502134918265	1.0925040938959354
252	0.8676864538579255	0.6170630754470019	1.3236620426052494
253	0.9060406666641712	0.354878755299185	-0.8398437686215265
254	0.8477202607643491	0.5034384289483163	0.3860484474829347
255	0.7274401469340893	0.5690031089999749	0.9270783848301197
256	0.8334206929001684	0.4542709295563341	-0.019674406569015146
257	0.8352602885857554	0.41686685659223033	-0.3283272244635586
258	0.7480960559592922	0.4343672440753773	-0.18391664339920477
259	0.7733082906524785	0.41947889796453947	-0.30677304958014256
260	0.7958008952034998	0.47527735118639636	0.15366744409580238
261	0.765126240826185	0.5406274935905041	0.6929270488504756
262	0.7639840671869514	0.5082351975486188	0.4256306648177232
263	0.8528451714674574	0.5688209478694897	0.9255752184158881
264	1.0680491991867245	0.5530963735584302	0.7958183821494624
265	0.8853900822971277	0.408179015832115	-0.40001798751500733
266	0.8444438942822253	0.4202578125451798	-0.3003455629145993
267	0.8909087968880094	0.24076843820885374	-1.7814650448544997
268	0.773112694727928	0.23304039037800175	-1.8452357401503143
269	0.8062555790686062	0.27491417253506684	-1.4996995502523895
270	1.0007138198868262	0.3306310996766816	-1.0399317976018079
271	0.9583914980436716	0.485495851518821	0.23798898109221525
272	0.7739959631441643	0.5751676708135536	0.9779474272649417
273	0.9043585748098265	0.5302541989619819	0.6073281724656394
274	1.0126581768771623	0.3987525186207449	-0.47780403316721937
275	1.0172444239710492	0.3329155397489613	-1.0210809396672447
276	1.0381522161737613	0.385588058907943	-0.5864351865262385
277	1.0259180230866227	0.5068502889539104	0.41420260614899623
278	1.083986621939222	0.3550825067629825	-0.8381624420047279
279	1.3250057506796658	0.43374012865582146	-0.18909150608265607
280	1.3064397030189314	0.4626689700030799	0.04962496762395122
281	1.311506511262019	0.40128060257181003	-0.45694266237160924
282	1.149933122750986	0.5114652256336218	0.45228437366037993
283	1.1305656002033206	0.5588965005401691	0.843680162837837
284	1.134485316514305	0.4821859657165614	0.2106762983061189
285	1.1449618442889886	0.5448188814764541	0.7275137550396398
286	1.203311309516141	0.5542326307090361	0.8051946062768158
287	0.8300257383077665	0.5424521427851038	0.7079837812048019
288	0.7511262475439304	0.5049057626413982	0.39815666574023484
289	0.9452661962043218	0.5591046785777336	0.845398016879553
290	1.0098197256340107	0.5100682514768686	0.4407567517775563
291	0.9269176455645018	0.4616541479268107	0.04125080757451821
292	0.8514809990230455	0.6082281321279637	1.2507574112305668
293	0.9805027458762555	0.5758364445027656	0.9834660477613544
294	1.4056311542183977	0.5182577932902366	0.5083356264200861
295	1.2682902253259227	0.5436065365097272	0.7175096656293871
296	1.2951442165235443	0.5091300563852328	0.43301490614897636
297	1.2787297532059692	0.515794782077265	0.48801122613033443
298	1.2373530097845946	0.5152566509590177	0.48357064859742327
299	1.1578599228282	0.6103699674725627	1.268431516272845
300	0.9803591317510834	0.6029725087086194	1.2073887925314766
301	0.8978207866060517	0.5960132026177398	1.1499616391409337
302	0.9410048395534529	0.613527875591863	1.2944901019410286
303	1.2092504293198465	0.5934834285443579	1.129086321708652
304	1.1798319441113931	0.5708039233682478	0.9419384357610932
305	0.8188287896629325	0.42544587521326493	-0.25753444543403187
306	0.8716279469793402	0.3814670159581396	-0.6204414168194464
307	1.1337433761698827	0.38550367153100074	-0.5871315385441847
308	1.2214766711622573	0.42377372399181995	-0.2713327873135407
309	0.9868339156760865	0.531559065861128	0.6180957390294539
310	0.9324649132536146	0.4872347189972247	0.2523378555495383
311	1.2030597001148076	0.38175085496381805	-0.6180992197807679
312	1.119957597172634	0.38058480786108867	-0.6277212661392109
313	1.2839057613198905	0.37699181761021494	-0.657370084508913
314	1.1309858039404574	0.4831435893354671	0.2185784652370107
315	0.9132367491320192	0.4486884814864471	-0.06573993342150948
316	0.9841549776803482	0.46979678506780587	0.10844263187324797
317	1.1471168728030217	0.3994820322707525	-0.4717841955954267
318	1.013129557286956	0.4423435266097517	-0.11809755244297812
319	1.11517231986521	0.44017684813595004	-0.135976659273192
320	1.10258735671235	0.5306734821776006	0.6107880348747623
321	1.0395293144953002	0.5719121613955788	0.9510834502722632
322	0.9850918644769113	0.5612179222545297	0.8628361877538027
323	1.0573046330140385	0.5311313352597382	0.614566170055899
324	1.1532069163030392	0.5868958717681418	1.074726788083245
325	1.432433845537971	0.5633192449752387	0.8801759886806986
326	1.3012795484676138	0.48346827402549825	0.2212577147562144
327	1.36485222760233	0.5030725542001031	0.3830293037618533
328	1.3473124324648542	0.366622781143848	-0.742933823176273
329	0.7416915699921073	0.39523297188154277	-0.5068468066589943
330	0.5355745434969887	0.35658288341902494	-0.8257815581572622
331	0.37225685221331895	0.38386040336687266	-0.6006915417529604
332	nan	nan	nan
333	nan	nan	nan
334	nan	nan	nan
335	nan	nan	nan
336	nan	nan	nan
337	0.19327510227029837	0.09550334865106613	-2.9801708456036162
338	0.36253469398020594	0.12936890594205824	-2.700717330007463
339	0.4526320742151308	0.07083233254182582	-3.1837523820247036
340	0.5371251339013322	0.03342482263854854	-3.4924335610274575
341	0.6501752637616672	0.01076409149540317	-3.679426526461858
342	0.6179059910690872	0.008855349513389305	-3.6951771799253885
343	0.9037823307889803	0.37964225085090797	-0.6354991056674816
344	0.9532316078024076	0.4215052697617373	-0.29005173246830357
345	1.120559121047407	0.43715568456103965	-0.16090684940546301
346	1.2757023905571616	0.5552458548661896	0.8135555805366081
347	0.9818979646170496	0.5224505226225907	0.5429334020244206
348	0.8552418534772669	0.4315225424057697	-0.20739069627137
349	0.813433916088122	0.4757369687522942	0.15746013953312404
350	0.8272220635939838	0.4803924497793349	0.19587647293696717
351	0.7170897028324419	0.3827552544660609	-0.6098110652539428
352	0.642893849303111	0.05496601647249455	-3.3146788500888724
353	0.5481919401196507	0.0475518797529426	-3.375859197826437
354	0.4660005992153434	0.04658552526421862	-3.3838334105897356
355	0.5176457513254977	0.12676040401504612	-2.722242297917463
356	0.7883596751350094	0.45847860994486567	0.015046742915594213
357	1.0264178034363152	0.37495332171625817	-0.6741914478545582
358	1.1775903125937361	0.3405690214269945	-0.95792555311626
359	1.445283427882243	0.43833729201446603	-0.15115640135946407
360	1.3003862134622823	0.5101575427024903	0.4414935696216403
361	0.9945807417366336	0.5162618266071685	0.49186520776424014
362	0.9069130737191545	0.45822899216042806	0.012986934278251453
363	0.9485955977248767	0.40230529620193967	-0.4484870437355953
364	1.2498922704635966	0.3608307017672372	-0.7907291962303109
365	1.2301859622941467	0.5589051145959567	0.8437512447383264
366	1.0755565041785733	0.4361072019573406	-0.16955877109473177
367	1.1882984606878073	0.3636280631454428	-0.7676457883650462
368	1.094092345388018	0.4630286904274548	0.05259332678483984
369	1.0870812172635111	0.5798633472611688	1.0166954472698324
370	0.9963928907088033	0.49475628570428287	0.3144046994823702
371	0.8912400278883308	0.410695663136843	-0.37925099021510195
372	0.7048049929764951	0.2302611849926443	-1.8681693274770608
373	0.4813402742816416	0.44941678101431254	-0.05973011460411303
374	0.38636694950413314	0.48262693955441816	0.21431514848703034
375	0.288438545672881	0.4611157889263202	0.036808349591406435
376	0.4144192057941676	0.3634154484878389	-0.7694002527320178
377	0.5933416493499418	0.4274361908763132	-0.24111065815051758
378	0.6939968261843886	0.4187151599779501	-0.31307530126059824
379	0.5721711624903579	0.5411327797533971	0.6970965947223845
380	0.5866273104412422	0.583415700681381	1.046008936588444
381	0.7733266852705332	0.5842233911196032	1.0526738773285336
382	0.8095445238388119	0.468837464117691	0.10052645881898237
383	0.7032095747447386	0.6173530407487517	1.3260547929231794
384	0.6906686215419248	0.6349528978123871	1.4712861820942327
385	0.7404271015836704	0.6562066377397076	1.6466688663719802
386	0.8882683855387444	0.4865413904961204	0.24661661241652924
387	0.988708837679757	0.5747696936247009	0.9746633790032718
388	0.9523206878018908	0.5515921469748655	0.7834057292756775
389	0.9915017240258414	0.46347989975014203	0.05631663865628633
390	0.8170300949381325	0.47898550216684643	0.18426655158852712
391	0.6945819715114193	0.5217159179855999	0.5368715543891855
392	0.679119520283993	0.5211208410340443	0.5319610683536676
393	0.665452261174504	0.4569701410244244	0.0025990829121673074
394	0.7535466602167245	0.5031257973014575	0.38346865787396395
395	0.8164829586256758	0.5436939601835213	0.7182310727150043
396	0.7494179883513092	0.5965073063371817	1.1540389091613479
397	0.7127434877332337	0.5810144628431817	1.0261942809517035
398	0.7109278897621326	0.5300196031767973	0.6053923231202247
399	0.6308434678299331	0.5579683742429935	0.836021403395778
400	0.6355162731027193	0.5256791893037873	0.5695758767664071
401	0.7529420114631594	0.3787627914319214	-0.6427562733068084
402	0.6815003200509459	0.4333631762457874	-0.19220206101288537
403	0.6706545963597031	0.4603477162042062	0.030470328321478793
404	0.6853677926814519	0.5065505298966784	0.4117290392250716
405	0.6820520060608906	0.5149164336157239	0.4807632259457509
406	0.6439209224979355	0.6169016186908621	1.3223297255926483
407	0.6609067805124275	0.6226891286094388	1.3700873921621588
408	0.7615890328434739	0.6603489372994322	1.6808505030322267
409	0.9426844646365012	0.37015906263390885	-0.7137529570223896
410	0.7703251178008267	0.35712363569638095	-0.82131935121127
411	0.7479748224679835	0.4009335841713875	-0.45980620632989566
412	0.6530003662016433	0.38523924968733836	-0.5893135080649261
413	0.6915097571514599	0.44274359759044	-0.11479622652411911
414	0.6725952783911867	0.45734696038355915	0.005708539926267736
415	0.680731855655538	0.4564446568538487	-0.001737133899376614
416	0.6859947091217506	0.4024398360615255	-0.4473768409290679
417	0.7575793377212627	0.45073025122137655	-0.04889155482962266
418	0.6621531472025275	0.5775172778758826	0.99733603345841
419	0.6906798201783332	0.4715782745112905	0.12314321641409737
420	0.7411616694488083	0.4977904865995824	0.3394424716333099
421	0.6691434900264085	0.5058222545808075	0.405719420201435
422	0.6725275081720937	0.5427838998933926	0.7107213912620851
423	0.6000314378777374	0.5603598251582085	0.8557552988072741
424	0.6512242692122534	0.4639099942109839	0.05986571384462403
425	0.8321965402510603	0.5219197555439867	0.5385535914456637
426	0.986447159261767	0.5235239482896271	0.5517911501431635
427	0.9743809447037526	0.5412892977538378	0.69838815786134
428	0.9520971622147435	0.48847980233547594	0.2626120971069643
429	0.9214262053523783	0.39438035090370255	-0.5138825074945408
430	0.8817528975107086	0.483821315282976	0.2241709584304559
431	0.8018790842179229	0.4915192765112042	0.28769338357960444
432	0.7139091463144562	0.565329246145036	0.896762217822767
433	0.9471595545986259	0.4034139401943013	-0.43933867926168696
434	0.9713698009061909	0.37397911938839506	-0.6822304198131185
435	0.9558058109719516	0.4462320291467553	-0.08601021086956004
436	0.8071469329093611	0.3897414968006781	-0.5521616380072589
437	0.8507116235719633	0.3373094924066452	-0.9848226992667706
438	0.7606427144944586	0.42000132210265884	-0.3024620836989291
439	0.8166569787430191	0.4294082234506742	-0.2248377401813837
440	0.868575100631573	0.36311048541963636	-0.7719167623764306
441	0.9177517731070111	0.5001142349187573	0.35861769534435733
442	0.7758109931782553	0.5187280931744015	0.5122164707506565
443	0.8252615329991051	0.6685414254462765	1.748453690378103
444	0.9090200863257037	0.44180738614738724	-0.12252170338116282
445	0.86060275458951	0.3565905583644112	-0.8257182256553998
446	0.9034631535290645	0.36294732805404917	-0.7732631125639373
447	0.8758823889791222	0.6871725798901511	1.9021951913437622
448	0.9259994065318213	0.6538752628857105	1.6274307096358076
449	0.8724802262813938	0.6956210181642187	1.9719104408729138
450	0.8620868128997773	0.397967629558697	-0.4842808203601054
451	0.7429926859143731	0.4759192273000006	0.1589641098197002
452	0.7324399810073075	0.5023638860881133	0.3771814804532108
453	0.755372795396188	0.5076729237439408	0.42099086544590886
454	0.8330094399903081	0.4991242228065391	0.35044826340898716
455	0.7585072417309309	0.4494154104301585	-0.05974142445963914
456	0.7941144476385782	0.4687097267434121	0.09947238910418232
457	0.7357260239774638	0.5041085331995283	0.39157804757804215
458	0.7915035446229309	0.49789164685247067	0.34027723091588447
459	0.7600752596618976	0.5576611135516121	0.8334859341084061
460	0.7923559088791214	0.5305537025759672	0.6097996315100833
461	0.8875297762247857	0.4530568116766304	-0.029693125792087903
462	1.1275640905436097	0.45618322510181275	-0.0038944296310593055
463	0.8885292697340966	0.6502047863629892	1.5971424861356303
464	0.608720310449321	0.6067443845425144	1.2385137479874588
465	0.8018962684755625	0.46153505599747074	0.04026807877879185
466	0.8730173551900243	0.4206432785228429	-0.2971647552971409
467	0.8718528047883717	0.3756718529707363	-0.6682622353687199
468	0.7729147225906517	0.412139432680077	-0.36733721979931994
469	0.7835998738176047	0.4468788604496129	-0.0806726556647835
470	0.8897011626737951	0.5145552184432484	0.47778253234701257
471	0.8629357617523986	0.4133112653960719	-0.35766743142520524
472	0.7722886846476158	0.35577454049888124	-0.8324518830806173
473	0.6920236566142506	0.34761019144875493	-0.8998228708073949
474	0.7542168214954523	0.42297425456050197	-0.2779298895337629
475	0.9165153437854436	0.401806214254011	-0.45260539335319766
476	0.6798897055437084	0.38840313663219733	-0.5632055860221139
477	0.644635145305297	0.3048652716406158	-1.2525475583600025
478	0.5611737567420583	0.35404707076029723	-0.8467067050930008
479	0.5582512547035254	0.4721549627521808	0.1279019615584633
480	0.6578273065046757	0.5506256069185604	0.7754299852364442
481	0.6805912444266489	0.49605217994377715	0.3250982250002215
482	0.6716366803922129	0.35858497809505585	-0.8092605722196707
483	0.6090674484617215	0.2838892672718325	-1.4256384103323674
