ID	SN	ssim	z_ssim
5057	nan	nan	nan
5058	nan	nan	nan
5059	nan	nan	nan
5060	nan	nan	nan
5061	nan	nan	nan
5062	nan	nan	nan
5063	0.15947227201586836	0.19312977567966436	-1.5579619569677914
5064	0.21764892700950103	0.24058376021246275	-1.0418078616948652
5065	0.2673988525213147	0.2789625470368089	-0.6243641383484854
5066	0.28105033784679806	0.3167167811431071	-0.21371363682126554
5067	0.3320878324269411	0.3271858637756182	-0.09984206359675635
5068	0.3361363682879413	0.31543972162084294	-0.2276041353497577
5069	0.3409645559808945	0.3693045255934475	0.35828005193734286
5070	0.2855942833461648	0.3878360868746764	0.5598467136472026
5071	0.2714338463683491	0.4154475528118994	0.8601749444649173
5072	0.29482926719011926	0.29025017776701156	-0.5015892673933221
5073	0.3107640784356121	0.2721336218391405	-0.698641941188262
5074	0.32353339926820907	0.3066764102581629	-0.32292213851707435
5075	0.3447321736761361	0.3375655721241833	0.013057390992721619
5076	0.37991772264778206	0.29971194649273175	-0.398674186091133
5077	0.3330288422388782	0.2642945258724465	-0.7839073098666293
5078	0.27913251486326185	0.27485602251653196	-0.6690305550750859
5079	0.36483752375440165	0.2599157507294331	-0.8315349800106092
5080	0.4396185650402344	0.2822645793571968	-0.5884481342094907
5081	0.39627615955315726	0.224000301234338	-1.2221851334797789
5082	0.3636219419756216	0.39366010747275426	0.6231942304521205
5083	0.299246199385898	0.3781128892317311	0.45408808595840283
5084	nan	nan	nan
5085	nan	nan	nan
5086	nan	nan	nan
5087	nan	nan	nan
5088	nan	nan	nan
5089	nan	nan	nan
5090	nan	nan	nan
5091	nan	nan	nan
5092	nan	nan	nan
5093	nan	nan	nan
5094	nan	nan	nan
5095	0.27446896774061386	0.36692336113506574	0.3323802713643835
5096	0.27622659374681113	0.2459676409798464	-0.9832477189817588
5097	nan	nan	nan
5098	nan	nan	nan
5099	nan	nan	nan
5100	nan	nan	nan
5101	0.285752354851843	0.23655955594613276	-1.0855788860404687
5102	0.2810147633499153	0.28494952098149157	-0.5592441879320048
5103	0.2320060564434091	0.3693682370877576	0.35897303797482505
5104	0.23798654702506103	0.3199884087215919	-0.17812834320539134
5105	0.28155318566372983	0.4729171117221219	1.4852678313338377
5106	0.2681374967720484	0.4176269592343593	0.8838802151875328
5107	0.22616957547900943	0.30918028208129184	-0.29568767742238494
5108	0.22297263634782177	0.3146051878596533	-0.23668130816722327
5109	0.26851903581469844	0.2522053552868836	-0.915400480938039
5110	0.2602216120133596	0.2612245623397199	-0.8172991159574365
5111	nan	nan	nan
5112	nan	nan	nan
5113	nan	nan	nan
5114	nan	nan	nan
5115	nan	nan	nan
5116	nan	nan	nan
5117	nan	nan	nan
5118	nan	nan	nan
5119	nan	nan	nan
5120	nan	nan	nan
5121	nan	nan	nan
5122	nan	nan	nan
5123	nan	nan	nan
5124	nan	nan	nan
5125	nan	nan	nan
5126	nan	nan	nan
5127	nan	nan	nan
5128	nan	nan	nan
5129	nan	nan	nan
5130	nan	nan	nan
5131	nan	nan	nan
5132	nan	nan	nan
5133	nan	nan	nan
5134	nan	nan	nan
5135	nan	nan	nan
5136	nan	nan	nan
5137	nan	nan	nan
5138	nan	nan	nan
5139	nan	nan	nan
5140	nan	nan	nan
5141	nan	nan	nan
5142	nan	nan	nan
5143	nan	nan	nan
5144	nan	nan	nan
5145	nan	nan	nan
5146	nan	nan	nan
5147	nan	nan	nan
5148	nan	nan	nan
5149	nan	nan	nan
5150	0.34749891027992463	0.4845226171766111	1.6115002062760653
5151	0.36504634428020466	0.503656978518176	1.8196234874739716
5152	0.39039237657207465	0.4645579666148048	1.3943459198736887
5153	0.2987293314267117	0.42820167139830356	0.9989007143824904
5154	0.30346785155361183	0.4107009876107094	0.8085468442917726
5155	0.33173136124941444	0.20749061058898538	-1.4017600316086831
5156	0.28899794872823387	0.18084442910390863	-1.6915889223186311
5157	0.2834823103476865	0.3982247213514071	0.6728432571882816
5158	0.31735437395097	0.3758021575429974	0.4289543983248075
5159	0.36768992918736965	0.3307036162648276	-0.06157968433949909
5160	0.3845518093769303	0.43976968614371537	1.1247253051688564
5161	0.4561859600905788	0.5092996410720465	1.8809983838941118
5162	0.4645998206891216	0.3473481035233563	0.11946138832890436
5163	0.3297221922406291	0.40408743966064886	0.7366116866371346
5164	0.3084017712538095	0.40344602734615603	0.729635084015807
5165	0.3202779624602394	0.320541105134421	-0.1721166980351689
5166	0.4348151403748551	0.3398535091486051	0.03794314245297382
5167	0.4500658732395672	0.33674277983924217	0.004107929496231028
5168	0.41061918555914434	0.3209892702077322	-0.1672420338689179
5169	0.3568380153292285	0.27330617005806296	-0.6858882057314746
5170	0.1907236851945089	0.19300744768086292	-1.5592925111492693
5171	0.21993478843721362	0.15730080743082606	-1.9476714591964122
5172	0.33005636527712795	0.2776406035644155	-0.6387428368648042
5173	0.41916626981809213	0.43778793108656516	1.1031698762908255
5174	0.44415960303134583	0.47492853059951357	1.5071459117752684
5175	0.4410613322277659	0.42087377697735295	0.9191956537360638
5176	0.37644706812638234	0.29720232506431504	-0.4259711852918361
5177	0.4336536926827547	0.17287094319490953	-1.7783160422022384
5178	0.5105654449041032	0.49114388116628666	1.6835192908229504
5179	0.6055939234703398	0.441168254339447	1.1399374461271445
5180	0.6211895858284457	0.40729979073291533	0.7715522333104855
5181	0.5450736107476787	0.3612640781789636	0.27082459584294316
5182	0.4378526069459052	0.2394112265603907	-1.0545614387089093
5183	0.40498890088572936	0.3882480329535355	0.564327426020002
5184	0.36222350792350194	0.38010405673356645	0.4757458934231552
5185	0.39602721285191433	0.2773580211076637	-0.6418164690105707
5186	0.36418218385588796	0.387341151650375	0.5544633334014107
5187	0.36599911548112957	0.4577922275536495	1.3207553887866805
5188	0.32461150397696686	0.37788907424894475	0.45165366404239354
5189	0.2753545608787029	0.25551369574609634	-0.8794158635578161
5190	0.1980715422945292	0.19843168273999057	-1.5002934372663028
5191	0.15868134407597617	0.20630293313809464	-1.4146783267987713
5192	0.1923386370675698	0.26097752597178947	-0.8199861154632528
5193	0.20944005362426182	0.20135921148435207	-1.468450885680629
5194	0.20192141092463511	0.18098225086845	-1.6900898433922535
5195	0.21340923472448667	0.17130596741464782	-1.7953381883073085
5196	nan	nan	nan
5197	0.23564184416808678	0.18827392643279278	-1.6107787330399548
5198	0.30327228481174484	0.2899872795642102	-0.5044487951095251
5199	0.4272124205087591	0.2879462080096906	-0.5266494059113899
5200	0.39166666172130865	0.32165748138060857	-0.15997394169956858
5201	0.3750681599395173	0.3942593954953506	0.6297126497198919
5202	0.37896855293774245	0.35276269937099636	0.17835561709647074
5203	0.29122440835843316	0.31788436732630765	-0.20101387312436197
5204	0.3177271838203647	0.41194616248738636	0.8220905354750402
5205	0.2993258829292963	0.3610378405241588	0.26836382267116193
5206	0.33822202656246275	0.41230510975209816	0.8259947829790609
5207	0.41394709838703975	0.5283265890732578	2.0879533367407466
5208	0.4043525213718674	0.5715066366064488	2.557620079960841
5209	0.38608247126022477	0.46870129535667826	1.4394126538736944
5210	0.42750511037529265	0.5547055198646597	2.374875357956743
5211	0.35258971277893936	0.33512859240361353	-0.01344948878256423
5212	0.3054544663633919	0.30029979014859376	-0.39228024650227356
5213	0.28446820340166634	0.3825001649732179	0.5018082165934784
5214	0.2238526487957771	0.3831602473020995	0.5089878918225215
5215	0.2746437864422903	0.47190265490184763	1.4742336463772463
5216	0.30874854821679726	0.5166671692882107	1.961134538913584
5217	0.271897242342444	0.3650754748455419	0.31228092490640197
5218	0.34626602383097105	0.36890936013539827	0.353981861353546
5219	0.3938898878700012	0.3324997369229216	-0.04204338949709696
5220	0.42301676935765753	0.391303753025349	0.5975643068552476
5221	0.39714221965967916	0.3129966467969351	-0.2541773111922762
5222	0.39200662630458294	0.29297925645754264	-0.47190524493855646
5223	0.34439545369999514	0.395033070425576	0.6381278647450881
5224	0.29322821280990574	0.2400902589468767	-1.047175644859176
5225	0.21226166804538857	0.20599042348596486	-1.4180774752232332
5226	0.21408272990235544	0.24005451085505022	-1.0475644746734916
5227	0.19069669100918202	0.2961388920157712	-0.4375380816959747
5228	0.18070459992429636	0.2731351800022971	-0.6877480541383771
5229	0.17888457386837364	0.3153290597569731	-0.2288077976931688
5230	0.1722304072542965	0.3426116142148316	0.06794288302569346
5231	0.16526978089482425	0.24735615730235117	-0.9681449116354381
5232	nan	nan	nan
5233	nan	nan	nan
