ID	SN	ssim	z_ssim
5057	nan	nan	nan
5058	nan	nan	nan
5059	nan	nan	nan
5060	nan	nan	nan
5061	nan	nan	nan
5062	nan	nan	nan
5063	0.3083269629200322	0.21814449365425276	-1.0539412652810336
5064	0.44947329324747365	0.3764292452885876	1.3835495424281767
5065	0.46227696112815875	0.3996054016247577	1.740448532660361
5066	0.47911513100181535	0.3657329180813451	1.218832480457894
5067	0.5774532339935421	0.26690934068932837	-0.3029916939544246
5068	0.6850884918226348	0.24794157950329387	-0.5950839078689435
5069	0.8281273517547298	0.2526387047858942	-0.5227509788863312
5070	0.7648305321619152	0.2810024484364627	-0.0859662367893903
5071	0.6925338320199066	0.3517721173837315	1.003844472975612
5072	0.6249592370942548	0.28069288547574095	-0.09073332182680253
5073	0.5514005890683835	0.29477040917550174	0.12605215029969993
5074	0.5887489646432703	0.226487500396846	-0.9254639354450763
5075	0.5987756362802829	0.26634242369193417	-0.31172187772522003
5076	0.5850976036566643	0.2670298490201175	-0.301135937505885
5077	0.5162014536470195	0.2722699372819606	-0.22044170235091248
5078	0.4581048772331324	0.34137759722211414	0.8437750595742368
5079	0.6024156077113457	0.22679572122496744	-0.920717518449546
5080	0.7516980976415043	0.2531319551838	-0.5151552168285187
5081	0.7472164206539214	0.26321130240898816	-0.35993927874585024
5082	0.7918012171789285	0.3385280092387552	0.7998931035204905
5083	0.7258936350450983	0.314440485436536	0.42895959765743985
5084	nan	nan	nan
5085	nan	nan	nan
5086	nan	nan	nan
5087	nan	nan	nan
5088	nan	nan	nan
5089	nan	nan	nan
5090	nan	nan	nan
5091	nan	nan	nan
5092	nan	nan	nan
5093	nan	nan	nan
5094	nan	nan	nan
5095	0.5348207616694716	0.32145036566910845	0.5369075740330204
5096	0.46811678508722687	0.15058227467583674	-2.0943591577686838
5097	0.4413938974671723	0.24439010442444303	-0.6497745067366456
5098	nan	nan	nan
5099	nan	nan	nan
5100	nan	nan	nan
5101	0.4164442409843798	0.2992530954750794	0.19508284678969834
5102	0.44197111840593845	0.34137444394321304	0.8437265009591066
5103	0.4532879407602579	0.30075274061806484	0.21817648792133015
5104	0.5306143893643238	0.2625872447422066	-0.36954939475863285
5105	0.5883099232732377	0.30338389300865276	0.25869466607506825
5106	0.6188438897641323	0.4117306789863532	1.9271705750848345
5107	0.5818940679321319	0.32634230793859226	0.6122405684661011
5108	0.4888048518682162	0.2646519164652113	-0.3377546811567361
5109	0.48990355026601007	0.2783440488519017	-0.1269040054858653
5110	0.4296057723438405	0.2561111171030211	-0.4692778994129127
5111	nan	nan	nan
5112	nan	nan	nan
5113	nan	nan	nan
5114	nan	nan	nan
5115	nan	nan	nan
5116	nan	nan	nan
5117	nan	nan	nan
5118	nan	nan	nan
5119	nan	nan	nan
5120	nan	nan	nan
5121	nan	nan	nan
5122	nan	nan	nan
5123	nan	nan	nan
5124	nan	nan	nan
5125	nan	nan	nan
5126	nan	nan	nan
5127	nan	nan	nan
5128	nan	nan	nan
5129	nan	nan	nan
5130	nan	nan	nan
5131	nan	nan	nan
5132	nan	nan	nan
5133	nan	nan	nan
5134	nan	nan	nan
5135	nan	nan	nan
5136	nan	nan	nan
5137	nan	nan	nan
5138	nan	nan	nan
5139	nan	nan	nan
5140	nan	nan	nan
5141	nan	nan	nan
5142	nan	nan	nan
5143	nan	nan	nan
5144	nan	nan	nan
5145	nan	nan	nan
5146	nan	nan	nan
5147	nan	nan	nan
5148	nan	nan	nan
5149	nan	nan	nan
5150	0.6368587106341808	0.3176833027815131	0.47889705144150335
5151	0.6998255640960503	0.2956406572039737	0.13945345110679136
5152	0.719349317139315	0.27900077508020554	-0.11679081310224179
5153	0.5893453126778835	0.2954840650090517	0.13704202466337057
5154	0.49270152753669605	0.28883596517445803	0.03466525072755354
5155	0.5812316472199289	0.14949792983506985	-2.11105742184318
5156	0.5243642136621076	0.1603612472673675	-1.943768809964606
5157	0.5390608795634013	0.27048606352882687	-0.2479122946251588
5158	0.685828316030294	0.22266909622637215	-0.9842650831838684
5159	0.738446864518404	0.20580424754596133	-1.2439736982428513
5160	0.7791394716792109	0.18046710646117853	-1.6341505652506318
5161	0.7661003452858176	0.24050960109253627	-0.7095319445387335
5162	0.7722219936244794	0.27403151093801625	-0.19331451827661916
5163	0.5981123267702774	0.269264066479004	-0.26673032065253033
5164	0.4797731226233097	0.343533554627774	0.8769755182656008
5165	0.5216746150120181	0.2350065337302571	-0.7942759010554545
5166	0.6932057582632185	0.15060817836866003	-2.0939602563426742
5167	0.7812884863068876	0.2286897605789864	-0.8915504416010691
5168	0.6967442383836139	0.23714902537923904	-0.7612828069888089
5169	0.602592563392082	0.2578352569988984	-0.44272717292780955
5170	0.37865020810130184	0.24509416652506041	-0.6389323701404692
5171	0.40597575420338144	0.24862258591283212	-0.5845968151698608
5172	0.5808915853090746	0.30307827337709176	0.25398830595576644
5173	0.5856689971330212	0.3485391190729104	0.9540582264635609
5174	0.5998486216181748	0.3760280002201529	1.377370607591752
5175	0.5703036417182493	0.444965630428506	2.438969013016849
5176	0.5854590096749341	0.25343249610868945	-0.5105270657640951
5177	0.6966464934010212	0.22616538348163545	-0.9304243438970997
5178	0.8192668988917116	0.28117916268015297	-0.08324494279146075
5179	0.9667541633397349	0.2562777439830508	-0.4667119448013909
5180	0.9855197929066195	0.17080309152824125	-1.7829706336487394
5181	0.8670446127584637	0.11987889852397206	-2.5671728455249108
5182	0.6328360787067697	0.16806347691640774	-1.8251590653457914
5183	0.7145910207293932	0.25537011407829163	-0.4806889042166817
5184	0.741096537145788	0.2809605509483125	-0.08661143312812634
5185	0.75708438165781	0.28374521803126695	-0.04372922023555159
5186	0.6972601657494223	0.35706672020799224	1.0853781998908922
5187	0.7025369497195711	0.40310074794453987	1.7942747821016944
5188	0.5869234802695107	0.3934254045076898	1.6452802614972475
5189	0.47828806653198846	0.29252225294632545	0.09143188469400956
5190	0.3381047851078008	0.23873488200483678	-0.7368615604231938
5191	0.31877902923579365	0.27734250296118285	-0.14232721509335758
5192	0.30777818086941033	0.21428504470318427	-1.1133744781705799
5193	0.3158542216814519	0.2907543958217699	0.06420793895094587
5194	0.2836779141771197	0.3036596502712233	0.26294116351550145
5195	0.26731460940432694	0.2537747570682327	-0.5052564510389843
5196	0.3188033648057163	0.22340313196873487	-0.9729613703747375
5197	0.3767489353796142	0.1732281708855469	-1.7456258573492915
5198	0.5425500810000672	0.2620145183416848	-0.3783690398740974
5199	0.6748119946751467	0.26132240493367276	-0.38902717372781825
5200	0.5884153247742714	0.2578421768303733	-0.44262061164861644
5201	0.5086109318599988	0.38609776166448295	1.5324389303641321
5202	0.5120192537405942	0.3518279930732978	1.0047049252825213
5203	0.4178672739186436	0.339856256686107	0.8203473223246022
5204	0.41612992524580134	0.45362451521066477	2.5723106763394386
5205	0.46410379490594617	0.34292152870228926	0.8675506838956095
5206	0.4965797743970636	0.29209138296141257	0.08479674380583875
5207	0.61969799163848	0.3760745894257179	1.3780880535815307
5208	0.7528617116334004	0.3508824912425415	0.9901447607856602
5209	0.7380111999404971	0.2505826941415158	-0.5544123170410136
5210	0.775724018406786	0.30244911319158824	0.24429961419672536
5211	0.6320125090691725	0.2650268505885297	-0.3319809191888342
5212	0.4732722739007578	0.33233861830243716	0.7045801731414066
5213	0.4501094789347538	0.37905558031320336	1.4239935360179987
5214	0.5654944080546656	0.359505479613776	1.1229336407810229
5215	0.7007893271278768	0.3513907028644801	0.997970916773876
5216	0.7627665315300457	0.4134489640247036	1.9536311402546187
5217	0.6146119711847832	0.25932080093372867	-0.4198506819947977
5218	0.5450174535621519	0.24502896039610195	-0.6399365056513221
5219	0.628472408459123	0.23104119276174528	-0.8553397878820846
5220	0.692702590502908	0.2635711779192993	-0.3543974104404969
5221	0.6392125247600575	0.3084504279515795	0.3367162835891245
5222	0.6047921015348843	0.32525974000422253	0.5955696676907508
5223	0.4876255667158989	0.3369689980536334	0.775885260733277
5224	0.41276697642207344	0.29510874371912255	0.13126230056048682
5225	0.2852305702902439	0.24962189166291232	-0.5692081023926594
5226	0.28558707540721495	0.2461585049070253	-0.6225421936039145
5227	0.3495759478678854	0.27107220608832727	-0.23888604865997598
5228	0.3739753531297582	0.25818681788489534	-0.43731334487981643
5229	0.365957339680529	0.33464887074885885	0.7401566834716605
5230	0.31107015385636877	0.40507644636835255	1.824699359940842
5231	0.2566318724618552	0.38418286200968194	1.5029506173202714
5232	0.23544312335091339	0.33611252524090285	0.7626960900359859
5233	nan	nan	nan
