ID	SN	ssim	z_ssim
494	1.3794748153661076	0.5353697173759222	0.011276657149239654
495	1.6597799327597438	0.5212341125532232	-0.0689306536401448
496	1.3505714595306342	0.3531172245786598	-1.0228483424727384
497	1.4702356638073684	0.412848576231729	-0.683924670935565
498	1.396347471316988	0.5319642320956635	-0.008046521426308077
499	1.3963619867388366	0.6022612418515825	0.39082810613850016
500	1.068294220883964	0.6593583832562733	0.7148049167011089
501	0.8120076587964217	0.6830606123958165	0.8492945323094742
502	0.5910158133488901	0.54065665446335	0.04127544470831878
503	1.0915149002013524	0.21113758015686357	-1.8284598185107992
504	1.4628585322649519	0.543497826698995	0.057396635656202254
505	2.160522678274471	0.48117176046598586	-0.29624979315477384
506	2.672224677798628	0.35887776153136475	-0.9901622859880949
507	2.531116752932243	0.5595338795612051	0.14838734259000688
508	2.8256907727194776	0.4075198247876812	-0.7141607187420087
509	3.296781555460515	0.337152265801058	-1.113435652069748
510	2.544949817746929	0.6520688440476056	0.6734430970864193
511	2.376733996679689	0.6783116704279987	0.8223484009545664
512	2.1892282633321134	0.6683096119771105	0.7655953846693531
513	1.9520163415021068	0.7959893378563887	1.4900672119135518
514	2.122639921237847	0.8370062831894105	1.7228028410727652
515	2.323105086219294	0.7973279563261212	1.4976627119984036
516	2.189462257256775	0.7271721168101967	1.0995891032407474
517	2.042509698688796	0.7378733706631012	1.1603094476746636
518	1.9506228383263773	0.6228305607091009	0.507541170137124
519	1.8506885127043629	0.6026720178622447	0.3931589041174518
520	1.4106218275564826	0.5448703835498281	0.0651847066508075
521	1.9319724908672122	0.3761507541985768	-0.8921530173010473
522	2.300586161462963	0.3456980737913418	-1.0649455955054599
523	2.416346805387488	0.46582993469165185	-0.383301362818253
524	2.1924172160245536	0.5390442322768917	0.03212634574473686
525	1.9651653646256895	0.44676723306216554	-0.4914656793267541
526	1.7416926139140947	0.3450126338183509	-1.0688348735116522
527	1.5653700808391593	0.33165225228535694	-1.1446434637575267
528	1.5297693759345012	0.36867817228057603	-0.9345534457095844
529	1.606542272109484	0.6078403692977788	0.422484820840377
530	1.5601552388941007	0.7108747449197933	1.0071156372193502
531	1.6598160207191095	0.7532916299683304	1.2477947114067118
532	1.7146836532260312	0.7042996307461344	0.9698075607261897
533	1.658740766070344	0.7055493290240454	0.9768985157597095
534	1.489115708031634	0.68619798176127	0.8670963853544842
535	1.2071748083551164	0.5393781200959091	0.03402086984926742
536	1.2319127321731276	0.3857646966084597	-0.8376022232987652
537	1.5713845317094894	0.25740044177042587	-1.5659581593326408
538	1.5898850470591044	0.33588158458469264	-1.1206456671001335
539	1.7451822548817757	0.5807700976065153	0.26888448170188683
540	1.9565011082006358	0.7510589528643133	1.2351262031525283
541	2.2866699064169014	0.6580071349170558	0.707137753048994
542	2.4793409166930935	0.6083674226257816	0.425475391856752
543	2.634053216164795	0.5874813762993891	0.30696517387355166
544	2.249861648676338	0.5535474085196666	0.11441930589239813
545	2.3334872031338416	0.6439344642287947	0.6272875389486755
546	2.531113697396403	0.6257975528154567	0.5243762798454815
547	2.2756006497904373	0.7908232301436844	1.4607540263738055
548	1.899580562542461	0.821606211897608	1.6354207785594728
549	1.9087251709756408	0.8068701489997455	1.5518063884088085
550	1.8800059705723227	0.6592962432495229	0.7144523259986664
551	1.8446199893540238	0.736228656501135	1.15097711972668
552	1.647784668718604	0.7980918747752765	1.501997287365901
553	1.852804042035474	0.7281295643902648	1.1050217887594986
554	2.0203987665232717	0.7124952551005588	1.016310628543478
555	2.0168948838464322	0.6551591359875554	0.6909778265278835
556	1.9459558047982712	0.5572699835698325	0.13554169419700107
557	1.9445958618574724	0.6101930521559521	0.43583425778072915
558	2.1732745859027514	0.6905230041032171	0.8916371401012871
559	2.085913334705103	0.6821567367591815	0.8441658211569018
560	1.6823061866547402	0.5167183322548532	-0.09455379452381739
561	0.9167996290882163	0.6474476326195893	0.6472217258837412
562	0.8617431233233432	0.5373897120311504	0.022738376766967765
563	1.1963064481102548	0.10132585712558612	-2.451546209787387
564	1.32416205641341	0.2766353925298755	-1.4568164782420465
565	1.859390119848377	0.5681420585020026	0.19723130026251237
566	2.488189609242962	0.7671801602870164	1.326600088442283
567	3.1239946456796646	0.7127644033312319	1.0178378115722047
568	3.0682430970327665	0.6959565667923874	0.922467900919109
569	2.4648916777988923	0.6679297736368571	0.7634401311666871
570	1.6250942070484633	0.7315264116908232	1.124295954283882
571	1.2393689916740294	0.7327006302753473	1.1309586274503216
572	1.1535405625077102	0.6049261670044173	0.40594924758556666
573	1.0431859256798075	0.47484654424682016	-0.3321399152587823
574	1.271575818146683	0.4543569726791372	-0.44840048247777226
575	1.6269933893456	0.554085023903295	0.1174698074238638
576	1.7401974027340756	0.704144690157571	0.9689284071210433
577	1.8749018996404112	0.8344433263028633	1.7082602811952436
578	1.8242730728587957	0.8253660260258768	1.6567544663697125
579	1.8043929751180017	0.8254022328677906	1.656959908829268
580	1.836574543464335	0.7900425926280421	1.4563245847887925
581	1.4671236523720455	0.6094636901368412	0.43169576021528644
582	1.9129246797590094	0.6188764692878614	0.4851051270041328
583	2.249613574154203	0.650929697436521	0.6669794269841526
584	2.331435427664726	0.6803701306966402	0.8340283796031919
585	1.9809540433566035	0.7809882669796503	1.4049491310761444
586	2.246786998941762	0.8000235327503014	1.5129577728551966
587	2.3814725315140235	0.7569456503072578	1.2685281111183713
588	2.4333391881374773	0.7611403475438584	1.2923293838013152
589	1.511829091258497	0.7511383271783143	1.2355765836174337
590	1.3184748144195362	0.6255100476914699	0.5227449373509517
591	1.0670517638596162	0.5652583019484091	0.18086848020379231
592	0.9821247085536295	0.45982628402330333	-0.41736687901419744
593	0.966153795424471	0.31968632974813826	-1.2125397073114792
594	1.0531004865946514	0.2921488846680905	-1.368790850689104
595	1.007707916910315	0.31989052804590423	-1.2113810588817155
596	0.876666132707797	0.29260560241769484	-1.3661993731439255
597	0.9494468693337343	0.2891168651768074	-1.3859949344695377
598	1.0494672174159239	0.3805091902801296	-0.8674226685304439
599	1.0462094301161462	0.38038774397258707	-0.8681117711090364
600	1.2902657308458763	0.6126943284094788	0.4500268335037407
601	1.7989964607390994	0.5833869268266306	0.28373272039935593
602	1.8471069797602881	0.6368208861624691	0.5869241463703745
603	1.6595137263672046	0.7247464866847587	1.085825753757556
604	1.3228465810647088	0.6557460525978536	0.6943080698078913
605	1.1311118697783848	0.5284454889188137	-0.028012340442443044
606	1.3612877967636192	0.6199024258115691	0.4909265414243544
607	1.7360628454246316	0.5259646395350361	-0.04208901137673329
608	2.084199766568032	0.4580632682720124	-0.42737046598935835
609	2.1483656533794204	0.35471048380271036	-1.0138079767187191
610	1.627201054843607	0.11344207482516823	-2.3827971713973435
611	1.2163407410966776	0.37964490467040046	-0.8723267405797006
612	1.4369255954934994	0.6702132137154121	0.7763966753221585
613	1.9908482018891578	0.70686992000233	0.9843917254489642
614	2.478151661532857	0.7462578062078086	1.2078838554175861
615	2.693160332274727	0.7436616308850053	1.193152809693569
616	2.317290118158252	0.7383708160719838	1.163132019401268
617	1.913945118711175	0.7331658051918575	1.133598092090706
618	1.523765282566175	0.6163415216088014	0.47072149511293115
619	1.3563087312037991	0.69267291067919	0.9038359973182276
620	1.7462693435725982	0.7994937728767355	1.5099518445376046
621	1.9528752685838138	0.7331518075251997	1.133518667459498
622	2.3044780224366956	0.7658718277818286	1.319176434967552
623	2.0742728136184376	0.7467741386925177	1.210813594936423
624	1.7878516853655468	0.5602992674810299	0.1527302559304564
625	1.6675520663797085	0.3599944959896094	-0.983825785436112
626	1.7397423005944477	0.6066374559391218	0.4156593296908523
627	1.8140186344615878	0.6522264586258034	0.6743374232660924
628	2.3675208753914796	0.5823217927552907	0.27768900733833884
629	2.795875641361647	0.592136451084325	0.3333786902887543
630	2.244738795232864	0.6744108025132316	0.800214355109875
631	2.140362132162185	0.7108674010686317	1.0070739672264561
632	2.313513733666148	0.6697409599953121	0.7737170446042231
633	2.114092783716799	0.7196870000428628	1.0571175504219874
634	2.4180138640654696	0.6723702616213457	0.7886360533996347
635	2.145857096896519	0.5342411332889885	0.004872920220538284
636	1.6171631854373174	0.7134947656544053	1.0219819849965746
637	1.9083101411461905	0.7530574316191081	1.2464658386758987
638	1.8197204792681094	0.6541072361940337	0.6850092065277825
639	1.8848530924238889	0.7567424901524611	1.2673753532505485
640	1.8822094941811423	0.7222687014958313	1.0717664694743323
641	1.8835545549719865	0.7722089898091277	1.355134339183299
642	2.2047889628263366	0.73299486227589	1.1326281391413822
643	1.7932923567597663	0.6513860567655224	0.6695688708029326
644	1.5153994048920783	0.5637862462462916	0.17251583943037263
645	1.2931312200848135	0.3732308169173313	-0.9087211316435118
646	1.0277724223789182	0.1623377397569571	-2.1053566343543184
647	0.7465315183092991	0.21200286797880874	-1.823550059775497
648	0.9246407630881496	0.41613981827449154	-0.6652497237565776
649	1.1364932104714918	0.3612048936054139	-0.9769578276113668
650	1.3125335959893374	0.2944769856435874	-1.3555808946360817
651	1.7240359839869688	0.43605956222151915	-0.552222434606658
652	1.9296631281497494	0.2636587179880382	-1.5304478637430388
653	1.8028610208241542	0.20746047933076578	-1.849324179991047
654	1.6417159847565208	0.18868699353786855	-1.9558474471931002
655	0.839703925770066	0.3909500417992615	-0.8081798817374743
656	0.7703710878142654	0.40944184963030794	-0.7032548929332728
657	0.926832093364619	0.27148605278244126	-1.4860345201060472
658	0.8661983797044879	0.2533222121215421	-1.5890985793586192
659	1.1572960533793337	0.27404472426818216	-1.4715162761653842
660	1.2536589795666393	0.4274628291824094	-0.601001446703403
661	2.0214021116109717	0.5579574237483574	0.13944232163669298
662	2.4190938235132013	0.7490393777905981	1.223666864296376
663	2.4999235842108036	0.8017913790002082	1.5229887687250327
664	2.2482200708957407	0.7316010906441897	1.1247196926450782
665	1.4058391452669403	0.5652742376320143	0.18095890140214918
666	0.844306398486041	0.6551345371666135	0.6908382495305718
667	0.7705004914993564	0.65779586456546	0.7059389768407195
668	1.0593397648297098	0.26694704046524015	-1.5117894825692013
669	nan	nan	nan
670	nan	nan	nan
671	nan	nan	nan
672	nan	nan	nan
673	nan	nan	nan
674	nan	nan	nan
675	nan	nan	nan
676	nan	nan	nan
677	nan	nan	nan
678	nan	nan	nan
679	nan	nan	nan
680	nan	nan	nan
681	nan	nan	nan
682	nan	nan	nan
683	1.2086451649827665	0.643450508257355	0.6245415080927961
684	1.5111236279217881	0.6543900036951624	0.6866136671170989
685	1.2907331752490685	0.6476835019413382	0.6485600799359722
686	1.2981075312445565	0.32813118093453075	-1.1646224931439317
687	1.4487437657902575	0.6684372882724294	0.7663198370311396
688	1.403376348222529	0.524684632128871	-0.04935194445435748
689	1.3875847956908571	0.5905375310479203	0.3243062043289494
690	2.0828592631474776	0.4481047573275474	-0.4838763879036127
691	2.030344826891307	0.5301723187925206	-0.01821407697242942
692	2.174553987968136	0.5590762188043163	0.14579051429547651
693	2.153893051122103	0.5668496125509983	0.1898977892192339
694	1.8514255123007637	0.5375681545052601	0.023750883211400918
695	1.7682650913994593	0.6129638613085058	0.4515561991921126
696	2.0321634993403874	0.5997677669388937	0.3766797962659426
697	1.766527160022962	0.6687777966305062	0.7682519269590349
698	1.5482534502889684	0.5890757591974097	0.31601191550384017
699	1.4276834545737165	0.5600879692444914	0.15153132149929063
700	1.3832032751086196	0.6135093084017829	0.4546511388907231
701	1.724492589205658	0.5165507306178583	-0.09550478860973541
702	1.9757212526173986	0.564914840876045	0.17891963618044204
703	2.1750286414963846	0.4617284381320061	-0.40657380240519136
704	1.9607359352863836	0.4289609109084523	-0.5925011307922176
705	1.6935036171088145	0.5203235176227743	-0.07409749096375677
706	1.2539605569789685	0.6272639920478422	0.5326970520190797
707	1.6372178860027276	0.5581988131152207	0.1408119971625794
708	1.5146709512521455	0.4336090879038239	-0.5661267533567954
709	1.5356156768511768	0.4871387752844173	-0.26239215366712665
710	nan	nan	nan
711	nan	nan	nan
712	nan	nan	nan
713	nan	nan	nan
714	nan	nan	nan
715	1.3441050819541591	0.6409848448986899	0.6105510046943936
716	1.3408394913165875	0.6738538408303014	0.7970540800908095
717	1.5386494818949314	0.6684585037205646	0.7664402163190056
718	1.6051591660629392	0.7224764531373695	1.072945280051514
719	1.6313235462043982	0.726820381008237	1.09759330729587
720	1.4051078996245352	0.5592368224669217	0.14670180093952723
721	1.793681825250853	0.2537266644316351	-1.586803662901771
722	1.6461521424117882	0.11190490786509885	-2.3915192621495884
723	1.2578849353230255	0.2250464080709193	-1.749539270206611
724	0.7347126706364149	0.380836916626453	-0.8655631054453735
725	0.7022461044360054	0.376038304662096	-0.8927910709983434
726	0.8471199643938216	0.3973647263259966	-0.7717821045001323
727	1.2363461893815475	0.44227211104297015	-0.5169716023737008
728	1.7196516793014514	0.5277190562544581	-0.03213421645753687
729	2.0695425973453587	0.5692582130479894	0.20356451031484696
730	2.357395822173448	0.6046102787077383	0.4041568551761685
731	2.0603201862260527	0.6524459188198414	0.6755826697348416
732	2.3960244150710257	0.5934760537092103	0.34097977460146184
733	2.2956499446130523	0.5916227919381601	0.330464119650072
734	2.869442477023295	0.5727202175697244	0.22320838661953485
735	2.99848501950657	0.5952101892916838	0.35081949163932274
736	2.888096962664703	0.4693684994310291	-0.3632230736074631
737	2.5926369532300857	0.46934872130161764	-0.36333529735681336
738	1.9233548205782791	0.22600572975667096	-1.7440959507617633
739	1.293126353945088	0.10778041594180285	-2.414922180502886
740	1.0151447064042072	0.09021920928804728	-2.5145668138653403
741	1.1086980679349345	0.159289227238809	-2.1226543017732458
742	1.3045060490869855	0.3889555601638959	-0.819496837071045
743	1.4147725522604244	0.3612129117372809	-0.9769123316596428
744	1.3772431734835653	0.23724465923346014	-1.6803247629851172
745	1.6716478222502433	0.5775032236188817	0.25034780212415003
746	2.03536938299004	0.7024933155392536	0.9595582868536469
747	2.754618565282833	0.6603195783612956	0.7202588661772547
748	2.718109767417143	0.5643396704346734	0.1756560422326341
749	2.484651570554241	0.576064803141752	0.24218601211218724
750	2.303656297818191	0.6903329070431238	0.8905585039785109
751	1.8112773649521807	0.6969955955967153	0.9283634892064972
752	1.665931133722138	0.4213327229312433	-0.6357844887752702
753	1.8608054777425695	0.40468881038155485	-0.7302242728077514
754	1.544152782457089	0.43093036839970966	-0.5813261657964431
755	1.456656342282549	0.31318366550385024	-1.2494366932234722
756	1.4713249208045647	0.28052326990363635	-1.4347561424630282
757	1.162392503769842	0.4139715049967679	-0.6775530230590494
758	1.312662229902421	0.581134496846901	0.2709521316886844
759	1.5405709997121082	0.697537440400418	0.9314379890326671
760	1.6545515496413492	0.6432993382694691	0.6236837493797822
761	1.573682292604558	0.7228537765313272	1.075086263412811
762	1.6680827047948674	0.8161053377429006	1.60420808349096
763	1.8147028659527025	0.7796288167108575	1.3972354285795465
764	2.248491826825877	0.7270778955441459	1.0990544791858243
765	2.162694834445905	0.5613476254084502	0.15867877890897725
766	2.330285796680698	0.5456479605547534	0.06959678248901806
767	2.017308744491471	0.5737916534781886	0.22928785714654767
768	2.159561380797378	0.7273173208670414	1.1004130104637706
769	1.9616717785575242	0.7362359958020231	1.1510187639007141
770	1.5693466959838311	0.5038292733197918	-0.16768803736336588
771	1.3915911522552624	0.4277492187496851	-0.5993764340267307
772	1.2068476951515832	0.28581012622474955	-1.4047578131828113
773	1.112915753462374	0.24576395060732706	-1.631985165245953
774	0.9622925964877518	0.21327767706007228	-1.8163166226880478
775	1.1107349528990371	0.20929560893711505	-1.8389114093652794
776	1.3326379188117097	0.0892103196860341	-2.520291388291113
777	1.487924143354056	0.23349379983299223	-1.7016076404731406
778	1.774008128531409	0.43888742392034397	-0.5361767694234592
779	2.0882054840993662	0.5385697812003865	0.029434246932912047
780	2.4421478912018677	0.3678987285071478	-0.9389761138417481
781	2.0546932168687055	0.5091287124917006	-0.13761831130621324
782	1.6916110386370995	0.4251948264838112	-0.6138703971020105
783	1.3293125129787016	0.31824192782485355	-1.2207354368482617
784	1.4099959404028368	0.3905554123530517	-0.8104190619519613
785	1.8258453838148672	0.21874472176564086	-1.78529588043478
786	1.7794126899394322	0.47328012560439386	-0.341027983965798
787	1.6484101294438853	0.5122260394906047	-0.12004366400010487
788	2.0044715095235057	0.5105800023510241	-0.12938349869987031
789	2.0027157891213023	0.5781388847399375	0.25395462827221654
790	2.072390286740354	0.5656164556493043	0.1829006921648922
791	1.7829182098485745	0.6051903008634026	0.4074479783992366
792	1.5611836378235944	0.6825144431324428	0.8461954949212276
793	0.9523523407107376	0.8106672151349148	1.5733514490844094
794	1.627437262076195	0.5957692808734381	0.3539918519889474
795	2.3007060920616142	0.554540197574174	0.120052523660011
796	2.5176145208610383	0.6508373260659737	0.6664552994835287
797	2.5182159078676865	0.6277156583040225	0.5352598667155091
798	1.9228737820254473	0.6120189661108861	0.4461947375688239
799	1.3939824307520923	0.47472367094627577	-0.332837114786365
800	1.4484562727818675	0.13158031604125217	-2.2798783668156593
801	1.460604839421411	0.2783233525780129	-1.4472387673567215
802	1.4172705750925234	0.31551553178473407	-1.236205372324504
803	1.4797830181923746	0.3024910603268284	-1.3101079639146558
804	1.4927342292024957	0.6186265945537051	0.4836873043702747
805	1.6480690117998436	0.6075804061429229	0.42100975515929334
806	2.119392118100529	0.5340710104538446	0.003907620519400514
807	2.389712081177932	0.38211026019166633	-0.8583379838918392
808	2.1742210154040738	0.6185208234201774	0.48308714482381004
809	1.6758074202954654	0.7144821744778749	1.0275846746142858
810	1.9053688281558339	0.7300954428115207	1.1161764456337924
811	2.114023520595556	0.6864906115020593	0.8687568056095842
812	2.177327147387327	0.7185315417546496	1.0505613256838664
813	1.6935718330640674	0.7253241892799199	1.0891037154843526
814	1.390909497937734	0.5570223641657326	0.13413666860727677
815	1.4541466936832048	0.2608863477070756	-1.5461786632056376
816	1.2294570590964407	0.31108230787320607	-1.2613600772367315
817	1.2684124030322805	0.2267609462824654	-1.7398107512703058
818	1.5396981815816333	0.16182902020581885	-2.1082431770707117
819	1.3367210744030706	0.5139163242240037	-0.11045276253994406
820	1.32039371949301	0.6192008782876108	0.4869458670214251
821	1.3592943948270426	0.2470500474272685	-1.6246876800207974
822	1.4835046201319215	0.28104494536052915	-1.4317960862060082
823	1.5440331405323329	0.316872555947251	-1.22850543587913
824	1.6702662079824468	0.35070989847016304	-1.0365078325177304
825	1.6048850255815545	0.36289493418806035	-0.9673683114952031
826	1.4915627049616489	0.44770000486885003	-0.4861730074437527
827	1.6239442763817546	0.6298387000638894	0.547306289375758
828	2.336862469225244	0.4137557256321758	-0.6787773840096317
829	3.3495749589562513	0.35145696810717975	-1.0322688595619152
830	3.5784019075264393	0.5512365958259549	0.10130744586056122
831	3.2089152874741775	0.5709396630216047	0.21310528216735364
832	2.2322480255282433	0.7468955517785898	1.2115025090119524
833	2.1332871648496905	0.7533076038731507	1.2478853494773503
834	2.371809178623009	0.7464361687590628	1.208895908369057
835	2.6789116777451683	0.6972631574498327	0.9298816709169755
836	1.9674225908517184	0.7412884711562244	1.1796871842529428
837	1.5577716412775025	0.7844506985469046	1.424595430494178
838	1.604481403318796	0.5974368336167022	0.3634537690992716
839	1.405930491218194	0.6441403670868603	0.6284558592813695
840	1.609751178114292	0.6734469954117994	0.7947455848170433
841	1.776220065425279	0.6360309814124934	0.5824421212593174
842	1.890629678754208	0.61022321672588	0.4360054155815718
843	1.9052174995824183	0.5861746560806961	0.2995506687278515
844	1.7205519452796043	0.6466813108690455	0.6428735138629982
845	2.299921842317431	0.6441948047476131	0.6287647458433113
846	2.277678576259714	0.6214643668850095	0.49978920380658
847	2.390849721892978	0.6107531435620823	0.4390122912674755
848	2.5188648900800126	0.6017089415590215	0.38769428047131915
849	2.6387979142779296	0.33160613371940023	-1.144905146663865
850	2.356939059526548	0.365582287532588	-0.952119909491258
851	2.0157737993513076	0.406425535731863	-0.7203698610811103
852	1.4924855463497584	0.2964955719423387	-1.3441271662212102
853	1.7182197328149136	0.33383861619665534	-1.1322377427479378
854	1.8041566128122895	0.45469616898905185	-0.44647583728648566
855	1.8533778763923374	0.3052532959194021	-1.2944346700283347
856	1.9277694359431852	0.3085383633304349	-1.2757947585349347
857	2.259317614705263	0.3104110260383207	-1.2651690200752763
858	2.29925487037265	0.29757349708172576	-1.3380108749307469
859	2.1365776978467546	0.36908932016072366	-0.9322205376934773
860	2.009758274148426	0.39343220033323995	-0.7940957825099949
861	1.4084570862810222	0.22381643668308865	-1.7565182922295928
862	1.1920846741132323	0.08012220274362586	-2.5718585783217423
863	1.321704874813189	0.24317017110073957	-1.646702616788594
864	1.3804738260547822	0.3423380171953732	-1.0840110056554386
865	1.356636853721293	0.4289463505470996	-0.5925837482283207
866	1.4415286529567837	0.43050778179451493	-0.5837239786670928
867	1.6473701509409946	0.41706680200716273	-0.6599898941790225
868	1.5813498940702646	0.2047497396565229	-1.8647052791550516
869	1.2879857822793486	0.3094367993171172	-1.2706969126831267
870	1.32675825403871	0.4830807900826355	-0.285417703994862
871	1.1544452398928706	0.6751828287218745	0.8045949349881932
872	1.318960874459915	0.6655828068237144	0.7501231278297074
873	1.3096671980057175	0.5710133207538446	0.2135232259834059
874	1.3074610584630744	0.6501200264240551	0.6623852454582427
875	1.1922240527548176	0.6325375097238393	0.5626196960443846
876	0.9816489455368012	0.4491641790440268	-0.4778650875074504
877	0.8637507514955893	0.3476617945664851	-1.0538031814035485
878	0.9047872075531785	0.19447898002897365	-1.9229829418247841
879	0.8579278634615222	0.0848272962220114	-2.5451612491556093
880	0.689517934828322	0.10167909440461488	-2.4495418942609684
881	0.7923908320916806	0.25665826635482575	-1.5701693618220942
882	0.9679749048054979	0.44986102485751633	-0.4739110912380381
883	1.3124163040314647	0.5638118880295278	0.17266133433511943
884	1.4389717582571229	0.49204321268028894	-0.23456372047365773
885	1.4321682424501345	0.4934517665613677	-0.22657139751893998
886	1.5070684404769694	0.44738755409234704	-0.4879458949042961
887	1.7623752028917576	0.4024233333279891	-0.7430788923589277
888	1.7471399430968497	0.4774182044353128	-0.31754797168294796
889	1.7797673226007384	0.5535893531777598	0.11465730548773474
890	1.5934099188498352	0.6896215757923434	0.8865223154021349
891	1.4646383355894432	0.5138356597940213	-0.1109104632953339
892	1.3018184972900848	0.7393078538151313	1.1684488967778428
893	1.466371518156181	0.7838284239068047	1.4210645610279704
894	1.524361856016459	0.6746523847788287	0.8015851251689557
895	1.7112353485277896	0.6649322871587674	0.7464319923179658
896	1.6125824634013985	0.6732545024873757	0.7936533542398828
897	1.3392490559769328	0.7246476243529199	1.0852647956751376
898	1.5096563351583336	0.6211555009560294	0.49803665724994634
899	1.5595290115337495	0.7300948367595056	1.1161730068136682
900	1.4363771093726267	0.6018772799140482	0.388649454793801
901	1.4098672649688175	0.5203613145595337	-0.07388302609355313
902	1.5022081759655452	0.6024274754694137	0.3917713379008666
903	1.6507556479743002	0.5267654954818828	-0.03754484771115688
904	1.6736684614820079	0.4123833939649968	-0.6865641772820912
905	1.6560249932905635	0.6002203281528178	0.379247689072209
906	1.2784006167939101	0.5727565684920837	0.22341464661079272
907	1.306638657284631	0.6913560987148786	0.8963642302592684
908	1.2918855409632242	0.7227796691543574	1.0746657682524727
909	1.1415501362862055	0.70918193359517	0.9975103995429387
910	1.1095069184991722	0.5281187377854455	-0.02986637003888194
911	1.130872010002758	0.21097626477225365	-1.8293751435606154
912	0.9729782282192745	0.3367779772543545	-1.11555941530216
913	1.1058401198069001	0.3036892159344265	-1.3033094688804463
914	1.3327815568280161	0.1666577156967716	-2.080844513567597
915	1.0554697489774463	0.15620818010653084	-2.140136574940542
916	1.13609130656961	0.3473791001539819	-1.0554072272782364
917	1.0753272367918114	0.3804112189975544	-0.8679785706802636
918	1.099308819449156	0.3600360158318568	-0.9835901963026555
919	0.9883947412078682	0.3423466022460539	-1.0839622929306048
920	0.9497490976986441	0.4883774645824156	-0.2553636650568271
921	1.4063320003052684	0.36390170623172574	-0.9616557523784779
922	1.4634415427293	0.4869300330749833	-0.2635765848589247
923	1.633314016571395	0.6997550369022922	0.9440209279349813
924	1.7603115123770607	0.796901678088209	1.4952439523103802
925	1.812148297096439	0.7150675857391096	1.0309063763425383
926	2.0276485913209403	0.6341355637691147	0.5716872682547945
927	2.0864191972857324	0.6867415524253573	0.8701806779431133
928	2.0214326211469613	0.6881717518766092	0.8782958207556204
929	2.5747698103802734	0.6221244675307823	0.503534703083891
930	2.3872276681928475	0.645406849758196	0.6356420512061798
931	1.937711595762015	0.7290473844572075	1.110229622473115
932	1.5781783944844545	0.6383686381684682	0.5957062980877681
933	1.3718359080955254	0.4680023929694235	-0.3709745442315879
934	1.0939983301201937	0.5901300210802365	0.32199393831431805
935	1.3231803984773551	0.470228960828303	-0.3583407006507296
936	1.7688996106044184	0.36592461974305557	-0.9501774707811648
937	1.9380612244711586	0.39295199205450876	-0.7968205484566191
938	1.9454059393132785	0.4051949929506914	-0.7273521252662675
939	1.6414618516731583	0.4645728514094883	-0.3904342213528042
940	1.6132928014270118	0.3030589513786963	-1.3068856741956802
941	1.5067136467323003	0.3435636296314766	-1.0770567169070704
942	1.2617995181640511	0.37645243747525314	-0.8904412260734457
943	1.184088704592741	0.2827511033451342	-1.4221151177972664
944	0.7530579018042431	0.463265403327241	-0.39785285649358
945	0.9706031050959466	0.6546559779716397	0.6881228407055636
946	1.0973952564378306	0.5385498228630181	0.02932100065953212
947	0.9919598096959429	0.4954302851065557	-0.21534501889228044
948	0.9815817129885025	0.47949367943546084	-0.3057714491739743
949	0.9422985243176807	0.5646645695717976	0.17749956335489103
950	0.8009673857420091	0.5853814807267548	0.2950500857728236
951	1.3083009835414243	0.5856922316751276	0.2968133281813984
952	1.7693226609306316	0.6985073389464977	0.9369413229964654
953	2.3384868915825106	0.6835361570607751	0.851992836288326
954	2.312700120166618	0.7501054290792988	1.229715781771271
955	1.8283066066561096	0.8378534933246639	1.7276100245979484
956	1.775009579860773	0.8149315522884015	1.5975478679621637
957	2.0324869609586886	0.7578094721395789	1.2734295516326377
958	1.776713270972565	0.6502097647983758	0.6628944329864138
959	1.5679076355168318	0.6681578097889365	0.7647340387674197
960	1.5644004632930038	0.6666550192449234	0.7562070043938041
961	1.8276379608854378	0.4448673310880293	-0.5022459770232637
962	2.1984249681637387	0.3262964955901792	-1.1750327429677547
963	2.3040564899167757	0.411327607637289	-0.6925548499965448
964	2.018045471171234	0.44946694872140375	-0.4761471318970912
965	2.1270459976560745	0.6514405813814346	0.6698782507600686
966	1.7316846679013391	0.7542644629051511	1.2533146954957146
967	1.9031546850048295	0.6540837063172479	0.6848756948624619
968	1.845256955415942	0.558383431207427	0.14185954488937727
969	1.5716445540790005	0.6279885855428959	0.5368084923417755
970	1.622944031744746	0.7206721318507099	1.0627073199487655
971	1.7178600239739614	0.6184593297905376	0.4827382217514724
972	1.5922984678987664	0.5706795424443729	0.21162932325067244
973	1.4864253138339467	0.5856188937578771	0.2963971990383346
974	1.3953374645205556	0.618526831496595	0.4831212354522987
