ID	SN	ssim	z_ssim
494	0.2403682651753921	0.37146455298021563	0.28517135464995347
495	0.22271021007409622	0.34767214764491206	0.09096789586911733
496	0.2357900980999613	0.18184337150554225	-1.262595202851002
497	0.32409236697173255	0.2140972192792974	-0.9993259491383698
498	0.3969136323874761	0.3251449114062123	-0.09290872915781845
499	0.6143650920539122	0.2964506361136744	-0.32712327915759265
500	0.6657787553200873	0.2502816179134929	-0.7039739126530823
501	0.3714253393707927	0.3391223980226747	0.021181301157529774
502	0.19601324663785732	0.2864704194541627	-0.4085859378230187
503	0.2074882097381034	0.14058780230481444	-1.5993402321929984
504	0.2634377235738181	0.4066956664490329	0.5727422831004758
505	0.6414764855527905	0.49095287777423413	1.260484511596481
506	0.8222187398115287	0.464832079433468	1.047275745504787
507	0.700715949766408	0.5688883875729115	1.896626396010866
508	0.33726946270603475	0.6440196507132346	2.509878858668515
509	0.5234252316662492	0.5443054823987723	1.6959705503988516
510	0.7004189685637887	0.37681533679110635	0.3288466665244358
511	0.6445858900457127	0.40577095405161945	0.5651943978226162
512	0.5989801044340877	0.31088143477424934	-0.2093331283360152
513	0.6968737186659274	0.42899392747150317	0.7547499176516623
514	0.8069553266972253	0.5106651755802516	1.4213844441798476
515	0.7366952820089736	0.45904356423144044	1.000027488861682
516	0.5304706520213547	0.5116718020386212	1.4296009459231833
517	0.5714216906235794	0.5533305476904433	1.7696368683126904
518	0.6995567406324613	0.4241477356404827	0.7151932943411508
519	0.5409845714634806	0.5575819232634615	1.804338355162
520	0.23324062404760235	0.5514503915241632	1.7542902555850597
521	0.2751192935776451	0.22871631959286257	-0.8799988022968653
522	0.41041308640683316	0.22699763542062157	-0.8940274137843227
523	0.542636526301368	0.2538978432021843	-0.6744567852799817
524	0.5283376380773681	0.31241684671758563	-0.19680046062768292
525	0.4116378125105824	0.2780301532926591	-0.47747888321860993
526	0.47004593903318354	0.1914478074561955	-1.1841998218472902
527	0.3961224087224144	0.17745609737648532	-1.2984059499560157
528	0.5326712683980409	0.1721017144742406	-1.3421106391036053
529	0.5003810766163863	0.32473268531571897	-0.09627348910727687
530	0.3291328880234806	0.4389701214860327	0.8361797418239812
531	0.5213451458442604	0.452914961941862	0.9500033006657012
532	0.6842309065234907	0.34525753562419065	0.07125883327416897
533	0.706586517600353	0.37774997951976585	0.3364756072755714
534	0.7049495320502804	0.3262016332977044	-0.08428332775745297
535	0.3465985307556982	0.21799011282385355	-0.9675505409623578
536	0.24470738123688462	0.19462582138878293	-1.158259556915506
537	0.3422648790826064	0.13199452771944245	-1.6694820956664
538	0.569681422103131	0.14093659891783092	-1.5964932098888545
539	0.8148806570342864	0.33155427425652756	-0.04059285707296958
540	0.8313662107056922	0.5422242388044671	1.6789825788640953
541	0.6037771782594351	0.5002732228088799	1.3365610249733448
542	0.4716256923892949	0.457910481953386	0.9907788023846185
543	0.4643090894315417	0.37886947094454787	0.3456133595836812
544	0.5040997946130394	0.39927595576598257	0.5121795338746374
545	0.48880184542248417	0.3535784406063737	0.13917750332678752
546	0.5776480305496547	0.3454564085242265	0.07288211618736935
547	0.5723930319928944	0.5811062142101013	1.996353353344019
548	0.5413572063675264	0.6144427999608777	2.2684603625138045
549	0.6358308882815485	0.6114271480165704	2.243845363323511
550	0.6954390171660697	0.38698852449606835	0.4118844347234656
551	0.6241800922129698	0.48576067325130673	1.2181035894980412
552	0.5874968541271403	0.5608736623592117	1.8312068919404247
553	0.48232969624211636	0.5307430465638002	1.585268336329871
554	0.4237184125363431	0.5150128865989206	1.45687226080477
555	0.468906747212149	0.36634945623884396	0.24341981817545572
556	0.662411427325249	0.1891098949506213	-1.203282831257683
557	0.6500863078789573	0.23251043797500276	-0.8490296378743741
558	0.6483665607134265	0.32405420194001755	-0.10181155120858952
559	0.5238973093107998	0.3371798497776982	0.005325418462756391
560	0.399878047961574	0.2741944033210814	-0.508787861903231
561	0.23438388453862274	0.39455863819644776	0.4736748356206987
562	0.23869930853195523	0.39781948852399873	0.5002912454898331
563	0.28897969122160055	0.15943982912077448	-1.4454621874517184
564	0.3437134377933267	0.16537718573690777	-1.396999025588994
565	0.7091696596094058	0.2920419651077011	-0.36310867642704786
566	0.9091418660031274	0.612130367382508	2.2495853308140665
567	0.6374670965247756	0.5554191224891889	1.7866846801720921
568	0.38594559608675366	0.48664157703843514	1.2252938907686584
569	0.5856393070990312	0.38620898012136257	0.4055214709244094
570	0.7114015180413239	0.37427192301186823	0.3080862706721525
571	0.6820635859441062	0.33659030008630064	0.0005132698977394204
572	0.42382730876988317	0.2839229761939074	-0.42937922396695605
573	0.2709521645703117	0.2742857570442789	-0.508042195007958
574	0.24248098310172372	0.2211920424179504	-0.9414150665038906
575	0.4337473201459766	0.24329215395638143	-0.7610248100451562
576	0.7802932798302129	0.37992842736752297	0.3542570001547669
577	0.8153778775404106	0.5906977620659102	2.0746435363839013
578	0.5991421089597753	0.6379114943521558	2.4600215586024494
579	0.526805206238819	0.6529639647403982	2.5828860513427125
580	0.5854782078998017	0.49766711725660434	1.3152889129246792
581	0.42808246800918254	0.3314460246211925	-0.04147643539544548
582	0.3424769670267902	0.41977929340954256	0.6795362609821055
583	0.434897968559686	0.46787701980053426	1.0721298089225877
584	0.45090617163739993	0.45429004852316685	0.961227326418838
585	0.4372349711710612	0.49211029837779013	1.2699318575586502
586	0.5121848036897302	0.49563749785816297	1.298722319441122
587	0.5428399605617709	0.4316330945185596	0.7762918913031558
588	0.6955663896669146	0.4493751845579794	0.9211101727294457
589	0.747436378502367	0.3899153272434743	0.4357742099986072
590	0.5489417169614004	0.28122251344384824	-0.45142151851344825
591	0.25560002533638204	0.2700292326336806	-0.5427857088004315
592	0.3822120199115973	0.1934789003116468	-1.1676212013978309
593	0.41208517139442696	0.16227681876549854	-1.422305503889619
594	0.40590651972173625	0.15570310101290583	-1.4759629087047679
595	0.2679470045823238	0.14812040444433752	-1.5378560161795507
596	0.23218917975690315	0.1688807910506445	-1.3684011490589998
597	0.21543796055839134	0.18522525111439211	-1.2349909019002068
598	0.29685115063683226	0.18870939528156136	-1.2065518753024485
599	0.48656537968098335	0.12492753793101491	-1.7271657909775688
600	0.5549158520854458	0.23309082991060748	-0.8442922387020553
601	0.4255269144794348	0.2538318657580486	-0.6749953204836356
602	0.5207535217508276	0.31646116893836335	-0.1637890289279294
603	0.831014188314785	0.34259252968789056	0.04950595191530175
604	0.7710574349269816	0.28155348939918273	-0.44871995579234436
605	0.38087653749213274	0.26328354238505314	-0.5978468242986515
606	0.49739902712658307	0.33874077619841747	0.01806634589459825
607	0.5472054851166385	0.3196707283119424	-0.1375912770517613
608	0.4789125605081375	0.3491068632671526	0.10267863853171759
609	0.32531992502441853	0.33105081889446997	-0.04470226809196671
610	0.29754131366677805	0.10145440069719545	-1.918763251385697
611	0.23745684871804698	0.20949801807692411	-1.03686653272134
612	0.47043161693727364	0.44550453164005355	0.8895163017522241
613	0.8743501825575448	0.45789740839019855	0.9906720905514173
614	0.8794818577747527	0.42209239672834575	0.6984167675428467
615	0.7340799361143755	0.4798516589451613	1.1698717692988396
616	0.5147672710452278	0.4234374439056213	0.7093955992485559
617	0.3502015533041643	0.4208136173824342	0.6879788413015255
618	0.317570310936051	0.33943645319971166	0.023744749483542847
619	0.5180275688635644	0.33854276119182297	0.016450065462703407
620	0.6905899796234984	0.46936037619920923	1.084237577732323
621	0.5791021036053823	0.39797520321101	0.5015622532073962
622	0.781834905253675	0.5220620560160146	1.5144104988701932
623	0.873568780965565	0.531033382777473	1.5876381806608653
624	0.5230535433638807	0.34213602611111	0.045779780798627746
625	0.24375012026474363	0.2384177660545247	-0.8008115813547146
626	0.17218729072833128	0.32975388990445426	-0.055288339239656065
627	0.32758180572956136	0.31820792522350794	-0.14953128123737142
628	0.45593825912509856	0.24108326824359977	-0.7790546493753249
629	0.5625198961352816	0.26685618637217867	-0.5686854255449562
630	0.6785179939862431	0.38474481260522664	0.3935703297152343
631	0.7423677454477954	0.4829689344569089	1.1953162621032685
632	0.6191122582781531	0.47710744640899083	1.1474723708923549
633	0.5174170199745974	0.476637740824862	1.143638439528083
634	0.6929379296702717	0.3723132368598858	0.29209866370175963
635	0.5880986780447301	0.256749564899318	-0.6511798526092877
636	0.3658247322813871	0.3949406652816315	0.47679309879102894
637	0.58887573301217	0.41334009880230244	0.6269768897514294
638	0.8760978515929091	0.2626560897154196	-0.6029683526580938
639	0.8552473520249732	0.46593003431566626	1.056237707639478
640	0.6089193219500175	0.3919420092859524	0.45231682756717434
641	0.7260268268725569	0.454828994656661	0.9656264278020772
642	0.7881589960992256	0.5598411893820184	1.8227794202139258
643	0.6409951914120807	0.4798097534136307	1.1695297190079756
644	0.4660863612906918	0.41004316107452504	0.6000659195869564
645	0.32683749298225817	0.3294009731374253	-0.05816899194596653
646	0.2686062591070744	0.2048765474569293	-1.0745888885070862
647	0.2514051816517242	0.18309463900859788	-1.2523818396567858
648	0.23123469584054696	0.20958539668559642	-1.0361533123559137
649	0.27066334027100547	0.19275125344611246	-1.173560556249361
650	0.2909156908368641	0.1657573332729404	-1.3938961040766824
651	0.5241278114041827	0.19772645889107382	-1.1329508704298663
652	0.4678249262204128	0.229285584499469	-0.8753522265401268
653	0.3756365829271258	0.2801209229817312	-0.460413155756013
654	0.21982582188923977	0.24222370155821626	-0.7697459606956315
655	0.2330771306965691	0.1840144429042901	-1.2448740196013472
656	0.2527772459870489	0.22833032613486415	-0.8831494406435835
657	0.2900600608525972	0.18382349327900888	-1.2464326294669708
658	0.2942685914076428	0.17818244370209763	-1.292477210649555
659	0.3134535492769199	0.1757576205421239	-1.312269620788938
660	0.49951978594236723	0.25491105697638106	-0.6661865151387182
661	0.7049157110370166	0.304297428431522	-0.2630745128817528
662	0.9603812481708206	0.4655040700664227	1.0527608111527937
663	0.8129412323293695	0.5571648743996708	1.8009342297409947
664	0.5804886786747824	0.47360574733766314	1.1188900539017974
665	0.4213280398930859	0.30001045268092624	-0.2980665831135056
666	0.2667848249018094	0.30721300659718925	-0.23927635728803057
667	0.2217488058035966	0.30406564114989293	-0.26496645659906104
668	0.33842384995125435	0.09191883498111603	-1.9965964850330238
669	nan	nan	nan
670	nan	nan	nan
671	nan	nan	nan
672	nan	nan	nan
673	nan	nan	nan
674	nan	nan	nan
675	nan	nan	nan
676	nan	nan	nan
677	nan	nan	nan
678	nan	nan	nan
679	nan	nan	nan
680	nan	nan	nan
681	nan	nan	nan
682	nan	nan	nan
683	0.5685847459989785	0.279557966952087	-0.4650082358480709
684	0.6366421466324004	0.34412898521686175	0.06204713780147174
685	0.48377516280725286	0.45590420587041525	0.9744027467025115
686	0.48279864120072935	0.5684717445920078	1.893225583573958
687	0.4078185201187593	0.4884651675108197	1.2401787908931268
688	0.29101390309213465	0.3917607966881369	0.4508376953493732
689	0.33167688360057146	0.36365543258004696	0.22143008215664867
690	0.5902657064914593	0.3023618538114191	-0.278873473964289
691	0.5825335844694405	0.3344105128508307	-0.017279055618270995
692	0.4080201081396715	0.3396852141393125	0.02577523922172722
693	0.41597517289665575	0.35329921616084425	0.13689835784595958
694	0.4867810565096513	0.3397878676750288	0.026613139863181
695	0.5098564050218957	0.38405581045951487	0.3879464090599276
696	0.5743686388218333	0.39138022903910613	0.447731344700908
697	0.8748360342828474	0.3966918137531366	0.4910866973243579
698	0.7205928058160452	0.2595875930910243	-0.6280146919969188
699	0.35325312511950147	0.2627499367606922	-0.6022023342361876
700	0.20723894367534113	0.31451665234437964	-0.17966097810189666
701	0.4360397361714937	0.23684429281161773	-0.8136549211417271
702	0.7715203317672683	0.267954955611689	-0.559716816288864
703	0.7089053321803935	0.31685653904714417	-0.1605618544770192
704	0.5641872487032005	0.3335558812387267	-0.02425491252365756
705	0.4509495625014532	0.3188707218733042	-0.14412126068481354
706	0.3104374543275986	0.20364487530307124	-1.0846423063516601
707	0.3483108623934366	0.32749860532871955	-0.07369690529131383
708	0.617682612577602	0.22216612853107673	-0.9334641725251798
709	0.7686210802388019	0.2439878890257317	-0.7553459324807066
710	0.6175993462904968	0.28580881667160385	-0.4139862135371056
711	nan	nan	nan
712	nan	nan	nan
713	nan	nan	nan
714	nan	nan	nan
715	0.3239454588306864	0.27774477193303415	-0.4798082839803106
716	0.501004178265361	0.34499339306398763	0.06910279238298025
717	0.5314112056111313	0.33016494853813416	-0.05193310855585837
718	0.6244842445483241	0.34511377459804493	0.07008539628358636
719	0.8500086008235246	0.40835781873190474	0.5863094579113054
720	0.7061287542328197	0.29162002102670137	-0.36655275863678805
721	0.49859599610641875	0.2278539441359863	-0.8870378676680563
722	0.34963577707774457	0.14886601130518531	-1.5317700644135683
723	0.3156881312560407	0.17384813885067896	-1.3278556005892674
724	0.26266720717322356	0.22140854499566018	-0.9396478828655126
725	0.2542966408902981	0.21562521650354874	-0.9868538034357738
726	0.2845418821949345	0.2304994512517735	-0.8654441437517588
727	0.5734958547608098	0.19604181989107838	-1.1467015911319365
728	0.6831147813676505	0.3158723678008084	-0.16859506748669545
729	0.6239346923216824	0.3583523580744646	0.17814419337648307
730	0.5927383463692708	0.3671633192783482	0.25006290511930024
731	0.6912541084150041	0.34776159438444365	0.09169799717450865
732	0.4926980560747095	0.3559159776768375	0.1582574482804364
733	0.4784167595861744	0.35766651292221313	0.1725460414083142
734	0.6666802554066581	0.3658875700600488	0.23964971203356064
735	0.8002204680403467	0.3808427464511891	0.36172005090457127
736	0.7320131567020934	0.3918636005497003	0.4516768230126035
737	0.3744713950420463	0.41144545318982584	0.611512008167518
738	0.28451193251127516	0.39205127293898107	0.4532086827217143
739	0.32147511024454667	0.1390614077866011	-1.611799295945636
740	0.26869858204273245	0.15017931829335476	-1.52105030926695
741	0.2713526472087087	0.18319841990566488	-1.2515347370254313
742	0.25196830923274693	0.3461190355706329	0.07829075236686943
743	0.23591158776843532	0.3758124286813967	0.32066051548169255
744	0.23361067927801168	0.2206802720817541	-0.9455923477829415
745	0.5697198204627569	0.22558214350198166	-0.9055812446224473
746	0.9169412387861666	0.30686607081150596	-0.2421081907493817
747	0.8687645111060013	0.28516488801535456	-0.4192422257178561
748	0.8715834803455218	0.21467756198357066	-0.9945889518125526
749	0.7639439395030316	0.3034553734219321	-0.26994771435262094
750	0.4227356317658649	0.47244696379120743	1.1094315830356296
751	0.4303570679686372	0.3683330191770767	0.2596104797704266
752	0.4121528651382362	0.19631497388935493	-1.144471995153828
753	0.40133937373230144	0.7543352505248389	3.410320438196722
754	0.4222528131637189	0.7586759145363222	3.4457507342326066
755	0.5235932167196574	0.08283398684319483	-2.0707507752789547
756	0.495669169281535	0.1723212666055161	-1.340318563746973
757	0.3498946264076032	0.25810952159708545	-0.6400793232270517
758	0.2697433609639851	0.3672571390873846	0.25082870122777473
759	0.5388109602216663	0.45167629108881124	0.9398927565419204
760	0.5808366769928517	0.34676884073728653	0.08359473105752097
761	0.7158078990201634	0.4020293535447751	0.5346539060326955
762	0.6872400653370156	0.5247963884301545	1.5367292516317979
763	0.7171750843052435	0.5979596029629207	2.133917687082023
764	0.7057418959131979	0.5607002461721042	1.8297913972533502
765	0.7027275985402062	0.5232337527091656	1.5239743721837649
766	0.5113695151232536	0.3968146347561783	0.4920892131803833
767	0.3713226024639611	0.3047793017028135	-0.25914126381928926
768	0.393384861272024	0.4643220266454431	1.0431124835647145
769	0.46257685967416934	0.516386459069302	1.468083927757938
770	0.44437502041679766	0.20027954828411781	-1.112111498213468
771	0.3717754391069669	0.1794691230528685	-1.2819748012991723
772	0.22243690628828416	0.17482151363793033	-1.3199105127467285
773	0.28074458732502366	0.1747512137594898	-1.3204843294480086
774	0.26624196221523905	0.1800386940657074	-1.277325726976683
775	0.3108593454493081	0.19739816288478307	-1.1356305582977841
776	0.2988128081066094	0.14729166695975957	-1.5446205144998428
777	0.4999814329756528	0.16044807995093135	-1.4372324269136119
778	0.6898856116607209	0.1943325306950488	-1.1606535169354661
779	0.6801668900795101	0.22168483361449173	-0.9373927008171784
780	0.40314533147689474	0.30584692824838633	-0.25042685411944965
781	0.27471415969144103	0.3390976502427273	0.02097929953578554
782	0.2548180400969151	0.2698265918186116	-0.5444397469954757
783	0.23432918762899313	0.2427783828201589	-0.7652184226820479
784	0.31649276630679013	0.23822859795841428	-0.8023556496419642
785	0.5486621406595994	0.18593888051831478	-1.2291659633714467
786	0.5067942414769092	0.4388686780563579	0.8353517185688373
787	0.3946651991693113	0.4144899040671338	0.6363620761673374
788	0.34830076457726195	0.41087649300024154	0.6068679196372205
789	0.3828149494090746	0.38193938891025836	0.37067130049853986
790	0.510045053407628	0.34157287793631896	0.041183132338362384
791	0.5962284186782268	0.3517035913869512	0.12387420809567659
792	0.4168005930534426	0.3564330507187239	0.16247801243784246
793	0.22724389279459578	0.4755242643501924	1.1345497837320646
794	0.47490732354002996	0.22080209511151977	-0.9445979777978039
795	0.6769417461768128	0.2097739491014871	-1.0346142695054155
796	0.6512147516666269	0.435508030806505	0.8079207249191402
797	0.6087580505267592	0.3763312788162738	0.32489558500753524
798	0.6293916658129325	0.42701176075497294	0.7385706525960507
799	0.40193260338803705	0.2597121791191704	-0.6269977692755396
800	0.29170411276219615	0.18903618373244896	-1.2038844927256296
801	0.28606921678973907	0.34821504300809203	0.09539923249943218
802	0.35918292814876224	0.3382478036552603	0.014042499981757713
803	0.3802303540014292	0.24174460377793253	-0.7736565550518594
804	0.34412268804933904	0.3758030197799701	0.3205837161343958
805	0.2886859305960359	0.3663017550905533	0.24303046166209302
806	0.35797965919301633	0.3336461963562717	-0.023517723157544676
807	0.4606862323113724	0.21783614892060751	-0.9688072580582713
808	0.3928581556146816	0.34217876845430706	0.04612866149262597
809	0.49993506578317	0.3519085832812676	0.12554743677252742
810	0.532244606262487	0.43615677408456316	0.8132160360356151
811	0.550511980653051	0.3945989853238362	0.474004165572012
812	0.6254530696562702	0.3513918940380396	0.12133000533860505
813	0.5612102662751312	0.4210246488493289	0.6897013674692235
814	0.4505801188607804	0.3343431301712858	-0.017829060934888445
815	0.5324604433981907	0.22972824011914622	-0.8717390881802766
816	0.5458992304900744	0.21086179662043514	-1.0257348078524828
817	0.5457722674972149	0.16986141692879708	-1.3603968748116773
818	0.5395862352836125	0.1336553419508773	-1.6559258425851489
819	0.30926040998654436	0.28598385509603297	-0.41255747747765203
820	0.33894254828264836	0.3509979587857361	0.11811454278007473
821	0.49141702961914213	0.17306799699340686	-1.3342234412882965
822	0.5432150210781569	0.23162691377536995	-0.8562413280363042
823	0.5122808703936712	0.20535921024027923	-1.0706491951204635
824	0.6887341534099342	0.24695099474705193	-0.7311598373085713
825	0.6556158483150236	0.29663079431721895	-0.32565275334218974
826	0.37822925457175605	0.27732313343767645	-0.4832498718735747
827	0.4030781304497446	0.33061783975953024	-0.048236422978797794
828	0.5213582453957362	0.37509866614317283	0.31483449025566873
829	0.544605563836887	0.39826356288628084	0.5039159642139679
830	0.6140820263076323	0.4920686819880254	1.26959216736254
831	0.6548242599202081	0.298170977903319	-0.313081137510886
832	0.40754604156606694	0.42183382397050256	0.6963061896835692
833	0.4806419230474232	0.4981158608646465	1.3189517439650644
834	0.5688110255108395	0.5311789017898032	1.5888259670622242
835	0.612013498219547	0.5125045672553423	1.4363983202600963
836	0.5934295840030568	0.5222299889069194	1.5157812366244119
837	0.5842889531798325	0.44848905373155334	0.9138772062008822
838	0.5540002096970081	0.24574504152862542	-0.7410033265584286
839	0.4079251324371326	0.35024400036189707	0.11196042210068202
840	0.5069029209753029	0.3724857926831503	0.29350713574308834
841	0.6728370763339643	0.266636461750041	-0.5704789088433904
842	0.6368094091088136	0.21617297491434412	-0.9823827725982606
843	0.3998276594689908	0.2991394486275563	-0.3051760786602033
844	0.2596964537339179	0.36849629747732565	0.2609432248294202
845	0.26815975790109703	0.4104544696598718	0.603423190479701
846	0.3062348213494239	0.3845244536705452	0.391771668895309
847	0.6046909628715628	0.3752055204345389	0.3157066792032098
848	0.8091240713957059	0.3305763889035142	-0.04857476201994534
849	0.675737431013982	0.27313062592019954	-0.5174708532911428
850	0.46125604856655644	0.24901958646266298	-0.7142751356436682
851	0.5265255866966192	0.27489090242127867	-0.5031027480028158
852	0.47282717626532045	0.23530581090103403	-0.826212647193232
853	0.4575822217424247	0.34149207080411603	0.04052355108346992
854	0.33840553098237947	0.318508261724972	-0.14707981041882798
855	0.47916616271014106	0.3114905727085061	-0.2043610924262307
856	0.4552699258674592	0.33727323937272624	0.006087702986451558
857	0.45979118487198123	0.25847127335014525	-0.6371265557084184
858	0.37914985207868257	0.21648054902800953	-0.9798722253936598
859	0.31683833263846706	0.1701685870544564	-1.357889625124372
860	0.20235733139415213	0.20702740260450528	-1.057032718665947
861	0.250560966509438	0.15052443112493452	-1.5182333555114174
862	0.28967853219275014	0.12829381912374388	-1.6996888107545223
863	0.2799502868610036	0.15530972326189108	-1.4791738207070586
864	0.290396158168438	0.19747652800445625	-1.134990909759781
865	0.30250043840535423	0.22474096880698524	-0.9124472606012868
866	0.3695166702009783	0.24686427739873398	-0.7318676601933243
867	0.31826126191008025	0.2468942254639333	-0.7316232116912272
868	0.340185358709056	0.18365216979941112	-1.247831042609289
869	0.2961482418672135	0.18843194229628807	-1.2088165613915507
870	0.5137720373970207	0.23855505248550318	-0.7996909926893838
871	0.6542191182543199	0.33869283572029224	0.01767503587207976
872	0.6102306413234829	0.3484889457608044	0.09763494012111634
873	0.5480549268423605	0.29362530291060895	-0.35018481801888185
874	0.6133013113878435	0.30636931826964753	-0.24616289057596608
875	0.527349186633845	0.3107928347748386	-0.2100563181981186
876	0.323731361347687	0.22743727179632137	-0.8904389197433236
877	0.3200306126688948	0.18207875768781487	-1.2606738834172442
878	0.2990136475075675	0.12410547697261609	-1.7338757927281212
879	0.26625263898238544	0.11883954756636073	-1.776858487835163
880	0.21443394173790103	0.12557565127921322	-1.721875621609305
881	0.20833795931220703	0.23067333034373957	-0.8640248706436559
882	0.19730898165706423	0.31200691879247755	-0.20014646200017613
883	0.28156991562461864	0.2949815807956381	-0.33911431662868463
884	0.40757444153705663	0.2245005030502697	-0.9144100416238182
885	0.6612492971636407	0.33155509307951464	-0.04058617350088095
886	0.5992030710296748	0.30495295431076547	-0.2577238393674391
887	0.545304928279315	0.36179025466423576	0.20620572810806106
888	0.5353878481621756	0.3839612292016066	0.3871743976906367
889	0.36261256874897313	0.4451132779164977	0.8863227269410768
890	0.25836503542735073	0.4880644252893962	1.2369077670355901
891	0.39813832903281215	0.39050590302244026	0.44059473391500165
892	0.5901489938641411	0.3809024086481632	0.3622070384473417
893	0.614851733338067	0.4286800746680987	0.7521881211829897
894	0.6039763292815408	0.26714215888636306	-0.5663511995350936
895	0.50875042463788	0.29319299917920305	-0.3537134599825556
896	0.5123724027122702	0.3394512940531593	0.023865886671236892
897	0.49619918706131605	0.36466040042018316	0.2296330455715483
898	0.39911219436767437	0.33638083804390695	-0.0011964459776787862
899	0.5299658518810137	0.3899136539753044	0.4357605520913265
900	0.5341760720528341	0.22698665338013568	-0.8941170537436616
901	0.35353498022847174	0.23566806578393937	-0.82325577292058
902	0.2092422509067752	0.4328788434185527	0.7864602093753142
903	0.4863957479525531	0.26595743036289127	-0.5760214440409377
904	0.6285970099434396	0.21018698682501724	-1.0312428846712183
905	0.585970805527204	0.43772719861358544	0.8260344909581973
906	0.4118121914146014	0.4195301087910195	0.6775023130012194
907	0.49815225221547194	0.4198396169605747	0.6800286467703974
908	0.7284920177513683	0.39254013925002923	0.45719901186872614
909	0.5975621204086395	0.4037695174771956	0.5488578442120888
910	0.35882610595910563	0.31683471998790613	-0.16073995066828925
911	0.25832340206040216	0.18603755114942547	-1.2283605728456997
912	0.30818018624987026	0.18242254978507047	-1.2578677100418485
913	0.3751600633312253	0.16712296895953083	-1.3827492204374365
914	0.42815582987403017	0.09587045528990494	-1.9643417247034032
915	0.3395910611128461	0.10685594766503705	-1.874673589615962
916	0.37922815896513334	0.250214342752921	-0.7045230403553461
917	0.430604444206966	0.3290195503345283	-0.061282322714191345
918	0.4097899541837958	0.3011949267337767	-0.2883984157021851
919	0.2844888953078675	0.34156363986226507	0.04110772735477805
920	0.22485362943034395	0.35415324439833556	0.14386928975805235
921	0.1994856523919457	0.2695944352531075	-0.5463347049605993
922	0.21152620006401854	0.34487214942056704	0.06811315158896895
923	0.5143018146998566	0.4452273007817947	0.8872534287557404
924	0.8964264311575321	0.5609880693036009	1.8321407287675895
925	0.9040365844357112	0.43141013482748775	0.7744720020332546
926	0.6267626444954714	0.6341159005844473	2.429040351472365
927	0.7644105425670169	0.6677714119353865	2.7037505633773304
928	0.9743364930065848	0.40649207396420756	0.571080476983034
929	0.8597907819644321	0.38116972813620814	0.3643890107383406
930	0.9707004662589571	0.36305139183575763	0.21649965162083917
931	1.0354967126113188	0.3989241785016163	0.5093081822606408
932	0.7661199993630977	0.2921543371290885	-0.36219144948357235
933	0.31787099282841547	0.24321254464361042	-0.7616746142021305
934	0.2563088379143558	0.46908781716606296	1.0820128381058327
935	0.36532195920204297	0.46586946137901686	1.0557432862625702
936	0.5379253977308589	0.3276205632108952	-0.07270143458499742
937	0.5608157054908831	0.28788012848320393	-0.3970793093230343
938	0.46324393729384555	0.27168841483202316	-0.5292427770486932
939	0.42522140888812543	0.27858633665598204	-0.47293908443191907
940	0.5144615678356226	0.27191103452747345	-0.5274256629637615
941	0.5894265724728031	0.2726168985934355	-0.5216641083371036
942	0.5281934621983014	0.28532041656082197	-0.4179727373646081
943	0.4741838728747678	0.20566890806998336	-1.0681213132666596
944	0.24054933042324197	0.2898104930841922	-0.38132287457266656
945	0.24130564643393804	0.398044627085496	0.5021289196018671
946	0.36556069298227056	0.33266513256072416	-0.0315255718678757
947	0.4626129005562531	0.22820296415197	-0.8841890218564392
948	0.32136500189505635	0.2667240449400067	-0.5697640186007821
949	0.24431172296377887	0.30854171025276683	-0.2284309281701505
950	0.41953868365950236	0.31798399839943253	-0.15135906464709353
951	0.9064570188666301	0.3135825656216334	-0.18728538050266652
952	1.0457255785995132	0.6123888505655839	2.2516951775270226
953	0.6659600156690034	0.5607706965165067	1.8303664421200814
954	0.6672831043364543	0.5937326723426662	2.09941573005366
955	0.7317274153050393	0.6556586221107086	2.6048809599771516
956	0.6184844572450197	0.6111454744711198	2.241546227275572
957	0.5517285520392249	0.5340237041802396	1.612046421488115
958	0.6078687434004237	0.30044637498969395	-0.29450840482386453
959	0.6085117476832661	0.3571026444373155	0.1679435134788599
960	0.6804890154603451	0.3379604971347779	0.011697385260414991
961	0.35577340927906786	0.32923584682215223	-0.05951682126838384
962	0.27598296718322674	0.377311275841681	0.33289472629850037
963	0.28475484605559215	0.3874003854496624	0.4152462142744406
964	0.27489350705271576	0.3292522992217808	-0.059382529973826564
965	0.2510241313679483	0.4789409643958296	1.1624383034982784
966	0.424073944043518	0.5384884796558336	1.6484897666573242
967	0.5352239320517681	0.39910184737513377	0.5107583891341587
968	0.5371148609533468	0.3241174452578071	-0.10129533307568456
969	0.5473305009451859	0.2966958567291604	-0.32512168700998917
970	0.45666672895584415	0.523510339385984	1.5262319871047385
971	0.2953134654429466	0.48638394166003407	1.2231909641883199
972	0.3149989649259973	0.4174193065772468	0.6602730717816001
973	0.5166540810176657	0.2796953470104408	-0.46388688295735536
974	0.4384717857513071	0.32499638522598656	-0.09412106130805081
