ID	SN	ssim	z_ssim
494	0.2094014523121033	0.2278832805899253	-0.849028360630378
495	0.28924994312745994	0.21655495726369392	-0.9527479236966767
496	0.323993426734929	0.11825234270885569	-1.8527844018481614
497	0.3204793302203111	0.13832668822377175	-1.6689882401666016
498	0.2933299313613039	0.22593616201478872	-0.8668557373776327
499	0.39848968409366237	0.26514391893289635	-0.507878393666114
500	0.3841410333788863	0.2648712179370711	-0.5103751822305123
501	0.26032895305288845	0.2851047965351507	-0.3251211184979772
502	0.21406992541794748	0.22553184198078882	-0.8705576000503121
503	0.21880963840846557	0.13600826768848456	-1.6902151735793434
504	0.22426892738741586	0.36097004519796616	0.36948391850717954
505	0.2863260655914688	0.4258780935275627	0.9637673105289346
506	0.34008937532874106	0.3613545310601056	0.3730041839937704
507	0.3422980339976705	0.40563204969272865	0.7783991179114398
508	0.3002414374390604	0.5496329478843448	2.0968387326251645
509	0.4252814703646549	0.37844920535654825	0.5295191507481279
510	0.3963510343385057	0.2915502872202027	-0.2661076653726158
511	0.3433772440561657	0.3239660334821092	0.03068356682744887
512	0.29679899394556936	0.3026351205836326	-0.16461744126721328
513	0.34589244433944666	0.3941174997504536	0.6729745061198247
514	0.4169753536712942	0.4613002377297186	1.2880844414684935
515	0.3447478606226855	0.41903343586510466	0.9010991749501532
516	0.3107426548302355	0.48396292549194275	1.4955788786340518
517	0.35328673393961624	0.524315294728759	1.8650360335372111
518	0.33857384137111096	0.383612271895125	0.5767910187944256
519	0.34385798070784424	0.40729802671828036	0.793652426295444
520	0.2702977811524873	0.4578165634337023	1.2561887084952443
521	0.31330139914303956	0.12134414260103124	-1.8244765821761784
522	0.32910405639593976	0.166761194910371	-1.4086483359628832
523	0.3995479696470644	0.2198059925128099	-0.9229821811555321
524	0.40375078901037853	0.2527994491253111	-0.6209015638084338
525	0.30887294005060895	0.23923855802983246	-0.7450620118030462
526	0.29733047426196463	0.20337204675147397	-1.0734476670650046
527	0.21144787873274973	0.21684241044350622	-0.950116067476338
528	0.20949243842230275	0.20281486656292377	-1.0785490826974315
529	0.2315548518939446	0.3160975740615007	-0.041358265808159086
530	0.21069165805754364	0.42440469663710806	0.9502772222519402
531	0.2843812333570693	0.4094609150483338	0.8134553420574688
532	0.31819598322796894	0.3703472232033641	0.4553392368544833
533	0.3394947577911941	0.39918296708536877	0.7193527779588215
534	0.30474085031825493	0.3516704004054586	0.2843384766996367
535	0.25185448889460293	0.2319866185892283	-0.8114591271132204
536	0.19370651067264327	0.2188782682363369	-0.9314762145469492
537	0.25243848756928067	0.1867530874997892	-1.2256070945956452
538	0.3786870853674783	0.15324544274588803	-1.5323955021270497
539	0.514110767846081	0.26011392947374395	-0.5539318381086229
540	0.48006054990577224	0.47458832511394355	1.4097471604595049
541	0.4062190488541875	0.44918106679424785	1.1771240567801284
542	0.3348677614318798	0.4336911681267269	1.03530205228134
543	0.343309141977303	0.34208095794297777	0.19653971305075302
544	0.34821604295405956	0.3512001082446376	0.2800325881732286
545	0.3318285480353167	0.2894402515498692	-0.2854266741507757
546	0.328314690579745	0.26551634519219613	-0.5044685431722157
547	0.3457775457564378	0.5274446641437368	1.8936878312523202
548	0.3496692797887579	0.5466509143417978	2.069535908793695
549	0.3693173382326189	0.5503671635646336	2.1035610451301086
550	0.4021241225960881	0.3513291177480657	0.2812137699723019
551	0.48342585018939443	0.42462191653015113	0.9522660384030087
552	0.48914698281288893	0.4928299137175817	1.5767630148908018
553	0.44032700634547467	0.4333621775793285	1.0322898893295558
554	0.36026483989762526	0.49681850851087206	1.6132816855974061
555	0.3984559689103541	0.32264941236542716	0.018628882033106007
556	0.440443768602309	0.1663781375092246	-1.412155522784098
557	0.4072916524012189	0.27016888103884384	-0.46187097853110054
558	0.3976329908337647	0.3620525619086146	0.37939519637302566
559	0.3709342567052039	0.3655725226867006	0.4116231601589994
560	0.2980171912799435	0.21460423380933563	-0.9706083059017573
561	0.1938868627543461	0.3840960408303608	0.5812202976155485
562	0.19669620783738487	0.35548906537650743	0.3193013084345538
563	0.18858702104265507	0.14822138003784432	-1.5783946825785253
564	0.19668808697331217	0.19113073075744122	-1.1855263842497086
565	0.32112378133702635	0.31733435206196925	-0.030034606505323434
566	0.3529103994325196	0.6268771688969712	2.8040693281957014
567	0.34803634972367203	0.544598515895993	2.05074461339132
568	0.31821229689715513	0.471207473126535	1.378792845259667
569	0.3241421974801819	0.3790702113492602	0.5352049409900513
570	0.3740143647649478	0.37700370468927363	0.5162844739734456
571	0.34395842929177783	0.33600043619539277	0.1408678328693061
572	0.2957919885285724	0.26055770409974155	-0.5498687381261391
573	0.21085326836199955	0.28066927037825196	-0.3657317915617838
574	0.18937254619614055	0.2482649694942003	-0.6624182324740256
575	0.2724674403123679	0.2845184138289445	-0.33048990576912707
576	0.39609944737766883	0.40845684753612843	0.8042623272876783
577	0.4910664319453643	0.5521191712206146	2.1196020304846126
578	0.3678273034149477	0.5645578384240657	2.233487650652398
579	0.3110720689611335	0.5759683791073897	2.337959977222045
580	0.3110919723474778	0.45847321949555925	1.2622009026972698
581	0.250132345625514	0.3561461230642231	0.3253171798319934
582	0.2620387185600197	0.41455232143516896	0.8600711059819243
583	0.3577666622303082	0.4303311608699181	1.0045385867145655
584	0.3988737326794092	0.39867166063265647	0.7146713718635789
585	0.38092209377131697	0.4664325272675516	1.3350745222654599
586	0.43041468659798876	0.4507091798616681	1.191115113982894
587	0.32006725667365205	0.4402054808394083	1.0949456243068678
588	0.3550137060993964	0.46903209549749664	1.3588755803043489
589	0.31029656945627726	0.40904959261572504	0.8096893670088258
590	0.260771144296187	0.3282372712027978	0.06979005217257482
591	0.21031533433775415	0.27210644536453876	-0.4441310783281656
592	0.25413104326751507	0.22159275489059999	-0.9066229894383816
593	0.24802293875145703	0.18161505439698689	-1.2726497621728357
594	0.2354658121451227	0.21420390741913387	-0.9742736036761852
595	0.20803042187623297	0.17164354898618	-1.3639466076581053
596	0.20372778627081217	0.17429309695253464	-1.339687946470605
597	0.20055596294875627	0.14973486334800182	-1.564537572120336
598	0.23403309024137317	0.17134404811826992	-1.366688769782458
599	0.28690461859116206	0.16698361624907326	-1.406611896553231
600	0.33102066980072953	0.2547392170544159	-0.603141487911686
601	0.3217177431036211	0.3069313513905408	-0.12528212488436716
602	0.30211529021035	0.3259845906441099	0.049165019098701496
603	0.37664762231738314	0.3526259442950851	0.29308722016931144
604	0.3529987606435946	0.3065244429018971	-0.12900768686160718
605	0.23175009864223234	0.26828847271873624	-0.4790875712899053
606	0.3673086631745101	0.34399597314048336	0.21407315854225614
607	0.44143305591036686	0.3531855935862931	0.29821124234654284
608	0.4021022784711241	0.40142184869905956	0.7398514710170846
609	0.2986177687921633	0.3396329997956661	0.17412676259621998
610	0.22816867791696482	0.1523754363868342	-1.5403610833368493
611	0.2330178767184845	0.23023153915734676	-0.8275282369522632
612	0.30199336689837736	0.39573598170079505	0.6877929603505046
613	0.5028923545661043	0.40870325620667214	0.8065183892757186
614	0.48392560720029865	0.37463343357109913	0.4945828083653973
615	0.4196713446546939	0.46399003090220303	1.312711578649756
616	0.3810859342805483	0.43979467556558033	1.0911843842469107
617	0.31636092010755645	0.425521507948669	0.9605024937176987
618	0.2901332387304299	0.3298867868063976	0.0848926435048909
619	0.29213404856244884	0.32974640549703377	0.0836073440258253
620	0.4092061662928532	0.4519320781965756	1.202311694210915
621	0.4117062190684958	0.4231669538581549	0.9389447296557745
622	0.5147282405279643	0.49517862171050736	1.59826725340706
623	0.5620901518339612	0.4957190205284791	1.6032150226106268
624	0.36232902537129796	0.30099777609884093	-0.17960859659188252
625	0.2605228459706869	0.21400556871015214	-0.9760895479816487
626	0.22664615462602825	0.2872049320085873	-0.30589275368069707
627	0.2520180672477941	0.3022687557224367	-0.1679717949726813
628	0.3224659543330247	0.28068256451434653	-0.36561007346217056
629	0.392992227178597	0.3400429986169311	0.17788061895913265
630	0.3875494842602887	0.4251347989584424	0.9569618737737715
631	0.459585333622511	0.4220656031192232	0.9288610116919491
632	0.45451377603321463	0.3835504814043771	0.5762252790536484
633	0.41258940703119135	0.4326718701470408	1.0259695908002484
634	0.44842028819866214	0.3774650783550241	0.5205087067785885
635	0.3372347773382521	0.2583103340126043	-0.570445149725056
636	0.27453542326430624	0.3639894829928661	0.397129207202967
637	0.2925261149061982	0.3835204505586022	0.5759503234302444
638	0.3878223884774294	0.2778437470891098	-0.3916016429549616
639	0.4372977117857758	0.446298438719004	1.1507313668968318
640	0.4152740132698564	0.38405399750036273	0.5808353584068348
641	0.4252806696750044	0.425903331769071	0.9639983861529633
642	0.4014036305290134	0.4785788937394599	1.4462839031269945
643	0.281697969996475	0.399783297527563	0.7248492675422006
644	0.23083538034896045	0.35923690663509544	0.3536156942962711
645	0.18450537889744636	0.2523105579855201	-0.6253777403745361
646	0.19248908010028865	0.1355584300866782	-1.694333784795366
647	0.18942140285941358	0.17909729188362733	-1.2957018255956434
648	0.16898823628484116	0.24622713301332516	-0.6810762018230738
649	0.19070498505679484	0.2439425982491962	-0.7019928847885532
650	0.23917172865056827	0.17829987891517268	-1.3030027581599535
651	0.30343746034845176	0.2160967214023164	-0.9569434274755397
652	0.2769024120243612	0.24073778480088404	-0.731335430988505
653	0.2251485250358985	0.25762782718795413	-0.5766940276572884
654	0.23409399280411558	0.240313532323989	-0.7352197905946134
655	0.24079393640603494	0.21133535690277444	-1.0005374026182114
656	0.23603093654810475	0.20841840864737668	-1.0272443202991624
657	0.25082357515087117	0.11761721986416186	-1.8585994427900574
658	0.21009226846822712	0.19091739525980272	-1.1874796357560775
659	0.2038887579995646	0.1709299802780356	-1.3704798811616206
660	0.28063858178624096	0.24887642784589115	-0.6568198582712201
661	0.3423623531147271	0.36317590158946683	0.3896802401096602
662	0.45017916669232233	0.4962580049328496	1.6081498417635556
663	0.5176552621916328	0.5158625729901144	1.7876448274243746
664	0.4348586592020454	0.3870728078053174	0.6084749019467789
665	0.3004350428364655	0.27532854904857684	-0.41463022664529625
666	0.1981932825907222	0.3294915965365474	0.0812743708853231
667	0.12510067955300808	0.31581901329698525	-0.04390870508773486
668	0.17868026327378883	0.048182369544525816	-2.494329208734364
669	nan	nan	nan
670	nan	nan	nan
671	nan	nan	nan
672	nan	nan	nan
673	nan	nan	nan
674	nan	nan	nan
675	nan	nan	nan
676	nan	nan	nan
677	nan	nan	nan
678	nan	nan	nan
679	nan	nan	nan
680	nan	nan	nan
681	nan	nan	nan
682	nan	nan	nan
683	0.33794287670574474	0.24968966895287956	-0.6493740068547906
684	0.37119923295466356	0.23676382730759216	-0.7677200858909528
685	nan	nan	nan
686	nan	nan	nan
687	nan	nan	nan
688	nan	nan	nan
689	0.24225657960158006	0.3345642502192164	0.12771843929699916
690	0.2910811319022996	0.2693434263100549	-0.46942865510295023
691	0.31045263715887667	0.3510258954546382	0.27843753531863197
692	0.29864389292752663	0.3462355280650529	0.23457801628245345
693	0.32605628645107715	0.3448921877347336	0.2222786964186368
694	0.3561052328383603	0.2389983910591594	-0.7472609262005092
695	0.38630155392530613	0.30745305328802197	-0.12050554045087812
696	0.35383758103082796	0.3334277437705787	0.11731284361614705
697	0.4181587241150133	0.35892363066487043	0.35074741045450697
698	0.328700339677691	0.24932326637929883	-0.6527287058463142
699	0.2336085474510101	0.26714745028386455	-0.4895345143180671
700	0.22831338263317527	0.3037103412777304	-0.154772964076716
701	0.2849443693605433	0.1846681821640424	-1.244696015721115
702	0.3727157012817146	0.27300321793635707	-0.4359204317355265
703	0.34599321947429656	0.2683081068612887	-0.47890780552686363
704	0.29203528214323216	0.3563413302622763	0.32710445273252875
705	0.2913138738688511	0.31836759825329775	-0.020574438357018936
706	0.22940341211970108	0.5150059943540922	1.779802187405933
707	0.2672146033845958	0.25953715858644955	-0.5592126217424211
708	0.2792657923177711	0.17446089610963772	-1.3381516153864346
709	0.27040856272796593	0.19649364592589366	-1.136424747404165
710	nan	nan	nan
711	nan	nan	nan
712	nan	nan	nan
713	nan	nan	nan
714	nan	nan	nan
715	0.20438026651478314	0.27008309236811134	-0.4626564401734082
716	0.2572917694919736	0.29092166404673775	-0.27186319679659626
717	0.26338872585608214	0.2536660158633889	-0.6129674749893855
718	0.31586779464211207	0.25272495728339334	-0.6215835942442903
719	0.36870110218052476	0.4257063695790396	0.9621950449432951
720	0.30245113275652885	0.2964376162169902	-0.2213603878179339
721	0.24685409599102998	0.18474965962376913	-1.2439500265504988
722	0.22084112064598954	0.12073504238324967	-1.830053365838912
723	0.23219175141468754	0.17276878146732808	-1.3536442338705883
724	0.21547623483378925	0.19302808471047123	-1.1681546411132198
725	0.2036878207175416	0.17883002083107577	-1.298148898829043
726	0.19818238881392142	0.19389961168785608	-1.1601751374663265
727	0.2410858757632053	0.20702363477253644	-1.0400145540494419
728	0.23892972889566771	0.3369054467914803	0.14915390494664665
729	0.2578099914233104	0.35855527450388724	0.34737482485911814
730	0.33049069763363387	0.38717604874080724	0.6094201525731244
731	0.3438119833670827	0.31354927003974115	-0.06468996036572604
732	0.3309115383650642	0.2995805713316188	-0.19258420251331543
733	0.38271538569036395	0.33097498633946076	0.09485595200588594
734	0.5162260438017241	0.29076584481018813	-0.2732898424410428
735	0.6232501368364648	0.2663965486726808	-0.4964095994277421
736	0.5925973083845268	0.21540927961715264	-0.9632374887887085
737	0.4529116959734483	0.24472057023434501	-0.6948699494649637
738	0.3890726399411259	0.1495270558857584	-1.566440210186456
739	0.3379001603776646	0.07081383313955027	-2.2871206529729466
740	0.2528406411296689	0.08300578777125181	-2.1754938772438237
741	0.21809900511618313	0.13893242231577957	-1.6634422759891903
742	0.21461943113099757	0.2817708976720318	-0.3556455415243951
743	0.19679645851549285	0.33010567994893913	0.08689677954945854
744	0.22638051475388404	0.17699770315543326	-1.3149251845372938
745	0.3593748035156385	0.20073543667476407	-1.097587871864714
746	0.5384376767771016	0.25000802378837284	-0.6464592220727438
747	0.48575776443120683	0.23903624825234002	-0.7469143143125418
748	0.47564127422734287	0.1645723540084242	-1.428688867596181
749	0.5125079774032818	0.24633478528384914	-0.6800905620121067
750	0.4158734036110184	0.3522571487621872	0.2897106117841679
751	0.41345106768573564	0.27563620025737534	-0.4118134418454212
752	0.37167491093584654	0.18062581555230464	-1.281707009020749
753	0.28074596894568943	0.618127877080478	2.723962793608636
754	0.19187540647720872	0.6287381194856477	2.8211077703717438
755	0.2205309667378323	0.13519833094104358	-1.6976307710280316
756	0.2444617051734649	0.1365187565221935	-1.685541253418545
757	0.2405919123619392	0.2118282386457411	-0.9960246889931083
758	0.23793863833721954	0.2854457190363803	-0.32199970927891625
759	0.284095585545601	0.4016300296529105	0.7417575286877857
760	0.3613131360796777	0.34786024866296533	0.24945359015754615
761	0.3634945087141774	0.39510314141204766	0.6819988179739677
762	0.3756488357308023	0.5892249154197325	2.4593338217436713
763	0.45536955504763577	0.5951585366734562	2.5136607142690686
764	0.4230007946610195	0.5530109614306259	2.127767059700807
765	0.42246905975914806	0.45375801802490895	1.219029585793472
766	0.31808454375301864	0.38445677264934247	0.5845230764621103
767	0.24039743748347767	0.27628653149838656	-0.40585915627079794
768	0.28202494708236836	0.45672120257110693	1.2461598324827416
769	0.32076724497801523	0.4767307136365021	1.4293623846263057
770	0.33053761048302327	0.25251999255745416	-0.6234602048605489
771	0.2679092707199428	0.2338208924808332	-0.794664930734605
772	0.16991783370141092	0.21067100101843994	-1.0066200946512098
773	0.18051202849124207	0.20678544546393285	-1.0421953614208401
774	0.20258026485486705	0.1356826007810123	-1.6931969060366048
775	0.2237448513651508	0.15501699270020064	-1.5161755919143922
776	0.255421578528449	0.1466812095307718	-1.5924961349683298
777	0.3509180259015829	0.18963490222769208	-1.1992218515364195
778	0.3677083282458742	0.1992284593643623	-1.1113854148624294
779	0.32888218866220276	0.21727208336996362	-0.9461820794615022
780	0.2407512165651775	0.31283461499444587	-0.07123318012619265
781	0.22621134046220184	0.31756696599870915	-0.027904845976161313
782	0.2145864690254125	0.25644714784165634	-0.5875040603861255
783	0.2478826952846811	0.24910862618185653	-0.6546939028886363
784	0.2830634023643671	0.25802594200860485	-0.573048978512858
785	0.42558771690822467	0.22451904921210802	-0.8798305012925497
786	0.39802976479276053	0.4426206123305987	1.117058021331579
787	0.33393086718296716	0.4202254813423875	0.9120132734004194
788	0.3054043713203046	0.4340206645122527	1.0383188465724706
789	0.3010137079795342	0.42368871276886055	0.943721836089436
790	0.3033651070127911	0.3890010246043775	0.6261292183126014
791	0.3090740946650838	0.3816357980289935	0.5586948716503528
792	0.2864288090697762	0.3542608044989135	0.3080556299800485
793	0.2322208113760796	0.4564213008711395	1.243414000430841
794	0.29920087238919524	0.2278199727466806	-0.8496079929070103
795	0.3020899564071853	0.2559584495264173	-0.5919784714942956
796	0.32283175143054627	0.40513925875498163	0.7738872356783648
797	0.32720324193724876	0.39103810174068204	0.6447802352747153
798	0.30361789773839226	0.434448813227957	1.04223887925881
799	0.22727212028640978	0.26508217204124773	-0.5084437342234114
800	0.23600533263530976	0.16939593350781362	-1.384525266003547
801	0.25588208830864967	0.3372043800849204	0.15189087048767932
802	0.30964365947998596	0.3286874178447793	0.07391149289045869
803	0.33852347133512206	0.28132189581249933	-0.3597565008734123
804	0.32442410113493764	0.379788044938122	0.541777262775629
805	0.30994821866432337	0.36848108190037737	0.43825326967365885
806	0.32114245775860484	0.37841310016307916	0.5291885797727774
807	0.332725948056769	0.26616877311817666	-0.49849506082480954
808	0.2701949901988139	0.395536911867025	0.6859703220320431
809	0.2899449094157688	0.3798258534847814	0.5421234292670638
810	0.3003080131322999	0.4418179777348782	1.109709280730465
811	0.3059542268522297	0.4229516205788763	0.9369731869131082
812	0.33016932828725787	0.39869015826963844	0.7148407320389798
813	0.32541890574634635	0.41367187695215346	0.8520099556728538
814	0.2978444606769443	0.36824490915262625	0.43609092547677386
815	0.336823310686751	0.2866261701237771	-0.31119176643688684
816	0.34679231870466887	0.26114669489345754	-0.5444760717963534
817	0.31566130571899925	0.23142042119120615	-0.8166431022736178
818	0.2936006506847006	0.1619825753322482	-1.4524002946976136
819	0.24351264720460605	0.3084272704455918	-0.11158582876849177
820	0.2549237200993123	0.38095449392531855	0.5524570055590122
821	0.2988334582387839	0.20109757871813616	-1.09427218132298
822	0.31306271918119377	0.2729879125674659	-0.43606056422717987
823	0.272411206223569	0.2305643628683658	-0.824480978422392
824	0.3123904584126694	0.22266183175056145	-0.8968347638019597
825	0.30534967737717955	0.2831807170607172	-0.34273755445641907
826	0.23046431131945425	0.30605484096272384	-0.13330725587490996
827	0.2538988354610775	0.40447900319088725	0.7678420852489638
828	0.2768443369408689	0.3898523579740845	0.6339238338604561
829	0.32400627129582044	0.39572171612575496	0.6876623479758894
830	0.3318679012790793	0.4963819453247382	1.6092846119252782
831	0.29624073343140034	0.29325076456015836	-0.25053847992255535
832	0.24485787776992252	0.41607367989252786	0.8740003195045558
833	0.28916050288467493	0.48053742294419777	1.4642157530149316
834	0.3099000346773173	0.5319994002385338	1.9353899635123288
835	0.3492345749582006	0.4888108267710917	1.539965164934476
836	0.4213414513195999	0.514985533319219	1.7796148508040535
837	0.40315416724694714	0.4800050064165067	1.459341067853578
838	0.43974466661556916	0.26464816830133847	-0.5124173741854959
839	0.39612716956388894	0.3529563634394616	0.29611246303151967
840	0.3587821371241619	0.3727579360401142	0.47741117767974733
841	0.3998499582067825	0.28430253487737817	-0.3324664445636919
842	0.36216275551718086	0.2686333325759357	-0.4759301125312019
843	0.30506637439406475	0.3319781712820061	0.10404088616772753
844	0.2736696018826798	0.3564207260050883	0.32783138217448
845	0.2367317680799923	0.4019495547462972	0.7446830280860985
846	0.23222086864588903	0.39436027424632353	0.6751972944275136
847	0.30131010335808717	0.39230138994095404	0.6563466159636933
848	0.3280555921396548	0.3549595304020519	0.3144530061220949
849	0.3183443119754958	0.3148343599700559	-0.05292396797349743
850	0.2736652212658667	0.3142139175531866	-0.058604598242627134
851	0.28108485282235285	0.32878202969639236	0.07477773757889192
852	0.264610244870463	0.2574646940171553	-0.5781876380274737
853	0.32269217460954425	0.37213569956710557	0.47171412143887115
854	0.3375232985488641	0.42989528365459684	1.000547793635859
855	0.4353728261419297	0.37762724114335355	0.5219934325466287
856	0.4031376388025766	0.3658636992402379	0.4142891067460033
857	0.2950328557166676	0.2774484352127287	-0.3952210289763884
858	0.280688130071422	0.2499215407912973	-0.6472510408098173
859	0.27635960959041045	0.19828163739689608	-1.1200543023878915
860	0.22402667438639323	0.17844695707686212	-1.3016561438175027
861	0.2243421580985654	0.19069241536930737	-1.189539500686561
862	0.19705309288881537	0.14194310233495586	-1.6358771715047227
863	0.2058716122137969	0.1681752567359454	-1.395701506103455
864	0.21997704954816538	0.21178805529115194	-0.996392598688171
865	0.23549081948899164	0.23956949663750451	-0.7420320128525366
866	0.2949592118921214	0.2624873104061315	-0.5322016997458602
867	0.27442129198519427	0.24070920428902387	-0.7315971076830149
868	0.2837181812150737	0.1532644479243177	-1.5322214950170867
869	0.25797193035695226	0.2160373346658378	-0.9574871589865596
870	0.37786789765701145	0.2977915337640715	-0.20896422535266423
871	0.4308695573157705	0.3894264765484633	0.6300245599686877
872	0.3498430115398727	0.4122764519756879	0.8392337605835355
873	0.3203559699727816	0.3316841679367359	0.10134905811574707
874	0.347955123651491	0.33841917643267566	0.16301327075603658
875	0.3759469966467134	0.36797247478312256	0.4335965780825981
876	0.2951243760830996	0.29461693699579844	-0.23803011447277173
877	0.26913561943327424	0.22328846966360547	-0.8910974089728294
878	0.2494845088016293	0.14674851305249115	-1.5918799191644084
879	0.20952832942841773	0.13078209007999864	-1.7380648722901728
880	0.19630052224052746	0.1440796235713216	-1.6163156668816512
881	0.21925524510512395	0.2234803060731089	-0.8893409982489379
882	0.2522766361632916	0.2579230079846213	-0.573991419126952
883	0.36427923131560985	0.30227430948373324	-0.16792094599190446
884	0.35900021411386746	0.21879171198375727	-0.9322687039948295
885	0.3969511397391611	0.33848547949370816	0.1636203265684643
886	0.3810747831903559	0.3056729597193203	-0.13680367406217295
887	0.37921425671405656	0.37489833623143953	0.49700819713603606
888	0.3817694861919202	0.39283077351940826	0.6611935321286482
889	0.23881303520404912	0.42111707356540284	0.9201764898925129
890	0.2217538766666275	0.4733421126542917	1.3983371213848288
891	0.2741688982382754	0.3710513213545293	0.4617858000829126
892	0.3367000135226947	0.4307796904761565	1.008645222219365
893	0.3909895367325339	0.4703218617663636	1.3706843881934008
894	0.3712641123528014	0.2953038290248462	-0.2317410866021082
895	0.3409231852415982	0.3224416252919679	0.01672643064207669
896	0.3159681540307955	0.3203954304456126	-0.0020080660085489564
897	0.25877745570737964	0.3937016400989226	0.6691669893221868
898	0.26724190880694865	0.3424114998247721	0.19956607966896503
899	0.31024167856451096	0.4108190456555445	0.8258900783472319
900	0.31576648732534074	0.2630669205637971	-0.5268949203954985
901	0.28135859915291594	0.2669774457643129	-0.4910910372014104
902	0.24421643601904727	0.3949926711534511	0.6809873773023437
903	0.26751167097195994	0.22171618134432888	-0.9054929247780676
904	0.2922931993386633	0.18647626398561373	-1.22814162800451
905	0.2882893614169309	0.44090324479175946	1.1013341930453409
906	0.2520614042605402	0.40431063258414746	0.7663005221013246
907	0.264181589975314	0.48579011081595186	1.5123081736929724
908	0.33000900689335144	0.4519422011289569	1.2024043774874513
909	0.29336099546241584	0.435916523132976	1.055676898784979
910	0.20682057379730717	0.33593762695182167	0.14029276565837692
911	0.19747091559070423	0.19821120492111102	-1.120699166186684
912	0.2418962823097685	0.21423602088571556	-0.9739795800482858
913	0.2525051972283411	0.23666017117469676	-0.7686691379707214
914	0.2975636282699095	0.206345936778188	-1.0462194034203955
915	0.23937380830842606	0.20376394319476793	-1.0698595519754959
916	0.33094833701726967	0.33169396637620024	0.1014387704086176
917	0.40165588560078164	0.34343753230455315	0.20896020070789245
918	0.39739844214028625	0.3274063629374281	0.062182444254749725
919	0.25497615623183745	0.40139121716847415	0.7395710156595813
920	0.24900294253677924	0.3654981540296865	0.4109422575762254
921	0.25450149146165985	0.20790957981837024	-1.0319030418328141
922	0.31439518134655936	0.25668820863175945	-0.5852969623803671
923	0.3560256146312348	0.37131566322633675	0.4642060544007348
924	0.5321530919979891	0.4632688950368679	1.306109021968592
925	0.5220316884523946	0.35553285783710875	0.3197022622869787
926	0.3986098396158504	0.5116984368271122	1.749518939688185
927	0.49118621819875485	0.5354192766039161	1.9667015770797902
928	0.6012784154150533	0.31671299786545726	-0.035723584822388695
929	0.5143320738845395	0.3044462310502636	-0.1480353239622815
930	0.5376611142714661	0.282980079408326	-0.3445745473671419
931	0.6377933864559648	0.2737018412981768	-0.42952399443857314
932	0.5361179067104355	0.21649425869714134	-0.953303666026789
933	0.3496062294353134	0.23264038561039038	-0.8054733843135714
934	0.26946733267724554	0.375915142911796	0.5063178488446223
935	0.29919124659053353	0.39252647760479187	0.6584074676424951
936	0.35705877580867446	0.3575189643642379	0.3378866038938218
937	0.3010378254257924	0.3642232801476733	0.3992698010088126
938	0.28574785434381733	0.3093680032634708	-0.10297269211775704
939	0.2589526188947692	0.3118242929221605	-0.08048346023172483
940	0.29078807716509486	0.32070168080150174	0.0007958928993125807
941	0.28663372201666676	0.2965702784966221	-0.22014576202711308
942	0.3058441075056239	0.3177562713539853	-0.026171609011615145
943	0.2884814694280078	0.26028191334923795	-0.5523938157846947
944	0.19238274180156537	0.2622562762642726	-0.5343169960308376
945	0.2189372038904932	0.3666579330903148	0.4215609320223606
946	0.2532652826638643	0.28421084930736396	-0.3333058968804649
947	0.28541527686718526	0.27961224551476904	-0.37540967184763313
948	0.24091369245696925	0.2520348122805895	-0.6279024056060258
949	0.21694854736498692	0.26337134042748406	-0.5241077210597237
950	0.2548883305426732	0.27809277810788713	-0.38932157134032735
951	0.3938968293155492	0.2460367633127401	-0.6828191836922463
952	0.5519787579425709	0.5260393909674203	1.8808214682752995
953	0.44977419983679434	0.5120966104010842	1.75316452676472
954	0.5452800745297942	0.5593817838742016	2.186096867315899
955	0.498963191833084	0.5829194762447675	2.4016026485298796
956	0.36504056532071166	0.5432574727142969	2.0384663257001066
957	0.3328382523087001	0.4594322649408941	1.27098170561808
958	0.3253840401834915	0.28868343237785077	-0.29235593910741625
959	0.39331069460550955	0.2928311398536331	-0.2543804687111204
960	0.46113020363399904	0.2619902891259811	-0.5367523140360158
961	0.3162542572920122	0.25233548297478015	-0.6251495328171566
962	0.27214822827094237	0.28211980685703286	-0.3524510080373138
963	0.2946988229716303	0.2858200590827843	-0.31857233658367035
964	0.2967364350065412	0.23852152803707763	-0.7516269760446436
965	0.2608903818972271	0.4364876115126467	1.0609056546657831
966	0.30393616707442034	0.496395667687237	1.609410250768876
967	0.33738592549255614	0.3147103766880885	-0.05405913082706874
968	0.3436758563884421	0.2414384031505454	-0.7249207280346405
969	0.36412314604591145	0.18245660790519172	-1.2649446888222364
970	0.3302512652041548	0.33380840708674153	0.12079811073739463
971	0.20249830303710717	0.3345852525924654	0.12791073227046162
972	0.16285462812273885	0.29746604882656974	-0.21194429173408325
973	0.27162094431561473	0.13940048197919858	-1.659156827703444
974	0.27347510204965697	0.21656992751135679	-0.9526108594991011
