ID	SN	ssim	z_ssim
245	0.49784433369997516	0.2201637830228239	-0.9622755573334312
246	0.5976388844243801	0.23061703376465034	-0.8638415251963287
247	0.6068257687647627	0.24300664110146453	-0.7471736065862599
248	0.5479201014832694	0.5116279466819839	1.7823245255520392
249	0.6763771198747599	0.43812671682647086	1.0901931876166797
250	0.8069981520278314	0.4210583615524175	0.9294673930223661
251	0.7900244413235518	0.3655697845236666	0.40695391760794103
252	0.620976752841457	0.3949646530893163	0.6837534997206632
253	0.6673923703433777	0.32705479250810526	0.04427382359179009
254	0.6796794489899082	0.42006224914260326	0.9200874055542105
255	0.6627562451497827	0.3803967971829565	0.5465738957992187
256	0.6629013395054716	0.3318605377873324	0.08952758215374314
257	0.71065714282664	0.28993576820425776	-0.30526100738696144
258	0.6613792086549302	0.3356397965530129	0.12511533260412833
259	0.9081038991341679	0.19705562957628384	-1.1798756872034994
260	0.98189453181211	0.14062240161418643	-1.7112845581870095
261	0.8574156426966205	0.31226543483928804	-0.09499157279198576
262	0.6686168431269311	0.3359013769892679	0.12757852971904463
263	0.7571980489798864	0.3684961957759085	0.4345107481445844
264	0.8140596420547745	0.409494260510305	0.8205729331333164
265	0.5963250156986002	0.3591916360222888	0.34689347420465405
266	0.506445304724465	0.24684572724131776	-0.7110224859635291
267	0.5042639080485678	0.17652962993726187	-1.3731607195838305
268	0.5115523108965127	0.1659559074483068	-1.4727291854125524
269	0.6002579935967295	0.26660586380661444	-0.5249492762279999
270	0.7311966302912745	0.37048221198211523	0.4532122590807322
271	0.8032650346118859	0.4360056503076215	1.0702199625369502
272	0.9276883115147612	0.3446235894151078	0.2097120745307464
273	0.9342072672183898	0.27927159540725655	-0.405681207164186
274	1.0571345017364167	0.15188814785147453	-1.6051995847602742
275	0.9198708634603352	0.18744027361515064	-1.2704196032602277
276	0.9577055251221459	0.15278534638500446	-1.5967510292377827
277	0.8699646521297474	0.216182040649653	-0.9997700139768664
278	0.7500569995464358	0.26824893752749995	-0.5094771158981871
279	0.7373146937813891	0.3059873269279767	-0.1541099744418673
280	0.8252117238574118	0.34782475193608786	0.23985612658198266
281	0.9030826299237453	0.3842450712062567	0.5828115350023252
282	0.6870783311824229	0.4044151948194399	0.7727454268590604
283	0.590636378693959	0.5113084422964475	1.7793158820467232
284	0.575107692488705	0.4501380130437492	1.2032987035045777
285	0.7919851557587912	0.39530594898225324	0.6869673450328392
286	0.9186809806604928	0.3883877730997081	0.6218216823130345
287	0.7678042137539088	0.41787181726416534	0.899460994953194
288	0.7457557439841621	0.3989843527506972	0.7216053847870629
289	0.6870875588522641	0.42062617348986525	0.9253976529300983
290	0.7729879067097534	0.3400148760582824	0.16631368584948727
291	0.7813217608094531	0.27729240979371966	-0.42431839717328557
292	0.9003118568617776	0.23905742082992099	-0.7843618157593321
293	1.0322551678852252	0.2072673953892753	-1.0837156209199525
294	1.1086793459223812	0.3281210740268249	0.05431456516329737
295	0.9961821095807114	0.4110130030248268	0.8348743168056935
296	0.7812671847789595	0.4094507149676862	0.8201628823799734
297	0.9060131562466125	0.3602640209711876	0.35699168930829395
298	1.0223773790610169	0.33766150735759964	0.1441529651287498
299	0.9992319719357738	0.4177522766857693	0.8983353297007152
300	1.0378025180724166	0.3832778461165545	0.5737035677378832
301	0.8111295014471795	0.352835726725898	0.2870424483952295
302	0.7856879001650923	0.34518810421976753	0.2150278820050095
303	0.8546677550355568	0.3670122514620206	0.4205370450458499
304	0.9950080876557119	0.32212621131680647	-0.002136631046348518
305	0.8521472254286437	0.2462096547787477	-0.7170121229452214
306	0.6082039781759172	0.2004032171099047	-1.1483528100617784
307	0.6560285490091696	0.2802855790006006	-0.3961329339926307
308	0.7808594438351166	0.2821877781605663	-0.3782206942628376
309	0.7282806017263488	0.4415312651127243	1.1222524411157335
310	0.7546743397146827	0.43364708599215157	1.048010316814262
311	0.9145804843118281	0.3367956512502223	0.13599954855005264
312	0.7934661825967757	0.3089255985922473	-0.1264414592046816
313	0.856032953814359	0.31778760328527345	-0.04299154718237849
314	0.7259848267079585	0.38970694155407903	0.6342437578222564
315	0.6330024900098234	0.39271533364801875	0.6625725687701248
316	0.714310007105085	0.3911258313520327	0.6476048688699357
317	0.8810237214720229	0.35360123601430804	0.2942509395868831
318	0.8456318432220779	0.3421315518414594	0.1862455651481814
319	0.8334321881939292	0.35598384886701606	0.3166870406530627
320	0.6705994519260432	0.48450740037443507	1.5269413157978464
321	0.7324891148330036	0.5013209192243737	1.6852674189104813
322	1.226266939429776	0.3315258941767154	0.08637637869220718
323	1.3166455093199512	0.15228650578383918	-1.6014484093140036
324	1.0588645493791455	0.40388782997615585	0.7677794455376626
325	0.5869861849991324	0.5292148051509177	1.947932854910762
326	0.6005302566190285	0.48923581799786636	1.5714669111172173
327	0.7370827519680608	0.4623033414471658	1.3178546781574048
328	0.901475827378775	0.40878947298075763	0.8139362341727042
329	0.5289694545373128	0.751619140461415	4.04222448055671
330	0.3926798139526998	0.6284329728621417	2.8822301898051332
331	0.23910790105471233	0.5440126162899214	2.0872778542024326
332	nan	nan	nan
333	nan	nan	nan
334	nan	nan	nan
335	nan	nan	nan
336	nan	nan	nan
337	0.12646827822475765	0.09186994953840229	-2.170366670815239
338	0.2647671226795407	0.051781415789662444	-2.547864170570353
339	0.3204627742605296	0.3792371079836582	0.5356535718988245
340	0.4161531734740894	0.3917681668696407	0.6536534825064609
341	0.487615089953663	0.4069567203271404	0.7966779440903987
342	0.5917647774042343	0.37029161765371016	0.4514175094176149
343	0.7450792246142928	0.30178960886017764	-0.19363818680310954
344	0.703013765829594	0.2806139940655576	-0.3930403822250799
345	0.9772307725961299	0.2727708511573826	-0.4668960851204544
346	0.9584647476699257	0.3823617206439572	0.5650767848893252
347	0.8445350370343658	0.4106966473064212	0.8318953230245826
348	0.7393130794506735	0.26360449542286574	-0.5532119477392721
349	0.8694948110444664	0.610073700814364	2.7093483543456878
350	0.7785765739558788	0.5831144367874035	2.455483874561977
351	0.6945875602568298	0.4542828325011852	1.242328791058419
352	0.5637112205262248	0.40927091904179586	0.8184698169035666
353	0.36338139440934053	0.23830453463386722	-0.7914514403984315
354	0.3640116512503855	0.18562709859746696	-1.287493538667395
355	0.47601562842710116	0.050347055638825924	-2.5613709596707697
356	0.7373233947610296	0.3520737402305262	0.2798671299200539
357	0.8396186940892214	0.3176019785854338	-0.04473949986434594
358	0.7066730430097319	0.22903337101700594	-0.8787542364328645
359	0.7535174909419269	0.3753475682128963	0.49902734985080927
360	0.7629466469398796	0.3699570751628155	0.448267258159584
361	0.8093027296472266	0.2963451289440069	-0.24490665096553355
362	0.7754350987124218	0.3022636295609646	-0.189174525684926
363	0.7325906539560089	0.3356955943850861	0.12564075820915077
364	0.8101853988542408	0.3296821626324257	0.06901470483924742
365	0.744999943774948	0.4272139076647976	0.987431679808581
366	0.7157352524844264	0.3311791639751753	0.08311136069500737
367	0.8065940882550087	0.18328290947369633	-1.3095678190270341
368	0.7577490251580052	0.2732821813041507	-0.4620810960474142
369	0.5938402738886346	0.5175259620329455	1.8378637493724992
370	0.6790296862701879	0.3931576614977603	0.6667377911351047
371	0.6284299634356296	0.3257436393033549	0.031927224444728085
372	0.5422923027641681	0.25395825511561354	-0.6440466891854887
373	0.3981313044079212	0.5788972139014235	2.4157719932209054
374	0.3801719108530717	0.5568017713466942	2.2077081520070756
375	0.33774689358859855	0.49753093692231026	1.6495786892574527
376	0.48465562895311154	0.2548074332407706	-0.6360503224163099
377	0.6523449190588113	0.3317065450023226	0.08807749441329685
378	0.6398342766077567	0.23797045711796394	-0.7945973131751293
379	0.557247973116261	0.38471132285383525	0.5872020380903342
380	0.7180818933224644	0.3271911112519152	0.04555748203838077
381	1.0265039258616069	0.2999156650271373	-0.21128435755328032
382	nan	nan	nan
383	nan	nan	nan
384	nan	nan	nan
385	nan	nan	nan
386	1.0123055118166722	0.2985886022450693	-0.22378077075184208
387	0.8842481749653675	0.4430252337752547	1.1363205394490994
388	0.8250730223073393	0.3529260412715201	0.28789290392392364
389	0.8902003518249831	0.16138101792726353	-1.5158090687196835
390	0.9038915211966667	0.09272109254303051	-2.162351801571204
391	0.935454194100941	0.1327949437222888	-1.7849925616313278
392	0.9219907390232365	0.16718400388172977	-1.4611646982706419
393	0.836929790031746	0.2504170719604815	-0.6773925779529791
394	0.9504034640600986	0.33549139937284916	0.1237179364101535
395	0.9030327159695821	0.30077454735070097	-0.20319661027468736
396	0.8958467289442109	0.3609790004168799	0.36372436141889797
397	0.7996460202504332	0.3016363544134104	-0.19508132191110786
398	0.8175736619935415	0.13947853130236104	-1.7220559220254728
399	0.7761116772677444	0.26947745757149943	-0.4979086397868994
400	0.7408743967158864	0.25214202934845364	-0.6611493522659319
401	0.7114255243808023	0.120640359737506	-1.8994473604418056
402	0.7090515895145909	0.1432717847318998	-1.6863363894887307
403	0.6774955120139139	0.2626010380532573	-0.5626610997215378
404	0.7201348807652102	0.2593297904073686	-0.5934651150328139
405	0.8460567156816344	0.2373870782694364	-0.8000907557168159
406	0.7643408927306726	0.3342841057149064	0.11234934058671753
407	0.8354763806300396	0.3083233560347356	-0.13211253366032769
408	0.813163246100384	0.29657906559596586	-0.24270376418077125
409	0.7790315551585835	0.1416464024416533	-1.7016419567753762
410	0.6394881269615981	0.21263164283878364	-1.0332026734285567
411	0.6296971087980043	0.23410297650570902	-0.8310158130541253
412	0.5691123258708132	0.13571554608953912	-1.7574904310139785
413	0.5476155773926371	0.27161256263756006	-0.4778032193890356
414	0.5270600334608	0.30903387194043974	-0.12542189289953942
415	0.5726392275847343	0.3158612025718363	-0.06113168314761187
416	0.5001185735120451	0.2677890253182075	-0.5138079230612258
417	0.5568844959652375	0.3223716506340123	0.00017457168227999313
418	0.5753115814770658	0.29130903388669815	-0.2923295201724398
419	0.5399350182386757	0.28719932290625827	-0.33102900540569463
420	0.6423887627744407	0.24263206909462526	-0.7507007995972671
421	0.623630960643617	0.3448268087369323	0.2116257086479604
422	0.7908290013864014	0.3224170185463381	0.0006017829536982919
423	0.7372321223529739	0.3127796767229539	-0.09014916507086686
424	0.7428663513991306	0.2300167897249497	-0.8694937804184849
425	0.7510279937145736	0.26193411398541555	-0.5689412537854086
426	0.697396513418195	0.30991210405591374	-0.1171519364607734
427	0.7075013798380314	0.3991217051516323	0.7228987767645131
428	0.6146641897457225	0.33622170414796027	0.13059492094621994
429	0.6814927619563371	0.16804093507601173	-1.4530953239869349
430	0.774431538228182	0.12964950161277636	-1.814611917116055
431	0.7125781230425684	0.20091022246810455	-1.1435785457725811
432	0.552463921199026	0.2585175348928642	-0.6011137965188845
433	0.6210223367710178	0.248137796740696	-0.6988555903473865
434	0.6005142791361772	0.20172652518318612	-1.1358917534364485
435	0.5756789852556686	0.25431502047868426	-0.6406871741330665
436	0.48805641300598196	0.2915754079472217	-0.28982118343761426
437	0.5369870259753529	0.26781597963092607	-0.5135541052059093
438	0.5615709777047344	0.3231589455981251	0.007588209766055273
439	0.6231269552980924	0.2802061791212307	-0.3968806105260468
440	0.8093290042484247	0.2533556527808398	-0.6497211515180209
441	0.7540732698857281	0.31239207891035575	-0.09379901682357561
442	0.7669779878432869	0.31040665920380944	-0.11249491076380545
443	0.7925012501240833	0.38725750617768456	0.6111784160914752
444	0.7726424231454747	0.3150563050344158	-0.06871107754102362
445	0.7513345996436424	0.22711346736111637	-0.8968331922363253
446	0.8566760311435638	0.1942975998384265	-1.2058469371578364
447	0.8772749708067654	0.5191171534812051	1.852847355336102
448	0.8718913111037645	0.48866709486596366	1.5661114755282837
449	0.676152114023282	0.5546092129887047	2.187061717208641
450	0.6874945803628162	0.30414953589015054	-0.17141570894939445
451	0.5994869627964634	0.32240731084742014	0.0005103694813854921
452	0.6849867287527235	0.4028034943327185	0.7575686955796196
453	0.7769875002024443	0.35736881995266656	0.3297287529128089
454	0.8588373756933462	0.31334794220836637	-0.08479803895373698
455	0.7868129497362821	0.23162078446103831	-0.8543896110744802
456	0.6864443043789379	0.21635191118052893	-0.998170411928818
457	0.570143522491206	0.2739374669511284	-0.4559105362831207
458	0.6509483221920379	0.3654887537499565	0.406190883602494
459	0.6636500882578988	0.3842507131972731	0.5828646633485919
460	0.6833575076316407	0.3783019924617696	0.5268479674407609
461	0.6616031646104245	0.3841713311585201	0.5821171548130454
462	0.7651966178579289	0.4161794931784196	0.8835250638675517
463	0.7379484061018008	0.46862366197386757	1.377370578924313
464	0.6105530624985591	0.39815170394373167	0.7137646679184034
465	0.6689064409888598	0.24446090539187867	-0.7334793882580143
466	0.6046746453061442	0.24198234350510833	-0.7568190025504311
467	0.5549355435973707	0.21224503794101773	-1.036843175304091
468	0.6017780012974384	0.24833685787843826	-0.6969811121669898
469	0.6525590232858337	0.27882825330320093	-0.4098559803516046
470	0.7113782946263172	0.2742762048397861	-0.45272077866209975
471	0.6240803591679217	0.23542903276590318	-0.8185288778647422
472	0.4820590254934456	0.2574468100491223	-0.6111963790840543
473	0.4980456088932903	0.29056081140762186	-0.2993752284760206
474	0.5728028693230724	0.3796183032165812	0.5392431331496529
475	0.6600137917764232	0.3694638644525295	0.4436228924875352
476	0.5710863583936091	0.3528063975955825	0.28676626784361625
477	0.5792017690030346	0.26041101635583647	-0.5832836478139035
478	0.5381627959004592	0.28491700318132956	-0.35252068667302083
479	0.5300480553017298	0.3115464331225477	-0.1017621210013635
480	0.5667453803581918	0.3513623836505898	0.2731685728702149
481	0.5717761011356125	0.37702717909459477	0.5148435658385689
482	0.4471743940602974	0.33278357785115886	0.0982194769097905
483	0.5386156986086226	0.2664419184491001	-0.5264930833162317
