ID	SN	ssim	z_ssim
5057	0.2861183194974128	0.5056216312579035	-1.00808378818818
5058	0.3517249603667726	0.532151131473383	-0.7986707767247962
5059	0.4033618452905904	0.39213838109769283	-1.9038740960974048
5060	0.5416665909689796	0.6108256951832101	-0.1776459862754999
5061	0.6496958547056707	0.6772755769409629	0.34688217057825566
5062	0.4737542813603766	0.5987118837487891	-0.27326745340368513
5063	0.5063033611309924	0.6096726989388331	-0.18674726650240972
5064	0.6578512057971957	0.6939243788682317	0.4783009956796968
5065	0.7509460878165332	0.6312247925110367	-0.016623864944232042
5066	0.6124400285570404	0.6059081504010252	-0.21646307116134758
5067	0.3742031041395562	0.6046078955004803	-0.22672675092091746
5068	0.3749558338176341	0.4756864512191389	-1.2443798416267788
5069	0.31392951627288346	0.4718751088260788	-1.274465017818039
5070	0.37949476862164644	0.5752308556304576	-0.45861707441339694
5071	0.5879435848810285	0.6513209344253421	0.14200685040617253
5072	0.6860518032348071	0.639036435328401	0.04503804476283751
5073	0.6137149046186196	0.6547326623354851	0.16893763350248753
5074	0.4972525609065921	0.7458359181076257	0.8880694298199716
5075	0.4517826855509737	0.7974375362416296	1.2953914736600647
5076	0.5758807564695868	0.8306076477862602	1.5572227517737933
5077	0.6165690910095724	0.8528949451227961	1.733149550798095
5078	0.6516854593346789	0.8268520539071101	1.5275776315235683
5079	0.6857666025506997	0.7815826710670254	1.170239660184796
5080	0.6569233888747431	0.7405368951127073	0.8462411121296101
5081	0.5011916991837118	0.706301866263946	0.576003812876917
5082	0.4826541113534028	0.7662372836819444	1.0491094557602516
5083	0.5502586887920883	0.7231217388787604	0.7087729999362189
5084	0.4808427786605236	0.7207066289775244	0.6897091113094073
5085	0.48991961378370646	0.7452394413313228	0.8833610863917497
5086	0.3449732809842337	0.6920112128191517	0.46319924628701226
5087	0.4193975549753096	0.7383523845033353	0.8289974798875155
5088	0.47844481316220466	0.7148614398985591	0.6435695821943892
5089	0.42527132465121537	0.6842517606616851	0.4019493082782668
5090	nan	nan	nan
5091	nan	nan	nan
5092	nan	nan	nan
5093	nan	nan	nan
5094	0.5849776717393296	0.6428269458945026	0.0749587830422548
5095	0.5269342504287939	0.6762075901870326	0.33845192045944467
5096	0.5964881925155551	0.6467719693099703	0.10609918248500821
5097	0.7153011959490769	0.6447505146005292	0.09014264674922047
5098	0.4982227255805432	0.7220473678822571	0.7002923552207411
5099	0.47704943153642737	0.8419643025369109	1.6468675340790422
5100	0.4473845125582615	0.8171036272156844	1.4506275429843827
5101	0.5537466965358331	0.6642629623906164	0.24416591969274934
5102	0.5300390126242255	0.7135474083851683	0.6331971554942284
5103	0.46529833491411493	0.7260393172664261	0.7318031690452873
5104	0.5860896388424622	0.7208078581249744	0.6905081727483037
5105	0.6197772682921999	0.5497038864396068	-0.6601165164824179
5106	0.6100609945955497	0.6393313322227553	0.04736584009318033
5107	0.5320454843314186	0.7210700633364383	0.692577913320424
5108	0.608615191166976	0.7755569756671046	1.12267528808546
5109	0.6021728130979461	0.6264184881145197	-0.05456286377606991
5110	0.5984903551294617	0.619187114372808	-0.11164436700715927
5111	0.6629472144563483	0.740759779154118	0.8480004674864707
5112	0.4653664226650658	0.6319343875285646	-0.011022612439172776
5113	0.4596406770774621	0.6090367176270906	-0.1917674425571677
5114	nan	nan	nan
5115	0.5886947745344662	0.6969222280005737	0.5019647891781636
5116	0.7779207269675286	0.8181720429122374	1.4590611790006154
5117	0.7713645703621623	0.8211882845103105	1.4828701550922585
5118	nan	nan	nan
5119	nan	nan	nan
5120	nan	nan	nan
5121	nan	nan	nan
5122	nan	nan	nan
5123	nan	nan	nan
5124	nan	nan	nan
5125	nan	nan	nan
5126	nan	nan	nan
5127	nan	nan	nan
5128	nan	nan	nan
5129	nan	nan	nan
5130	nan	nan	nan
5131	nan	nan	nan
5132	nan	nan	nan
5133	nan	nan	nan
5134	nan	nan	nan
5135	nan	nan	nan
5136	nan	nan	nan
5137	nan	nan	nan
5138	nan	nan	nan
5139	nan	nan	nan
5140	nan	nan	nan
5141	nan	nan	nan
5142	nan	nan	nan
5143	nan	nan	nan
5144	nan	nan	nan
5145	nan	nan	nan
5146	nan	nan	nan
5147	nan	nan	nan
5148	nan	nan	nan
5149	nan	nan	nan
5150	0.47657745546117697	0.8244757903445082	1.5088203799872268
5151	0.5093405123757752	0.8378085735206726	1.6140639109030412
5152	0.622578581253109	0.6623029003463814	0.22869399251717296
5153	0.6247608438900285	0.6638777071396095	0.24112487249471817
5154	0.7050256402072259	0.6837220355314028	0.3977678750104234
5155	0.7002213186275906	0.703219422745459	0.5516722659337333
5156	0.7492086411318758	0.6913230840040181	0.45776743919372326
5157	0.7029192706225499	0.7250272682762287	0.7238144687281186
5158	0.5563264316166677	0.6008182967809648	-0.25664029145676553
5159	0.4924914408651481	0.567395072908375	-0.5204695346435609
5160	0.5172171879889281	0.6481108383412342	0.11666766638085038
5161	0.5058885039410473	0.6327102999736787	-0.004897877316252759
5162	0.5524127393256597	0.48064888863416105	-1.2052083926798438
5163	0.5199086010850433	0.5887792479873903	-0.3516716129117396
5164	0.5032738066197787	0.6589426048831974	0.20216919609671474
5165	0.47081824972069236	0.5679874864448303	-0.5157932647668898
5166	0.5259050078643481	0.4184408841260978	-1.6962529074785109
5167	0.6949332504465017	0.6221297544040847	-0.08841637154560927
5168	0.8759411094503841	0.7098218389065524	0.6037890355674986
5169	0.7700085497870458	0.6654076190132369	0.2532013703604021
5170	0.6244017917788104	0.6387104052285749	0.04246449665685174
5171	0.7356764205949576	0.7073196947882656	0.5840381344698561
5172	0.7289949061207895	0.6869563816473478	0.4232984788572217
5173	0.6077362991824923	0.5905284778284352	-0.3378639088170698
5174	0.33037847291940947	0.49412590955827174	-1.0988263080438765
5175	0.24557407232169773	0.35840091666515306	-2.170183825589957
5176	0.27170657298096645	0.30309041777779056	-2.606782255393259
5177	0.2772742403115114	0.28430552875084925	-2.7550624773795724
5178	0.2798672804414339	0.3332177424857038	-2.36896949061535
5179	0.2810843155068238	0.3568270065174638	-2.1826076278147752
5180	0.29130678318931996	0.48585083087578085	-1.1641463907036222
5181	0.3302933668305482	0.5074439920316962	-0.9936988184558816
5182	0.3109887087758885	0.24459401451917837	-3.068528909746546
5183	0.31647824034043326	0.34428524178276526	-2.281607183058037
5184	0.3134735293970264	0.40267899273979746	-1.8206708239395981
5185	0.354460176390428	0.32353806215120157	-2.4453769235630785
5186	0.4400468946235973	0.29410294176457885	-2.6777257108709245
5187	0.7343590734803865	0.5694024137685434	-0.5046244078546254
5188	0.9175426182726428	0.7569482278602437	0.9757854527645677
5189	0.9207825397505703	0.8007690892362722	1.3216893888032564
5190	0.7028264859346501	0.7480751316807885	0.9057448648585896
5191	0.6227757939331316	0.7380555075285585	0.826654054613116
5192	0.5375021067797129	0.7735202578430282	1.106598271572646
5193	0.4023790182561926	0.7007325201520722	0.532041675192587
5194	0.46227759479688685	0.7151218948189005	0.6456255066850937
5195	0.5689917747549952	0.682848345718254	0.3908713253818857
5196	0.6220902703783084	0.6779089228888713	0.3518815441500294
5197	0.4714522847159604	0.6174325308261658	-0.12549433106159216
5198	0.516363417264784	0.5621191680267581	-0.5621153674138708
5199	0.5610317898503753	0.6078792673817273	-0.20090388084405
5200	0.5262037356374492	0.7213740282729815	0.6949772880626454
5201	0.48932645931382523	0.6488574642422826	0.12256122551710169
5202	0.4459598052573915	0.515197646031446	-0.932494648729936
5203	0.6277008064514653	0.6232395247641851	-0.07965629874914447
5204	0.7790511801137765	0.7113906739763434	0.6161727772055189
5205	0.5732527800501905	0.6400386412386478	0.05294904783739696
5206	0.5219017994436842	0.6672403925071361	0.26766853384144484
5207	0.3659256598129192	0.6924687263702717	0.4668106709179762
5208	0.3031557408596967	0.7259562149990935	0.7311471937754851
5209	0.35626939844854066	0.5368314194917518	-0.7617264995811684
5210	0.48402901634788137	0.47052265478619076	-1.2851407362092024
5211	0.5359483161525971	0.5157147067199785	-0.92841318337946
5212	0.5473900030538679	0.505701227960366	-1.0074554844120123
5213	0.5830243443524996	0.5277079013379873	-0.833743816010141
5214	0.5494571761841729	0.5259741713693454	-0.847429170458913
5215	0.5929014774799051	0.47315191712742866	-1.2643864159116558
5216	0.719055177793892	0.5812082848010425	-0.41143369616449665
5217	0.716880180173888	0.7754284995108327	1.1216611499159654
5218	0.636621570056742	0.7310600498644639	0.771434776296373
5219	0.668388316028785	0.7252928637450712	0.7259109706037511
5220	0.6454561767444683	0.6927050517572745	0.46867612675301035
5221	0.4707657737618965	0.5553174785288841	-0.615805119170203
5222	0.4904431667362199	0.5159455434667258	-0.9265910526231274
5223	0.6417117003882098	0.643010664699634	0.07640898406121566
5224	0.5644663047923829	0.5978405006101967	-0.28014579508780746
5225	0.49073914369441374	0.6418873695576113	0.0675421521743523
5226	0.4622409880586196	0.6394466962540942	0.04827647651757656
5227	0.4932455037991535	0.6199075331385546	-0.10595767626574464
5228	0.4685018993664785	0.716076753635616	0.6531627711908934
5229	0.4553321972108409	0.6708256603912448	0.29596917043150334
5230	0.4450196425150921	0.6253669633603843	-0.06286316960932122
5231	0.6685535439047459	0.6313944900293098	-0.015284342222326391
5232	0.6415199274176057	0.7484963084905796	0.9090694621325864
5233	0.5944725767994785	0.7316055767912955	0.7757409424756928
