ID	SN	ssim	z_ssim
494	0.3016959204274771	0.5101715116725758	-0.4147772298290653
495	0.3206123502088847	0.5120817652541668	-0.403666742248118
496	0.3864077091342784	0.2760174044491487	-1.7766730144540968
497	0.4257255665426431	0.3131188432807983	-1.5608822527736554
498	0.4432847513719327	0.5084605031270759	-0.424728861056914
499	0.48815067622825653	0.5221256336239303	-0.3452492233059562
500	0.5809225949136525	0.48068010475353184	-0.5863062422472981
501	0.43290216913970353	0.5531045234474586	-0.16506865776597468
502	0.3525771906569915	0.4270652650260185	-0.8981428573897109
503	0.33600524513211594	0.20429915648829283	-2.193803342581906
504	0.3916588964851184	0.6331270215043568	0.30036115711600303
505	0.5241671518456319	0.7017874381431219	0.6997064135359897
506	0.6991305414993922	0.7360585197622951	0.8990351468439084
507	0.6515990487227399	0.8019846398854464	1.2824770866717328
508	0.5699235264402818	0.8468439119053788	1.5433892448641946
509	0.6376403261821318	0.7888857787393002	1.2062910056763518
510	0.7310106716564916	0.7160031074748716	0.7823881156342574
511	0.6874903146584218	0.7073612425923773	0.7321249812637894
512	0.5167799359132415	0.6363308617844539	0.3189954515292657
513	0.5204871773772421	0.7304979669904521	0.8666936540127277
514	0.6457239633185782	0.769056622223711	1.0909599316607126
515	0.7108161225218259	0.7286486453392733	0.8559375609805735
516	0.6522523220221669	0.75688006105921	1.0201381659534847
517	0.6670422745439681	0.8005011453976318	1.2738487311266329
518	0.6569845953647847	0.7740902497371411	1.1202367023020745
519	0.540819976848957	0.8019609805847442	1.2823394785713427
520	0.3512988457079398	0.7920875937479207	1.224913520630696
521	0.42509689943864537	0.3944037215989315	-1.088110135094788
522	0.5408570745813505	0.4382812369058135	-0.8329081066322087
523	0.6187745520919813	0.4762788890226841	-0.6119047560728424
524	0.728220088554944	0.5445993481348151	-0.21453677320130868
525	0.7074773865489271	0.4399576362067316	-0.8231577709736065
526	0.6397358977092523	0.33451648324846395	-1.4364285072534815
527	0.46052577700885694	0.34394227935428195	-1.381605843088126
528	0.4398702238049108	0.35953496179914257	-1.290915106357253
529	0.46555774739624495	0.5409344629711607	-0.23585261392988205
530	0.43755021368497427	0.7074757851620104	0.7327911879965824
531	0.6103358051645295	0.7311779562969327	0.8706486329839161
532	0.6823547944077022	0.6442702843961255	0.3651730151663408
533	0.6631437480060106	0.6408567757993296	0.34531924012953663
534	0.6835900919171819	0.6196189713335406	0.2217951357709907
535	0.3758772189349803	0.4008922701176801	-1.0503711990547433
536	0.2842545527370677	0.29508776678555043	-1.6657552672269023
537	0.3571071659519242	0.2173362517482705	-2.117976506619653
538	0.5167255466166679	0.30194404097512645	-1.6258775515304305
539	0.7182640613497243	0.6058056705666492	0.14145370461156798
540	0.7473930126314039	0.80976333959516	1.3277198478179826
541	0.7328783500326759	0.788623878615442	1.204767732482878
542	0.6309400374682207	0.7394321555387655	0.9186570121074172
543	0.7137940409220963	0.6883570608842273	0.6215921562560197
544	0.66845071511274	0.7153041545597767	0.7783228398207912
545	0.6300721695327965	0.6574016211596809	0.4415479820496402
546	0.5757639719592068	0.6030582855944397	0.1254742624537414
547	0.5258720583472425	0.8084788340433643	1.3202488590872625
548	0.5545368071770627	0.8325114609883464	1.460028313387445
549	0.6086614617538403	0.8259222831071803	1.421704093125351
550	0.7226345800237226	0.694560852207708	0.6576748769579028
551	0.6546147490944729	0.7577647884989306	1.0252839504327116
552	0.6374571327602677	0.8038873083218383	1.2935434572504418
553	0.6237300115262052	0.7856559761776897	1.1875057084804697
554	0.5960815514338693	0.7711173455924076	1.1029455871864062
555	0.5970037554744577	0.6442776784060801	0.36521602048069535
556	0.6599999260557228	0.5441803489344296	-0.2169737718580176
557	0.5891840118000446	0.6103401694168508	0.16782742464879072
558	0.6127133054180445	0.7004643293329857	0.6920108991053787
559	0.5096150613884147	0.6677912146598103	0.5019763202905426
560	0.3909537757425346	0.5368433269809608	-0.2596476304916221
561	0.2942087975858831	0.6715954004099405	0.5241023662457792
562	0.2650783278628363	0.6211815746285847	0.23088360688856596
563	0.30722200996312504	0.1756017498850421	-2.360714260976967
564	0.3666239344080979	0.3496267375432878	-1.3485436869838243
565	0.6405408259567074	0.5945841348913037	0.07618659350046506
566	0.7758453550355574	0.85159707339943	1.5710347586634195
567	0.6916946364245533	0.8508641454723026	1.566771876127533
568	0.6578599357286652	0.7785815365851978	1.1463590910931187
569	0.6764335391695373	0.7493482095230639	0.9763311322903456
570	0.7493266051997303	0.7468973947243545	0.9620766125518804
571	0.6495915712788968	0.6491546884791113	0.3935818669686979
572	0.419062779623989	0.5189568288835236	-0.3636797427165845
573	0.3277555920409048	0.42031802324453493	-0.9373864147588766
574	0.324780530510014	0.37294720456143937	-1.2129063236075646
575	0.517152030437135	0.5324464266657306	-0.2852210448371356
576	0.6881834222420369	0.6717959774020112	0.5252689695705429
577	0.8966757185385071	0.819774003741119	1.3859442431247433
578	0.7553261949905101	0.8611913699846985	1.6268374615536643
579	0.6473099547912611	0.8625887809901676	1.634965135162742
580	0.7011655408666119	0.8048066588469726	1.298890617800474
581	0.5026217260417775	0.6723584474326203	0.5285404285799442
582	0.49779907680050245	0.7421713315536285	0.934588709023706
583	0.5986541900885666	0.7800658450298542	1.154992180804127
584	0.6105443571276632	0.7399165142946698	0.9214741574299324
585	0.6446840838391016	0.7685245203462925	1.087865101027843
586	0.6817197728565695	0.7738805947832698	1.119017299399905
587	0.564749213624916	0.7334391003273085	0.8837999825797637
588	0.6595396099859068	0.7681059390773574	1.0854305331595042
589	0.7058388726014312	0.7073878425070554	0.7322796926720201
590	0.6075263316694873	0.5598895185944269	-0.12560551787520066
591	0.34703504592099954	0.4995716506263493	-0.4764285339537134
592	0.31898254238369683	0.3628985551019496	-1.2713516505007436
593	0.3891432567680137	0.27486300649911966	-1.7833872665360566
594	0.35083986091407837	0.3073873551715396	-1.5942179460407389
595	0.3149199907417774	0.2814091168216206	-1.7453135374026283
596	0.36119346629391713	0.20407251955256608	-2.1951215167154565
597	0.2892212565030063	0.1871331538068566	-2.293644882702331
598	0.3823851533936325	0.2704808006337309	-1.8088752144785512
599	0.4981802043204193	0.27839444786783585	-1.7628475665464427
600	0.5867416347866822	0.52866417142537	-0.307219537749788
601	0.5118971156745501	0.5176997984511089	-0.37099092964108876
602	0.5254155789157986	0.6144507088952945	0.19173529649699048
603	0.7555415038427306	0.6949241587143911	0.6597879537082771
604	0.6174689874887561	0.6310946839684526	0.28854060032157447
605	0.38261518622780977	0.47100250525911186	-0.6425934546008436
606	0.45528321985792425	0.5656346042773467	-0.09219073789693501
607	0.5226492775349544	0.5940391142237695	0.0730166241223921
608	0.5001924045574749	0.6296422571539445	0.28009294172779425
609	0.4288497037074403	0.6344158604973903	0.3078573501680334
610	0.4059289796068875	0.28455126536161984	-1.727038056771373
611	0.3542824755973587	0.33317322835712915	-1.444241196067179
612	0.6226799751711272	0.7011270415064725	0.6958653901762107
613	0.8968288748472852	0.7145250844481296	0.7737915834035499
614	1.0128880704232253	0.7646023908050088	1.0650530660293251
615	0.819507883878289	0.809346475983221	1.325295270249836
616	0.5697460105508292	0.787184337032898	1.1963950174521378
617	0.3666186523750503	0.7480679773054343	0.9688849982839611
618	0.371455422870217	0.6554693279095067	0.4303093065325774
619	0.467366418210662	0.6711600105164651	0.5215700354332915
620	0.666141070348981	0.7870298168387737	1.1954962913801817
621	0.6829166344988806	0.7312863017198548	0.8712787956426481
622	0.7924177389328267	0.8145586893368937	1.3556107384647917
623	0.7963930790411815	0.7927404978723476	1.2287109657635837
624	0.5719383054992548	0.6322837824751697	0.29545667906563305
625	0.3666644111342004	0.3938096528476263	-1.0915653797529907
626	0.3463874791348421	0.5691893802999486	-0.07151531802976088
627	0.5067374421628648	0.6117031812735553	0.17575502465568946
628	0.6348506656652616	0.49751902119068103	-0.48836711324656534
629	0.7105521788598442	0.5636795983822356	-0.10356151554008933
630	0.7174154713827952	0.6868793983296485	0.6129977206168493
631	0.7720542420197694	0.7510203995194215	0.9860569856359735
632	0.6353528931815682	0.7557055832701062	1.0133071247683305
633	0.5129097364313356	0.7504200813711696	0.9825653930039551
634	0.5725029839877274	0.6553307040580542	0.42950303735720213
635	0.4634338209827877	0.46412066901147075	-0.6826198452855015
636	0.42146834717150566	0.6219024156911257	0.2350761893553022
637	0.5037925158060755	0.6591751835635751	0.45186344134383966
638	0.6913045793058512	0.5543880844712841	-0.157603162633793
639	0.7595996184771954	0.7704670118796025	1.0991630921767257
640	0.6756589253267578	0.719508417770386	0.802775831108787
641	0.7589862761514837	0.7767358914580745	1.1356243815962468
642	0.8061328003560567	0.8134531475240144	1.3491806452559192
643	0.5754778814795946	0.7521015093324066	0.9923449765428182
644	0.45221716766456665	0.6844012605208216	0.5985842837756972
645	0.3695026657724471	0.5395901415443414	-0.24367150596673767
646	0.2703863437729618	0.3247555877785822	-1.4932001887423445
647	0.30794028842957216	0.2263257537096558	-2.0656914326046705
648	0.2996491290501597	0.28873010909695696	-1.7027329111762461
649	0.3544219416229027	0.33618141671060187	-1.4267448596307506
650	0.3509609736921011	0.3392429308187081	-1.4089383679666028
651	0.5146816960489854	0.4055409514530828	-1.0233333666211273
652	0.5201384588719514	0.5226696073913013	-0.34208534294735843
653	0.4645896300175967	0.4963949295607973	-0.4949050965876399
654	0.3968721704392458	0.4539682080455931	-0.7416689645042635
655	0.354626552886874	0.36947120003495354	-1.2331235897836452
656	0.37727847315139845	0.3159834631458467	-1.5442209446931616
657	0.38644432052670047	0.2242056911323102	-2.0780222190318893
658	0.31156166566303833	0.26386027489599895	-1.8473817613042076
659	0.3330334858482374	0.25243834367259	-1.9138144204187233
660	0.55793825013888	0.4258409556159175	-0.9052637310932087
661	0.6827863391398006	0.628946415809821	0.27604576354857346
662	0.861999928643009	0.7624848946763714	1.0527372066760683
663	0.80629465902584	0.8114383681660291	1.3374622109857421
664	0.6518373673476809	0.7574861750455929	1.0236634685537482
665	0.6838981978527937	0.6618566600970968	0.46745954440125703
666	0.47493886814782726	0.7355145332813644	0.8958711925402344
667	0.2960832793949589	0.699537457356175	0.6866199920097319
668	0.4173280726842411	0.30262976489761195	-1.6218892186733926
669	nan	nan	nan
670	nan	nan	nan
671	nan	nan	nan
672	nan	nan	nan
673	nan	nan	nan
674	nan	nan	nan
675	nan	nan	nan
676	nan	nan	nan
677	nan	nan	nan
678	nan	nan	nan
679	nan	nan	nan
680	nan	nan	nan
681	nan	nan	nan
682	nan	nan	nan
683	0.5512223975886557	0.5786826136874116	-0.016300422651005224
684	0.7087210110588464	0.644883854300858	0.36874168315485756
685	0.6923808722446194	0.715196900500661	0.7776990247926217
686	0.6985956228664619	0.8607918905788022	1.6245139946481042
687	0.5292659753052976	0.7542642853140488	1.0049241942529572
688	0.42102479470866666	0.6449250900536894	0.36898152006663654
689	0.4115811948513178	0.6504486466272048	0.4011078342398518
690	0.5277037412135454	0.5995653459813696	0.10515849780029046
691	0.525502363044838	0.6669449138011379	0.4970540339142001
692	0.5607206205195086	0.6441053205705489	0.36421354645860615
693	0.602729458886088	0.6395338996712897	0.3376250790331456
694	0.6156342698784512	0.6276215950236785	0.2683402918597533
695	0.5969291880759121	0.6933336102778541	0.6505369470244837
696	0.525702522370362	0.694285375052662	0.6560726365331396
697	0.6231062902250886	0.6860516851259744	0.6081835444474487
698	0.5632508902226229	0.5285788461228369	-0.30771580993232484
699	0.38211107091081686	0.42519615000491695	-0.909014073352575
700	0.3525514857892058	0.5186705979520002	-0.3653445296540991
701	0.5074142829521406	0.40560924565072864	-1.0229361513811677
702	0.6627365388631395	0.5228790066873596	-0.34086742701162304
703	0.5626832175084758	0.5941236311981752	0.07350819487695741
704	0.5287753087074958	0.5980409597836164	0.09629230637841758
705	0.5367438753787783	0.5844410608025653	0.017192070583934675
706	0.3947694038299014	0.5527348474127795	-0.16721878120082048
707	0.4320856704509554	0.4776801662859331	-0.6037545953921726
708	0.5212908882112182	0.39398914136418905	-1.0905214319999748
709	0.5928043841395059	0.5087348097229838	-0.4231334288815334
710	0.5504466001328898	0.6057974852276943	0.1414060967401935
711	nan	nan	nan
712	nan	nan	nan
713	nan	nan	nan
714	nan	nan	nan
715	0.4666544996959708	0.6334508041857891	0.30224435393115207
716	0.6699187365194286	0.6419880383682209	0.3518989313514679
717	0.6443184737102047	0.5974621499982754	0.09292581148279987
718	0.6239271458166092	0.6338301054155919	0.3044504597821103
719	0.7301959827824634	0.6845191129463188	0.5992697414146672
720	0.5695518235799946	0.5495185806645045	-0.18592535089821086
721	0.5110733030220524	0.3937384227469309	-1.0919796709009268
722	0.35782091283495426	0.1192638481039459	-2.6883888504176827
723	0.33589098575743387	0.2596711678073595	-1.8717466009946648
724	0.31973916739536645	0.2934053332877277	-1.6755406992048703
725	0.3114967910786149	0.28298923998033204	-1.7361231666055699
726	0.35276351425440666	0.29528760338625326	-1.664592970193815
727	0.5527308184006654	0.3813704662313872	-1.163914637332553
728	0.5554662006386752	0.5634755555628964	-0.10474827693768404
729	0.5776393840334917	0.6413726126507526	0.34831946951623227
730	0.7086217473217741	0.6728283353072831	0.5312734078274067
731	0.8119768239951584	0.6492033181881878	0.39386470888244496
732	0.668976790177038	0.6388754070699888	0.3337951299942301
733	0.6806579492447763	0.6366805512549191	0.3210293283696147
734	0.740764335218966	0.648200490721768	0.3880320266569732
735	0.8122315480135842	0.6787746380148795	0.565858513711766
736	0.8106088885165118	0.7181435310436487	0.7948373264134135
737	0.5878895775868935	0.7190572526053222	0.8001517475778337
738	0.451865465782409	0.669198565088251	0.5101618039393725
739	0.43073446513799646	0.28256037359334824	-1.7386175551581622
740	0.383539375859346	0.13656234519325045	-2.5877766914185125
741	0.3563108615669839	0.15095748143826193	-2.5040511672171473
742	0.3835081367685669	0.5397181983514698	-0.24292669722565338
743	0.3835218801892218	0.6116933513338079	0.17569785139631827
744	0.395980469423382	0.3964598010579701	-1.076151489648322
745	0.5728921239617476	0.454965660559321	-0.735867544277569
746	0.7904162843028391	0.6167285209959401	0.20498359154003704
747	0.7849864705887972	0.631924884124512	0.2933692411954818
748	0.7687126698621731	0.5667176148847288	-0.085891691519369
749	0.753484374110682	0.6396568060104093	0.3383399314315746
750	0.6033399731828268	0.6839274179022988	0.5958283028006288
751	0.5788632585416291	0.6440097864004313	0.3636578970825876
752	0.49558669544721173	0.32199617803488756	-1.5092495698211275
753	0.39182657655655073	0.8572734590005758	1.604049962683438
754	0.3630491969603408	0.8571888409233149	1.6035578038907041
755	0.45767174457387083	0.31090649550125127	-1.5737497918094525
756	0.443772479511169	0.2994427851010223	-1.6404254485184626
757	0.3790168361941029	0.4493121684190879	-0.7687495945029251
758	0.3781161765210432	0.5883709472220287	0.04004922142440822
759	0.5385766188671961	0.7320318759267052	0.875615231938706
760	0.6071790958280464	0.6249668459994864	0.2528996423313004
761	0.6516155989392993	0.6904528546784258	0.6337817896884953
762	0.6068984382382834	0.8397442268951961	1.5020957941441218
763	0.7048932229823044	0.8630702631998708	1.63776554981078
764	0.7232201296889764	0.8308340497784551	1.4502720922264218
765	0.8116598724211489	0.7938457181515728	1.2351391888565175
766	0.6710269929985686	0.6930987444345077	0.6491709116138783
767	0.3909706287337765	0.5565572674833665	-0.14498668011607885
768	0.4233599589885678	0.7407778216500055	0.9264837251475682
769	0.4193661404996098	0.7406919538535173	0.9259842976916116
770	0.4684026261588183	0.49829707654009614	-0.48384175892697484
771	0.400677652330443	0.3273021793111197	-1.4783886088198308
772	0.27756488616141606	0.2018536640226889	-2.20802690636958
773	0.28558992602708494	0.17495928003858655	-2.364451017876138
774	0.26130422806768133	0.20789955332425397	-2.1728625812516165
775	0.27983985466278016	0.20133282085693147	-2.211056253666994
776	0.3286288965861499	0.21678002784431763	-2.1212116366760236
777	0.4301077806766417	0.32443665786681686	-1.4950551606989526
778	0.5612283468037252	0.42699049636329	-0.898577729653108
779	0.5820583441190957	0.5080558430118445	-0.4270824601958508
780	0.5248119116163469	0.601386968192232	0.11575348432250299
781	0.4221103568990091	0.5818433065175038	0.002082915966625102
782	0.37267042675816897	0.42888159594657854	-0.8875786462659893
783	0.32666140857863174	0.3288318743176436	-1.4694915401079034
784	0.32518684133378967	0.3816921183485331	-1.16204383238426
785	0.5425307553344716	0.47183772618190867	-0.6377356117576163
786	0.5684666548130395	0.7437786966182083	0.9439375252019164
787	0.5187832282356736	0.7038632608455331	0.7117798903652692
788	0.49084546160817266	0.7092847624043368	0.7433126283847973
789	0.4936560628745054	0.682856588368713	0.5896001044353061
790	0.5559385801487209	0.618762442131132	0.21681335892325213
791	0.5389480975520164	0.6294516594410791	0.2789843802560839
792	0.37873397286909866	0.6306463534745529	0.2859330039099589
793	0.34774685869300614	0.7509437368801208	0.9856110975559403
794	0.5114751314819199	0.4612223234331942	-0.6994773101074832
795	0.6144918489207938	0.5293141894476119	-0.3034388788712454
796	0.5782885951366787	0.7063517688530044	0.726253642739585
797	0.5675125350936899	0.6979202851323338	0.6772141350688564
798	0.5659307144161021	0.677343348710657	0.5575337958876219
799	0.4535310249321919	0.4135830455007099	-0.9765586415783131
800	0.38324978994323516	0.23300509615978252	-2.0268427938395397
801	0.40764880800741016	0.5801435225126237	-0.00780343067264367
802	0.368839876242267	0.5972159501303389	0.09149385469889419
803	0.41311660521243804	0.5686174605663604	-0.07484173875136874
804	0.34498482530610197	0.6637593432655463	0.47852600066510503
805	0.357882224137179	0.6258895217430425	0.25826614313978624
806	0.35433447590341244	0.6554806812145964	0.4303753400458326
807	0.40079687611132236	0.48156869842397676	-0.5811379708538406
808	0.37388264422768736	0.6104123176038827	0.16824705560445607
809	0.46941338456717774	0.6400438416857417	0.3405910226508788
810	0.5267541551825228	0.7464261917414965	0.9593359843234603
811	0.5616003075041058	0.7141069628992851	0.7713596893762168
812	0.6061650116009161	0.718100577654528	0.7945874993218772
813	0.5850813334232253	0.7104803778965427	0.7502666114610537
814	0.4240259360974876	0.5966004492802023	0.08791395587425245
815	0.42064117988208866	0.4764249009269307	-0.6110555162313703
816	0.40282468291810225	0.47601275627361544	-0.6134526472177176
817	0.3420570214378661	0.3909287321426569	-1.108321497381938
818	0.38487674444147174	0.3083808177321368	-1.5884397323271133
819	0.3009514670052791	0.5114721928290906	-0.40721215994750853
820	0.30286263477929126	0.5680804864918249	-0.07796490723743384
821	0.3625427678914467	0.31938558105423	-1.5244334205998793
822	0.37319858049996285	0.47152183979506523	-0.6395728818519308
823	0.328592140840464	0.4120028762285883	-0.9857492805818946
824	0.4070025731661704	0.4850601209800267	-0.5608310297635779
825	0.41104079324549003	0.5019939366384811	-0.4623399443996093
826	0.30093389047479113	0.43225797125129933	-0.867940847256879
827	0.36109862679215	0.5502102971918378	-0.1819021636310675
828	0.47539440909435515	0.6525355436610201	0.413245722005312
829	0.5405983313152884	0.6747994268456025	0.5427377433839284
830	0.6302845650053096	0.7764817143118123	1.1341460270708992
831	0.667284728543562	0.6218331412074565	0.23467327253949263
832	0.5697476339655505	0.7293648807913435	0.860103356125233
833	0.6769229994123751	0.7963295432641421	1.249585704404187
834	0.7052284969043225	0.8248017578866876	1.415186852866572
835	0.674998618023079	0.8054899481139339	1.3028647901239443
836	0.7238245729531453	0.8071670026190201	1.312618936605278
837	0.641419000763797	0.74807874418516	0.9689476210083107
838	0.6026500317664538	0.5058133051632903	-0.44012559182836103
839	0.5767279740561578	0.6611118033856163	0.4631272812283244
840	0.5415062297353102	0.6896618906023114	0.6291813551549166
841	0.6028400360261466	0.5996760083281296	0.10580213623719995
842	0.5505429880487704	0.5115618583505042	-0.40669064402328525
843	0.4172328792993478	0.5466673219216933	-0.20250894752504536
844	0.37782350155110295	0.6123047185475289	0.1792537080118511
845	0.43410646525159946	0.6580653342306007	0.4454082945771655
846	0.4581247375261569	0.636770860569592	0.3215545887480203
847	0.4727189378709905	0.6678715792467345	0.5024437397753554
848	0.6249623822198144	0.6408877697375324	0.3454995082200166
849	0.6409991674206368	0.6259451647654711	0.2585897761462194
850	0.4703445712384978	0.5294194836267219	-0.30282646296970145
851	0.4321685529451156	0.6051306066597276	0.13752737293158676
852	0.39717066934632017	0.5252052480445127	-0.32733745593448
853	0.37842918458336	0.650987136807328	0.4042398207553477
854	0.36639577531485346	0.624613401994494	0.2508439282282768
855	0.40209659652375435	0.5814999051421836	8.561217798497266e-05
856	0.45565880247083695	0.6609851727737338	0.4623907675768144
857	0.4360870985985576	0.53298795215179	-0.28207140426291527
858	0.37628176069774016	0.48212180121187254	-0.577920993948196
859	0.38336965856679406	0.36209989286836586	-1.2759968593427098
860	0.30983416122244156	0.34671005591002374	-1.3655077986474535
861	0.26744015658073367	0.21023241261481984	-2.1592941187052244
862	0.24502554190966833	0.13556892079218844	-2.593554683187237
863	0.29022474250369085	0.2453336259608287	-1.9551371425239816
864	0.33158420825723556	0.30074038356497734	-1.6328783083074645
865	0.3592094274335534	0.40629144053246696	-1.0189683442615358
866	0.40015929414789925	0.46850521244745924	-0.6571183014783697
867	0.35509126881107633	0.4511548767241348	-0.7580319662593074
868	0.2791346674558529	0.3096216433749788	-1.581222796299471
869	0.27279744322762944	0.36602998486246463	-1.2531385128314332
870	0.500399744770712	0.5220693453996995	-0.34557660895899006
871	0.6949107654070581	0.6608140896137704	0.461395707369939
872	0.684568295412221	0.711817409022111	0.7580431013779545
873	0.6532231370598884	0.6350751495414859	0.31169193150700836
874	0.7235456135216622	0.6916468013141182	0.6407260662997322
875	0.6218270397287091	0.6692799863390834	0.5106353692319155
876	0.392275646122754	0.4867778966109221	-0.5508400395631978
877	0.30577613807592263	0.41749587575477926	-0.9538006934382636
878	0.2584630602206555	0.18958445953199876	-2.279387507619378
879	0.23236291876446274	0.12859411939696894	-2.6341217812039392
880	0.23889494606024164	0.12921586339431726	-2.6305055707554224
881	0.2538884882885784	0.3416081220645367	-1.395181855105385
882	0.27904955387703206	0.5067855689170139	-0.4344706753998551
883	0.3816044349274744	0.5538704493490891	-0.16061385118950763
884	0.4858464324924154	0.5321242791623494	-0.28709473106918504
885	0.7306290549618503	0.64788349976363	0.38618833211421455
886	0.7137667319179727	0.6199548455498792	0.22374865981897737
887	0.642517618960547	0.6572730013053454	0.44079989849255136
888	0.6638731007661537	0.6852763762531477	0.6036741642866411
889	0.47889404528281987	0.7113844385787045	0.7555248426605026
890	0.3949816913563025	0.7512033207415943	0.987120898818406
891	0.4801466562885734	0.6665432380684342	0.4947177926513752
892	0.6093589937522264	0.7251114833207789	0.8353645883359948
893	0.5557556678181031	0.7539276727966859	1.0029663760712284
894	0.5564283775892466	0.6260475151254734	0.2591850700981165
895	0.5326800129993893	0.612930737269249	0.18289478127046965
896	0.5952067351994296	0.621224997662573	0.23113616554596275
897	0.5366206238727128	0.7095749649954622	0.7450005154358832
898	0.6008060239440997	0.6614217828388905	0.4649301951969946
899	0.7273497137537764	0.7246768577535536	0.832836703026131
900	0.7755350042733687	0.5126655477755724	-0.4002713247409573
901	0.5381011382961317	0.5026952889356227	-0.4582607132114811
902	0.40146122082004276	0.6948235449998835	0.6592027604981809
903	0.4811533566924232	0.5153463766454198	-0.38467898864897254
904	0.5962958356015408	0.45459187599149664	-0.7380415639149529
905	0.5944522193685229	0.7391260550380786	0.9168766590463482
906	0.44622341771561524	0.670250478086679	0.5162799792527971
907	0.4613211796896122	0.7253384610441599	0.8366847445713129
908	0.60138652997214	0.7016171666077465	0.6987160739300817
909	0.5234024634229244	0.7205121110260475	0.8086135489696901
910	0.352708166226096	0.6023459562868416	0.12133118637112937
911	0.29587942873893863	0.34866674559111227	-1.3541272277059793
912	0.3155276783151232	0.2734112723647839	-1.7918308963377818
913	0.3319951486765082	0.29372864589558767	-1.6736602364490305
914	0.3402973714120347	0.238360481249912	-1.9956946048721271
915	0.2893919300874992	0.26912918658137	-1.8167365221539868
916	0.34915033997871175	0.5395523598930351	-0.24389125300538828
917	0.45706856752109465	0.6078478395307139	0.1533314433223302
918	0.4617954388085105	0.6121986319893388	0.1786366834457749
919	0.38840239858205833	0.6075635415259417	0.15167789874492485
920	0.39149654455363014	0.6452762358116416	0.3710238670201658
921	0.36025764648575903	0.44598196856982447	-0.7881188261190213
922	0.45721995496949264	0.5849014606753158	0.01986986536351756
923	0.573800551227522	0.7518349065239454	0.9907943514211066
924	0.9230376737988408	0.8143924208978214	1.354643681815759
925	0.9521279017894098	0.7672628068768669	1.0805266764501535
926	0.8251662303463965	0.8293027911522414	1.4413659291317837
927	0.9161117754422483	0.8524507838233875	1.5760001408276054
928	1.0220309623581132	0.7455404863555288	0.9541845118770768
929	0.982868368512288	0.693971765968475	0.65424861177082
930	0.8892429541631981	0.6761964681244548	0.5508632665753738
931	0.9206027463187556	0.6906049593618301	0.6346664665776024
932	0.7885203215279867	0.5801173917505806	-0.007955413377954563
933	0.5184722383332595	0.48967585044862194	-0.533984853197257
934	0.452768379832021	0.7450281595235222	0.9512046975952184
935	0.4623936051383748	0.7211233367250701	0.8121685825021965
936	0.507458793282119	0.6277183114267159	0.26890281738263444
937	0.4741363596434249	0.5722481683190456	-0.05372468194540291
938	0.4333911137739391	0.5679050857961101	-0.07898507925554109
939	0.4573607253954075	0.5141652237546854	-0.3915488538072801
940	0.5134504749524847	0.5542195907955417	-0.1585831617867035
941	0.5105748502434793	0.5476772517140943	-0.19663495648834003
942	0.4730555647360963	0.5834490295640162	0.011422181778579735
943	0.4482893791888988	0.4981028775468374	-0.4849712662989943
944	0.31410525791472566	0.5267911996361534	-0.3181131855901046
945	0.4093724844185775	0.6957071670535934	0.6643421157903813
946	0.46115872074316683	0.6348942046985929	0.3106395134148906
947	0.535340783863855	0.524011162604103	-0.3342825398668514
948	0.49366296328707265	0.5136679788846985	-0.3944409478234463
949	0.39135003118991485	0.5745678620871723	-0.04023279319788573
950	0.5079392837875768	0.5436071855808484	-0.22030742576825582
951	0.7802054700608623	0.5716601208521775	-0.05714490538621072
952	0.9140356510211081	0.8308833434732088	1.4505587960382391
953	0.7678181941321094	0.8259835040897895	1.4220601688702301
954	0.9025302994122175	0.8468901665803945	1.5436582730169361
955	0.8989657897361021	0.860499616528455	1.6228140594992264
956	0.6579999126045689	0.8303170442846451	1.4472650657386228
957	0.5434475464129569	0.778396549568256	1.145283162758695
958	0.5083581877629739	0.603624983093697	0.1287703094227559
959	0.575354179174703	0.6811390870330631	0.5796107096010849
960	0.6234707092345596	0.6321790178217024	0.2948473430107301
961	0.4468381880483716	0.5612937685785786	-0.11743806714519446
962	0.4732201721771264	0.5782353267082747	-0.018901949733436115
963	0.41150466792185414	0.5987491623896396	0.10041138058659782
964	0.42802448444292884	0.5413840480636216	-0.23323772047568098
965	0.41413969983872556	0.7341352467885979	0.8878489353927371
966	0.5253013186682736	0.7839416419043211	1.177534734031104
967	0.6462992663751436	0.625317645138857	0.2549399732690067
968	0.5430637267817553	0.5729880679473703	-0.0494212503429855
969	0.5891082603994457	0.5612393341286953	-0.11775467080725918
970	0.4558660326389463	0.7394517011637862	0.9187706940950586
971	0.34378082268068083	0.6419057328952473	0.351420223213381
972	0.3622506494117223	0.5951796224211439	0.07965009011089295
973	0.5571109734592042	0.5371142661610009	-0.25807178400504205
974	0.5334689942261609	0.591197271502641	0.05648779330936142
