ID	SN	ssim	z_ssim
245	0.47164887073943546	0.2409839656980442	0.20589279989921824
246	0.5437156040123737	0.26088255265938687	0.3921113628604703
247	0.6157273393334287	0.23425662709491524	0.14293580050714172
248	0.6899776368184497	0.32998809568410203	1.0388273804209007
249	0.7547382607918581	0.29057614442667773	0.6699953150629671
250	0.8709441334777722	0.2157465520561127	-0.030288538523923197
251	0.9043622869654198	0.09251391237042433	-1.1835465621601005
252	0.8591127645193589	0.16007669669946578	-0.551268268638189
253	0.8861241832861461	0.21460927513532613	-0.04093160952636709
254	0.7543919000968549	0.24873272163127697	0.2784086120735877
255	0.6129478134568317	0.2839327784771248	0.6078241637769569
256	0.5960403786104542	0.22239659623405153	0.031945110169343094
257	0.6498441380035055	0.12774764126698618	-0.8538158945689496
258	0.6746103408686968	0.2379741800233715	0.17772607809893354
259	0.6852717767318626	0.27708370332391297	0.5437279073381197
260	0.7480776228421547	0.0712477447179038	-1.3825634666085873
261	0.7327010077040458	0.14022154539838932	-0.7370803441311721
262	0.6719763017438538	0.24699465240759805	0.26214309765342064
263	0.605134225045507	0.3420604403216449	1.151804984023791
264	0.7127669301658704	0.23954269237122036	0.1924048146328811
265	0.8368208208771268	0.2141704663188351	-0.04503814972343911
266	0.8373945354542353	0.08034847546754342	-1.2973953586727052
267	0.7716973943530835	0.06533473238297544	-1.4378996903274708
268	0.6651308502323973	0.15226203088644769	-0.6244008905952037
269	0.7326547524591749	0.17597898754512867	-0.4024485682833754
270	0.8150501393482368	0.1486641081232163	-0.6580716234927783
271	0.9915664677198138	0.18206485738727987	-0.3454946781113594
272	0.9254572740351059	0.2973060484755225	0.7329763228741077
273	0.8584402355526515	0.3662261108556916	1.3779565418498652
274	0.8328736884614361	0.32028268005901334	0.9480004008892974
275	0.8191062974821793	0.29931619919505914	0.7517880796614038
276	1.0002213575459618	0.3799281965570672	1.5061858836538378
277	1.0924137830146898	0.18579702963377773	-0.31056758736783646
278	1.1647650476398752	0.2454033774380762	0.2472513398277898
279	1.253392785856381	0.29022149345891296	0.6666763560987815
280	1.2411614793784163	0.1664637226560079	-0.49149604473434483
281	1.1783487708177054	0.13701636228412706	-0.7670756696648459
282	0.9407986113071607	0.17120553992768311	-0.4471203109261276
283	1.0020133351855218	0.30267941067506526	0.7832622948887582
284	0.9777049829886215	0.33195750346630126	1.0572578492676745
285	0.9612067887813862	0.30898385021696023	0.8422616436389249
286	1.076945997458063	0.19326266525287777	-0.24070132303047465
287	0.8671947811329561	0.13759048034336763	-0.7617028539885579
288	0.7967596983345547	0.14261712892534498	-0.714661560188876
289	0.75443959270839	0.12300216913101986	-0.8982258319905908
290	0.7906545747027787	0.18979692318576202	-0.27313505858096654
291	0.847556895703569	0.28372470219317003	0.6058769065842905
292	0.8771446919302833	0.2578191711135736	0.3634430704650553
293	0.9922450826825246	0.11264178542949661	-0.9951822524828052
294	1.2457798729148857	0.13575854786514027	-0.7788467765294037
295	1.2681947562906932	0.11237318577185659	-0.9976959104804701
296	1.0241305699159025	0.1963406190802655	-0.21189665766851998
297	1.0412614651617975	0.14009364032033492	-0.7382773286143924
298	0.9946418306511567	0.23361500909795044	0.13693129467981938
299	1.089743679549702	0.3121912033800517	0.8722772773168559
300	1.0437485083928097	0.28578714357845636	0.6251780193570701
301	0.8592460044946856	0.30324303739182645	0.7885369285823838
302	0.9849966590118967	0.25331498226119775	0.3212911539985744
303	1.1278945744645896	0.3144280833380333	0.8932108527562275
304	1.13378741401051	0.2668583271700002	0.44803493894699087
305	0.8415525104118506	0.23179024727033767	0.11985447782117806
306	0.7316518255071784	0.17190185598717184	-0.44060391977650787
307	0.9160688786126704	0.11721105967723888	-0.9524212420731993
308	0.9101300639482798	0.18125420581075466	-0.3530810646189073
309	0.8612245172375715	0.24672012913506386	0.25957400420924537
310	0.943676367352802	0.20570522613851394	-0.12425909463594607
311	0.8567888357799767	0.1940899504172795	-0.2329592730661561
312	0.8154474205045332	0.15443576303967818	-0.6040582763872882
313	0.8303249756293434	0.1774665708158352	-0.38852719690688864
314	0.8181121281732916	0.17819284697180582	-0.38173042775234434
315	0.730416287626684	0.18778229239772082	-0.29198874155731863
316	0.8225161427365708	0.17798928943666847	-0.3836353967708405
317	0.9196638281846086	0.14623028712280933	-0.6808482482893622
318	1.0078301016196978	0.1963184831515603	-0.2121038141284889
319	0.9971733615657749	0.23374473469086443	0.1381453162351525
320	0.7217140794017066	0.23912938527590502	0.18853692926489823
321	0.8716200605762066	0.2713546753458021	0.4901134793728976
322	0.9062479823874438	0.24258291143547503	0.2208563436953601
323	0.8517977434709543	0.10331343004954394	-1.0824805584892252
324	0.9505897887934015	0.23751413764243257	0.17342082611063145
325	0.9875046927551678	0.26538883002431024	0.4342828244235996
326	0.9208296356063211	0.2706373202830984	0.4834001972102405
327	0.9566212027683734	0.35272862127089427	1.2516418885054634
328	0.926210451162056	0.17696513743644582	-0.39321980163867676
329	0.708493098796522	0.01824198532052771	-1.878611571070736
330	0.5051691694203421	0.012101627177021953	-1.9360753835400566
331	0.27058267062385205	0.052928932733866015	-1.553997893055655
332	nan	nan	nan
333	nan	nan	nan
334	nan	nan	nan
335	nan	nan	nan
336	nan	nan	nan
337	0.12907835142684418	0.1299357126765254	-0.8333390881337704
338	0.36735141400260474	0.09636619679891921	-1.1474954158256414
339	0.442682302425309	0.3926865701229054	1.6255836075107535
340	0.5394471215410749	0.4281621211970831	1.9575773392328029
341	0.6115572461136342	0.3277487065368744	1.0178703230319563
342	0.6381038251702866	0.09798796995677092	-1.1323182443264297
343	0.8110322711671332	0.1690963150839429	-0.46685924113893756
344	0.8064645374202619	0.26910508256413573	0.4690609324828219
345	0.8145055080093546	0.23369049891540267	0.137637757171426
346	0.7742069371381318	0.23361244838312564	0.13690733053423693
347	0.7250668419499491	0.22731706426258155	0.07799272586937868
348	0.6567343108544502	0.23991130025298074	0.19585438771919925
349	0.6120566132605691	0.6454123389856687	3.9906877022050122
350	0.6651371947452946	0.6238848316349637	3.7892250812272468
351	0.664013638495587	0.5570509823030668	3.1637684393092473
352	0.5244389463713552	0.37151480499485695	1.4274501578764833
353	0.47753730233623526	0.3989699561524474	1.6843859294658379
354	0.48801458716859764	0.32414535409617234	0.9841487771425905
355	0.5711285893326528	0.08825757435453964	-1.2233789960075498
356	0.7891454966122499	0.1211385817258595	-0.9156659934058631
357	0.8358345174385748	0.19890058630751184	-0.18793950838893383
358	0.8196577512078114	0.18949780021023155	-0.2759343654242209
359	0.7886916252282248	0.2012596270618741	-0.16586270564420624
360	0.8149278396380657	0.21372225263406072	-0.04923270426343749
361	0.8468364762295417	0.17528644101292906	-0.40892968275952146
362	0.7048046720102437	0.16444771929661772	-0.5103625727566624
363	0.6852507708160671	0.18216756415003804	-0.3445335090693373
364	0.8128183737787553	0.15429993323302107	-0.605329423502012
365	0.8692938325577775	0.2436644524553906	0.23097781688858693
366	0.8780369661160922	0.16558747461114293	-0.49969630800074466
367	0.77384053765779	0.09193183017654805	-1.1889939092445723
368	0.8444623782040304	0.08415499828698582	-1.2617724669220065
369	0.8416969098732685	0.23975337201096172	0.19437643502150712
370	0.7834248484821441	0.28476055398960465	0.615570802605532
371	0.6208221333188674	0.2411253341055361	0.2072157793521013
372	0.4859175020779843	0.31921970876474576	0.9380527102682437
373	0.3880146473183623	0.7284582783526075	4.767863263400495
374	0.30791788977990037	0.7238707661324726	4.7249315750921586
375	0.4136288419943915	0.6672803532762583	4.195336916941763
376	0.5741488904907966	0.1473968110776414	-0.6699314723921229
377	0.6517292053584899	0.2013529239848794	-0.16498959747001773
378	0.7863564583970089	0.1431484634668254	-0.7096891289826613
379	0.8368541108632798	0.21430965243711156	-0.043735592965014496
380	0.8430678945048217	0.23800718858374809	0.178034984791187
381	0.7551515993223177	0.23629915688863923	0.1620505730149459
382	nan	nan	nan
383	nan	nan	nan
384	nan	nan	nan
385	nan	nan	nan
386	0.7334783262728302	0.18722900364744563	-0.29716662861930127
387	0.7202356920508393	0.22275719800560617	0.03531975902409052
388	0.7464489279606997	0.2142356128323341	-0.04442848381352855
389	0.8015968946411891	0.09215101605805683	-1.1869426842025501
390	0.8278172651150044	0.08009898143265051	-1.299730218968837
391	0.7805671384458088	0.12837396373369575	-0.8479545301450542
392	0.7083240165390166	0.1454906538490268	-0.6877700184446847
393	0.6930976973344596	0.15301165558364208	-0.6173856168904429
394	0.7247185856101459	0.17268081948445396	-0.43331408239534336
395	0.7060382748184754	0.2186897986934816	-0.0027445144022028604
396	0.7044986574852957	0.3081186027972555	0.8341643284166749
397	0.6248703775755277	0.2512846976193238	0.3022909762901491
398	0.5453043907336572	0.10619608704140399	-1.055503555369494
399	0.5670213987337632	0.25223748580551053	0.3112075313793541
400	0.6076181792098003	0.31138419901637204	0.8647250228175876
401	0.6548830872731712	0.25384661636773415	0.32626638864878976
402	0.6639026218627643	0.2066780404044439	-0.11515512785772118
403	0.7707634419703883	0.2557715075342748	0.3442802540346273
404	0.678708646833573	0.1617058981831913	-0.5360215800334602
405	0.653219333300759	0.158437454295362	-0.5666089240038381
406	0.6061117209032498	0.22830958029102394	0.08728106925233411
407	0.6264157730103526	0.22335837301883527	0.04094578399105027
408	0.6279966424241218	0.23343573020611486	0.13525353446137947
409	0.6517310602525387	0.17741634295781686	-0.3889972483511931
410	0.5434858831341662	0.16347354040402712	-0.5194793102314306
411	0.577513503573124	0.23697175315250738	0.16834498527416605
412	0.5841469470385344	0.18121286103255946	-0.3534679848156238
413	0.658058427963704	0.2504391452948488	0.294377975277656
414	0.6040444110090304	0.25385596949966455	0.32635391882320114
415	0.5967155587436577	0.18000771716644304	-0.364746180566194
416	0.6374635126955323	0.10193363617512238	-1.0953931956014327
417	0.6506697107707433	0.1768766141560416	-0.3940482362454914
418	0.6423012109449483	0.18545416691665956	-0.31377622738829486
419	0.7218359235825349	0.24045410021030084	0.20093411665793978
420	0.6712171541465471	0.2447239426700084	0.2408929302391445
421	0.6750376236022817	0.2490065529739578	0.28097123017440245
422	0.6326142992433842	0.24400482673685858	0.2341631691795348
423	0.8254643779343482	0.12368235885291723	-0.8918603572561881
424	0.8905429148493704	0.06276811072313498	-1.4619191143242218
425	0.8038322921627875	0.18648597368371683	-0.3041201862941017
426	0.7895123233800807	0.14559551601361403	-0.6867886783306164
427	0.8324916233632126	0.0687367588021433	-1.406062230101556
428	0.7146574469215784	0.06821120577274536	-1.4109805557135477
429	0.5946827822287919	0.12471277183569827	-0.8822173597266209
430	0.5109458645164189	0.14202642257094458	-0.7201896154554245
431	0.49353408460276893	0.1733598420631966	-0.4269595302315466
432	0.5754965905940592	0.1304631699089246	-0.8284029422641308
433	0.6115394502627098	0.09934813895066275	-1.119589264328048
434	0.7723257191809115	0.10912667926155188	-1.0280779561085231
435	0.778695579364352	0.23087699923143076	0.11130795450458214
436	0.6775692154348707	0.2540038941453206	0.3277382540523376
437	0.5189354319821193	0.28433356807727295	0.6115749056529705
438	0.7852223944961242	0.2628042548039649	0.4100953841629926
439	0.863729626528729	0.20373930753291114	-0.14265691043790993
440	0.7919324686827618	0.23967398942153811	0.19363354248570414
441	0.7352075877751877	0.2641853820968084	0.42302049991314783
442	0.7312049777558822	0.22486268472832163	0.05502370647522217
443	0.8029514481535067	0.21839306728506333	-0.005521440048655365
444	0.7411474827791915	0.11459987269753759	-0.9768577253233797
445	0.8123660266164876	0.14157285173870526	-0.7244343042237694
446	0.6817947369995623	0.18774367662775993	-0.2923501226545659
447	0.6901643602758258	0.42574941492633356	1.9349983141261748
448	0.7875088481253063	0.3326578428041719	1.0638118917902348
449	0.7881123723834185	0.3750640776607292	1.4606656046155106
450	0.8118881498005444	0.2986051070328993	0.7451334081097167
451	0.7688277393232437	0.3220831775688295	0.964850143011421
452	0.6488037931229423	0.4014117155815098	1.707236845104242
453	0.7499621975930415	0.3464825760182748	1.1931890157766925
454	0.7477604364107308	0.21176925343578756	-0.06750961532618992
455	0.7851926170538016	0.08876489401876347	-1.2186313051781816
456	0.7875373521041337	0.01590105479052527	-1.900518891431526
457	0.6045590367486304	0.13978196364915602	-0.7411941177275209
458	0.6721510988338832	0.23268221527416155	0.1282018544566239
459	0.7794077017067343	0.1777244208642344	-0.3861141378507018
460	0.8989695404349571	0.23489077333945735	0.1488703828267467
461	0.8573947489437166	0.2085326335228144	-0.09779913840722818
462	0.8149276798190169	0.32262975081339473	0.9699651838107373
463	0.7704260183998208	0.3035303376067146	0.7912255935242145
464	0.7764753866164485	0.21583074870713542	-0.029500594164353335
465	0.8559263780023292	0.1769491687638104	-0.3933692425651277
466	0.7609315076257553	0.1635136238655363	-0.5191041939171287
467	0.7594161522924432	0.18722027799838817	-0.2972482865697649
468	0.7208741098175551	0.17936091132546134	-0.37079923621565053
469	0.7326631316623733	0.17946615788188866	-0.36981429881619643
470	0.7375151715259534	0.14015157615264157	-0.7377351430080945
471	0.6947390503937353	0.24261920393313402	0.2211959827246772
472	0.6971008888207897	0.2784094177520591	0.5561344483747255
473	0.7289168340577341	0.2665647199506632	0.4452872506530332
474	0.7445264929381148	0.24875928617425846	0.2786572131943279
475	0.768165049544208	0.15444244473851348	-0.6039957465022432
476	0.6704642240211007	0.18085969705902616	-0.35677302792088655
477	0.5869427157451481	0.214888350611671	-0.03831991482344021
478	0.5496963120720942	0.18241709506078577	-0.3421983036748976
479	0.5528479092063191	0.11131540684540596	-1.0075950089439443
480	0.6696317796087641	0.14954490953326843	-0.6498287480990227
481	0.6648883261786511	0.1289362071807485	-0.8426928416167208
482	0.6321156935886051	0.13656115887783002	-0.7713356366836287
483	0.634690250161853	0.1141570467308784	-0.9810018595432317
