ID	SN	ssim	z_ssim
494	0.4346721706728992	0.6231853351779966	-0.08775082449225863
495	0.4585444774400102	0.5834210333916805	-0.3181822718674805
496	0.4430739346792045	0.317872534730785	-1.857017914539437
497	0.46701959868639537	0.39926125403748025	-1.3853757745456354
498	0.5436403544279937	0.5954534104939523	-0.2484554579543263
499	0.6181399044323667	0.6136523355661487	-0.14299391439209103
500	0.6535530409478205	0.5955329486451738	-0.24799453973159435
501	0.5043318853816543	0.6080951189308622	-0.175197610046755
502	0.36879672097003563	0.4841851998648482	-0.8932472352599392
503	0.40496135234056524	0.27141356242843795	-2.12624452610487
504	0.4952777529014659	0.7007280382284233	0.3616039106497478
505	0.7058588897142916	0.7858772687312	0.855037959437531
506	0.7881713500800963	0.8006481653168093	0.9406343090865763
507	0.7154777113809024	0.857504122906753	1.2701107492805672
508	0.6990013982871207	0.8564589464375337	1.2640540221221488
509	0.7546161944050697	0.8249854504998524	1.0816672355553631
510	0.847834921621363	0.7773265461576251	0.8054870987353597
511	0.947360312165072	0.7525632363387565	0.6619853882306228
512	0.9099150008039196	0.701104325355319	0.36378446917546203
513	0.8904935462616738	0.7956491308963498	0.9116652417262275
514	0.9343591965973576	0.8328152388755306	1.1270403311963908
515	0.876750853538345	0.7854555300432874	0.852594012180716
516	0.9943906547456857	0.8044139851044039	0.962456980810396
517	0.9264863872146901	0.838183026724542	1.158146299808582
518	0.8356096386074304	0.8184333614766326	1.0436983215011146
519	0.6327477946120471	0.8303687316969511	1.1128629870749376
520	0.5555605949059558	0.815511655824237	1.0267672342685565
521	0.5240518247301725	0.4751913302793703	-0.945366103012795
522	0.7855505862128723	0.5502108622651598	-0.5106329740421744
523	0.8591077438971019	0.5115786011228933	-0.7345043222234582
524	0.9225107316837378	0.6142654240444849	-0.13944110800330398
525	0.8532943144928378	0.5301452191108258	-0.6269120230096343
526	0.7250428429870293	0.40875085470349776	-1.3303841786103139
527	0.6767482633474182	0.4115623493665657	-1.3140917566289123
528	0.585020504274733	0.45195922828160606	-1.0799945674501072
529	0.5575445211227232	0.6423766419705134	0.023461504218700743
530	0.5247178525427257	0.7526797184831038	0.6626603944022271
531	0.6379155314139264	0.7856334446681532	0.8536250154342714
532	0.7534199185437661	0.6971920398481264	0.3411130384833802
533	0.7572825441098588	0.6907494082861758	0.3037784230360032
534	0.6731526783781245	0.699878701327608	0.35668206058393287
535	0.49904259675299995	0.5027362840222096	-0.7857449535467623
536	0.40310213441822484	0.37633495914863646	-1.5182321074086313
537	0.48126768542702913	0.2847892242562034	-2.048733467790899
538	0.7103034664659161	0.40031283592616596	-1.379281928413354
539	0.8941907300666719	0.6798839052950615	0.24081356590970798
540	1.0256806640189606	0.8512417704742778	1.2338208392315093
541	1.2267329296582736	0.8380708844586822	1.1574964429401555
542	1.2814447912474352	0.7969238524734389	0.9190521673055456
543	1.4683609640789133	0.7622294338881042	0.7180003511961613
544	1.4940953277171507	0.7842270927401215	0.8454753008476367
545	1.4655421327145837	0.7333972472828222	0.5509197740958757
546	1.408137453379932	0.6794464140016288	0.23827833336616927
547	1.1819865510464471	0.854607676158207	1.2533260356925016
548	1.1294420788650412	0.8690931495539422	1.33726837720353
549	0.9938816948434134	0.8606496444622955	1.2883388345790006
550	0.9614162247301032	0.7615003480540727	0.7137753479533169
551	0.9839252511757273	0.809464450220307	0.9917240855826497
552	0.8937106473480003	0.8497605256536934	1.2252371253828789
553	0.9971176191574607	0.8165636196857875	1.0328632939078313
554	0.8268400067717283	0.8064183086746791	0.9740719007400535
555	0.7674839163439189	0.7155492903023941	0.4474920669581627
556	0.7336948093763922	0.6154385296828435	-0.13264303993653287
557	0.6810380764343387	0.6596033202984501	0.12328894346069623
558	0.8477420725152603	0.753723247822996	0.6687075765572684
559	0.7329522253356581	0.7190537706839548	0.46780029444724686
560	0.7492408485589479	0.5764016646666756	-0.35885904028291016
561	0.5075961263667608	0.7251393377807007	0.5030657453971427
562	0.4360144437065758	0.6621729831453924	0.13817996637540028
563	0.41991088535064414	0.21614815589245792	-2.446503830198783
564	0.534728752837012	0.4003214449087866	-1.3792320399396079
565	0.7680014898558007	0.6527967814221932	0.0838455096667363
566	0.8126591477441407	0.8759751149152333	1.377148902391933
567	0.9074361018757579	0.8801653365216718	1.4014309540367287
568	0.9310915433620524	0.8158283104755275	1.0286022266194113
569	0.9272851860496586	0.7948691103608747	0.907145075323261
570	0.7899537085197383	0.7905532630403276	0.8821350311366841
571	0.6549090612061405	0.7053164191157784	0.3881932684778757
572	0.5099337197114138	0.5701280722443233	-0.3952140853153458
573	0.37995809610102266	0.4813578291160063	-0.9096316580878088
574	0.3848544442405978	0.45841286192647285	-1.042596195674148
575	0.5807353105164772	0.6040470707304303	-0.19865577639110132
576	0.808980382203849	0.7451959051230626	0.6192922006462445
577	0.988670947030355	0.8538915883659373	1.2491763552251527
578	0.9801528190637169	0.8871639473751486	1.4419874319864447
579	0.9704878941786255	0.8802528805143663	1.4019382655709285
580	0.9238529014320325	0.844696921657816	1.1958938816871847
581	0.7560965824146527	0.7196174589330182	0.4710668298386662
582	0.762777452704168	0.7706524702991238	0.7668112791967472
583	0.8880472736948871	0.7940330846385245	0.9023003626390221
584	0.8875297987583275	0.781625485473271	0.8303991621737132
585	0.9936365316774632	0.8075105912646621	0.9804016046917307
586	0.9855184061180846	0.8071192720626608	0.978133936304456
587	0.8282410885698451	0.7725218421628692	0.7776441630874338
588	0.8053309454494886	0.8182291143913599	1.0425147234152117
589	0.7832084893381525	0.7692607972838619	0.758746627919752
590	0.5754521832801067	0.6383825452823155	0.0003159832495703612
591	0.4550703429880659	0.5733586233427032	-0.37649325955007445
592	0.44262340528972965	0.44681191527318936	-1.1098228992286105
593	0.4756545757449386	0.38360825200750087	-1.476083865760673
594	0.5351354470066672	0.3033843337378708	-1.9409760622921837
595	0.48195602489881684	0.2686901832622198	-2.1420263247240308
596	0.4669944371629579	0.23766824138163	-2.321796385980187
597	0.42620714583451735	0.2203143505873145	-2.4223610128863675
598	0.5043093887073061	0.31127670171577804	-1.8952403220762482
599	0.5942329304147169	0.3396820121130201	-1.7306334638154701
600	0.6660309497416235	0.6085917118844695	-0.17231988736798193
601	0.7340027297747992	0.5990928578899956	-0.22736510571771712
602	0.7510264684288339	0.6925085805067699	0.3139727074258595
603	0.7343543810494935	0.765281328954778	0.7356858773052342
604	0.594263881775939	0.6884321405786692	0.2903500129342479
605	0.46246955178627713	0.5621507927329661	-0.44144188214167696
606	0.4699376603161092	0.6764115581389865	0.22069154829543283
607	0.5538760593189059	0.6665052082427239	0.16328491867401904
608	0.5861787680710671	0.6845965771683099	0.2681231816196168
609	0.5216099559857362	0.6825090426490219	0.2560260598516996
610	0.43373929509980724	0.4072841173091014	-1.338883822902482
611	0.42969017974470985	0.47212776663635136	-0.9631192477349262
612	0.5488588673342101	0.7896203848445689	0.8767290649002182
613	0.8065537608824258	0.806685092074442	0.9756178925513365
614	0.9813826607340499	0.835651959095941	1.1434789335815254
615	1.162577795899353	0.8582472642587274	1.2744172033020678
616	1.010854365978242	0.8231428675256707	1.0709895914732095
617	0.8686191316162578	0.7863198175767603	0.8576025001545965
618	0.70101789133752	0.7119077604170639	0.42638964683656705
619	0.6824995248946896	0.747555580202217	0.6329663586069891
620	0.9116360551315035	0.8289672770654877	1.1047416519916704
621	0.9629280562199805	0.7814028897557186	0.8291092350010755
622	1.044300038542782	0.8511250416187216	1.2331444033850856
623	0.8499172522996409	0.839021335680074	1.163004243675141
624	0.5783410958345958	0.7009296459200622	0.36277221362752865
625	0.41502208733193896	0.47248411043444516	-0.9610542594547549
626	0.3560398899886322	0.6402646280536325	0.011222525992483065
627	0.5197783955126782	0.6673374420368137	0.16810765738969494
628	0.5649594023477928	0.613440725668283	-0.14422017948046492
629	0.7267972380850166	0.6523729690137259	0.0813895453391465
630	0.8300375086145664	0.7624994919136623	0.7195653192431061
631	0.9397892144510016	0.8031890160627008	0.9553583678186139
632	0.981064057508431	0.7903067177819332	0.880706317989887
633	0.9008882244202835	0.797447002518581	0.9220837865389053
634	0.8989375055300434	0.7290600390753611	0.525785945010088
635	0.7123941388756311	0.5428431411623833	-0.5533284209959041
636	0.6634535896990574	0.7031193528143739	0.3754614174187888
637	0.7308356130794535	0.7543000430381326	0.672050065933223
638	0.8742836746258961	0.6484605320416259	0.05871723691814025
639	0.9507141977614191	0.8193272196607603	1.0488781694014644
640	1.0134885740458086	0.7837345040635563	0.8426207826842969
641	1.0702828752289382	0.8345618661803897	1.1371619186455206
642	1.0634677481891035	0.8597675371023857	1.283227081912585
643	0.7663000915622249	0.8019540409224329	0.9482017701604033
644	0.561835973637716	0.740565581569702	0.5924597878969874
645	0.4262201014528922	0.5906137478670459	-0.2765009765181548
646	0.374027158493999	0.2897174721037566	-2.020174603847101
647	0.3672125716951902	0.28957662898607833	-2.0209907802163944
648	0.38328236396833076	0.3754984318970269	-1.523079726421108
649	0.44355369545151463	0.32865615589657887	-1.794527557069233
650	0.5336212954789148	0.3365691385509279	-1.7486723561934527
651	0.6777435115401127	0.5076820539261161	-0.7570845504679844
652	0.7627335357245068	0.5707733564637476	-0.3914747067780491
653	0.6773289783736004	0.5690243564406714	-0.40161004396924394
654	0.6698864690848992	0.520152461669639	-0.6848193785270544
655	0.49628535741947455	0.3765603167460603	-1.5169261753283843
656	0.4627777977719181	0.3591947581620621	-1.6175584162889676
657	0.42525581976956284	0.21404122541926035	-2.4587133502116543
658	0.40843643244248284	0.2694446504521544	-2.1376542382353008
659	0.4037459822353294	0.32248610507788206	-1.8302825854907365
660	0.5226470327723753	0.49918903694805916	-0.8063010111354635
661	0.6596988423880503	0.6860952262220333	0.27680775182564604
662	0.9257423381407548	0.8175199058885233	1.0384049079662279
663	1.080718912410109	0.8586278814855087	1.276622854464622
664	0.9613946022845082	0.7844069170121122	0.8465173703775051
665	0.7914852051660436	0.6898867544832011	0.2987794024201904
666	0.44814881907206733	0.7387866861348303	0.582151208810413
667	0.3401879351388275	0.7097561288454226	0.41392108697259994
668	0.4615721728211891	0.366022926802167	-1.5779896394720956
669	nan	nan	nan
670	nan	nan	nan
671	nan	nan	nan
672	nan	nan	nan
673	nan	nan	nan
674	nan	nan	nan
675	nan	nan	nan
676	nan	nan	nan
677	nan	nan	nan
678	nan	nan	nan
679	nan	nan	nan
680	nan	nan	nan
681	nan	nan	nan
682	nan	nan	nan
683	0.6773939299250942	0.652236507680967	0.08059876111797835
684	0.875953950310755	0.6925473794759989	0.3141975448361614
685	0.9731667052647024	0.7449767546186038	0.6180222382511593
686	0.9944801553880315	0.7503572669385468	0.6492019443143331
687	0.6891986681451906	0.7926801987792044	0.894460480315126
688	0.7291976233053725	0.7282966428670425	0.5213621154619444
689	0.8226330225444887	0.7243384725310048	0.49842478528091466
690	0.7955024115179006	0.6870745172888071	0.2824826775198262
691	0.6465821989273044	0.7369123851776643	0.5712897611557441
692	0.44181074615941296	0.7038096060249602	0.37946138822741854
693	0.5467074561963495	0.6930034035672491	0.3168401736933069
694	0.7965492865958685	0.6389656321541131	0.003694932351602209
695	0.8275606871397827	0.7419915542176383	0.6007232032323603
696	0.8123233123208388	0.7386772261026084	0.581516895305044
697	0.7474496654641056	0.7361787110234599	0.5670381689069071
698	0.612270566517112	0.5910331043521868	-0.2740708339657597
699	0.45316714692510457	0.5347476416328357	-0.6002412948555685
700	0.396931603590138	0.6110760589501717	-0.1579232636523569
701	0.5619481348987165	0.4528589315473218	-1.0747808476961132
702	0.7016671415979338	0.5911899838018899	-0.27316172813378065
703	0.7252516662041173	0.6559072104649616	0.10187023622008146
704	0.6461561017004847	0.6862593198137517	0.2777586631241229
705	0.565487388292226	0.6378264121041801	-0.0029067710152920097
706	0.46471910918568843	0.6156632088500733	-0.13134103931351082
707	0.529229383624037	0.5736940798968335	-0.3745493114401553
708	0.5834318420390417	0.486728167105858	-0.8785109115814154
709	0.780616818266376	0.6158210165005913	-0.1304265546204021
710	0.8041968636321183	0.6826550666397637	0.25687225903102784
711	nan	nan	nan
712	nan	nan	nan
713	nan	nan	nan
714	nan	nan	nan
715	0.5296969115673247	0.6881965162447301	0.2889845858082248
716	0.6828928576514324	0.7164355523749923	0.45262789590443764
717	0.6678844148398713	0.6744619684693043	0.20939380762877186
718	0.6778847965055681	0.7245557355894832	0.499683810053822
719	0.6751060100482408	0.7442029654792225	0.6135381823683468
720	0.5822605851220937	0.6040762330860585	-0.19848678250677781
721	0.5247854949814298	0.4695865234123	-0.9778455808514338
722	0.4148666453347415	0.1540858832839324	-2.8061505148414265
723	0.48752821217133513	0.2751378604095219	-2.104662470449787
724	0.5097349595958243	0.3281667529102308	-1.7973636143725893
725	0.4795738457112688	0.34532639890668204	-1.6979246229712763
726	0.4408532845814316	0.37357044018376284	-1.5342523083867683
727	0.5692581520862486	0.4597238842552903	-1.0349989096864785
728	0.6744366859621219	0.6253688339618978	-0.07509759628218748
729	0.7846713017713662	0.7078747770851195	0.40301878038921723
730	0.8558592290938424	0.7414583131291311	0.5976331070831824
731	0.807637527968507	0.7475393041462173	0.6328720399600345
732	0.8700951641831005	0.7230182563757489	0.4907742216890133
733	0.857684654807582	0.7138310633495405	0.43753505763374834
734	1.0117141478969547	0.7288127223768056	0.5243527614195788
735	1.1440229250991216	0.7493739552963077	0.6435037196564558
736	1.0775684867752173	0.7593425511056872	0.7012710601468745
737	1.025957007418003	0.7104821799655976	0.41812850425329007
738	0.7019434444083587	0.6347169671106052	-0.02092579506991967
739	0.4940218669258145	0.302713875830984	-1.9448613206507563
740	0.49265195637857934	0.15360985408960756	-2.80890907192186
741	0.46140352340351143	0.1859218348257563	-2.621663322490562
742	0.44388683171058013	0.6271993942917007	-0.06448962261347084
743	0.4086771308775184	0.6940516894828352	0.322914919883738
744	0.5266044936273278	0.4860403797774488	-0.8824965927691134
745	0.764273162810912	0.5776772127594856	-0.35146732510072515
746	0.9954190196874707	0.7027764711135353	0.37347444108440453
747	1.1228054996873773	0.713392291620153	0.4349924050501973
748	1.0502570425389834	0.6533155596959467	0.08685179477970582
749	0.9448827404048664	0.7198009317647394	0.47213004252613466
750	0.769345708131531	0.7550869163499861	0.6766099437131907
751	0.6201573564629475	0.7235481165178266	0.493844725481624
752	0.5615566545213253	0.4060304366562572	-1.3461488177446803
753	0.5653167506684378	0.7280277465013615	0.5198038791556516
754	0.5149978474804628	0.7394994258875321	0.5862814876142384
755	0.4558219280757388	0.3979363601745432	-1.3930534451381114
756	0.49085415891952977	0.34991951072105887	-1.6713078497400837
757	0.5626157946604947	0.4463379065605619	-1.1125697477538574
758	0.7009029628907463	0.613652521184445	-0.14299283874658106
759	0.8780657514155363	0.771696874832939	0.7728635330415542
760	0.9289360910390463	0.7117210116260808	0.42530745018608734
761	0.9237277122904327	0.7633881263493633	0.7247148958735828
762	1.0430343953825498	0.852749275485522	1.2425567291141766
763	1.188341495614866	0.8734501657558986	1.3625169922816804
764	1.2191360890975118	0.8587516523219638	1.277340098115484
765	1.1060322664724058	0.8095665749899212	0.9923158917358553
766	0.8290078856372755	0.7334953027732345	0.551487999050515
767	0.5185513428039239	0.6226298107397085	-0.09097005115075577
768	0.5256936029503861	0.7856238161523952	0.8535692188347456
769	0.5099195724227045	0.7811935508515477	0.8278961301680207
770	0.44875094111309616	0.5648053480055852	-0.42605891334483376
771	0.4270318286375425	0.3837698511910086	-1.475147409389568
772	0.3907837302866132	0.21278891795649496	-2.465970387509946
773	0.3622345368731718	0.22803695878783475	-2.377609019132764
774	0.33929827265939233	0.20988470836620726	-2.4828000862424227
775	0.36318691713001994	0.23568935130232918	-2.3332639205447365
776	0.45516234249921633	0.23244744577602064	-2.352050544454177
777	0.5855971119669262	0.353034376222321	-1.6532574142089367
778	0.723881471940542	0.4411877641604594	-1.1424144756663819
779	0.782649914249875	0.5909693255478682	-0.27444042783590933
780	0.8079868719698089	0.6609346066835589	0.1310036582880818
781	0.7005822533451602	0.6570231229815005	0.10833687400268338
782	0.623305450498611	0.5065081090528913	-0.7638874818442117
783	0.4945933756897034	0.39541403512040185	-1.4076701487357233
784	0.5328777047044493	0.45007213651308275	-1.0909301369940527
785	0.6587257481475626	0.5531041331173763	-0.49386666455917455
786	0.6205872596247817	0.8127999726749161	1.011053213278603
787	0.621898112427686	0.7740408796610758	0.7864468829543632
788	0.6073476000748242	0.7745608880259385	0.7894602963623603
789	0.7202949309628138	0.7236005519804786	0.49414858545174534
790	0.6628336712291057	0.683399935638129	0.26118872464686066
791	0.6294495775781374	0.711426769740941	0.42360233830368743
792	0.5614528934258116	0.7001970152654245	0.35852666838831326
793	0.5217534509181772	0.7863023216230243	0.8575011122825231
794	0.5564849518982935	0.5580274432921172	-0.4653364140963559
795	0.6312961807554316	0.6116920750336482	-0.15435349198920265
796	0.726354548682668	0.7471608874620834	0.6306791407937299
797	0.6708666687576366	0.7513833792486972	0.6551481959565253
798	0.648734681793524	0.7383852969521898	0.5798251855643958
799	0.49513520990342874	0.4881950877452339	-0.8700102053969476
800	0.39250971643191257	0.22453306094725023	-2.3979138708361742
801	0.5130652667278985	0.6016318578211131	-0.21265177233248636
802	0.489055103190635	0.6088528491548315	-0.17080661449583392
803	0.43385090214947675	0.5974944787911733	-0.2366276048098715
804	0.4963659166869431	0.6947196862100797	0.3267859158722512
805	0.5735631563781258	0.664218652988801	0.15003448516970994
806	0.5968437118982056	0.6855711788668215	0.2737709327409419
807	0.604560146739235	0.5281682521623734	-0.6383684131606021
808	0.5857494869560608	0.690955207506018	0.3049710156370696
809	0.5590997384097246	0.7211346215144694	0.47985868468943166
810	0.6127050736301627	0.7993957881667215	0.9333768679549509
811	0.6563701208083217	0.7633322880025789	0.7243913164193855
812	0.6016597430770115	0.7856818682025166	0.853905626550502
813	0.6426507883568442	0.78242668111381	0.8350420368825969
814	0.530051245952796	0.6811636934082532	0.24822985172408282
815	0.5063934674601438	0.5082380779688758	-0.753862428635265
816	0.4807513410656113	0.4921786854309391	-0.8469255254392695
817	0.44271143246227973	0.4107468213979395	-1.3188176862125718
818	0.4917636446187798	0.35646035719432223	-1.6334040855046996
819	0.43571474702923646	0.594244147117539	-0.2554630576748536
820	0.40860285567753946	0.6500473522161756	0.06791275282360296
821	0.5102767549930877	0.362031217404088	-1.6011213262559727
822	0.5104649053391261	0.5159608619698055	-0.709109416130143
823	0.4531493263323581	0.4523517186545415	-1.0777201122062463
824	0.5142443609744859	0.5359185159742971	-0.5934561570038511
825	0.4948030583514607	0.5363284671983944	-0.5910805173049666
826	0.45209656837051637	0.505209403413325	-0.771413393448238
827	0.471278206505296	0.6214634577022655	-0.09772898835057738
828	0.5671364469159088	0.7036617674321196	0.378604673551294
829	0.7059423267513739	0.7423353156546001	0.6027152775782539
830	0.7463165525434899	0.8274388883006727	1.095884742165341
831	0.682098329828121	0.7104501585697985	0.41794294242397384
832	0.6723145519037382	0.7743498069971337	0.7882370960345308
833	0.8533031176927139	0.8397537686851163	1.1672486435482798
834	1.0493144225641993	0.8661678546249044	1.3203164903548705
835	0.9749363654092312	0.8508478710249072	1.2315382184847266
836	0.8804379628159095	0.8456694868544836	1.2015298314176543
837	0.8124802616235652	0.7948914713880988	0.9072746559681252
838	0.6953360222510158	0.5912050297902635	-0.27307453764577116
839	0.6403102595056392	0.729153000773398	0.5263246517814077
840	0.6345149730652468	0.7507620212590573	0.6515474683073815
841	0.6577555803141947	0.6774175825744229	0.22652139205826805
842	0.621850323231647	0.5988424056086195	-0.22881645979922602
843	0.5876539221617967	0.6249259106026608	-0.07766430728075462
844	0.572744247843019	0.68047253462347	0.24422463317404905
845	0.7145768680466885	0.6923581631167695	0.3131010487940931
846	0.7146745028236893	0.6984422791060076	0.34835809067383616
847	0.629402216317319	0.72094063261531	0.4787345321003022
848	0.6439930402267997	0.7207234724994447	0.4774761038728953
849	0.6348109922879115	0.6904789692066746	0.30221124680715444
850	0.6533658588440904	0.6148254782929252	-0.13619563140043925
851	0.5748291051727749	0.6716132920443475	0.19288591984454934
852	0.5701166569221633	0.6132133041856187	-0.14553807163650392
853	0.6412790721862193	0.6972640360301028	0.34153025150292377
854	0.676432654639499	0.6744977767806954	0.20960131437857646
855	0.7100881062467616	0.6187542480738504	-0.11342867545368204
856	0.6374187804354345	0.6799362755326779	0.2411170479051465
857	0.5866671071897485	0.599921255982915	-0.2225645946316657
858	0.5211558175918181	0.5482712873176329	-0.5218726800692813
859	0.48576664577062856	0.4756955666201021	-0.9424440874210617
860	0.41758601550224683	0.3966695012448811	-1.400394807205802
861	0.39162060120451075	0.21095985144629362	-2.476569704594806
862	0.3915713257397555	0.12953555871129985	-2.9484179902067296
863	0.3885226349387908	0.2782475541983659	-2.0866420046433523
864	0.41441872853332257	0.35977394437540655	-1.6142020712396332
865	0.477026176895058	0.4256883420818542	-1.2322325814197572
866	0.5173308185673945	0.4621515232091615	-1.0209309056548448
867	0.4293744333485131	0.4949613105529383	-0.8308004005015652
868	0.32856608360401673	0.3566096481945675	-1.6325389542256072
869	0.3342829660327669	0.4287355204564084	-1.2145743882234508
870	0.42000349944714105	0.5830456176592982	-0.32035778072075183
871	0.5433341182047374	0.7242650175062065	0.4979991183655943
872	0.5894205618077814	0.7528349548736336	0.6635599788170956
873	0.6910473546109935	0.7073230527760432	0.3998215752232439
874	0.7211157068798107	0.7545916111806859	0.6737396836576357
875	0.7421241461748289	0.711253604093631	0.4225988550548245
876	0.5281892503122994	0.5491468484840794	-0.516798862152548
877	0.4571412078922065	0.4140980286903002	-1.2993976659395434
878	0.3345936142834438	0.17238791340019982	-2.7000914845016126
879	0.310919946438915	0.08638163671790476	-3.1984920581054257
880	0.3537298269154526	0.15059879828143416	-2.826357937281888
881	0.3993060053796222	0.3645659622606728	-1.5864326507407214
882	0.5076807451893525	0.5390371566562465	-0.5753838445551975
883	0.6097011019769404	0.6389328011642946	0.0035046789795380694
884	0.7003045809500306	0.58820438170313	-0.2904630909642098
885	0.8649778914126816	0.710373439535731	0.41749836079504393
886	0.9300181664954795	0.6542480796999773	0.09225568531926204
887	0.7454554780499021	0.6907048961482981	0.3035204781986452
888	0.6193733333299969	0.7190039014365047	0.4675113055211696
889	0.4879991145654756	0.7750354500094601	0.792210351055129
890	0.4131021952189852	0.8034459941026747	0.9568475382311376
891	0.44595205860202214	0.7463627801400399	0.6260541626822685
892	0.6634059469276159	0.7623426576121052	0.7186564750415886
893	0.7526728962954065	0.8068454576060042	0.9765471999926082
894	0.7751023303264034	0.699487807357156	0.35441685638481124
895	0.7202310032161645	0.6992428377695994	0.35299727414426496
896	0.7858585621886662	0.727698269662405	0.5178945830919275
897	0.7263187027039405	0.7637580500413903	0.7268585787233471
898	0.7313315965683725	0.7332741351200652	0.5502063474146773
899	0.6578608983534933	0.7917030264645755	0.8887978326467487
900	0.6658480921674242	0.6290352422427168	-0.05385100753639048
901	0.5177585534001177	0.5486236109429055	-0.5198309884195115
902	0.4444889262770091	0.7451516065340319	0.6190354933100547
903	0.6771086713616767	0.6122580217645491	-0.15107386884783378
904	0.7517726128638319	0.5433124311381778	-0.5506089172323996
905	0.7756733342804725	0.8054006436099999	0.9681746003157332
906	0.6836591752198424	0.7396266198161198	0.5870185678531745
907	0.6346663588018511	0.80148461639159	0.9454814866594666
908	0.6815266561824158	0.7829211367115185	0.837907373728068
909	0.5778047083146669	0.7747428547944005	0.7905147815148025
910	0.47742730893294294	0.6410919490065197	0.016016795124683562
911	0.4035656839399476	0.3959741260564998	-1.4044244595303566
912	0.3819583602518801	0.36231972923499045	-1.5994494196514764
913	0.38207057263264077	0.3387665882442856	-1.7359382834038506
914	0.387010750110132	0.2836742465681625	-2.0551946883053946
915	0.33895551710488564	0.29339184948250907	-1.9988818347161699
916	0.3311180692781702	0.5754128055366841	-0.3645894122582224
917	0.45148634018787576	0.648729142936969	0.06027381894307531
918	0.5073980835788281	0.6661737115405042	0.1613639176388927
919	0.5163489533175724	0.6809398621205611	0.24693276450580556
920	0.4533277404804446	0.7170505414588662	0.4561917161741493
921	0.5262504963969458	0.5350569484834213	-0.5984488825143052
922	0.6524419482315912	0.6224826407737427	-0.09182289117922877
923	0.7510374697715295	0.8017831140139712	0.9472112602521979
924	1.003201076091639	0.8604234396035089	1.2870279926762904
925	0.9841642750533997	0.8471434308650696	1.2100712375646685
926	0.7892164350796321	0.8887792987004237	1.451348283986384
927	0.9117606770233175	0.9096960531270712	1.5725594653828374
928	1.2639835094831682	0.8214942514642953	1.0614359725707523
929	1.378247701953834	0.7721088253383686	0.7752507584409385
930	1.1365191053121717	0.7716332996520545	0.772495119155474
931	0.971957350065735	0.7781659991295921	0.8103516721000138
932	0.8062068054932924	0.6928202036334618	0.3157785424309622
933	0.569652763713635	0.56301390597452	-0.43644019911027976
934	0.5954336868181761	0.7724878930732765	0.7774474304025757
935	0.6527243423382827	0.7626117638989299	0.7202159278267533
936	0.6498782584226135	0.6613457055483591	0.1333859484874495
937	0.6259115276652476	0.5900986598552949	-0.27948587681167036
938	0.6092938109769068	0.6184609778581354	-0.11512815657728899
939	0.6475375051538411	0.5991486290154735	-0.2270419158064573
940	0.6183270669573797	0.6223465220860838	-0.09261168979514867
941	0.6223858266582304	0.6248085712469559	-0.07834428093437128
942	0.5636126610066375	0.6463474492873288	0.046472064851171724
943	0.48723303782025895	0.5759003562959883	-0.3617640884856813
944	0.3891065808435229	0.6188098649374332	-0.11310637947970208
945	0.5301751165945368	0.719981270531783	0.47317509352014003
946	0.632906043457628	0.6438865384066904	0.03221125224758975
947	0.6917937998680415	0.5400777285447321	-0.5693538006316243
948	0.5381942175768784	0.5600765234963271	-0.4534621324911778
949	0.4644007439152926	0.6426397413072027	0.024986147132904927
950	0.4163294717940822	0.6490377793065729	0.06206234589226292
951	0.5858910223172541	0.6885184838623798	0.29085036644085493
952	0.8698705012292581	0.8681410896786927	1.3317512544279175
953	1.3290820342961593	0.858172179389575	1.2739820915486224
954	1.6992364818764063	0.8707570450669015	1.3469105394975576
955	1.530191848362943	0.8986738963123413	1.5086868099125252
956	1.3828698985638221	0.8743973987868758	1.3680061438202298
957	1.2012448867065373	0.8340283799980529	1.1340704021941275
958	0.9879253166039274	0.6845074666993434	0.26760679246105473
959	0.8554409394650182	0.7436403044792459	0.6102775998161136
960	0.805921208448152	0.721578148541816	0.4824288939039861
961	0.5975724826786339	0.6500262699876537	0.06779058273098297
962	0.535015119704685	0.6762046758885079	0.21949267960486193
963	0.546778884320792	0.6621679509682084	0.1381508052479598
964	0.6868461357033755	0.6325633751156439	-0.03340571545482654
965	0.792296844390697	0.7946767311796605	0.9060302509410737
966	0.9481169276592704	0.8404791733556366	1.1714523146968137
967	1.1295505774037884	0.7282160918638927	0.5208953278305888
968	1.08505339689887	0.6572301980997559	0.1095368603490153
969	1.097084872187808	0.6696984634174052	0.18178961707648075
970	0.9396203544599777	0.8196148593393551	1.0505450219421508
971	0.7582442121830764	0.7511970360168498	0.6540683494938885
972	0.8050690673767369	0.7042859392169798	0.382221706953993
973	1.0906601516992047	0.6676620735684888	0.16998887522446368
974	1.249678356877853	0.7056575402506271	0.390170042451071
