ID	SN	ssim	z_ssim
5057	nan	nan	nan
5058	nan	nan	nan
5059	nan	nan	nan
5060	nan	nan	nan
5061	nan	nan	nan
5062	nan	nan	nan
5063	0.32685193591024564	0.24927178591680418	-0.4152674478502131
5064	0.485579548891747	0.3536398000397664	1.107451456226381
5065	0.6130258393897655	0.30603888802185675	0.41295890321525036
5066	0.5731241079149381	0.29367746294541336	0.2326069457366849
5067	0.7255205007384958	0.2617938142629333	-0.23257230470444837
5068	0.7649660908449479	0.1451987959630026	-1.933681978759266
5069	0.7130192525910138	0.26135790607341103	-0.2389321616606739
5070	0.5227482632578487	0.3856185845832581	1.5740187293796006
5071	0.503283351338031	0.39994160595620704	1.7829901809431692
5072	0.5727039580968278	0.26152649550847795	-0.23647245863804528
5073	0.5377272949386576	0.2421657112550203	-0.5189443675674904
5074	0.517289818371851	0.30972493085369995	0.4667379000511094
5075	0.5667127616341345	0.34559832116273664	0.9901270824162272
5076	0.5605886629285751	0.3159058174200623	0.556916417843586
5077	0.5629957963944425	0.28967979141741446	0.1742813173425215
5078	0.4947914050593628	0.2867664770187693	0.13177635118393355
5079	0.6681847177339348	0.18043983925332335	-1.4195186762523282
5080	0.7520489974760014	0.23595744642076966	-0.6095223315545192
5081	0.758380361979684	0.3495140467750075	1.047257128082871
5082	0.88380116818115	0.3470529219141855	1.0113495621263964
5083	0.754188916844783	0.3036576910303388	0.3782174768904875
5084	nan	nan	nan
5085	nan	nan	nan
5086	nan	nan	nan
5087	nan	nan	nan
5088	nan	nan	nan
5089	nan	nan	nan
5090	nan	nan	nan
5091	nan	nan	nan
5092	nan	nan	nan
5093	nan	nan	nan
5094	nan	nan	nan
5095	0.40635642622245727	0.2900813325814946	0.18013976282936758
5096	0.42989909537315474	0.2270493389649894	-0.739490729788877
5097	0.44227906982506726	0.3203060853347057	0.6211158873164375
5098	nan	nan	nan
5099	nan	nan	nan
5100	nan	nan	nan
5101	0.5559993493707996	0.21884689159144158	-0.8591636178892431
5102	0.6260550372808483	0.27163124324585997	-0.08904519818918016
5103	0.5777012782476816	0.2865529480166697	0.128660984365872
5104	0.5956277528501421	0.2226424755575167	-0.8037864268434951
5105	0.5567972335727551	0.287975332049293	0.14941342536547192
5106	0.4811641159614481	0.34515317994950445	0.9836325165660648
5107	0.4452096734081103	0.3948883080989326	1.7092630698175721
5108	0.383414451586495	0.32050885412686747	0.6240742637459986
5109	0.33584234588509676	0.21850672180717437	-0.8641266610730396
5110	0.3720703894683162	0.22118544741028145	-0.8250443220157927
5111	nan	nan	nan
5112	nan	nan	nan
5113	nan	nan	nan
5114	nan	nan	nan
5115	nan	nan	nan
5116	nan	nan	nan
5117	nan	nan	nan
5118	nan	nan	nan
5119	nan	nan	nan
5120	nan	nan	nan
5121	nan	nan	nan
5122	nan	nan	nan
5123	nan	nan	nan
5124	nan	nan	nan
5125	nan	nan	nan
5126	nan	nan	nan
5127	nan	nan	nan
5128	nan	nan	nan
5129	nan	nan	nan
5130	nan	nan	nan
5131	nan	nan	nan
5132	nan	nan	nan
5133	nan	nan	nan
5134	nan	nan	nan
5135	nan	nan	nan
5136	nan	nan	nan
5137	nan	nan	nan
5138	nan	nan	nan
5139	nan	nan	nan
5140	nan	nan	nan
5141	nan	nan	nan
5142	nan	nan	nan
5143	nan	nan	nan
5144	nan	nan	nan
5145	nan	nan	nan
5146	nan	nan	nan
5147	nan	nan	nan
5148	nan	nan	nan
5149	nan	nan	nan
5150	0.7276074533694625	0.36761724776904714	1.311381022837111
5151	0.8349807579397228	0.3111399240699958	0.4873825097785237
5152	0.870839125649511	0.2320220041702471	-0.6669400410043917
5153	0.694328397038241	0.2819617563278862	0.06167595609357679
5154	0.5736234377227013	0.2588938968402852	-0.274881810321034
5155	0.6136314307259786	0.21192830134843793	-0.9601051586583291
5156	0.5095103194247056	0.2304059913947726	-0.6905175060268185
5157	0.5054676343453831	0.29074093174399407	0.18976324874400524
5158	0.7152901231703244	0.23858480470053028	-0.5711894366154608
5159	0.6794431311935909	0.22933996290678466	-0.7060707552151281
5160	0.7377124324283091	0.19320109849628653	-1.233333178210865
5161	0.6555395568508162	0.29196332001554987	0.20759777156079998
5162	0.7929976388204839	0.2393330123590435	-0.5602731615922466
5163	0.6225628027534964	0.2871614959875752	0.13753963849302145
5164	0.6088088781607193	0.3432971649563617	0.9565534431539909
5165	0.7249572567197242	0.22668546674098733	-0.7447995892015278
5166	0.9290963142820101	0.11697442381000578	-2.345472750043144
5167	0.7657769171268155	0.1898089294698136	-1.2828245855720115
5168	0.5783551857112755	0.24614744908777048	-0.4608512101958994
5169	0.42236561925760246	0.2211677853364295	-0.825302009909594
5170	0.3330490124277637	0.22850982606009237	-0.7181823689125929
5171	0.4416969700137992	0.22720779397442045	-0.7371788870242728
5172	0.6567803884802333	0.24333421633196328	-0.5018959951794304
5173	0.6888110232644563	0.2721537074043308	-0.08142249828929776
5174	0.7011003065232384	0.36376281418983003	1.255145221812224
5175	0.5515561654123067	0.43183916464867134	2.248372377040947
5176	0.6026402412764538	0.21707780619434577	-0.8849743971756046
5177	0.672848998852221	0.06988343682140206	-3.032525547796776
5178	0.8503601629808171	0.34384714335630734	0.9645775730894743
5179	0.8186576923851184	0.226157733384069	-0.7524991661805875
5180	0.8407342374084066	0.17024716231886758	-1.5682288149060688
5181	0.713201598481572	0.13661758182804612	-2.058881036085707
5182	0.5642332470482745	0.0757750597623085	-2.9465673574144247
5183	0.5226145943869092	0.22024962931914138	-0.8386978145166369
5184	0.593268031168983	0.2948177286798134	0.24924330893696614
5185	0.6152123354239613	0.32468817873298333	0.6850501924103819
5186	0.703579726080581	0.3667683361781309	1.2989954874962268
5187	0.6547103219452769	0.350873936446898	1.067097782599939
5188	0.6350608785104007	0.3562626794071569	1.145719004281214
5189	0.4907792914642918	0.3250070790911072	0.6897029167906686
5190	0.3761126617115866	0.2894666211990889	0.17117118514389557
5191	0.36140249340068425	0.2903899024089564	0.18464176579888048
5192	0.348415590176957	0.2857040343472525	0.116275418699866
5193	0.3784412128691201	0.3158138192460769	0.5555741736718892
5194	0.3148364607178492	0.23149582501158789	-0.67461694238605
5195	0.32392582534795644	0.2108213659194784	-0.9762552360305302
5196	0.32196071901960294	0.20529219291718478	-1.056925318002034
5197	0.3977962295695123	0.19055618078883776	-1.2719222634464444
5198	0.5016688964115474	0.24954662998152122	-0.41125750039136033
5199	0.6314517700233986	0.21189229342436725	-0.9606305106748424
5200	0.55646437204958	0.21002505337635807	-0.9878733565165062
5201	0.5171889755629131	0.3725743430535905	1.383704548033155
5202	0.5354015114049863	0.311528856144347	0.4930569899053426
5203	0.48335917084748015	0.2749201103085253	-0.04106095616446238
5204	0.4604384251611542	0.3689019271690864	1.330124366998214
5205	0.4804729816465157	0.29971170532991503	0.32064593955940396
5206	0.5087985923813751	0.25401766913861556	-0.34602548555822216
5207	0.5668425422005012	0.35539323561313274	1.133033906147289
5208	0.7147382269803316	0.3750794094110131	1.4202532160371237
5209	0.7812048750357405	0.2947894455206519	0.24883066046909885
5210	0.9122564115099846	0.2590687881966117	-0.2723301628965247
5211	0.7207782214490754	0.24397041823863816	-0.49261387289087116
5212	0.607124227991176	0.2949941356520879	0.25181706904681
5213	0.4835513064570929	0.32475940136279796	0.6860893234672305
5214	0.44558069921091237	0.409662245405082	1.9248133398189882
5215	0.708983308302814	0.33049024594385434	0.7697017736343696
5216	0.7534467454333068	0.2947238707637511	0.24787393131407826
5217	0.6305477053786203	0.30057794736139576	0.3332843242975419
5218	0.5188470064143833	0.2769670942651528	-0.011195664644917924
5219	0.6119130873961781	0.23871560948160656	-0.5692810079214572
5220	0.6195335475044307	0.24726718981380003	-0.4445143048181577
5221	0.630019672337366	0.21425748370443837	-0.9261226206716913
5222	0.5666942612233068	0.25408595445599214	-0.3450292095965308
5223	0.448684383977123	0.29415325875046616	0.2395487590204048
5224	0.37063905434432226	0.22141688980240973	-0.8216676006260074
5225	0.279371161332886	0.25798927352570766	-0.2880801741468774
5226	0.34655114382855956	0.259095915239312	-0.27193438205237846
5227	0.40819951318971265	0.3219692620109477	0.6453814689413712
5228	0.37747628390393995	0.2765254620807102	-0.017639034115444527
5229	0.3985069376494122	0.34440480544382795	0.9727138072593994
5230	0.34572516280515736	0.43051402901073216	2.2290387804087617
5231	0.26799721361676426	0.4056734906105906	1.8666178056762923
5232	0.24995816551788583	0.3924151535883514	1.6731799924723667
5233	nan	nan	nan
