ID	SN	ssim	z_ssim
5057	0.3288173047975937	0.4331314939215115	-0.9858904018328385
5058	0.3832532052973224	0.43709599699333235	-0.9523323218676341
5059	0.3962233450420129	0.2841493785148393	-2.2469699499201106
5060	0.9380591535377785	0.5194779333553587	-0.2549991232189732
5061	0.9845301500841259	0.5690468807117184	0.1645840298372643
5062	0.574073439595236	0.5307703552300826	-0.15941286955546893
5063	0.517370353581928	0.5691315205599369	0.16530047544048448
5064	2.161296615837511	0.5966260992963086	0.3980321079123963
5065	4.1168470497836696	0.46768108017505844	-0.6934406906692265
5066	3.1504826344773518	0.4866412695291011	-0.5329495675771834
5067	0.4875637504238493	0.5504460369972941	0.007134637194410175
5068	0.39236326641503494	0.43261891596460056	-0.9902291882468741
5069	0.40622098814238355	0.4506409636073768	-0.8376790943317642
5070	0.36905637926859086	0.5547042407796219	0.04317878710343293
5071	1.5545687982640413	0.5846448805627537	0.2966154387719233
5072	1.844473619612661	0.5559859040892201	0.0540276019618893
5073	0.9359293880254194	0.576885140565969	0.2309320553556765
5074	0.4754660399820861	0.6773689526884701	1.0814910639697732
5075	0.5216024111288182	0.7204432737579008	1.4460995621114976
5076	0.882164448435117	0.7602100509836854	1.7827109017739073
5077	1.0112387264011369	0.7807517959907444	1.9565893195941564
5078	0.7703993491441907	0.7367901881981912	1.584470261297176
5079	1.4606187328033717	0.6935334275461279	1.21831747828749
5080	1.5204563294790068	0.6107046333158652	0.5172017899285949
5081	0.4065222887798752	0.6152701307464097	0.5558470690668905
5082	0.5106534881198003	0.7072722197724388	1.3346113693007005
5083	0.9318389414164011	0.6275104344811556	0.659456798732288
5084	0.8657452765332067	0.6420944772893679	0.7829054292183204
5085	0.8906685440110204	0.6691077007364029	1.0115625638279275
5086	nan	nan	nan
5087	0.9375576518629587	0.4596172313961859	-0.7616982445786086
5088	1.0457151154839206	0.5785628912677864	0.24513360626717776
5089	0.7010097184684652	0.6267440109047161	0.652969301257967
5090	nan	nan	nan
5091	nan	nan	nan
5092	nan	nan	nan
5093	nan	nan	nan
5094	0.7052590254467128	0.3752370773049348	-1.475945631242872
5095	0.45618746932093807	0.5987809595664983	0.41627221819881793
5096	0.5323087270289619	0.5354750017593715	-0.11958974378717835
5097	0.9565986679886151	0.3485281743820111	-1.7020268030399461
5098	0.6569676037199442	0.503753537509418	-0.38810042838715236
5099	0.5391164401918173	0.7157394002853426	1.4062829799879237
5100	0.48916963157821997	0.7459781478538325	1.6622430058897217
5101	0.854909665458052	0.5659771470747847	0.13859984846726883
5102	0.6111307807292801	0.6031882736451522	0.45357853266089926
5103	0.4091188377197653	0.647663560015518	0.8300456937284822
5104	0.5645033947362342	0.6432959502629897	0.7930754619801604
5105	0.6853885685350392	0.48406238586309025	-0.5547788820504356
5106	0.9026619053639078	0.5207025103497632	-0.24463352330460586
5107	0.4730006643373234	0.6601593922500579	0.9358183794249717
5108	0.5619730453424191	0.7237796217524957	1.474340537276877
5109	0.6079153501714756	0.5355375470387119	-0.11906032069239704
5110	0.6210876782186638	0.38745622426475684	-1.3725149860003742
5111	1.2249965675962275	0.5035069215506417	-0.3901879429924845
5112	0.9296352727391123	0.43883543457105506	-0.9376086139349546
5113	nan	nan	nan
5114	nan	nan	nan
5115	0.5165382526778539	0.5286829611667062	-0.1770819028816323
5116	1.3906329096570482	0.7479891649691485	1.6792655360642716
5117	2.3196030902596823	0.7149628820091353	1.399710034542976
5118	nan	nan	nan
5119	nan	nan	nan
5120	nan	nan	nan
5121	nan	nan	nan
5122	nan	nan	nan
5123	nan	nan	nan
5124	nan	nan	nan
5125	nan	nan	nan
5126	nan	nan	nan
5127	nan	nan	nan
5128	nan	nan	nan
5129	nan	nan	nan
5130	nan	nan	nan
5131	nan	nan	nan
5132	nan	nan	nan
5133	nan	nan	nan
5134	nan	nan	nan
5135	nan	nan	nan
5136	nan	nan	nan
5137	nan	nan	nan
5138	nan	nan	nan
5139	nan	nan	nan
5140	nan	nan	nan
5141	nan	nan	nan
5142	nan	nan	nan
5143	nan	nan	nan
5144	nan	nan	nan
5145	nan	nan	nan
5146	nan	nan	nan
5147	nan	nan	nan
5148	nan	nan	nan
5149	nan	nan	nan
5150	0.36748891414049145	0.7859037848870807	2.000199036179315
5151	0.5381020314448358	0.7946223493795352	2.0739985210376295
5152	0.651195603752699	0.6012034777987454	0.43677795601316
5153	0.47926491242396224	0.596840404030067	0.39984611972222517
5154	0.7196001332493127	0.600422207354357	0.4301647851889049
5155	0.6102640827528399	0.6441181499787079	0.8000350842348525
5156	0.7434464460680836	0.6594853524936591	0.9301128774654112
5157	1.0003233288940883	0.6597100691215427	0.9320150221810073
5158	0.8852828693959267	0.4729286122958415	-0.6490222353574142
5159	0.487087618245291	0.4559994126761483	-0.792321767301943
5160	0.6575887946529688	0.5454217924439068	-0.03539376988029495
5161	0.6416654510966967	0.5518123229981672	0.018699752428784255
5162	0.6974100614320744	0.41497646577096575	-1.1395661274936422
5163	0.7042554885283985	0.4978441736636152	-0.4381210491026404
5164	0.4225633259093114	0.6369427424519215	0.7392978631494784
5165	0.46720381064274263	0.5288025254300895	-0.1760698347765228
5166	1.0472682343173272	0.3337010522899428	-1.8275330114614097
5167	2.6603944946747093	0.48446011449357007	-0.5514122535110451
5168	4.467819642271274	0.5709150434424755	0.18039734948187922
5169	1.5347845572001604	0.5881439205381731	0.32623354252146664
5170	0.6984406430881889	0.5515621246012904	0.016581913784835117
5171	2.4437291193359836	0.6006933201252092	0.4324596564196806
5172	3.6840966133355253	0.5214340217894162	-0.23844154440015705
5173	1.8710305909971452	0.4635122050451754	-0.7287287059486078
5174	0.9997806462824034	0.46872441933513304	-0.6846092032594988
5175	0.3647535639709848	0.41440866407829935	-1.144372362792667
5176	0.37627244576414476	0.3433605945330968	-1.7457684913814309
5177	0.39633302877074245	0.32787730658426006	-1.8768289056877085
5178	0.4024221323439152	0.3730144683575079	-1.494759209499194
5179	0.4528830843466022	0.3521886111164665	-1.6710425342887032
5180	0.4002743621675928	0.43678409187637346	-0.9549724855065174
5181	0.42799574689386477	0.43976184288759845	-0.9297669036868365
5182	0.42400827427795645	0.20013769934561348	-2.9580983300722115
5183	0.34888506009679743	0.3952204478573028	-1.3067936505729012
5184	0.35357775373799316	0.4207784601122126	-1.0904543506747126
5185	0.4071032145857916	0.2707765734716427	-2.360165892228353
5186	0.5891854910390105	0.24177138068434517	-2.6056843245082533
5187	2.832686295762802	0.43574161311258436	-0.963796689973887
5188	5.22249626373419	0.6330975195361971	0.7067494464242894
5189	6.331528324276463	0.7019443423812675	1.2895128204286936
5190	1.1130697671862695	0.7072808257418975	1.3346842157094538
5191	0.8566813530730782	0.6844399151303707	1.1413441953099581
5192	0.6360715729691041	0.7010515592833491	1.2819557354551743
5193	0.4099533077438965	0.6135863767907488	0.5415947027899118
5194	0.6060564564200986	0.6546695555939512	0.8893489041429344
5195	0.8107714831903547	0.5918104017919698	0.35726897593565254
5196	1.342317256972583	0.54004922365253	-0.08087061523856465
5197	1.0708333505922085	0.5372981331242275	-0.10415759831508241
5198	0.92266132516065	0.46500502431725627	-0.7160925324866257
5199	0.7609267515047867	0.4646779055127631	-0.7188614744701318
5200	0.6014058398001335	0.6644957005953934	0.9725236561192631
5201	0.32960206996927743	0.5889756175578365	0.33327355600791503
5202	0.45911686691304054	0.44637253399284854	-0.8738098021998751
5203	1.1929579852215124	0.5454175367451022	-0.035429792826476264
5204	2.129229829412982	0.5802145860046506	0.2591146028898742
5205	1.006464755258568	0.5454337625285592	-0.03529244745711073
5206	1.2220193141969629	0.5169736479226378	-0.2761969907157309
5207	0.7904971452597779	0.6082540904053906	0.4964588333819367
5208	0.33270243658784787	0.6930489091672885	1.2142162060202855
5209	0.45286859509603916	0.47400099706583076	-0.6399448873990888
5210	0.575556804291184	0.4004773986846246	-1.2622954693278583
5211	0.6051347517995802	0.42477698171108413	-1.0566083162217994
5212	0.50198686649247	0.42020024578266923	-1.0953487251666287
5213	0.3792733410883497	0.43882742052773055	-0.937676449903765
5214	0.3706094960443862	0.5063207406525063	-0.3663699853021089
5215	0.4307035788388699	0.46407082859567084	-0.72400016029273
5216	0.8540964685464927	0.5368119822822955	-0.1082726887900181
5217	1.2600533488393355	0.7116450562552578	1.3716258434243902
5218	0.7593032504619692	0.6738443118151107	1.0516562579085695
5219	0.9879321144811875	0.6615910371117512	0.947936733700432
5220	1.132809729247384	0.6152430734940104	0.5556180392431763
5221	0.3785959015781104	0.5029698676336446	-0.39473390952743725
5222	0.6590667293445123	0.4814284037589423	-0.5770745848098024
5223	1.4042237125407644	0.5387284174712035	-0.09205076030303454
5224	0.8232283965130613	0.5045036093967906	-0.38175134202749866
5225	0.6220007942852886	0.5569732504890885	0.062385130973696405
5226	0.6197940313566392	0.55828751586024	0.07350991045339603
5227	0.48486996287959583	0.5220783665128464	-0.23298740011969926
5228	0.4333734035962623	0.6248715110142754	0.6371192691303882
5229	0.43880140506035237	0.6002760450597141	0.4289275744003981
5230	0.42168673256971073	0.5406880519593553	-0.07546316542301124
5231	1.0137833292005407	0.530873698678015	-0.15853810476735583
5232	0.8082930153071562	0.6901140926458421	1.1893740490776081
5233	0.7083468910814521	0.6645825791312482	0.9732590514010063
