ID	SN	ssim	z_ssim
494	0.28464757908942984	0.5038793924297235	-0.1365444749199852
495	0.3173233468233943	0.4541174446116304	-0.44634748046377876
496	0.3639535086294824	0.22411613253507393	-1.8782668663529585
497	0.40120145173748056	0.2798647516707818	-1.5311926355311716
498	0.4144563930605642	0.4759206871793537	-0.3106070126112503
499	1.025624478380003	0.4238403927217119	-0.6348433510191446
500	1.8980495300772144	0.37637297186125546	-0.9303613179150214
501	1.0360078330193416	0.5206244940409726	-0.03229447999886622
502	0.2629010223805619	0.4467357845248164	-0.4923034886400937
503	0.3635545896032771	0.2114019412564435	-1.9574216190080833
504	0.4125764209315292	0.5823552827752018	0.35202294974410064
505	0.8856603794582142	0.6702806869130427	0.8994202213527437
506	1.521825250198373	0.6359758781971743	0.6858487413208308
507	1.398600314214961	0.7143527996193779	1.1738000150657846
508	0.5170842977480856	0.761627004072391	1.4681150743912998
509	0.6295930176641762	0.7095982718835857	1.1441997472492142
510	0.9482910979033156	0.6384709480252581	0.7013822999067538
511	0.7347780382645133	0.6175010032117664	0.5708296946700049
512	0.5803222742492394	0.5636528193260637	0.2355870053796151
513	0.7967176941651786	0.6695118347249771	0.8946335775591295
514	1.1149918411197495	0.7171967802181042	1.1915057877661306
515	0.9254170900297978	0.6414686861310008	0.7200453208637952
516	0.5597278007889084	0.6977598949003706	1.0704975524804836
517	0.9132724498303196	0.739299073189497	1.3291080539993123
518	1.3112343302814256	0.6785889978690722	0.951145280720989
519	0.9447151649300423	0.7539391487019904	1.420252785948681
520	0.4483453229279622	0.7223479971291769	1.2235757237560174
521	0.5036815310478879	0.27995585172139087	-1.5306254738600278
522	0.7767394392045099	0.3501582372598668	-1.0935664158893057
523	0.6129415642399703	0.38310974713630774	-0.8884201697205476
524	0.707433862457721	0.4760048480415602	-0.3100830522519003
525	0.541533738977791	0.40624080282637026	-0.7444131344578181
526	0.6454842198907946	0.281328751791868	-1.5220782085942084
527	0.5004199577159839	0.32879186300058394	-1.2265870723012442
528	0.6971184673168161	0.33136494534645355	-1.2105678311096393
529	0.6829305296902632	0.5195338562012253	-0.03908446502816294
530	0.42530641419395054	0.6337017246840776	0.6716905416458342
531	0.8526706998519566	0.6709804492787697	0.903776732574152
532	0.9850001692048462	0.5889616333917642	0.39315211301899533
533	1.1544607948436891	0.6028929761365508	0.4798844867068748
534	2.1871709095698413	0.49086084790783147	-0.21759403984922202
535	0.9096642184267513	0.3264815969526549	-1.2409700978184641
536	0.359722719558094	0.323577677874679	-1.2590490295657015
537	0.6554421562856803	0.22394719762615276	-1.8793186045750303
538	2.352996378808511	0.17803038181368858	-2.165182968158685
539	3.866326013939512	0.4447736335448171	-0.504519253850021
540	2.399890742390399	0.7236286356225315	1.2315485960339811
541	1.1128504752209774	0.7302201708889722	1.2725855233696257
542	0.5524073278480833	0.6927587689007803	1.0393620376200108
543	0.6784148628565965	0.6188785332382258	0.5794057846571575
544	0.8189452054536318	0.6468075502979822	0.7532834925520729
545	0.6216988889345214	0.5769284419265919	0.31823706154589215
546	0.6016867243177962	0.5350117725517922	0.05727641341835158
547	0.607925004627128	0.7689725842694448	1.513846459963848
548	0.671906303365649	0.7877112217765152	1.6305076131949783
549	0.6422587946083786	0.7864521618497806	1.6226690826196075
550	0.5921011178803213	0.631337691911124	0.6569727805778326
551	0.5371968682417865	0.6864370542032996	1.0000049324554539
552	0.4836491464602251	0.7393864666997974	1.3296521398589547
553	0.43439428861865137	0.724062142555481	1.2342474805560009
554	0.49416906670722693	0.716896137392377	1.189634075441968
555	0.7750522315365538	0.586411619747335	0.37727649066374247
556	0.8460556675185853	0.45616201325045835	-0.4336186075574176
557	0.7090454255139953	0.5428718853976818	0.10621112538886258
558	1.4851964135247653	0.6411511942558342	0.7180687113966194
559	1.2151704009935227	0.6048173697364664	0.49186518575994365
560	0.843642154300775	0.4501194657889908	-0.47123770099698387
561	0.4335669047508568	0.6672456033205612	0.8805246985636308
562	0.36594636870915714	0.591622339615944	0.40971687427257864
563	0.4800276389985418	0.1660743106381038	-2.2396178917720433
564	0.8837757737733597	0.27977702770813584	-1.531738778688294
565	3.262035347095195	0.45701122418911744	-0.4283316742143141
566	2.392144339365066	0.7629486768377367	1.4763434137751652
567	1.1711709866720708	0.785108668937285	1.6143048975250165
568	0.4934171202400438	0.7253453669240548	1.2422364517197597
569	0.9800694136931779	0.6858303755056785	0.9962279323145135
570	2.011960483190198	0.6238404020731315	0.6102968961503645
571	2.318283002329173	0.5221883711092712	-0.02255824905728367
572	0.9849911982706467	0.4337842225971586	-0.5729360399691247
573	0.38805796700941625	0.39968912979333004	-0.7852018914493216
574	0.3879452225801239	0.3719834768834161	-0.9576890009455394
575	1.0160305635581748	0.4741366573523236	-0.32171384879085724
576	2.7804181388470237	0.5607497157390504	0.21751315063523402
577	3.428288858309379	0.748607737247319	1.3870610126184726
578	0.8871986553975553	0.8165337852600896	1.809948273904837
579	0.8604574222502948	0.8162810555937089	1.808374854582084
580	1.1490306044738285	0.7467270266500183	1.375352270876053
581	0.5516408502888123	0.5927025684054396	0.41644205566788917
582	0.5308115792411133	0.6713329693087848	0.9059714168580615
583	0.562648969543026	0.7103531895903337	1.148899639129325
584	0.5791995901080559	0.6645502644353547	0.8637443247195746
585	0.5902293346609492	0.697822244054551	1.0708857196685686
586	0.6961479424335849	0.7002310440409041	1.0858821880193255
587	0.6905320405167927	0.692961067303275	1.0406214869755441
588	1.3951219905405	0.7083431725013971	1.1363858738397652
589	2.241178975750082	0.6315159412675238	0.658082507764372
590	1.4118333955539026	0.4689116988935984	-0.35424287760363166
591	0.33736910789589636	0.4925173840404871	-0.20728094128313218
592	0.5698692456952442	0.37776772573768613	-0.9216779973888307
593	0.9882152254313391	0.25075047671701917	-1.7124494046165764
594	0.8546751966269985	0.2444764788317108	-1.7515094391785115
595	0.3798973160447553	0.27462985295085307	-1.563783549437512
596	0.38600041195546053	0.249136067141747	-1.722500235834565
597	0.3488214523699639	0.22738637321900704	-1.8579073258374303
598	0.6850720517679795	0.23126930213393126	-1.8337333716233821
599	0.8404299964381672	0.20342911561804133	-2.0070580471174253
600	0.9135636539356661	0.46187041544925456	-0.3980798025953486
601	0.5701863550818296	0.5027368963090206	-0.1436573140980201
602	0.7607178537329484	0.5657324929501635	0.24853443142594855
603	2.133618945802512	0.5888246645617458	0.3922993860445479
604	2.8157376380131085	0.4985012080922644	-0.17002744223075364
605	0.7522363601308183	0.44694285039425224	-0.491014358461121
606	1.0510580757660493	0.5684095298897067	0.2652008628295985
607	1.595361392916823	0.5627445729825911	0.22993253526099008
608	0.8373103696299279	0.6383761905682248	0.7007923683169797
609	0.6102691350756031	0.6495930464942503	0.7706251588527819
610	0.7231365485576936	0.2772064025571135	-1.5477427221196165
611	0.39185441641230817	0.35461272304395713	-1.0658341195349106
612	1.1049933499949207	0.6828483043266718	0.9776624489580541
613	3.1438481164036176	0.6514392343513408	0.7821189723388593
614	2.130791519007809	0.6861136172818618	0.9979913109080912
615	0.8294238872950005	0.7483152327580398	1.385239967143223
616	0.5764557558627572	0.7267553616290585	1.2510146570867964
617	0.4233114692080055	0.6846958359473682	0.9891646283144825
618	0.3729012794780101	0.6025784185076081	0.4779261449791872
619	0.6482969080859317	0.6175102640156765	0.5708873496656576
620	1.3959213684681058	0.7151931021527408	1.1790314873416192
621	0.6881980524784004	0.689228420615905	1.0173831449675597
622	1.809271910101571	0.7470246424113327	1.377205137602441
623	3.341162481336201	0.6938779315077355	1.046329609319463
624	1.7094153339558107	0.5458667918893604	0.12485651756354914
625	0.3719944502672648	0.3695766720061197	-0.9726730483439568
626	0.30574978691980204	0.5550154945779404	0.18181360453509554
627	0.6340951672560324	0.526841174737327	0.00640871488564783
628	0.6663309332319158	0.484383119960365	-0.2579224368516095
629	0.6792392299749099	0.5262104938916957	0.002482284549164617
630	0.8148001012527633	0.6399412680535476	0.7105360726959634
631	1.1294212430104391	0.6944670595618744	1.0499973444026953
632	0.8008366734593544	0.6875215421441525	1.0067566300533939
633	0.7901929059659288	0.6968337706489012	1.0647317798531526
634	1.4568219642012195	0.5675128199016586	0.25961821460983875
635	0.6096940371495992	0.46024449983908994	-0.4082022669456372
636	0.4752209394003644	0.5935734171096693	0.42186369926854794
637	0.8868733270406858	0.6164593060786385	0.5643443998441455
638	2.4889774652734826	0.4152213082285606	-0.6885031934910525
639	2.0358599253491736	0.6655660462680003	0.8700682786347381
640	0.5805066392548975	0.6439993780367345	0.7358006518521969
641	1.0223393220272379	0.7051110015087567	1.1162633438372844
642	1.6653451154105086	0.7403446384405731	1.3356174305707367
643	1.162210819554321	0.681304161783728	0.9680490792696175
644	0.7343377936948434	0.6243205439958666	0.6132861161723511
645	0.577652772864073	0.45787538061439337	-0.4229516947410604
646	0.5141663797283152	0.236665212705046	-1.8001400460829964
647	0.3830889926501589	0.3037268367162206	-1.3826344301200346
648	0.3556118890586237	0.39329629682664546	-0.8250017576896506
649	0.4419482216727127	0.32079391019540315	-1.2763799346365388
650	0.5279013105306329	0.2891312505646524	-1.4735021846130596
651	1.1614879916885785	0.3357400472180207	-1.1833297552544382
652	1.0540029781427507	0.4050739902391933	-0.7516773606841538
653	0.7146411222280992	0.4738547196293107	-0.32346910873937973
654	0.3779952014282516	0.42815157803808457	-0.6080032005220032
655	0.3772674904601137	0.3234440193426267	-1.2598811476149738
656	0.33538197884106424	0.3222241248852294	-1.2674758456908894
657	0.3741148522360491	0.2584926739624953	-1.6642487999109603
658	0.35796898211213696	0.3092016263805702	-1.3485500269343758
659	0.47142380441288423	0.2716170335808188	-1.5825404618359011
660	1.1952389216042925	0.33574887450356283	-1.183274799214499
661	1.7298819479315888	0.525076546727306	-0.004577331383475304
662	2.739274359086389	0.6626384794466535	0.8518421231092554
663	1.5608603031485462	0.7384389928508394	1.3237534510223694
664	0.8483775947872135	0.6391652130568704	0.7057045863699707
665	0.9600704248732642	0.4635579438371023	-0.3875737555168293
666	0.843633554484112	0.4929200728626067	-0.20477392110282133
667	0.5462236514474076	0.48329241173137366	-0.26471286010328937
668	0.6955245853429963	0.15305929240803587	-2.3206455030629396
669	nan	nan	nan
670	nan	nan	nan
671	nan	nan	nan
672	nan	nan	nan
673	nan	nan	nan
674	nan	nan	nan
675	nan	nan	nan
676	nan	nan	nan
677	nan	nan	nan
678	nan	nan	nan
679	nan	nan	nan
680	nan	nan	nan
681	nan	nan	nan
682	nan	nan	nan
683	1.9188425366379025	0.4504365914896262	-0.4692633712229329
684	0.9837804446212467	0.5712857758728451	0.2831075101641619
685	nan	nan	nan
686	nan	nan	nan
687	0.8532416520484323	0.6690221660375865	0.8915850467494262
688	0.5392465089106198	0.5652432093646134	0.24548829814513762
689	0.47710674440246914	0.5875238324559334	0.3842007943744285
690	0.8133065704753918	0.5307443112624676	0.03070847563771123
691	0.6466545935517815	0.6340738922375093	0.67400754553484
692	0.5708399971636975	0.5822224776460994	0.3511961447263799
693	0.5205455952500216	0.5610663634161538	0.21948450437772998
694	0.6436717006044387	0.5088964544265375	-0.10530974730654133
695	0.6336033122842484	0.5893760603487184	0.39573221131643543
696	0.7894880499132381	0.5776398725893314	0.3226662160950348
697	1.9573439148448677	0.5367775997968994	0.06826992576648407
698	1.8443739181632817	0.38726873052376665	-0.8625275829160375
699	0.44156121219773115	0.44657111395453813	-0.4933286783650478
700	0.2592458880088449	0.5196412083331489	-0.03841612275902514
701	0.7147096322264054	0.3445272033816738	-1.1286235488247012
702	1.352908018096935	0.40620351894019435	-0.7446452527832075
703	0.8445580616392719	0.5188998859087447	-0.043031374477003885
704	0.7062913077600393	0.5481361585941944	0.13898491600182267
705	1.0643459506310624	0.47906266778863454	-0.29104598096365863
706	0.6204066133888088	0.6289092009415895	0.6418537220544807
707	0.6168521151191677	0.44332107432496815	-0.5135624531573426
708	1.7019073797625697	0.28162421218034867	-1.5202387605745076
709	1.3257976402117482	0.3523318902746808	-1.0800339022614152
710	0.7375468413011137	0.48891133888602567	-0.22973110000808059
711	nan	nan	nan
712	nan	nan	nan
713	nan	nan	nan
714	nan	nan	nan
715	0.6218880948107438	0.4991616395734817	-0.1659157933341952
716	1.0079758713139246	0.5156956954963422	-0.06297970575466288
717	0.7858991913376682	0.4435291983263045	-0.5122667353655973
718	1.1055641399157714	0.5314371777890115	0.035022055426602375
719	2.2475642231818322	0.5776442811721334	0.32269366261315047
720	1.6016266388358458	0.4324269303075343	-0.5813861358589429
721	1.1762396847074665	0.2933150421511886	-1.4474551493801164
722	0.6037006433677908	0.13682057100513767	-2.4217429262425245
723	0.43353722007055623	0.2644443322968943	-1.6271955549956525
724	0.321788282491288	0.3447643396780248	-1.127147209160474
725	0.3406719030627609	0.32795438039948893	-1.2318009885220944
726	0.47467887493278044	0.31135576935180825	-1.3351389770032083
727	1.1443056616468432	0.30870913556499413	-1.3516161274701892
728	1.017975014122996	0.4815813507078941	-0.27536541433369416
729	0.842914711794015	0.5644458014301575	0.24052387481424342
730	0.9102812145793021	0.5822951169333154	0.3516483752054267
731	1.119798856868369	0.5615884962847595	0.22273514747109446
732	0.5928116769487868	0.5683360191453929	0.26474320691927444
733	0.5904694485808915	0.5646988106783264	0.24209903472959915
734	0.9031105813700904	0.5650482759631406	0.2442747010834247
735	1.4204059891733305	0.532769996478562	0.04331978600132043
736	1.4558360888703243	0.5564539831163228	0.19076920398751723
737	0.8228277223285726	0.6146645830097771	0.5531709907387671
738	0.565338301896884	0.5293175156808371	0.021825673037186466
739	0.6828863756273822	0.1494084347775426	-2.3433746508622555
740	0.6281506629928176	0.07588756038530092	-2.801093628025016
741	0.6402066068014114	0.10775072892020737	-2.602723069574462
742	0.6022507646313902	0.5236360012700554	-0.013545736597638244
743	0.5653721108765771	0.6212861057445729	0.5943946110844809
744	0.5797007702087233	0.3781028574290509	-0.9195915677012847
745	1.9339343053362876	0.36415208560715434	-1.0064449010128835
746	3.5507462495102984	0.46093977681457066	-0.4038736804225227
747	1.5537568975631808	0.5256173714794481	-0.001210318213118919
748	1.4568116247623624	0.4474319776983463	-0.4879691981419187
749	1.282163161842972	0.5415423616349115	0.09793390804291356
750	0.4532363676896221	0.6163496944965723	0.56366199091412
751	0.6851620843823477	0.5426949828406804	0.1051097829726098
752	0.7590308447035308	0.22457938571826497	-1.8753827905727065
753	0.6441336770854293	0.735294403456929	1.3041761778618448
754	0.6368067197515046	0.743331710536008	1.3542140481373277
755	0.9009063301738502	0.21023258950671397	-1.9647016533011217
756	0.9688018874460108	0.16651408534973647	-2.2368799859343538
757	0.6001152323618077	0.37878224890090945	-0.9153618795730787
758	0.35618428387568996	0.5175604729247238	-0.05137015915703536
759	0.718613834716199	0.6658941840284961	0.8721111662002655
760	0.787909635580408	0.5961914957039499	0.43816307364639556
761	1.021321127598593	0.625003969097911	0.6175409164758162
762	0.6821538834181206	0.7900319031748582	1.64495548156911
763	0.7531991084902185	0.8293987711107093	1.8900418284692588
764	1.131678345233033	0.7919713510210714	1.6570299038575766
765	1.5695974025262702	0.6742081361883134	0.9238713460162619
766	0.9602230999276571	0.6065799823141325	0.5028386845499508
767	0.5911552081346371	0.4993255337746294	-0.16489543705127058
768	0.6080673893381013	0.7337404834590757	1.2945019366631412
769	0.7991836813097666	0.7329846884577602	1.2897965830094125
770	1.0919491607561704	0.43436252053036084	-0.5693357299800395
771	0.758223093851921	0.29814204519514353	-1.4174036719690462
772	0.37158092014857474	0.23928202036421997	-1.7838485841670435
773	0.44864670594470907	0.20944802411673283	-1.9695861227907472
774	0.37940515264098706	0.2264535124003759	-1.8637150383173038
775	0.44134426851271913	0.2363502480590184	-1.8021009217773343
776	0.6163081892085216	0.16712696947455824	-2.233064352659427
777	0.9380477677208771	0.26081618599926665	-1.6497833088284908
778	1.0104840646167457	0.28451094518299475	-1.5022668241926875
779	0.9121831794466394	0.44255994392606796	-0.5183010234008548
780	0.45309158232272295	0.5650205429693259	0.24410204375763206
781	0.3952435599666373	0.5705832875548129	0.2787340279789116
782	0.4255510570593972	0.46031486358555557	-0.4077642033027899
783	0.3392805658674074	0.37017065716471975	-0.968975074380892
784	0.489236664158223	0.37253140259633455	-0.9542777793169691
785	1.4617005263582377	0.33995705972484824	-1.1570758965066517
786	1.2608653976107171	0.703693559690641	1.1074387749711103
787	0.7470998032956867	0.6893045456812006	1.01785707685849
788	0.4902921665450263	0.6948658204822993	1.0524799106417146
789	0.5125628837218216	0.629217367171973	0.6437722728461194
790	0.9041924652926651	0.534129901968892	0.051786150897240736
791	0.8657306666912157	0.5770588422615798	0.3190488950346223
792	0.46083829058248954	0.6068512021990308	0.5045272184435977
793	0.4191783444789604	0.7181385991971709	1.1973692710738917
794	0.942973979016993	0.39550991027722393	-0.8112204623390687
795	1.1271499802230645	0.4195730971586637	-0.6614102570375492
796	0.7174166044053554	0.6627838571134334	0.8527472009866723
797	0.8602923345605583	0.6200928559495299	0.5869657947081568
798	1.2745688797248769	0.6424318732416375	0.7260418357684589
799	0.9518401125700506	0.42105532902376663	-0.6521823247146367
800	0.6167379691031315	0.1718398695462297	-2.2037232462307013
801	0.6157813073113146	0.5340305229327679	0.051167446738154314
802	0.7695265207391813	0.6001986011823	0.46311011400867963
803	1.0150407759206417	0.5437171660652782	0.11147359003969777
804	0.6725342095138285	0.6093395440212659	0.5200188904771524
805	0.5453022246394602	0.6013226481142506	0.47010809405487036
806	0.628105094244435	0.6190054804431822	0.5801961199909876
807	0.7556231401663854	0.4146238327013847	-0.6922228974450578
808	0.5351968940260362	0.5931314654005863	0.4191122400957752
809	0.6814678716312237	0.5843830085648767	0.36464696410857744
810	0.7678295416434644	0.7003178195860791	1.0864224266129028
811	0.5968584493633915	0.7003726737820699	1.0867639324327065
812	1.072969208876784	0.6819461959077002	0.9720461917217944
813	0.991868988373894	0.6724059695855573	0.912651595694883
814	0.536068611101407	0.5969038241318634	0.44259781741303
815	0.7076790624379246	0.413381578405704	-0.6999568011872992
816	0.8915281485645602	0.38739988972688383	-0.8617110249412779
817	0.8583305852908774	0.3116864364746035	-1.3330803423844237
818	1.011823511947129	0.2517253217080108	-1.706380311235173
819	0.5272130254303282	0.5050379912217751	-0.1293313853257212
820	0.45962828996147437	0.5842327986642972	0.3637118021886288
821	1.030319322946849	0.25059453220285055	-1.7134202685257647
822	1.1816230562874679	0.397616742990683	-0.7981039519244526
823	0.6439595827477427	0.36647160056437095	-0.992004294552374
824	1.2198029858295865	0.3951756069664162	-0.8133017347769983
825	1.3216244961125754	0.3906263193262885	-0.8416242391360891
826	0.5106359509942856	0.4322316790260956	-0.58260171194626
827	0.6454651952427497	0.5401349420306423	0.08917173448295214
828	1.0493207188053333	0.6138619284285205	0.5481739033539283
829	0.8266109495326057	0.6387586461908539	0.7031734226481071
830	1.2982837468884605	0.7168579985758889	1.1893966345761267
831	1.1742506374528079	0.5490886317626789	0.1449147291067071
832	0.63846652465588	0.6417483133075627	0.7217861960410945
833	0.7203234966066401	0.7523049601092346	1.4100788164828588
834	0.6444964702786219	0.7921148821244992	1.6579234855837885
835	0.7833897788820019	0.7839803494412164	1.60728031777236
836	1.262558987966404	0.7566465996987518	1.437108566177088
837	0.6812117835389817	0.7184752528474885	1.1994651760227277
838	0.6318280384300791	0.48853588324951036	-0.23206857451904636
839	0.5014326090576136	0.6088704087595884	0.5170981946353106
840	0.6306624215809955	0.6535379240323065	0.7951847866683885
841	0.9936573060902338	0.559698238299887	0.2109669665488489
842	1.233131883707817	0.42848136484009636	-0.6059500465171517
843	0.48818826104531793	0.5137948977382172	-0.07481350415320398
844	0.3572509721567576	0.5788893202957985	0.3304449038616055
845	0.4791496034411042	0.5904090817088735	0.4021634933743022
846	0.47080916179596216	0.5922765182752215	0.4137895949696792
847	0.8496490796359955	0.6103435886442728	0.5262697720351799
848	1.346760570549552	0.5648208477933209	0.24285880131171506
849	1.227202368593681	0.5167003148621686	-0.05672524601972142
850	0.5753549360374764	0.497198516141375	-0.17813761274012632
851	0.9809657057252741	0.5442794742055126	0.11497435235959666
852	1.067971689174764	0.4937570364701756	-0.19956323598045667
853	0.6990020557835491	0.6053654693206724	0.49527748985915293
854	0.46510585158541956	0.5922413730682358	0.41357079142134434
855	0.7115523180140723	0.5448493812673603	0.11852242329296248
856	0.7155185143110093	0.6067965679497673	0.5041870819463425
857	0.6480899081651026	0.4961556709414958	-0.18463005508624408
858	0.7053749476476721	0.4880135809025198	-0.2353202727341517
859	0.598831776778828	0.428436504895351	-0.6062293311175343
860	0.3356793954960512	0.4031176562130164	-0.7638569112791739
861	0.35128968176376785	0.2809809325774718	-1.5242436270058777
862	0.5293353100371712	0.12656666501541333	-2.4855806784501477
863	0.5402999824313071	0.20392132553334147	-2.003993695382725
864	0.4449939649743919	0.3248060603761591	-1.25140148746572
865	0.4261904041843343	0.3688710763370898	-0.977065875967249
866	0.7196497499015405	0.3728614999219523	-0.9522226920850108
867	0.6069815642367814	0.39089051984378337	-0.8399794057247173
868	0.5479612911063744	0.313682131446067	-1.3206557423151468
869	0.41994437870944756	0.38388441272986107	-0.8835973334028959
870	1.1532048450995074	0.4791047065861568	-0.2907842599822082
871	1.8827137768084856	0.5880147031178576	0.38725680831812104
872	1.6026971680894329	0.6387887843289262	0.7033610536827768
873	0.7008057808316583	0.5854118015523991	0.37105192158295003
874	0.9236577557053183	0.6456098263329925	0.7458268213316844
875	1.6022409177579042	0.5965729182284625	0.440537696217603
876	0.5509067888614075	0.4259025732890302	-0.6220048315129424
877	0.5105791666683863	0.34583487002589947	-1.120482407362325
878	0.44961640347580656	0.15260553391990614	-2.3234704677111777
879	0.5202393430378445	0.08832704583655984	-2.7236491116988866
880	0.47646799211175034	0.16375556675611985	-2.254053697748748
881	0.39936815675145304	0.32991893949472056	-1.2195702311068901
882	0.3966316779411195	0.46462926673910476	-0.38090401951369834
883	0.4832741196337193	0.5564703008200937	0.19087079313130037
884	0.6680929965278967	0.49149107681179277	-0.2136704231664202
885	0.9502268080001283	0.6164868181974208	0.5645156820680404
886	0.5399287140036774	0.5764805826008755	0.31544882331866403
887	0.7321462417120861	0.5812830068854513	0.34534728072424664
888	1.4732981173926079	0.6000502854709804	0.46218674474459587
889	0.6260887373813212	0.677432033256456	0.9439423650391795
890	0.3881164259215961	0.7060041489719822	1.1218238128428897
891	0.7600384862715407	0.6376287649923386	0.696139120203053
892	1.9096449249001486	0.6482058323527747	0.7619887784616243
893	1.338847285014414	0.683000609834934	0.9786106575047334
894	0.7437226913165448	0.5720669790029078	0.2879710472290363
895	0.5152395142271889	0.5669449961700124	0.25608311386727645
896	0.6716316387592479	0.6168867640300895	0.5670056252163352
897	0.6474554846193914	0.6757752754896164	0.9336278866449412
898	0.5418839033256628	0.6142107366543781	0.5503454790551872
899	1.4594427536469567	0.6752910553445903	0.9306132768305848
900	1.928711103189506	0.4078306205694736	-0.7345154046325962
901	0.6724414096623683	0.4590397625732032	-0.4157026008800459
902	0.2659084301310366	0.6444409208550791	0.7385495653935135
903	0.7398282396628791	0.4594375417831001	-0.4132261464771883
904	0.9734763054995439	0.34381723288694216	-1.1330436128044978
905	0.779783922825089	0.6780836694264973	0.9479992569586405
906	0.3965586812252199	0.6498767321299622	0.7723913007830461
907	0.6634020506139435	0.7209728267414828	1.2150143241741556
908	2.0509881425900405	0.6231172053572278	0.6057944896729214
909	1.8373074773951799	0.6727566524729054	0.9148348424779541
910	0.4489427090278076	0.5766859135182734	0.31672715220509445
911	0.3834832885411303	0.3605634994834348	-1.0287863650336475
912	0.5122999472447048	0.2856133734967803	-1.4954034351980316
913	0.622284566437759	0.28835521167072053	-1.4783335706881753
914	0.8873533019516503	0.20423265402356572	-2.0020554573070077
915	0.6166109743870907	0.26460279586609137	-1.6262090082031935
916	0.725994805390217	0.5269241377673894	0.006925217900287408
917	0.9902887886397764	0.5918048861676102	0.4108533545117478
918	0.8130345685004394	0.5976177847912348	0.4470427229645946
919	0.50127301532024	0.603417208213186	0.48314819884165183
920	0.5006979331663716	0.6255383526875634	0.6208678288947751
921	0.4089870498104579	0.47786413708495307	-0.2985076746978825
922	0.39359038531547597	0.5179422494964669	-0.04899333239365024
923	0.8483335118496204	0.6788831914580074	0.9529768420255623
924	1.6552284663893033	0.7070588728708641	1.1283902084166115
925	1.4538897420052337	0.7014738272960684	1.093619384905124
926	0.6660095211411634	0.7814188554401459	1.591333222149919
927	0.9969988051538788	0.8099226699850302	1.7687894472910362
928	1.4939677395985433	0.6738475108872435	0.9216262007386893
929	1.0552625964536637	0.6463278954425222	0.7502973048652809
930	1.6840428670816363	0.5900883787024894	0.400166892364472
931	3.6729329166971083	0.5274693673182794	0.01031965403036978
932	2.5028086849357662	0.4400475691494986	-0.5339423174209134
933	0.44553789235671154	0.45445563922576543	-0.4442419819350483
934	0.3424474408779663	0.6948121149280216	1.05214555592171
935	0.5281029083144005	0.6881249279179418	1.0105131294353236
936	0.832514856908465	0.5386911037972555	0.0801828294292872
937	0.6514827396883098	0.5152853701329022	-0.06553426875748687
938	0.5519200984791626	0.516154560389541	-0.06012295015556169
939	0.5077126500810591	0.4751776670724944	-0.3152328335924937
940	0.734611588346027	0.5229106735914033	-0.018061409811877135
941	0.6154516569650597	0.5333583833851093	0.04698290692129143
942	0.7149835606252559	0.5426464913286395	0.10480788932028436
943	0.9087933822640855	0.43460381886249805	-0.5678334787256858
944	0.3484315371214956	0.5139203723036708	-0.07403233703251691
945	0.4111359505648855	0.6405490601584218	0.7143200045774919
946	0.5105048978411408	0.5163042548384487	-0.059190997283573125
947	0.7334058818425209	0.4226038044466506	-0.6425419798114631
948	0.5883843488042367	0.4911864291646393	-0.2155670683111201
949	0.4042270003987245	0.5438473671493438	0.11228418305177258
950	1.1719451153190703	0.5152901141333923	-0.06550473402915369
951	3.374651621111118	0.4862231969308671	-0.2464666679179385
952	3.7880490979073578	0.7545709364672966	1.4241861076360303
953	1.404637442262707	0.779424218845955	1.5789152112210285
954	1.151733048594506	0.7891606812124393	1.6395315141745905
955	1.7970406319172818	0.8177686680531686	1.817636284876367
956	1.0410838880638873	0.7982452380055017	1.6960892479838108
957	0.5981321418412316	0.7278563177628999	1.2578688807293832
958	0.5211651142035845	0.5714203305522509	0.2839452073588595
959	0.7457953342045581	0.6182187728316815	0.5752983136708244
960	1.5413471336614555	0.5233080290238776	-0.015587593720519472
961	0.44128241749372277	0.49627125708080194	-0.18391045034956574
962	0.3222770289965338	0.5132868646400087	-0.07797636629268559
963	0.30547083754703275	0.509254872492631	-0.10307834361384695
964	0.38660780395112937	0.5073001608623042	-0.11524779365748984
965	0.30557240175804073	0.653457308934853	0.7946829011800111
966	0.5767161490942455	0.7331032543986764	1.2905347390997897
967	0.7216879068030955	0.5486973707889152	0.14247885529270238
968	0.5374334455434291	0.49162576310931566	-0.21283190655668682
969	0.8011392664175727	0.5074259066096007	-0.11446493823974742
970	0.6737208799990074	0.6802840524137215	0.9616981834010178
971	0.32333672161402327	0.6220077532801015	0.5988873728281991
972	0.40843113012371113	0.5491544192359907	0.14532430224145768
973	1.2415988065097077	0.44813578539165727	-0.483587501920749
974	0.6812381732357603	0.5334581803489061	0.04760421297308457
