ID	SN	ssim	z_ssim
494	0.8081445419924949	0.7366162512090445	-0.013046179558777057
495	0.7848331472719581	0.7052376940515781	-0.21600747812278168
496	0.6861641307412385	0.4668481990752068	-1.757947128872747
497	0.68142217472181	0.5332366864090488	-1.3285362566213956
498	0.7542047108719712	0.7305635849978565	-0.05219574873216062
499	0.8053331540371853	0.7591299576128081	0.13257591084729292
500	0.8224824006212722	0.7361547625790026	-0.01603115847784581
501	0.6674636747316453	0.7701507076598211	0.2038598047964713
502	0.5056053457807078	0.6770974109102794	-0.3980231259314237
503	0.5279680008165731	0.3922385919647515	-2.2405334590375494
504	0.5337357950720998	0.8016312784381778	0.40748094303580645
505	0.7637621254036127	0.8687903233766895	0.8418758995226856
506	0.9183102876267807	0.8609456135258464	0.7911351184792813
507	1.139264664235315	0.8994649025946229	1.0402837612906315
508	0.983650803014728	0.9102967727141805	1.1103459510308935
509	1.1307633981208902	0.8761935374033631	0.8897610181679005
510	0.9305120842226557	0.8343480190472299	0.6190978164781499
511	0.9181795524934259	0.8413062897950894	0.6641049740621768
512	0.9220691244689667	0.7971070336646273	0.3782174370800289
513	0.8655840944973078	0.869179219613457	0.8443913397586688
514	0.9212287594078419	0.8964095241992347	1.0205211073349245
515	1.015679622587674	0.8584262357301577	0.7748393982388552
516	1.0337952485476776	0.8699689621329371	0.8494995149523373
517	1.082514626131899	0.8969254221988667	1.0238580143637097
518	1.020855642932001	0.8861041310189026	0.9538642508199285
519	0.8680653402669415	0.8943720126356002	1.007342171454629
520	0.749701660973433	0.8783847984952946	0.9039344294716566
521	0.7630651983732146	0.5279780728588093	-1.362549771948021
522	0.8714662540486234	0.6314415264751804	-0.6933323571855743
523	0.9392060674218695	0.6571556318203997	-0.5270095977901349
524	0.9644286635059166	0.7329275736536398	-0.03690510917341343
525	0.809430711720843	0.648836217337119	-0.5808208408739187
526	0.8509680143812643	0.5186374811870511	-1.422966144999931
527	0.8104924943488286	0.5479835139535476	-1.2331515245219868
528	0.7905691442470949	0.6009113827526675	-0.8908059881167684
529	0.7127325531904577	0.7525828368313234	0.09022813402004247
530	0.6318644190803886	0.848317374902301	0.7094537429861753
531	0.7267755708046922	0.8622969199095492	0.7998755744861591
532	0.9696660187280826	0.8100965088019714	0.4622353454978763
533	1.0576106882189837	0.8004803668859025	0.4000366713948291
534	1.0847429300888003	0.7911547382761929	0.3397170817128054
535	0.7041225421927407	0.6304494910904023	-0.6997489935180099
536	0.5093431629237043	0.5135504158724541	-1.4558700601464833
537	0.5858560696917228	0.4019464717561341	-2.177741410350459
538	1.0198667545510263	0.5480758451678311	-1.2325543121308964
539	1.34829785005684	0.7738756833913034	0.22795351655597346
540	1.1464918312840344	0.9055442026356985	1.0796056021421736
541	1.0005507316374451	0.8928236298287031	0.9973269950529559
542	0.8249208578228371	0.8589245673715137	0.7780626833802838
543	0.8902070493302824	0.8305168940150841	0.5943175148351104
544	1.1567810960943175	0.8471501434724308	0.7019039118852
545	1.1291614791239935	0.7988117491830817	0.3892437973288905
546	1.1599800060979846	0.7768644740864389	0.24728547109985435
547	1.150138820120222	0.9031747872318662	1.0642798615484916
548	0.941481634145793	0.9158403937222992	1.1462029381099421
549	0.884334917863229	0.910792121921541	1.1135499453338824
550	0.8128634213848328	0.8254011629973736	0.5612281855441487
551	0.7515640142580708	0.8716422281346876	0.8603224549254547
552	0.7599604463329499	0.89940433939545	1.0398920292716085
553	0.7798115659114657	0.8780412384697188	0.9017122307715818
554	0.8273368337306576	0.8771926588127918	0.8962234879896686
555	1.070755528774714	0.8058266971618073	0.43461755189562357
556	1.1679597398302815	0.7508791933604054	0.07920870793832632
557	1.2078239403369313	0.7954329750382969	0.3673893702901113
558	1.2492199058517492	0.8551217202883524	0.7534652878287459
559	0.9725936159293055	0.8282109456993962	0.5794022890576841
560	0.7477188153954785	0.6911001414296293	-0.3074513269992086
561	0.5419124803612629	0.8216917353870982	0.5372350414064954
562	0.5673266509196844	0.7861803595841941	0.30754204084618103
563	0.5850382302317517	0.3107721928313989	-2.767470566899579
564	0.7776270288989419	0.5394640438192743	-1.2882567581008335
565	1.341958442321874	0.7719431155361379	0.2154533726048323
566	1.2533910681016778	0.9252392087276237	1.2069959085728814
567	1.0268918791155253	0.9256011897994629	1.2093372574127086
568	0.7893046454692054	0.8755220476642841	0.8854177200126678
569	0.8965745885002014	0.8713967793290301	0.8587348545754058
570	1.1986778704193397	0.8602239209810754	0.7864671009118821
571	1.1774056853492283	0.8027958337459203	0.4150134645702704
572	0.8436927290452495	0.7169298166626863	-0.1403810439240562
573	0.59201103754481	0.632553809071379	-0.6861379435303592
574	0.5899005802052842	0.5989429429033745	-0.9035381576028529
575	0.968011170052377	0.7223950823501633	-0.10503087102218706
576	1.3762118885238797	0.8246078781571404	0.5560970980790081
577	1.4756520051518616	0.9053019921986563	1.0780389480547614
578	1.0570468862588085	0.9325240098612595	1.2541151145466796
579	0.8598438428017826	0.9279443265949079	1.2244930239551306
580	0.8003127782835829	0.9002460950514241	1.045336633373472
581	0.6604162572042633	0.8058245778375502	0.43460384378275085
582	0.6971202562338722	0.8459533714260173	0.6941630075661696
583	0.9664224959508383	0.8506877468561495	0.7247856706914079
584	1.0510693035983718	0.8487286357285965	0.7121138408018449
585	0.9415769864008161	0.865426563466009	0.8201185868424623
586	1.0162347578806301	0.8646947384254451	0.8153850307452483
587	0.9175571974697116	0.8530917441229446	0.7403350920546834
588	1.1350995086433608	0.8826691381768716	0.9316461926639059
589	1.1930757396079645	0.8505794398231281	0.7240851242655377
590	0.8232494109380661	0.7537439370044038	0.09773830721598259
591	0.5233413863861984	0.7073817150068806	-0.20213962323535273
592	0.5454328700834465	0.6071020211802579	-0.8507639935821344
593	0.5888033111693026	0.5072285584723071	-1.4967607990300904
594	0.6199454498394726	0.43720476980544987	-1.9496853553401963
595	0.7226466352148716	0.38029253717741734	-2.3178023653223994
596	0.7374726848794945	0.34081425991720693	-2.573153890173999
597	0.6631183801536402	0.29450030045642894	-2.8727196511689557
598	0.7962681056845404	0.44656868064035765	-1.8891181503806713
599	0.8241624534477827	0.47864308034828384	-1.6816560359592427
600	0.9981612556878651	0.733406520760745	-0.03380720615914409
601	1.0670557815333317	0.7332290315079845	-0.03495523374500956
602	1.0249235054703911	0.7945045344338024	0.3613840747061838
603	1.2104785581942945	0.8435165756654645	0.6784014405376042
604	1.141759088506354	0.7846571461721061	0.2976896639329897
605	0.6838757331892953	0.679640798821399	-0.3815721045985323
606	0.7778567994202022	0.7842043196544185	0.2947607128791574
607	1.0337172704695454	0.782506559942858	0.2837793438512964
608	0.9939884750100794	0.8110362104173017	0.46831347901921794
609	0.8438130205265114	0.8039341498970032	0.4223762672332724
610	0.7501482674401206	0.5707584799353251	-1.085839567276282
611	0.5934111129541793	0.6174974251060656	-0.7835249338225859
612	0.7710429231775013	0.8766112245530291	0.8924626824242995
613	1.2088290556016874	0.8759226888224358	0.8880091281933756
614	1.172872684676441	0.9021354599962856	1.057557334304559
615	0.8932699552913178	0.9080972767671541	1.0961192754270879
616	0.7975923843283391	0.8813560498212933	0.923152936698055
617	0.772415091141248	0.8541073137279511	0.7469039513167545
618	0.7425871528650607	0.7966603297839453	0.37532808817715146
619	0.7263267062319795	0.8252712957020936	0.560388184050174
620	0.9689550818776843	0.8893320844438235	0.9747431464153615
621	0.921737229140582	0.8539817086324378	0.7460915183816229
622	1.116398635555808	0.91067805588887	1.1128121488189955
623	1.1811413288653292	0.900149674283607	1.044712969125735
624	0.8521617456571724	0.8071239041918217	0.4430080850229704
625	0.5246833767371014	0.6117293946388346	-0.8208334355459483
626	0.443132963126843	0.7844468320487213	0.2963293200722341
627	0.7550347247282504	0.7937242156823089	0.35633685388267033
628	0.8469695841868401	0.7248393673656399	-0.08922086234931732
629	1.0830936783696643	0.7598322064633269	0.13711816363161092
630	1.0994445045000487	0.8386018456842679	0.6466122166395974
631	1.0945092218723502	0.8797611404858299	0.9128368196059568
632	1.0412188998131722	0.8766084360889727	0.8924446462130405
633	0.9374228667652127	0.8692953112058015	0.8451422379027855
634	1.0776799174884835	0.8160784227998465	0.5009272785531236
635	0.7548967241766706	0.6681945496075956	-0.45560819212360765
636	0.6848568131055291	0.8022139957063231	0.4112500472952831
637	0.6504426385895671	0.8484240759695865	0.7101439017804676
638	0.9270400975960552	0.771131775051232	0.21020549847321765
639	0.9392804999609742	0.8857210576976617	0.9513864740906127
640	0.7976049308912277	0.8472553912841286	0.7025846708004687
641	1.001388043400051	0.8900017876592511	0.9790748890628507
642	0.9792184790212083	0.9063362270127431	1.0847285367389632
643	0.8643370916056021	0.8688591543187728	0.8423211085651698
644	0.6743769888159185	0.8177371195762481	0.5116559825522581
645	0.6277189494397665	0.6894259866377852	-0.3182800158023511
646	0.502291977291579	0.38030164131122846	-2.3177434783948927
647	0.43813149744797075	0.44378328710736425	-1.9071345010251943
648	0.4499591606872225	0.5209152205247644	-1.4082333791989834
649	0.5099406937072097	0.46451110083518377	-1.7730638371167353
650	0.6040527915019358	0.4575863727365191	-1.817854035724488
651	0.726553948043254	0.5964597334230839	-0.9195999356571157
652	0.7996599685845012	0.6977294189310352	-0.2645721479638417
653	0.7550295211877152	0.6934140180488083	-0.2924848197443102
654	0.6349564681474371	0.6377417649430082	-0.6525814528569805
655	0.5322928170808258	0.4898134691405044	-1.6094042557592592
656	0.521579626871404	0.4871574366502576	-1.6265838794284884
657	0.5765755997486403	0.3808051025739386	-2.3144870140793556
658	0.5405439541184175	0.4034242781260915	-2.168182733118503
659	0.509013214634664	0.38175053661770486	-2.3083718023356647
660	0.7113026036106648	0.6086436189448781	-0.8407927038698468
661	0.8531167450853877	0.7940569433764793	0.3584889874093375
662	1.077973653197168	0.8838023235315114	0.9389758085521457
663	0.9605960574325084	0.9112902079350493	1.1167716417168903
664	0.822558567904575	0.858175950166217	0.7732205129977547
665	0.8221902005480525	0.7292359429097375	-0.0607831404621445
666	0.6631304075489024	0.6580708205813557	-0.5210900171535022
667	0.4231300624534673	0.6739456385270679	-0.41840927091777996
668	0.5798167188366731	0.41444451702134755	-2.096902145376931
669	nan	nan	nan
670	nan	nan	nan
671	nan	nan	nan
672	nan	nan	nan
673	nan	nan	nan
674	nan	nan	nan
675	nan	nan	nan
676	nan	nan	nan
677	nan	nan	nan
678	nan	nan	nan
679	nan	nan	nan
680	nan	nan	nan
681	nan	nan	nan
682	nan	nan	nan
683	0.9769605220650335	0.7150661589111764	-0.15243546680357709
684	0.8847034039544682	0.7803787992601235	0.27001666288945164
685	0.8634432229661106	0.8297024989462911	0.5890498831885413
686	0.9636730412446517	0.8497712076288374	0.7188573550321954
687	0.9463237672087621	0.8645307327550028	0.8143242170284867
688	0.9729948637082333	0.8057307789518721	0.4339971382689963
689	1.052629403998631	0.7904476411644704	0.33514346963479125
690	1.2153935607259079	0.7781302623250125	0.2554727826871499
691	1.169948757357463	0.8186166789088509	0.5173451066064114
692	0.9512087691661881	0.8028645593367354	0.41545799218466656
693	0.9316372058705389	0.7868610247530405	0.3119446870820515
694	0.8526448289968843	0.7168926087140435	-0.14062171061677733
695	0.9683095050920627	0.8022494142337782	0.4114791397385533
696	0.9013580710044912	0.8024950927947625	0.4130682261811354
697	0.9416276274260319	0.8282924315687914	0.5799293521021722
698	0.8296093110757422	0.7326561803322917	-0.038660522612150694
699	0.5643237295119892	0.6682029613552511	-0.45555378365546834
700	0.48279054165608926	0.7378272714558937	-0.005213115703917116
701	0.6252564446801112	0.5997701304524873	-0.8981877822404228
702	0.9358675115173725	0.7255390094741458	-0.0846954703703355
703	0.8108182260884259	0.7524618891720269	0.08944582609345729
704	0.7094540052732645	0.7792398014095634	0.26264945089014874
705	0.7239462276202647	0.7585603942876948	0.12889188829968787
706	0.6663814324115802	0.8056862730924419	0.4337092675750595
707	0.7029240526412748	0.6896687968288877	-0.3167094824141066
708	0.8747836973243835	0.6255948356566259	-0.7311496460711374
709	0.9786898633005481	0.7122357265574938	-0.17074313541683284
710	0.9880520645192715	0.7511646858092482	0.08105531668635041
711	nan	nan	nan
712	nan	nan	nan
713	nan	nan	nan
714	nan	nan	nan
715	0.5935335000157531	0.7592694487512873	0.13347816082844532
716	0.7262517168820508	0.8032780846101009	0.41813273678971985
717	0.7209417300755386	0.7669934267901737	0.1834380300788136
718	0.7563661639392691	0.8004286758902944	0.399702326143069
719	0.895263132576336	0.8224438205825209	0.542099643278651
720	0.7816747008934131	0.7167718689644831	-0.14140267375144586
721	0.7704447872082179	0.5674458920859461	-1.107265891251071
722	0.5719165935233034	0.18008706651127943	-3.6127619169074023
723	0.652782039639014	0.38251891530001214	-2.3034018117026545
724	0.6304625217687633	0.4770787593555319	-1.691774302980463
725	0.6133409022294497	0.46435975528917217	-1.7740427632157347
726	0.631971907587507	0.4871738446252496	-1.6264777501410752
727	0.8371735716949672	0.5897451689948539	-0.9630307635567653
728	0.807834699870809	0.7301883332573228	-0.054622934283265256
729	0.8303679841530254	0.797771160448332	0.382513110515726
730	0.8160036662803271	0.8296684765016987	0.5888298208223802
731	0.8021483815875808	0.8340849516021622	0.6173962560783868
732	0.7828682364960029	0.822434165454782	0.5420371924382937
733	0.7721492820598925	0.8177194963185423	0.5115419926307034
734	1.0299686950861224	0.8073512723396277	0.4444787369174861
735	1.1472413101223027	0.8169051129991063	0.5062744369807688
736	1.2955324929401593	0.8340425632475557	0.6171220817289491
737	1.0739908210008218	0.8111646130009963	0.469144006535026
738	0.7144132844403518	0.7529801792739421	0.09279820560503543
739	0.7407162863828648	0.3830176918060608	-2.3001756491084713
740	0.65927470990787	0.2165022017613133	-3.377223262257308
741	0.9110926616572264	0.2766967589626781	-2.987875675790375
742	0.9767926298620412	0.7406937743120184	0.01332786242636884
743	0.8494167769324648	0.8064559859429992	0.4386878878120111
744	0.7759787605271155	0.6141412296471972	-0.8052333184735505
745	0.8979725304753	0.7178351115521395	-0.13452545835889693
746	1.1947424144360075	0.7970520062446393	0.3778615113259753
747	1.1994714044980719	0.8209957827383173	0.532733513416321
748	1.1795583689567937	0.7601704534733997	0.13930599693622256
749	1.196634809830341	0.8193426393960306	0.5220407298769377
750	0.7935625787208234	0.8396666231173522	0.6534993596467136
751	0.597702592309052	0.7896731773266056	0.33013411928655484
752	0.5827420922295885	0.4855786712027375	-1.6367955753885246
753	0.5829186908840248	0.9268040823037631	1.21711774978782
754	0.5861483470901234	0.9296982301910595	1.2358375402005597
755	0.5802863239351207	0.461828865754674	-1.7904129431403897
756	0.6142757670155404	0.4422063061659795	-1.917334654527089
757	0.66014126486913	0.5990731944107699	-0.9026956709662549
758	0.7377069880036214	0.7407842011251466	0.013912756860023152
759	0.9273195176483674	0.8465775895898295	0.6982005459551651
760	1.0143045376268183	0.7998243095510692	0.3957931923864731
761	1.16642236629734	0.8439825244019081	0.6814152681058474
762	1.131816114265193	0.9049774299700368	1.075939630005979
763	1.0502863289900009	0.9222774342093315	1.1878386987856455
764	1.1737138049058011	0.9102260059043732	1.1098882205004024
765	1.2593391750580762	0.8711514107698431	0.8571477732717799
766	0.8663506228655702	0.8178377507286696	0.5123068802104574
767	0.589288898487197	0.7310351258604314	-0.04914575043829611
768	0.743755354998907	0.8728431087199076	0.8680899339007762
769	0.8130028623710064	0.8719197591864593	0.8621175681416786
770	0.8247099118842823	0.7105147818438708	-0.1818744685779135
771	0.7297869957894588	0.5150916827479457	-1.4459009106755991
772	0.46785079986372907	0.32940850965640445	-2.6469280242876954
773	0.42976465831288324	0.28323217191199157	-2.9456036270091563
774	0.439350691440131	0.34821936035030476	-2.5252565699640166
775	0.46114941158146133	0.37919015324102956	-2.3249327529346333
776	0.562188921387735	0.3306304542044382	-2.639024300384854
777	0.7938260644306263	0.49692316546484644	-1.5634176544269274
778	0.8746470667469651	0.5671730792803754	-1.1090304861304867
779	0.9893899549437256	0.706407385394239	-0.20844173593029736
780	0.9072793714555157	0.762905939662506	0.1569995392606438
781	0.7994333021199336	0.76418050050989	0.16524359342112444
782	0.738667611885374	0.661366723667535	-0.49977161277451393
783	0.5148993977280071	0.5555526198927897	-1.1841933916579475
784	0.5075228311582773	0.5978016943542319	-0.9109199274642229
785	0.8137128791417746	0.6750880235195734	-0.4110201503672265
786	0.8218564381386884	0.8807761856261781	0.9194022865505431
787	0.9167575345877635	0.860645924244715	0.7891966824524458
788	0.8110986809945246	0.8546475343298489	0.7503981806505625
789	0.8296070318434553	0.8213380290711007	0.53494721495084
790	0.8481381899218803	0.7870865637112294	0.31340350749884355
791	0.8008883527132233	0.8019650269018634	0.409639679055549
792	0.7194278188667615	0.7922618234827873	0.3468778778585242
793	0.7368559168923189	0.8590639717501944	0.7789643721858134
794	0.9259925984440553	0.671520989012177	-0.4340922741749178
795	1.0402741534108222	0.7206343182195467	-0.11641976225200003
796	1.1448728182689007	0.8334503298636207	0.6132914257796268
797	1.1121515315319952	0.8083949683728621	0.4512295222116707
798	1.0274798762839168	0.811998187619041	0.47453569443448335
799	0.7939137390976875	0.6412827117736017	-0.6296780681259091
800	0.5794122568148932	0.33771366702323863	-2.59320899840986
801	0.8708642669259183	0.725914153878042	-0.08226897908899013
802	0.8422235080252577	0.7391529410204952	0.0033615174427917937
803	0.903086593269349	0.7182668726145305	-0.13173276188619149
804	0.8866318337781759	0.8161767273725056	0.5015631275381974
805	0.9433988763298299	0.7947164528375456	0.3627547952972382
806	0.8758862542163343	0.7997676448220038	0.39542667626732275
807	0.9106933808123294	0.6682768717887134	-0.4550757196872096
808	0.860528807147569	0.7844205845155265	0.296159547020064
809	0.777756544270541	0.8056365903201378	0.4333879118182445
810	0.9013031733531572	0.867619367801358	0.8343019800802647
811	1.0049050606703978	0.848457667993489	0.7103611801198901
812	1.1254843508808319	0.8669844308286385	0.8301951107987123
813	1.1164922762384362	0.8655404651370834	0.8208553202414474
814	0.7876065965718075	0.7950446728806617	0.36487777264865984
815	0.7333333185139574	0.6625662466292263	-0.4920129151154578
816	0.7927564341752732	0.6379402608989797	-0.6512975507074484
817	0.6419703703118751	0.5634640675476261	-1.1330209403088045
818	0.662915209828927	0.5245405908844413	-1.3847839301920397
819	0.5488718669441985	0.7274759477554483	-0.07216705783566481
820	0.5555712519817866	0.7873753681293785	0.31527153857001106
821	0.5886668120813592	0.5150258329810029	-1.4463268370221094
822	0.6267740949332018	0.6512135053214382	-0.5654441792276643
823	0.5392093172274379	0.59959087059534	-0.8993472623657974
824	0.5882197577163675	0.6917482844504178	-0.3032590389824495
825	0.6904214934460423	0.7045986659153451	-0.22014080967457725
826	0.5499183786062934	0.6647804159125165	-0.47769133013237697
827	0.6896832026704571	0.7665226583254039	0.18039302777188237
828	0.77342942616302	0.8087999516601239	0.4538490159464173
829	0.7867201485101691	0.8265619209459796	0.5687361451799375
830	0.8453719033303935	0.88555524586451	0.9503139778376817
831	0.8308573036883807	0.8056489966862856	0.4334681580886894
832	0.8299849918286027	0.8575370222671087	0.769087829794986
833	1.0487598945548946	0.8989604944993996	1.037021172717838
834	1.0963167891063592	0.912200067125916	1.1226567498804676
835	1.0927169296237558	0.910879439404061	1.114114728142431
836	0.9746495918591362	0.90509344569022	1.076690037397372
837	0.9268234736432308	0.8657936528080662	0.8224929767539885
838	0.8938178142130672	0.7028334322140063	-0.23155861077023493
839	0.8238793654710463	0.8199264475393585	0.5258168900836502
840	0.9045826323992177	0.8531606291582126	0.7407806509801447
841	0.9826264546207694	0.7899164674263197	0.3317077567969716
842	1.0164117866399622	0.7408292128231136	0.014203899394847432
843	0.6873196116482407	0.7457093020670289	0.04576906171518035
844	0.6462946219437736	0.7813566715371821	0.27634169007873804
845	0.7439916055379215	0.7932010846473667	0.3529531624771613
846	0.7814883690277599	0.7974585179512883	0.3804908911106768
847	0.9332862799080631	0.8078420344696569	0.44765306130394245
848	1.1064368618648666	0.8066215462663195	0.43975875726095215
849	1.0487820253033429	0.7851967329541844	0.30117979362343367
850	0.9413873087052843	0.7031299724070588	-0.22964054352589608
851	0.9213894136475451	0.7774991447321153	0.25139061773743004
852	0.8392332242659742	0.737852243874713	-0.005051590286211301
853	0.8323055327753454	0.801966775839988	0.40965099145436595
854	0.7808674589561043	0.7924356511642796	0.34800222184237933
855	0.9205560811846888	0.7521723291120758	0.08757290741574243
856	0.8548350531210991	0.7847130570431747	0.29805130398351787
857	0.7431789618128717	0.7282120669942549	-0.0674057262085802
858	0.6939192788015575	0.6841904602459369	-0.3521441998635615
859	0.7804635493481428	0.6533167589962985	-0.5518400133344729
860	0.7706032969553928	0.5709980586542831	-1.0842899355432487
861	0.6470406843704021	0.37519269873875766	-2.3507888989855865
862	0.5228284334529413	0.25412321504880525	-3.1338848043478063
863	0.4969436900754522	0.41042787244430323	-2.122882415761447
864	0.5220760430144351	0.5022679069501157	-1.52884705046654
865	0.5702348490695618	0.5509381639544824	-1.214040397200788
866	0.5909544873024438	0.6246429914723431	-0.7373063195823876
867	0.5208576783946213	0.6307703956499069	-0.6976733338315138
868	0.558553484432609	0.49325834177621214	-1.587122293589291
869	0.5693086787928021	0.5632042617744939	-1.1347014037164982
870	0.849158726703349	0.7076641446014789	-0.20031282549621823
871	1.074453609508366	0.8273895122047957	0.5740891317983671
872	1.1202197843177097	0.8488403921147396	0.7128366981703531
873	0.8897788640807193	0.8077659205243777	0.4471607446848204
874	0.9015782375756117	0.8306620048284947	0.5952561137317296
875	1.0225290190213827	0.8109935071531014	0.46803726778644766
876	0.6451177505990816	0.6726364687602249	-0.4268771808534021
877	0.5950136113506636	0.538747227757354	-1.292893233832614
878	0.42867862294378545	0.22526735984658103	-3.3205288814998606
879	0.4141369254953704	0.13403970142234445	-3.910603304801723
880	0.39649813019830205	0.2414886107454126	-3.215607354030074
881	0.43678411429250785	0.48493452779541246	-1.640961993294742
882	0.5122466330209541	0.6547832682175565	-0.5423544077851498
883	0.8065821228577862	0.7551774590141174	0.10701054644455783
884	0.8733006447809015	0.7086949984422656	-0.1936451054635277
885	0.9206424077918572	0.8131637978063199	0.48207503909084737
886	0.8233167499821862	0.7622623370758318	0.1528366194649686
887	0.8459520695268159	0.8047639447051228	0.4277435067450341
888	0.8049504320986759	0.8236768892273307	0.5500753195378641
889	0.5668727407006265	0.8506675939721213	0.7246553187605772
890	0.576354586730013	0.8755366417446226	0.8855121167525177
891	0.5704820764875282	0.8256755998308197	0.5630032848838185
892	1.0355091471852937	0.8425001030359374	0.6718267403750603
893	1.102672351235393	0.8730692553967567	0.8695526851346492
894	0.8361429993768325	0.7761195086411886	0.2424669208588555
895	0.8652552246166135	0.7877167929180277	0.3174799262316372
896	0.8584577284733274	0.8070656168794286	0.4426310737871209
897	0.8767870457723711	0.8454326955193187	0.6907951963049876
898	0.9035564946888919	0.8243721021988195	0.5545720631823797
899	1.0609976698095518	0.8734411531544168	0.8719581766124426
900	1.1535145261558548	0.7574859639192333	0.12194230863274416
901	0.8444831377982247	0.7109804165732675	-0.17886267205519307
902	0.5795485013520632	0.8336636779339666	0.614671393672549
903	0.7744392920331287	0.7218769235323731	-0.10838240136800018
904	0.8435543638670728	0.6767297640406145	-0.40040112201663997
905	0.8361751559511177	0.8731440766312124	0.8700366403027942
906	0.8352702759787407	0.8262724954891074	0.5668640971354889
907	0.7889540484837586	0.872179880427419	0.8638000720434462
908	0.9410347512374599	0.8552631928903072	0.7543803542181873
909	0.7684064813596508	0.8589728950422327	0.7783752741331502
910	0.49129591114861415	0.775512833814674	0.2385428554540123
911	0.497566614239386	0.5722418664411415	-1.0762447968736164
912	0.5547425398528668	0.5035299545073141	-1.5206839341775054
913	0.5480131713916443	0.5171432665732587	-1.4326309532582182
914	0.6391154113154124	0.4717866917809135	-1.7260042040445227
915	0.48338311894500174	0.4867629198373664	-1.6291356744089875
916	0.6039079378032052	0.7345504388862238	-0.026408169070440687
917	0.8910365980166146	0.788708893331311	0.32389698317837323
918	0.8569385775153862	0.7861987794640802	0.3076611834416269
919	0.825592057873458	0.7969383130706582	0.3771261265180227
920	0.7083859308906477	0.8195838547562985	0.5236009476558456
921	0.6921869797557292	0.7010758379660005	-0.2429269987153449
922	0.8730160917501013	0.7222818074751431	-0.105763550208594
923	1.0611167569275737	0.8703732248023562	0.8521143476208543
924	1.3148681743308144	0.90074585000786	1.0485691247341495
925	1.374023904555155	0.888564779887786	0.9697801033950617
926	1.2416882735061296	0.9220452916090662	1.186337165003661
927	1.3899878960026886	0.9379305131746218	1.2890852034409521
928	1.4785464429490411	0.8841446006310002	0.9411897090904128
929	1.4325363375080178	0.8542772701862194	0.7480032556377388
930	1.1254300441152945	0.8581483998163544	0.7730423131284638
931	1.2272329966771414	0.8527906668215826	0.7383876781010735
932	0.9718777580843992	0.779647846379542	0.26528874805616454
933	0.6210182830568369	0.7097680578561754	-0.18670439333994182
934	0.6164613512972239	0.8625592342668714	0.8015722637994038
935	0.7107776318055465	0.8486772182335861	0.7117812645937088
936	0.8326614488092835	0.7589251077019015	0.13125091034712053
937	0.8423351679356252	0.7189309915117695	-0.12743713946135798
938	0.8335932283232569	0.7358018369007719	-0.018313935649237487
939	0.8963532961138774	0.7261951838617351	-0.08045123424688248
940	1.001841066394776	0.7470707267153359	0.054574964202372546
941	0.9860128751308974	0.7381304226883041	-0.0032522872476393543
942	1.047458283949842	0.753812141824842	0.09817946640807038
943	0.8903784766778625	0.7059115645667895	-0.21164878074402868
944	0.5693764502886455	0.7454996742425595	0.04441315694059327
945	0.6566456816686314	0.8193060313277949	0.5218039433022795
946	0.7272795531773368	0.7600551840020348	0.1385604163961226
947	0.8746381535066848	0.680642226054198	-0.3750947203591531
948	0.7158182581407317	0.70821887343619	-0.19672475469745968
949	0.5751913070913657	0.7650928101229892	0.1711445512898325
950	0.7247107440098591	0.767635162155289	0.1875888724003595
951	1.0932491608749932	0.8023543657621951	0.4121579822483247
952	1.221944300689976	0.9209613550620956	1.1793260979227203
953	1.1473313370579095	0.9192876688237704	1.1685004397952763
954	1.2006365585307839	0.9255271687606612	1.2088584780322271
955	1.2436161260321965	0.9378014317554934	1.2882502851139135
956	0.9912342113135024	0.921730561467383	1.1843014423943419
957	0.9986094245997028	0.8879143401066266	0.965572959581555
958	0.9811860176340464	0.7976882403529411	0.38197677067852015
959	1.0769659405744354	0.8414349628573808	0.664937251074846
960	1.1766774617748872	0.8142430844830165	0.48905603010091553
961	0.9640786768097026	0.7551975725807973	0.10714064406477772
962	0.8040561502829751	0.780531387445883	0.27100362657206634
963	0.8873135838662699	0.7679933160091805	0.18990546621016197
964	0.9654838094958345	0.7435714852743509	0.03194133629885675
965	0.904501855325395	0.8573138874695994	0.7676445598565358
966	1.157107164396276	0.8958881017670449	1.0171484674328868
967	1.2261399590297308	0.824478015859772	0.5552571289122891
968	1.1230362641312646	0.7609346037035047	0.1442486372947896
969	1.2942040318121883	0.7745432590271619	0.2322714976939715
970	1.3533529113491038	0.8711917017351767	0.8574083813871708
971	1.3105568967970465	0.8387499413714959	0.6475701221557975
972	1.2469673231364573	0.7937745864329784	0.35666265958859306
973	1.3993458838124622	0.7847490304172011	0.2982839852591254
974	1.2108143363608113	0.8003718837114451	0.39933498565925707
