ID	SN	ssim	z_ssim
5057	0.19354355447494373	0.13227563296512423	-2.035772268004427
5058	0.1801714756968277	0.16043654881426173	-1.7630793516466488
5059	0.1778264098031913	0.09722091282313483	-2.375220527387568
5060	0.35709595364562025	0.2334553577235422	-1.0560103039951727
5061	0.4110189639254831	0.25623693934029906	-0.8354075379630997
5062	0.3426725939490003	0.2159876674697952	-1.2251566280297477
5063	0.350825496767257	0.26095593584039917	-0.7897116903994681
5064	0.5858808262720714	0.3217272719519949	-0.20123960504513622
5065	0.7114290505933241	0.1921300347765546	-1.4561792080965712
5066	0.596290567253352	0.20824060799691033	-1.3001743672316788
5067	0.2855700909536197	0.3200986287884787	-0.21701037955916855
5068	0.253877170452478	0.22818153298745672	-1.1070787655234573
5069	0.24122523162768453	0.26370270231031767	-0.763113700360775
5070	0.26240808472077753	0.3040374799965658	-0.37253662478450233
5071	0.537120552783658	0.3549406100817347	0.12037784820445818
5072	0.6417971512986247	0.3049046694680212	-0.36413929753588653
5073	0.4943193388972912	0.33081971417265466	-0.11319401024811054
5074	0.27318765289942015	0.4571502695203772	1.110113063549465
5075	0.29372248663017514	0.4732830402171876	1.2663328510667546
5076	0.5394571788421696	0.52823679833969	1.7984711042231796
5077	0.5727459198587768	0.5441502632302883	1.9525672697606107
5078	0.5391296721367473	0.5092769591693557	1.61487573166035
5079	0.6776076656749666	0.4107167483735165	0.6604795230023166
5080	0.5460500553382415	0.35702793547370665	0.14059021812785685
5081	0.29411870093502024	0.3837581739037547	0.39942933797316593
5082	0.37564103798396403	0.4937142124712485	1.464175704488677
5083	0.42983371309221957	0.4574141076279245	1.1126679088314446
5084	0.38397072632886403	0.5495378771200098	2.004737595174329
5085	0.3411531918565434	0.5659047158741891	2.1632239531942283
5086	nan	nan	nan
5087	nan	nan	nan
5088	nan	nan	nan
5089	nan	nan	nan
5090	nan	nan	nan
5091	nan	nan	nan
5092	nan	nan	nan
5093	nan	nan	nan
5094	0.2942280296400526	0.26616206445052504	-0.7392987563445421
5095	0.3847688085590664	0.42044454054170516	0.7546774542868193
5096	0.4064633651989099	0.375103226356119	0.3156201713845489
5097	0.46911223268044244	0.2809601964753637	-0.5960027854280182
5098	0.32402935096415864	0.3923000604481382	0.4821436916349463
5099	0.3481358422853984	0.503246369531451	1.5564792262154605
5100	0.3388206709308517	0.5345004678719707	1.8591246114105642
5101	0.47910971481407866	0.2770749292882019	-0.6336253132524741
5102	0.3687752880031316	0.42689923336648206	0.8171807130590636
5103	0.32709998760651765	0.44341029965455997	0.9770636814395277
5104	0.3376820442090537	0.43603028061305527	0.905600135083826
5105	0.4979061994800311	0.32044943027678574	-0.21361343460817472
5106	0.5089802014236128	0.3379109735688492	-0.0445266339540611
5107	0.3893761335555039	0.3884547773078346	0.44490834462534634
5108	0.46592329112710074	0.4682389036310552	1.2174885477227801
5109	0.5020601308724976	0.3055155685978046	-0.3582237276661599
5110	0.4732824326142181	0.2418787940776503	-0.9744429488188948
5111	0.42633733051635947	0.47864176959359234	1.3182234766931462
5112	nan	nan	nan
5113	nan	nan	nan
5114	nan	nan	nan
5115	0.3458457173661317	0.43557463209444014	0.9011879162468784
5116	0.5734169299938405	0.4951483245944857	1.4780627605547731
5117	0.5708419347957858	0.5152172295021024	1.6723976407370356
5118	nan	nan	nan
5119	nan	nan	nan
5120	nan	nan	nan
5121	nan	nan	nan
5122	nan	nan	nan
5123	nan	nan	nan
5124	nan	nan	nan
5125	nan	nan	nan
5126	nan	nan	nan
5127	nan	nan	nan
5128	nan	nan	nan
5129	nan	nan	nan
5130	nan	nan	nan
5131	nan	nan	nan
5132	nan	nan	nan
5133	nan	nan	nan
5134	nan	nan	nan
5135	nan	nan	nan
5136	nan	nan	nan
5137	nan	nan	nan
5138	nan	nan	nan
5139	nan	nan	nan
5140	nan	nan	nan
5141	nan	nan	nan
5142	nan	nan	nan
5143	nan	nan	nan
5144	nan	nan	nan
5145	nan	nan	nan
5146	nan	nan	nan
5147	nan	nan	nan
5148	nan	nan	nan
5149	nan	nan	nan
5150	0.31653261095569357	0.5759336814822664	2.260338262060082
5151	0.3661646270336991	0.5912095811431474	2.4082606396855244
5152	0.45420154486570946	0.38985505481399463	0.45846776715657994
5153	0.42856153257352747	0.3734648059346384	0.29975471994301245
5154	0.4913033460476424	0.3620056484281293	0.1887913160468716
5155	0.46002181648269924	0.35993895393928965	0.16877872304736166
5156	0.6111885132705077	0.3679976152715718	0.24681382220437248
5157	0.6281230711552673	0.39201555284065565	0.479388695681476
5158	0.5958753559994269	0.2996336190315404	-0.41518089446026035
5159	0.3662946164546493	0.27487888836105373	-0.654890417273706
5160	0.42721046822114955	0.3692696905286718	0.25913181333589286
5161	0.38275219574063013	0.3876166409887743	0.43679235016073686
5162	0.42589924507481314	0.2602160314610262	-0.7968764674300878
5163	0.38235551262608325	0.3200442920043326	-0.21753654341739279
5164	0.35488373338225476	0.39474187294693447	0.5057886957627514
5165	0.3992022636930159	0.29743503229143553	-0.43647065056182194
5166	0.4874259221734272	0.21581277628545986	-1.2268501662426794
5167	0.7421789918702438	0.29513401341378914	-0.45875229621927
5168	0.8025701058343384	0.3419489912571073	-0.005424964618646857
5169	0.6862053085412413	0.2958845813036619	-0.4514842603389605
5170	0.5312579452288574	0.24843009399734894	-0.9110042066058353
5171	0.6911194322364957	0.34855832004642556	0.05857569332805897
5172	0.6951423218802715	0.3323082154426984	-0.09878028327612656
5173	0.580803513136305	0.30815016153325353	-0.33271195685472965
5174	0.3360693639078878	0.3005906504711588	-0.4059135930800883
5175	0.2276561479712681	0.3007581063816701	-0.4042920534666997
5176	0.2357584833910313	0.2311682271440692	-1.0781574639507907
5177	0.24902419529858244	0.2062018309446228	-1.3199166250179655
5178	0.2860858003306215	0.21595250172051209	-1.2254971514267596
5179	0.284156045123619	0.22529383009478507	-1.1350414968350366
5180	0.27557618578945364	0.2865271142061766	-0.5420961923586847
5181	0.27379477070995584	0.2756872677822301	-0.6470625702297699
5182	0.2785447969618159	0.13391712163636077	-2.019877105527264
5183	0.2443575382385923	0.23504309003601007	-1.0406356848953608
5184	0.23708111294540982	0.24744616496129357	-0.9205319676974283
5185	0.2667515028705545	0.17293671137315303	-1.642035497768055
5186	0.3811989191767797	0.15192374519313484	-1.845512084241787
5187	0.8708226709132945	0.2516868457479436	-0.8794678340858288
5188	1.1066350156056488	0.47455186010477884	1.2786193192105315
5189	1.1002357820123185	0.5507503123143518	2.016478068772955
5190	0.6908214915428172	0.4505146195472599	1.0458575275153206
5191	0.6833125320787581	0.4114090226289906	0.6671830793303832
5192	0.6101760068111504	0.42272185705700505	0.7767295809063404
5193	0.3647878194323944	0.3923846745271862	0.4829630421171582
5194	0.38159645661521885	0.4287823960220549	0.835416097138021
5195	0.36598843000746856	0.34318569501132185	0.0065505107250537235
5196	0.3933556852541578	0.2933188263545864	-0.47632944660601984
5197	0.34843134516326474	0.2736659385588197	-0.6666358740173266
5198	0.34319779390764554	0.2949850264788591	-0.46019499367992533
5199	0.3544943335875173	0.3302936547918147	-0.11828804438773542
5200	0.34375114352338426	0.424967949665494	0.7984793544967921
5201	0.25013576659981956	0.3466517096045639	0.040113255368486006
5202	0.3024192717369851	0.2223736578814284	-1.1633186409944503
5203	0.5685094452942964	0.29545830163322306	-0.45561208938893655
5204	0.7040789675413214	0.4295673662711096	0.8430172642170869
5205	0.45987727394395433	0.3519845345282942	0.09175303827426846
5206	0.4340069185969951	0.37954748435963903	0.3586556210310986
5207	0.37970092868363564	0.46888370467160156	1.2237324027578609
5208	0.27046226623111386	0.49381315031325423	1.465133757444739
5209	0.3388447044843492	0.3361470967696256	-0.06160692747337969
5210	0.4472911098060498	0.3328485824362205	-0.0935477030519453
5211	0.46019555256668004	0.3274482156470406	-0.14584151966758177
5212	0.42070863061760133	0.2708924531341136	-0.6934925939120408
5213	0.3424284735338784	0.2658129824519563	-0.7426790508189006
5214	0.3731217787236438	0.3013832858754931	-0.398238201371442
5215	0.3788368910889554	0.28358043686427886	-0.570629995812811
5216	0.5661003825183684	0.3590057681562231	0.15974232827769969
5217	0.608897011940847	0.48192663132954094	1.3500320489500508
5218	0.6356202639370018	0.4726278180708393	1.2599880844793645
5219	0.6117483021015349	0.4147994503070337	0.7000138869709671
5220	0.6116252711505897	0.36889992265758453	0.2555512096480591
5221	0.35617233663942444	0.3076769181976083	-0.33729455303289824
5222	0.49436954653387966	0.20751142161753477	-1.307235357769967
5223	0.5516154112604172	0.2726592534885626	-0.676383990489563
5224	0.3657425282710359	0.21214069449284984	-1.2624083383737108
5225	0.3408493138663576	0.2789234456731949	-0.6157254222596065
5226	0.32650062662043555	0.3011440382143255	-0.40055492795821507
5227	0.2601331181812377	0.28268430914886705	-0.5793075431430824
5228	0.2664342620465879	0.37589977181306683	0.32333342562778056
5229	0.2940750230785429	0.3269121013614127	-0.15103291929506982
5230	0.2741660543239204	0.2443962645588175	-0.9500653195176403
5231	0.3295128435226593	0.2262119535702042	-1.1261509561498602
5232	0.3317823071028464	0.35752796085368804	0.1454321550822691
5233	0.3384017598677768	0.3110609856210479	-0.3045253341696786
