ID	SN	ssim	z_ssim
5057	nan	nan	nan
5058	nan	nan	nan
5059	nan	nan	nan
5060	nan	nan	nan
5061	nan	nan	nan
5062	nan	nan	nan
5063	0.2390550492594596	0.09531829142478637	-0.8192242466027816
5064	0.28946926795590155	0.08817375173855008	-0.9533254426087204
5065	0.354313114649421	0.15413567992487803	0.2847632025821117
5066	0.3423898306833459	0.11786105917984993	-0.3961022191526629
5067	0.4237849118724854	0.11374894702211596	-0.4732855203421034
5068	0.5487725314516796	0.05805875034560934	-1.518576372951205
5069	0.6722433300096641	0.11729984499238985	-0.40663606696638316
5070	0.5171116517794746	0.2267746291390049	1.648177837256855
5071	0.5019956549660973	0.26148378343831136	2.299659851256788
5072	0.5212621498067685	0.1833753575339067	0.83358452773377
5073	0.48937803314869455	0.16247583263954768	0.4413057515813121
5074	0.4060767137930377	0.13890660400422616	-0.0010826859863230932
5075	0.393164519745432	0.22411487925725515	1.5982550072519468
5076	0.37546920281989576	0.14006234411675034	0.02061026249853245
5077	0.3091400954463537	0.11525656726957467	-0.44498787106226767
5078	0.31644851591934187	0.09597999856066342	-0.8068041716611136
5079	0.3692921604509397	0.09488274315062048	-0.8273993771288936
5080	0.5385861766509579	0.09482184313438106	-0.8285424549719937
5081	0.519826935001047	0.15382609991138432	0.27895246432713094
5082	0.48295872747402824	0.22435480729437984	1.6027583955942024
5083	0.3669132763864387	0.15314083452981087	0.2660902070948702
5084	nan	nan	nan
5085	nan	nan	nan
5086	nan	nan	nan
5087	nan	nan	nan
5088	nan	nan	nan
5089	nan	nan	nan
5090	nan	nan	nan
5091	nan	nan	nan
5092	nan	nan	nan
5093	nan	nan	nan
5094	nan	nan	nan
5095	0.3624495308113187	0.18921356038429848	0.9431661129926588
5096	0.3120049564311797	0.163006393828718	0.4512642503995271
5097	nan	nan	nan
5098	nan	nan	nan
5099	nan	nan	nan
5100	nan	nan	nan
5101	0.35123419033097864	0.13201572727511723	-0.1304226926886719
5102	0.3873430891136814	0.0947916722520393	-0.8291087547735583
5103	0.35886825570999625	0.1329549941333032	-0.1127928922280307
5104	0.39604241361730497	0.11541844267538079	-0.4419495107933247
5105	0.5467355060153668	0.14266951428395902	0.06954618461080339
5106	0.5437528695471664	0.23627449921947832	1.8264879867751969
5107	0.49259544046826	0.20509068631310753	1.241175735682825
5108	0.4771716900715864	0.1379506452163559	-0.01902578972927733
5109	0.44255250200767937	0.08941928837920403	-0.9299470360890272
5110	0.3657573603740405	0.0381991102266892	-1.8913367758817505
5111	nan	nan	nan
5112	nan	nan	nan
5113	nan	nan	nan
5114	nan	nan	nan
5115	nan	nan	nan
5116	nan	nan	nan
5117	nan	nan	nan
5118	nan	nan	nan
5119	nan	nan	nan
5120	nan	nan	nan
5121	nan	nan	nan
5122	nan	nan	nan
5123	nan	nan	nan
5124	nan	nan	nan
5125	nan	nan	nan
5126	nan	nan	nan
5127	nan	nan	nan
5128	nan	nan	nan
5129	nan	nan	nan
5130	nan	nan	nan
5131	nan	nan	nan
5132	nan	nan	nan
5133	nan	nan	nan
5134	nan	nan	nan
5135	nan	nan	nan
5136	nan	nan	nan
5137	nan	nan	nan
5138	nan	nan	nan
5139	nan	nan	nan
5140	nan	nan	nan
5141	nan	nan	nan
5142	nan	nan	nan
5143	nan	nan	nan
5144	nan	nan	nan
5145	nan	nan	nan
5146	nan	nan	nan
5147	nan	nan	nan
5148	nan	nan	nan
5149	nan	nan	nan
5150	0.47293641069022657	0.17773720574801638	0.7277578501652373
5151	0.5697913665051008	0.16564515525535195	0.5007931324306046
5152	0.5573764988164479	0.15590653974001165	0.3180017917141392
5153	0.4676936032993261	0.1718460733021361	0.6171827898371579
5154	0.38976089496319544	0.12606838991214167	-0.2420527050409403
5155	0.41401395741548813	0.1462797692312244	0.13730975337469778
5156	0.3960453371113555	0.12962137580232438	-0.1753640619386268
5157	0.43061637151789567	0.19617793265282857	1.0738856123103913
5158	0.5851445744851898	0.10572327391770978	-0.6239253668988981
5159	0.6256687261209543	0.0904795143164629	-0.9100468644241078
5160	0.6144725545393723	0.15502901358405125	0.30153084855911905
5161	0.6342571593922106	0.23235613875435007	1.7529413556649576
5162	0.631157700385581	0.18172699739712309	0.8026452264633135
5163	0.46784594881293345	0.14146719150678613	0.046978891337217735
5164	0.4462892907737542	0.14574641195077206	0.12729877263301026
5165	0.44710602167990265	0.11221403234420416	-0.5020954791518467
5166	0.4761679766942135	0.09906413078813545	-0.7489157927720974
5167	0.4862695403635417	0.13156945099979167	-0.1387991850728524
5168	0.4110075173846212	0.09028370587105873	-0.9137221392311534
5169	0.3636410587992255	0.0762012906832888	-1.178045496965482
5170	0.25047066683926106	0.06630595308678894	-1.363778471355636
5171	0.23600908118275707	0.16398549135439935	0.46964166237657373
5172	0.468393610779982	0.1297581567204467	-0.17279671883234837
5173	0.5732497038439016	0.2427652885223533	1.948318454064073
5174	0.6597821582043351	0.24839104240971202	2.053912426224831
5175	0.6809332041202741	0.24036326962284937	1.9032331691614102
5176	0.643322070977691	0.1262938884132454	-0.23782015542632864
5177	0.6757373851393909	0.11538770281595036	-0.4425264901503876
5178	0.734510669590669	0.19992477735023179	1.1442129360060307
5179	0.7253890297892235	0.2208483023810395	1.536942188626311
5180	0.7399308612107999	0.1997354127958048	1.1406586113966077
5181	0.671686586733708	0.15624226699326904	0.3243033070210438
5182	0.6202218550326153	0.11269624645117281	-0.4930444427918685
5183	0.6118584725404895	0.1761244006490573	0.6974859079277907
5184	0.6604240211028173	0.19950196657229896	1.1362768850503304
5185	0.6997669599733652	0.10019083248279857	-0.7277678880180212
5186	0.6940207314932868	0.09583839884828349	-0.809461962312179
5187	0.6116815963213103	0.18742627316067847	0.9096191855740448
5188	0.504754196652928	0.14826817602103595	0.17463164398911282
5189	0.3547173204677537	0.13967878437926984	0.01341094360679921
5190	0.2407321883639438	0.07986668020962269	-1.109247066150417
5191	0.25165324979035675	0.0641176366829385	-1.4048526146711378
5192	0.2416866935102907	0.08148587131116465	-1.078855260265812
5193	0.27590260209191253	0.10180996695743151	-0.6973771450061216
5194	0.24325503217719388	0.019171859875000755	-2.248473434214178
5195	0.2137854433509827	0.048040464006688016	-1.70661706402154
5196	nan	nan	nan
5197	0.23368782408966896	0.09841204435424832	-0.7611552895799846
5198	0.39810677050697535	0.13231169290366573	-0.12486749298259937
5199	0.4622030241565375	0.04990056083135523	-1.6717035188766705
5200	0.4379832305092542	0.10153150354871601	-0.7026038324895123
5201	0.5045793205157486	0.15019756189500091	0.21084572699772217
5202	0.4379081575916491	0.14057062249331484	0.030150518581449313
5203	0.45292537787808024	0.1321014194698363	-0.1288142719499168
5204	0.4470627149042724	0.16560638935740118	0.5000655063682207
5205	0.4278069018611186	0.1274244358006828	-0.21660006799525014
5206	0.4412700759799431	0.12112183222607638	-0.33489833694240834
5207	0.5101694436188337	0.24916055904684772	2.0683560581337086
5208	0.4751521423320687	0.25304581579221846	2.141281340828699
5209	0.5023142058911582	0.18120296922966514	0.7928093508039915
5210	0.5965106238038621	0.1302838439838686	-0.16292970236300533
5211	0.5629545532185776	0.11489072000991482	-0.45185473124227266
5212	0.5471578775062411	0.11228986561167252	-0.5006721079745353
5213	0.6602309326296838	0.07250693239031125	-1.24738766417566
5214	0.640382313388072	0.13424479037526243	-0.08858374422876814
5215	0.6214436671475176	0.21942126163695064	1.5101569961666506
5216	0.5812505500259094	0.21287008970108123	1.3871931621868259
5217	0.43864816512816274	0.14189554884377983	0.05501904979829209
5218	0.4213890080378309	0.0896273745334261	-0.9260413118046182
5219	0.4842205385605354	0.13257649800025495	-0.11989716855015314
5220	0.5400337850001058	0.21277524903226502	1.385413026911945
5221	0.4718600326409744	0.19317498725157417	1.017521089537212
5222	0.5257303381422129	0.19244977375127437	1.00390901625876
5223	0.4514091974719815	0.14596376373968536	0.13137841052815064
5224	0.3077783954962013	0.07535414538100949	-1.1939461992102078
5225	0.22684532573685984	0.05837298637762733	-1.5126782424106253
5226	0.2709534326629738	0.08875853395808296	-0.9423492288166072
5227	0.2941359445439047	0.07426324063913776	-1.2144222042487653
5228	0.29852491232502076	0.09715730628649445	-0.7847064045502218
5229	0.2909355829470931	0.11300154455210841	-0.4873140749484821
5230	0.2492260025737531	0.06844323733731422	-1.3236621886016546
5231	0.21096128126864921	0.0725996751574317	-1.2456469059829787
5232	nan	nan	nan
5233	nan	nan	nan
