ID	SN	ssim	z_ssim
245	0.531258308848954	0.25699519685951794	-0.6558362565730329
246	0.6047267741417057	0.2466619953654146	-0.7507298823015612
247	0.5465788177943233	0.28913945565368293	-0.3606435938658261
248	0.5320308810941021	0.5056568293885977	1.6277158355568555
249	0.6192292950262176	0.4459795026482297	1.079676787696308
250	0.6974195262300058	0.3398577899070709	0.10512169978124547
251	0.7573170028542794	0.3644844658617796	0.3312776082204109
252	0.7474837704790306	0.39837253849336507	0.6424843608224905
253	0.6806504208950244	0.3409222118631922	0.11489668179229456
254	0.7195526027757151	0.4174044562343998	0.8172615274193572
255	0.6951850612366127	0.39717892308935276	0.6315229474138014
256	0.5633840812805908	0.32308631832670964	-0.04889695048621006
257	0.6048516704515656	0.28613377400932666	-0.38824588432550733
258	0.5902615060583598	0.3579853555982829	0.27159386574576416
259	0.7175203212459258	0.2819724608340396	-0.42646076818509576
260	0.7429056065440304	0.19980964403972012	-1.1809924193999706
261	0.6953230026762991	0.3765772670298683	0.442330291041796
262	0.6297613897586436	0.41150752210183555	0.7631077919250224
263	0.6544075909042221	0.4473838400439144	1.0925733393892878
264	0.6842212761614611	0.3447345393327764	0.14990670034847525
265	0.7660567079772472	0.3530101543719423	0.22590474574109826
266	0.7442073104029552	0.15367273414999008	-1.6046847921699445
267	0.7149761132392668	0.15085846657382054	-1.6305292561751574
268	0.5778279590437105	0.25342250789287446	-0.6886455857861112
269	0.6047538853769219	0.32778877237178805	-0.005712569109932946
270	0.6378856151721238	0.3836295177617325	0.507093727801947
271	0.7416758728569894	0.48777291480738916	1.463481208195857
272	0.9162792684585921	0.45802874942054994	1.1903294943309086
273	0.9357338313580095	0.4295455006973891	0.9287572463291048
274	1.0360490690338096	0.39157125495823164	0.5800256490065202
275	0.9723110924068618	0.3963026185138783	0.623475517151581
276	1.1671689869743802	0.410519486503559	0.7540342941980286
277	1.0688658701311413	0.24842693325974047	-0.7345218023493965
278	0.91520417917228	0.3841596458152789	0.5119620905383295
279	0.8564740034075922	0.3744630779382245	0.4229149076781526
280	0.8633558531563298	0.3473185917813917	0.17363701336537649
281	0.7653833285634984	0.3971283714041465	0.6310587125202257
282	0.8034703563530056	0.38311428265633923	0.5023621325377602
283	1.0108616859117734	0.4891926690210021	1.4765193382516746
284	0.9380244409409257	0.4594909686756754	1.2037575966289336
285	1.00826670834134	0.4001325878318407	0.6586475473513081
286	0.9503227774234162	0.40906477663309504	0.7406751533673597
287	0.7159044899688916	0.4265310974625312	0.9010748622657818
288	0.7029322419956511	0.39307318790653867	0.593818456893536
289	0.6349996429989601	0.371431992265099	0.3950793225905288
290	0.7135744728824953	0.3872853894137148	0.5406669544977313
291	0.816068424327043	0.3840527258684403	0.5109802049703374
292	0.9712442490182744	0.297564467090079	-0.28327358589103097
293	1.0824928495418202	0.21531836218419856	-1.038570102756751
294	1.0341124703032196	0.41586232508100485	0.8030995644906295
295	0.864957989345405	0.47723815252665874	1.3667365749302498
296	0.7103135910381551	0.4795483432200973	1.3879519137726977
297	0.9907508684276308	0.3193962983612256	-0.0827837738231267
298	1.0647722412995877	0.2968143167618529	-0.2901624948634771
299	1.1327471638887912	0.37627270884484637	0.4395334201554085
300	1.1965500443823323	0.3925467252682806	0.5889837550266052
301	0.9957561575976157	0.3403810546542903	0.10992703422748734
302	1.1332080968641702	0.29018586249814815	-0.3510340513135864
303	0.9716522290281422	0.43421346818812206	0.971624924873003
304	1.028229409033394	0.37958642595636305	0.4699645146743653
305	0.7867050096251029	0.3598365231264227	0.28859382443972276
306	0.6907572352559523	0.22481423848375398	-0.9513659451635182
307	0.8123930750758567	0.26088841303791566	-0.6200834069722633
308	0.885417223883408	0.2978976860399393	-0.2802135125602493
309	0.8378408563785604	0.4508052792705296	1.1239936860851887
310	0.8842474993961771	0.41822408226368735	0.824788457548897
311	0.8947616706043096	0.4595913382037256	1.2046793272692178
312	0.8103796138194579	0.3610158075772357	0.299423631384529
313	0.6010031050608958	0.36259150772309795	0.3138938708342449
314	0.5593430756317089	0.4081221743157343	0.7320188863270316
315	0.6186905536007565	0.38222349461220984	0.4941816952056033
316	0.7207230813797455	0.39936852474426643	0.6516308723443773
317	0.8175892311621092	0.3741244996912526	0.4198056179322492
318	0.8882074456590956	0.3619241825227976	0.30776557576203023
319	0.7888643296245648	0.33785375666809836	0.08671791851025117
320	0.5715984143550243	0.4792245138038542	1.3849780680151755
321	0.6588081308463823	0.511876440829721	1.6848328365761063
322	1.0323512340334582	0.39580796627626796	0.6189329420040469
323	1.1304720226327862	0.12663101388359058	-1.853018949156975
324	0.975249762139716	0.37425476389551704	0.42100188248320636
325	0.5810649239774898	0.4882154462167783	1.4675451384269336
326	0.6555586874732284	0.5064902360488266	1.6353693183366653
327	0.8117994614946901	0.47967865776903185	1.3891486406574518
328	0.90249379735527	0.10921610031004254	-2.0129465661386026
329	0.6009810950971185	0.07250074264272802	-2.350117326910023
330	0.49249573479192205	0.3716404754308791	0.3969939009054416
331	0.3327898034368419	0.22652141958388836	-0.9356882672957814
332	nan	nan	nan
333	nan	nan	nan
334	nan	nan	nan
335	nan	nan	nan
336	nan	nan	nan
337	0.13265384980319417	0.05817546451619815	-2.481671674492593
338	0.29319674490518344	0.07831382990590921	-2.296733588347064
339	0.3183678705135403	0.12561091971225044	-1.8623868526627998
340	0.40359204192213327	0.12612099222113454	-1.8577026674390742
341	0.5098195699829421	0.09852342157247239	-2.1111414048570185
342	0.6281298387147356	0.10952724159703557	-2.010089240182706
343	0.7657266554256055	0.2968935637429828	-0.28943474041373074
344	0.8060918168710834	0.36976739797108793	0.37979273517462786
345	1.0191664403531482	0.3432444726512168	0.13622286479459042
346	1.000089757765575	0.4110175724849543	0.7586084026895858
347	1.0254831828579454	0.33678241193641867	0.07687936208103047
348	0.8341317962188338	0.198758264501528	-1.1906476280449165
349	0.7773738507462181	0.4440015403018115	1.0615124251109813
350	0.644438246382371	0.46247631921030175	1.2311731789596327
351	0.6273937237610183	0.15369496035038294	-1.6044806807198146
352	0.49156476430125273	0.15762691203409185	-1.5683721085924396
353	0.3656973591563897	0.045489491378357345	-2.598171675739195
354	0.4095451985701285	0.04705300352562109	-2.5838133632056475
355	0.49985854105773364	0.04744039557369016	-2.5802557982011662
356	0.7427356717738129	0.34918780630903584	0.19080270435609345
357	0.8106069459147125	0.31457330502302283	-0.12707511228079327
358	0.6025615828839512	0.26138316922917226	-0.6155398771798007
359	0.5452058900033832	0.3823614722651578	0.49544879521959395
360	0.6604324087237916	0.3876669952866959	0.5441713829081459
361	0.8610995629004731	0.3225863454988584	-0.05348838658930206
362	0.8540936513038215	0.3155165422057614	-0.1184130150359941
363	0.6792444273537785	0.3451007011741998	0.15326930048318899
364	0.7438531830851609	0.31403346543066274	-0.13203265968370542
365	0.7814411329831122	0.41003289358985134	0.7495657308140783
366	0.8783169294001396	0.2640876262761379	-0.5907038440336273
367	0.8139339463895763	0.09360219680572415	-2.1563348389934056
368	0.8440365845527299	0.2602717764464074	-0.6257462097307781
369	0.8243328192611543	0.4484354580668305	1.102230738127996
370	0.8150695370870197	0.4210034861829447	0.8503127556488537
371	0.6507451572288491	0.3258576602046893	-0.023446689104500658
372	0.46857141583837647	0.3184915533349108	-0.0910923833045013
373	0.35775837956086975	0.6523845670925175	2.9751711265056424
374	0.3053340857785786	0.633093515627756	2.798014238715204
375	0.3502404316531145	0.5645116555482407	2.1682015552147784
376	0.5771785370410647	0.21750603312602274	-1.0184799082812919
377	0.7262841311194416	0.30190868498606366	-0.24337902007423276
378	0.7290387198028522	0.2657573804824338	-0.5753698712274938
379	0.6364704026035551	0.38566672448183004	0.5258021534664321
380	0.7571705392885448	0.3494321729223973	0.19304681369259521
381	0.8748073834776164	0.34316811075701853	0.13552160516928363
382	nan	nan	nan
383	nan	nan	nan
384	nan	nan	nan
385	nan	nan	nan
386	0.8569153597549594	0.3087132805963458	-0.18088989224249766
387	0.7090004928230084	0.509157896557775	1.659867435212774
388	0.6771458484503818	0.3966939020968615	0.6270688195659888
389	1.0167280512903516	0.19625545823801027	-1.2136318271797926
390	1.088813034670682	0.10838297540904887	-2.0205974614187463
391	1.1436033731150939	0.15549830291607	-1.587919916412036
392	1.0176214729517807	0.17896194959473438	-1.3724445376127168
393	0.8665691092060467	0.31247941527432793	-0.1463040792415985
394	1.0001664479253138	0.3962835613086516	0.6233005077606147
395	0.8684268212066684	0.3805142115742026	0.4784847144619936
396	0.807217536290826	0.40731678465938886	0.7246226940957582
397	0.7467811528028434	0.323009817263863	-0.049599488148883604
398	0.7895330816566986	0.15147630691353217	-1.6248553989499752
399	0.841940728160007	0.2257280335462747	-0.9429742258396572
400	0.7858597698191235	0.24747586073792416	-0.7432558544219731
401	0.8296679528869525	0.23771269768518838	-0.8329146055052258
402	0.8027126328622876	0.2085893828768796	-1.1003648180043073
403	0.9595774186024367	0.24720967872855992	-0.7457003026393713
404	1.0007788602353778	0.2410937064594359	-0.8018655466640331
405	0.9187142601511384	0.26262378921228013	-0.6041468032698849
406	0.765128618592811	0.36123970222922797	0.3014797390991511
407	0.8920147322234183	0.30933373804133324	-0.1751920011679147
408	0.9848804716195956	0.3259871490998301	-0.022257544505074788
409	0.9237276935988703	0.1674566797515698	-1.4781017021445426
410	0.6886937847439859	0.2564526388484374	-0.6608187682243224
411	0.6549835351795682	0.31054486816680044	-0.16406974356941398
412	0.6285108811943915	0.2008433764741093	-1.1714992706610878
413	0.7095908602799125	0.3593139988574854	0.28379529008046267
414	0.6233629847709394	0.36295609780143623	0.31724203688499986
415	0.6548830713698663	0.3318509125966683	0.03159157272612424
416	0.6700283180242367	0.28329896148155737	-0.4142790202489858
417	0.7045974195557102	0.34070998685774856	0.11294774077451827
418	0.698505748824137	0.34873316605158367	0.18662757407760155
419	0.7318888172036528	0.29896558864235534	-0.27040656648201644
420	0.723634955777701	0.2937877032446366	-0.3179570104830091
421	0.6601110163538502	0.3778419333481668	0.45394419137545095
422	0.7161109884859761	0.39260082104571126	0.5894805366348925
423	0.6324815306458573	0.3132798901988577	-0.13895302081728073
424	0.6640563098692972	0.17288259948836604	-1.4282734667200812
425	0.8036559245363472	0.2212329369057132	-0.9842543671846626
426	0.8880500576581943	0.2709943853355174	-0.5272765113186029
427	0.8430321201572843	0.3702550034340113	0.384270597173955
428	0.6343589957612674	0.3443859945402906	0.1467058841148375
429	0.6040093867417813	0.15596360720873192	-1.5836468543389761
430	0.5952812393339236	0.15009988342077898	-1.637495606908739
431	0.6620817254624916	0.25965898952041294	-0.6313736595816146
432	0.5856293011464122	0.3061287728118771	-0.20462438677759334
433	0.6321573066918168	0.25497544528718563	-0.6743843851350164
434	0.5765006138196291	0.2476880576624874	-0.7413071712813473
435	0.474874965666027	0.3220574644813563	-0.058345297330702615
436	0.40188862230653155	0.3340480952543898	0.05176911682008322
437	0.452565267710571	0.36041620251359086	0.2939172354696795
438	0.5470846565684448	0.4087862833229523	0.7381176459040953
439	0.6875567070493982	0.3405827863967925	0.11177961171583813
440	0.7511984067624737	0.2997547494136919	-0.26315941012707816
441	0.623519734386061	0.39031362223247223	0.5684763407645136
442	0.5855096122913096	0.39585184522923256	0.6193358987200616
443	0.6820705815290214	0.42228375584002215	0.8620699472355683
444	0.6337572164319205	0.33268898253136536	0.03928788008670901
445	0.7351292327143543	0.21800106889211004	-1.0139338110493612
446	0.8711720451956959	0.19966758769508902	-1.1822969755539834
447	0.8726691200621381	0.5044241611588146	1.616395785549969
448	0.8922894891843021	0.4999397024828443	1.575213336583362
449	0.7282891887786291	0.5441140810851577	1.9808830559119106
450	0.8515870263393625	0.30476492097455876	-0.21714914455701995
451	0.6631030257013272	0.3433689671588134	0.1373661440789309
452	0.6043338150401059	0.49372422406940153	1.5181342906917705
453	0.6273646051034976	0.46703659638548556	1.273051897353655
454	0.7155860568828483	0.3550696176799559	0.24481756191562093
455	0.902547802607109	0.22208914500166949	-0.9763914903550782
456	0.8533996333933453	0.18998277898311539	-1.2712361696353978
457	0.7395740931430386	0.2814765570761748	-0.43101483650777833
458	0.6555295363514272	0.3483817168453278	0.18340008553399167
459	0.6710911069742127	0.35650451894856294	0.25799479300109734
460	0.711069002085761	0.3841191325503947	0.5115900421855364
461	0.6890583643954262	0.38125632825537437	0.4852998474708869
462	0.7144478922551353	0.5131165103000315	1.696220854922615
463	0.7695734854272211	0.5181513662669816	1.742457806558316
464	0.6825348434190468	0.41552942767473433	0.8000424440140125
465	0.8385260896506017	0.3360128078608414	0.06981180212406532
466	0.7409319766894871	0.3003457564772653	-0.2577319728390649
467	0.7040746544631789	0.2879449883290536	-0.37161283077783414
468	0.6984074010391406	0.27887245084434803	-0.4549293108612799
469	0.7016721111637702	0.2763515368918381	-0.4780797996270136
470	0.7435381827952398	0.30964242844563905	-0.17235718257767432
471	0.676014445684926	0.25584561922336907	-0.6663932548095279
472	0.5431706878630266	0.2811831465598077	-0.43370933421411295
473	0.559737607580496	0.3005394700086643	-0.2559530295601963
474	0.5577876728263143	0.44482985801390096	1.0691191741906525
475	0.6046620972774722	0.44127374091209337	1.0364620305649992
476	0.5420943132850381	0.41525148998856604	0.797490039051992
477	0.5399240946820111	0.2824278209711797	-0.4222790269841599
478	0.5485883942538432	0.26528265013085667	-0.5797294962991854
479	0.5045211964669774	0.25494921830839856	-0.6746252372185096
480	0.4670096284952409	0.31256632758629616	-0.14550593121285638
481	0.5000076968876902	0.339706754013795	0.10373468109819041
482	0.42837573566867704	0.3204762527314752	-0.0728661518864176
483	0.47867256907777095	0.24160572740992067	-0.7971634681776903
