ID	SN	ssim	z_ssim
5057	0.2709278065813904	0.48660724403842903	-1.0563872650789354
5058	0.34922135261602316	0.48531554301290386	-1.0667263141674517
5059	0.3790361554049531	0.3846616331282897	-1.8723815661829117
5060	0.5558860301421376	0.6197878431109559	0.009618508888003167
5061	0.5437979616921266	0.6867067137800323	0.5452513489365338
5062	0.4560266117666473	0.583907674307012	-0.27757397546989876
5063	0.4369311184777548	0.6111259800521802	-0.0597128809560794
5064	0.7228281344507704	0.7010388393551198	0.6599687231085959
5065	0.9117524109011582	0.6403372262285358	0.17410013164200194
5066	0.732205523341364	0.6231377406192146	0.036431799343743604
5067	0.394220810732202	0.5854417748804647	-0.2652947089661041
5068	0.3063498087413768	0.4746177262898371	-1.1523539091403419
5069	0.32671331153888467	0.44517911728323867	-1.38798678207478
5070	0.3579410956068969	0.5625840693699475	-0.4482526339456862
5071	0.5655917282736805	0.65510632771366	0.2923151537179443
5072	0.6318135806028855	0.6491479695423104	0.24462319063732463
5073	0.5461947362686159	0.6622068631571894	0.3491493460385332
5074	0.5419248248200703	0.7485719248611608	1.0404336253299016
5075	0.5632985006742196	0.7595800033997601	1.1285446217073694
5076	0.7710005293444391	0.7894894321777812	1.367946035993398
5077	0.7741894885560572	0.8144426014198748	1.5676764973075126
5078	0.6931949479423565	0.7960683050485667	1.4206047303925171
5079	0.6750490888468315	0.7682701275700297	1.1981022194844468
5080	0.6173324640134008	0.726882232578168	0.8668247260588814
5081	0.47586179981758553	0.7073733580879425	0.7106715551390591
5082	0.44419144153544055	0.7694550117914467	1.207586284207906
5083	0.5072951886042443	0.7262433505571253	0.8617109788009623
5084	0.4500581450864768	0.6864982356971228	0.5435826461249017
5085	0.3735347537123678	0.7099632633512836	0.7314017064071533
5086	0.3668552763967071	0.6782858683349302	0.4778491152127345
5087	0.4211481140026925	0.7055505923275057	0.6960817512280799
5088	0.5387267964765435	0.6808059636842514	0.49802049311636326
5089	0.4128272187353597	0.677038087786862	0.467861614945072
5090	nan	nan	nan
5091	nan	nan	nan
5092	nan	nan	nan
5093	nan	nan	nan
5094	0.4539193147659794	0.62715780335744	0.06860923449947455
5095	0.37038620149374785	0.6578823501351249	0.3145350262110222
5096	0.3846340411802838	0.6275953225501185	0.07211123095289707
5097	0.45107731540870794	0.5923634107803353	-0.2098924665528472
5098	0.40095886776877937	0.6378758092838377	0.15439842813968188
5099	0.3938638358552941	0.7921170706949086	1.3889782122312466
5100	0.3793787932375099	0.8112294910116802	1.5419580798249224
5101	0.591924493038966	0.6579159831758735	0.3148042322056176
5102	0.5940070475678773	0.7105270191862305	0.7359141277308757
5103	0.5451115371023072	0.705571679758962	0.6962505395039026
5104	0.5451945069158505	0.7119194446797731	0.7470593968336736
5105	0.5140574928767457	0.5590140822265116	-0.4768275685412123
5106	0.5109874698950244	0.6383221595961335	0.15797111074835626
5107	0.39263996459737627	0.7241303610648904	0.844798162559407
5108	0.49101015688184996	0.7936424383103426	1.4011875782860532
5109	0.5283071392440648	0.6325316930081649	0.11162298752527605
5110	0.515939507038284	0.591091709078072	-0.22007143681440933
5111	0.5197850137106964	0.6685940887725818	0.40027405514071945
5112	0.41536857863852683	0.5615247461290246	-0.4567316819390525
5113	0.3156125437451061	0.5737035472077496	-0.3592499739400847
5114	nan	nan	nan
5115	0.40357234238440043	0.6516043743830586	0.26428477619613416
5116	0.5958577250607962	0.7850705200734774	1.3325761258815283
5117	0.6349855527989108	0.8061311101992247	1.5011495579996068
5118	nan	nan	nan
5119	nan	nan	nan
5120	nan	nan	nan
5121	nan	nan	nan
5122	nan	nan	nan
5123	nan	nan	nan
5124	nan	nan	nan
5125	nan	nan	nan
5126	nan	nan	nan
5127	nan	nan	nan
5128	nan	nan	nan
5129	nan	nan	nan
5130	nan	nan	nan
5131	nan	nan	nan
5132	nan	nan	nan
5133	nan	nan	nan
5134	nan	nan	nan
5135	nan	nan	nan
5136	nan	nan	nan
5137	nan	nan	nan
5138	nan	nan	nan
5139	nan	nan	nan
5140	nan	nan	nan
5141	nan	nan	nan
5142	nan	nan	nan
5143	nan	nan	nan
5144	nan	nan	nan
5145	nan	nan	nan
5146	nan	nan	nan
5147	nan	nan	nan
5148	nan	nan	nan
5149	nan	nan	nan
5150	0.44768975689164775	0.8095528283845115	1.528537716393586
5151	0.49925410352014127	0.8222291105735999	1.630001368758175
5152	0.5390912188420866	0.6618923391707062	0.3466318293132966
5153	0.49000470533817764	0.6455855986684826	0.2161092182798046
5154	0.5703210811473832	0.6718380990831637	0.426239801998529
5155	0.5557087395176243	0.7071806159764786	0.7091288063818229
5156	0.6282715671101076	0.7035229323447246	0.6798519304858768
5157	0.6998579986838931	0.7194758505287164	0.8075424726082803
5158	0.6289423189147227	0.5762614178161567	-0.3387762348473707
5159	0.5303791885836059	0.5325599472052465	-0.6885720784349729
5160	0.5313369955844008	0.6175072063426478	-0.008636191723561297
5161	0.5129678746767904	0.6054056639819162	-0.10549950455053066
5162	0.5043147336970897	0.474467159049541	-1.1535590812798553
5163	0.5291887006587629	0.5924114948586012	-0.2095075913876629
5164	0.44362136013087833	0.6788137160931219	0.48207412067093514
5165	0.44017338789902233	0.5778740936449136	-0.3258680353275924
5166	0.4882243661914953	0.4093804794290677	-1.6745266754110146
5167	0.6482988833946046	0.5897536975987889	-0.23078116460120968
5168	0.9284245246455706	0.6955614985113111	0.6161269247825102
5169	0.7403939506133383	0.6477657964479575	0.23355998391305166
5170	0.6604771811554402	0.605999928107746	-0.10074288839316482
5171	0.7935490644052805	0.6926851162136073	0.5931037505451067
5172	0.969411908344222	0.6654945319782105	0.3754645448776004
5173	0.8598255179036329	0.5835945129862481	-0.28008058512958045
5174	0.5123863870920787	0.5211168645970837	-0.7801649396867772
5175	0.30933923608698405	0.3755331228957255	-1.945448099021756
5176	0.2625241961958669	0.32694127780310994	-2.3343875376274243
5177	0.2726183487590568	0.2750601397570934	-2.7496551749723457
5178	0.3071695164228169	0.341507216931129	-2.217798670165855
5179	0.3258071922661885	0.35003824747711004	-2.1495144915149416
5180	0.33621897264257894	0.4627209520594605	-1.2475782144031244
5181	0.34389142101622966	0.47457576121316253	-1.1526898065184257
5182	0.36605164524475287	0.21409336174417554	-3.237646202453297
5183	0.32449031860260147	0.3461991149848078	-2.1802437225915305
5184	0.36884167324816985	0.4188159006908307	-1.5990035615723968
5185	0.3515566358531557	0.28655548984352447	-2.6576439537340812
5186	0.459571338002532	0.24121928343344595	-3.02052456952544
5187	0.8379574563176697	0.5249417466679224	-0.7495497720073152
5188	0.99617590531433	0.7389787280608879	0.9636476426033715
5189	0.8454463746890617	0.7902988006302041	1.3744243928228306
5190	0.6183487927327497	0.7431293345123126	0.9968699773390304
5191	0.5221475916399991	0.7322566763588972	0.9098429144588159
5192	0.5247839313894852	0.7427046893413354	0.9934710272869862
5193	0.564733230606584	0.6750586068030112	0.45201742913319115
5194	0.5672335810514157	0.677162110705263	0.46885432069981686
5195	0.6016776066551046	0.6610978436308791	0.3402725184320962
5196	0.6186078268868109	0.6460372952760551	0.21972469377028003
5197	0.5036736295772257	0.5897974912060893	-0.23043063127600982
5198	0.5968733834212333	0.5366449434786212	-0.6558749014859527
5199	0.6540000608671269	0.5838731133604289	-0.2778506086196808
5200	0.5964458442626567	0.6983232942724583	0.6382329240677144
5201	0.5556737291604485	0.6136369899291572	-0.039614225100899306
5202	0.45557217369598574	0.5158658007774755	-0.822195568698462
5203	0.5562768491086316	0.6266742304363515	0.06473861423192609
5204	0.7688408182565692	0.6944048815947965	0.6068691175654023
5205	0.5328502824584556	0.6188445783276393	0.0020684174152382846
5206	0.580217444527178	0.6403085746583497	0.17387079839478445
5207	0.41156485392086317	0.6776209640856548	0.472527080518501
5208	0.29404367531875086	0.7310340036523431	0.900056382682151
5209	0.3051228072638207	0.5266566013523993	-0.7358237112454832
5210	0.49502136769343463	0.44570038920977695	-1.3838144109684294
5211	0.5246367839296586	0.4702853089269967	-1.1870314969886098
5212	0.4721795554463559	0.4790245284330091	-1.1170809297269293
5213	0.4845854380820417	0.5118130608949372	-0.854634558650889
5214	0.3736997293961102	0.5319889724767866	-0.6931422813141176
5215	0.39842278546704263	0.47378775883418156	-1.1589971447624587
5216	0.5750755874711401	0.5741986276226984	-0.35528724524995553
5217	0.5690702265993085	0.7627469272702949	1.153893352342418
5218	0.4659642176520061	0.7107108090704735	0.7373852209619026
5219	0.49337910005674956	0.7154740374580892	0.7755111116643202
5220	0.4736075044163934	0.701800649062563	0.6660664096519361
5221	0.3031288210823911	0.5817109600542847	-0.295156942459614
5222	0.4237024088211359	0.5478118412084275	-0.5664926826029367
5223	0.602427113917296	0.6449598201108317	0.2111003539232381
5224	0.5636392019277341	0.5740968529357988	-0.35610187143901106
5225	0.5832083906814922	0.5944735351755462	-0.19300258315580368
5226	0.5639309406182677	0.6077624211925958	-0.08663551976657159
5227	0.5450489771332566	0.6052804798149212	-0.10650150518542247
5228	0.4722075970290277	0.6980677672347605	0.6361876314388517
5229	0.42886387891250294	0.6597640765890015	0.329596764022897
5230	0.4221674325195086	0.6134710754464893	-0.04094223982481864
5231	0.49123066819388383	0.6155197529170302	-0.024544190650979715
5232	0.4356768180292292	0.7436995401583584	1.0014340243193445
5233	0.4172655457397394	0.7124269909443315	0.751121904829151
