ID	SN	ssim	z_ssim
494	0.39863620317046605	0.5515972827915208	-0.11946194082963654
495	0.381760371829714	0.4976408999764109	-0.44012013326636423
496	0.4020937472453758	0.25009490035534065	-1.9112649476886998
497	0.41379865503450813	0.2979508296874296	-1.6268612312722222
498	0.4765331588960662	0.5183436516496611	-0.3170854414717205
499	0.5740665190033901	0.5440850632785632	-0.16410642225210714
500	0.7457887745847248	0.46456786107403025	-0.6366703895940942
501	0.47241333957569187	0.5470351444768556	-0.14657434068489877
502	0.37551771752912133	0.44165417182458977	-0.772844495296467
503	0.4121464160962512	0.22551820525976476	-2.0573221556453656
504	0.4530924562621388	0.6309848119146145	0.35233139042200184
505	0.6310340501149606	0.7124139134294805	0.8362576127000391
506	0.8559047591192784	0.7090182886689841	0.8160777036497006
507	0.8214120316480138	0.7972151461428486	1.3402241237883263
508	0.5960554712802795	0.8094338365285131	1.4128387611786224
509	0.604876153773282	0.7633677538919852	1.1390719513928969
510	0.5834196914173485	0.6816380785854685	0.6533594446440336
511	0.5512440291500346	0.670162731160872	0.5851624312274089
512	0.4793815968825028	0.6034948605973456	0.18896094860097226
513	0.5399493291179336	0.7158463142150521	0.8566560785384788
514	0.6170691412218762	0.7680486818537223	1.1668903080140312
515	0.712428417797245	0.7174127277844445	0.8659651411102028
516	0.6055745472427573	0.7342301467543111	0.9659096312145024
517	0.6531190207561102	0.7826600826702212	1.2537246199218899
518	0.6845077800452963	0.7510516382946207	1.065878324258449
519	0.5042757028628682	0.7935777793317197	1.3186075622986018
520	0.4142202908856048	0.7699274067445995	1.17805541019775
521	0.3835444061657367	0.3900392086375887	-1.0795878300923862
522	0.46760229871007764	0.4387883892713625	-0.7898755971882201
523	0.44743878410361815	0.4637456585216259	-0.6415566694096678
524	0.5939954267349578	0.5380267838877578	-0.20011026123051107
525	0.5242480130046444	0.4581989738365898	-0.674520144578394
526	0.599220192195104	0.3132924536755576	-1.53568726518309
527	0.48587300472485295	0.33818115311559427	-1.3877758419527646
528	0.47675211061176237	0.389633825021439	-1.081996990432942
529	0.4431520874954571	0.5653295941763278	-0.03785198262099619
530	0.35175109973883706	0.7170723087787958	0.8639420599226355
531	0.46501066034132654	0.7366803093392713	0.9804707389959794
532	0.6187626631141573	0.6244567271856359	0.31353553829008535
533	0.6357544976959164	0.6290857744758427	0.34104557249434553
534	0.734769633725406	0.5943337769056726	0.1345174076505063
535	0.4657267090153239	0.42890741458648274	-0.8485973890626622
536	0.2819901227610796	0.33037300829466537	-1.4341789823030497
537	0.3440402095412831	0.22550403032253724	-2.0574063960912987
538	0.6267983181046156	0.30713917479569103	-1.5722556780423849
539	0.7580323072109317	0.5880559305669293	0.09720870098136272
540	0.7404503018434382	0.7923549767179062	1.3113405504013083
541	0.6492415773241942	0.7728563864271409	1.1954620872521768
542	0.5295232684462674	0.715033609500777	0.851826243566827
543	0.6094238049119144	0.6907379506959324	0.7074392103752825
544	0.7125567130093745	0.709542526758918	0.8191932060157642
545	0.6451786892969597	0.645097303874856	0.4362007294445136
546	0.7226404335185828	0.5949269830662428	0.13804278139252657
547	0.6544987212805685	0.7982609096672013	1.3464390074395205
548	0.7181785595326007	0.8282601687855771	1.5247220520294844
549	0.7046339612543366	0.8204132122076093	1.4780882567092393
550	0.6903431728002377	0.6723702065311619	0.598281269540038
551	0.5850870394178506	0.7546862333270171	1.0874784133029904
552	0.614645007132722	0.7874845484329009	1.2823960094817646
553	0.5537515826307386	0.7511204019295062	1.0662869806901325
554	0.5451653214337666	0.7366136172574669	0.9800743936280081
555	0.5345061484051294	0.6218372989815854	0.29796849933554986
556	0.6181767208619884	0.518730050528194	-0.3147891058115912
557	0.5648523391866039	0.5808557586369012	0.054418691795092344
558	0.6412566329812648	0.6989895377270846	0.7564776900526611
559	0.6324445160069108	0.6704462365684325	0.5868472797437726
560	0.5338485621512544	0.498185638259559	-0.4368827999961947
561	0.3691171780968435	0.6518534480755358	0.47635191961334744
562	0.3093011962413895	0.6242639378428274	0.3123898076283788
563	0.34348457207358807	0.1906208128272483	-2.2647143897858686
564	0.43868624526348216	0.3503198281142963	-1.3156367291994413
565	0.8543972275035846	0.5745918486425882	0.017192807635187296
566	0.908759369619002	0.8336237916462239	1.5565976063508482
567	0.74483354105595	0.8313183471824775	1.542896546051062
568	0.5503592917850613	0.7584331299062864	1.1097459008859312
569	0.6322081693025767	0.7309172418207868	0.9462213190580185
570	0.795414685793147	0.7167352417553889	0.8619388992803434
571	0.7476043769462742	0.6188695588482203	0.28033147221963484
572	0.5417814564537775	0.5272589775953652	-0.2641024178963675
573	0.3222692009323947	0.4420144253408457	-0.7707035392998904
574	0.3179292146877815	0.36714409516605323	-1.215651541527105
575	0.5399968036328034	0.516758428501531	-0.3265062877695551
576	0.8120956130045697	0.6668247730985029	0.5653252304577318
577	0.8926988403937366	0.8149208821124807	1.4454478062438203
578	0.6573888394429087	0.8435433450453386	1.615548668241694
579	0.5974731581516761	0.8478285710407418	1.6410154017434084
580	0.5342635294921634	0.7962526574751504	1.3345041355251674
581	0.45742322391641865	0.6516276661142625	0.47501011662713155
582	0.5321841935013562	0.7197619330889662	0.8799262683635245
583	0.5690247755422333	0.7387100279630445	0.9925331840876844
584	0.5625935864750202	0.7345389121144823	0.9677445974801033
585	0.5976198438993687	0.7472646285506643	1.0433724475506192
586	0.6027065552717409	0.7486924020632932	1.0518575840605562
587	0.5485888813971775	0.7109316327914709	0.8274485449814556
588	0.6814418047731015	0.7498550090569418	1.0587668585086802
589	0.8039116323306724	0.6975427479475769	0.7478795414865758
590	0.6323724480236413	0.5411224444930021	-0.1817130136337499
591	0.3095044607898633	0.5109975595245841	-0.36074264196221023
592	0.38899374040553447	0.3798623561945301	-1.1400679983102713
593	0.5354414035515451	0.30450716393395505	-1.5878974946610063
594	0.5517332530674609	0.273005965809342	-1.7751064349793881
595	0.38401007186905234	0.26175475315028973	-1.8419714345538705
596	0.3507220571739256	0.14866520498589936	-2.5140529975849013
597	0.3260235774316022	0.15259017652452253	-2.4907272256692186
598	0.44523764288001566	0.2642326020144195	-1.82724578957085
599	0.541114266121397	0.28762105139142374	-1.6882502248231723
600	0.6313619375024436	0.514030069204664	-0.34272069494079177
601	0.5842987619880902	0.5246531456301099	-0.27958865556051693
602	0.6862691127754377	0.6050913425962339	0.19844870529095435
603	0.8159325096503633	0.6555797698870967	0.4984971331023073
604	0.7599271301258813	0.6068568768909821	0.20894112539218626
605	0.4392339054963811	0.455627968616955	-0.6897994098563961
606	0.594463682608382	0.5734392826875753	0.010343206225378746
607	0.7330948213327424	0.5688995800293402	-0.016635860432555733
608	0.5959226617663255	0.6348375728258844	0.37522802072303646
609	0.43876612432633133	0.6388774879950011	0.3992368928552862
610	0.3955830860889642	0.31274613069454205	-1.5389340161778586
611	0.37224940871572015	0.39792571885375766	-1.0327189708655524
612	0.6303364465318686	0.7301775714172727	0.941825520781427
613	0.9517444389949055	0.7174361164344636	0.8661041378673492
614	0.8984782714835636	0.7545537110628352	1.0866908447620116
615	0.7125108862940717	0.7947474798453614	1.3255589929325255
616	0.5312346160164355	0.7645483548823888	1.146088162632799
617	0.5438115247706458	0.7235560426931623	0.9024743389366998
618	0.49409985217704766	0.6480267875115808	0.4536104014557757
619	0.5263558189391293	0.6766012318720521	0.6234258931633979
620	0.6999573155951566	0.7796012936707002	1.2355464971408885
621	0.568538632786042	0.706498513311201	0.8011028930820233
622	0.7170918081585846	0.802912483069831	1.3740829124133784
623	0.8650554092800291	0.7747318640518639	1.2066078912094202
624	0.6250701081154912	0.6204782327849326	0.28989168455880987
625	0.3747087888913361	0.4151908917587683	-0.9301135172197992
626	0.314155456244853	0.5975571601273754	0.1536736998901826
627	0.528749480888983	0.6162858319418483	0.2649766030397207
628	0.6514247774064387	0.4994539668937831	-0.42934523083297543
629	0.7403481022381756	0.5558583610662221	-0.09413871517755458
630	0.7282373583167094	0.6735249031944042	0.6051435335675723
631	0.7576490809597768	0.7423543835536478	1.0141912792992167
632	0.6377967723723783	0.7386749590498942	0.9923247725205111
633	0.597725193151289	0.7336757784250141	0.9626150673993986
634	0.6961152687131631	0.6408224724408521	0.41079576993682176
635	0.5136282498388448	0.46509360053803195	-0.6335459646896836
636	0.4276673866689955	0.6353310355678405	0.37816062781444854
637	0.4604949206249621	0.6862415251231503	0.6807173357541614
638	0.8139242650137839	0.5434672110858947	-0.167778265265992
639	0.8095826793955413	0.7575195263721273	1.1043164328122255
640	0.6641393690671328	0.687444101701058	0.6878641460409072
641	0.6989442424495946	0.7592346131658123	1.114509047706735
642	0.6540665477711594	0.7983383724025674	1.346899361885237
643	0.556063570133325	0.7446897108308219	1.0280699306167607
644	0.4577692056696928	0.6695906611679026	0.5817626679311655
645	0.38248593387930063	0.5057574847980273	-0.39188396023420824
646	0.32128982220685914	0.28079919481372234	-1.7287919380578065
647	0.3144923407136871	0.2648938769523176	-1.8233158888764929
648	0.3138026655270403	0.3050415285911944	-1.5847218109670198
649	0.33591671338552764	0.29487927486959686	-1.6451152202253279
650	0.38298463739315336	0.2848441157201749	-1.7047533172544607
651	0.6309804755282195	0.38684228473762106	-1.0985868768341613
652	0.6803610752701275	0.47324716138006284	-0.5850900463141407
653	0.5316111809489932	0.4829529855769915	-0.527409158887709
654	0.46226654817834933	0.4090731951009486	-0.9664704679608211
655	0.3784789146883767	0.33661957296857775	-1.3970561799065382
656	0.3866492162530346	0.32743438129552327	-1.4516429925392362
657	0.3611531514615312	0.21692116864619954	-2.1084136128000175
658	0.3467227298756773	0.24287387645442463	-1.9541788783638623
659	0.34392271797552776	0.25202032553874	-1.8998223096398037
660	0.5592924450928402	0.41424195717446705	-0.9357529547185175
661	0.6879456384243334	0.6352092948120018	0.3774371328602577
662	0.8611111580880307	0.7568267759221882	1.1001994758277591
663	0.803731636012326	0.7969689539618636	1.338761024602875
664	0.7176519436844843	0.7388838644024781	0.9935662792571552
665	0.6517616331914904	0.5927669153554782	0.125205682766991
666	0.4336665844941354	0.6878990798231808	0.6905680423109385
667	0.32503963424145105	0.6766613324178586	0.6237830655937444
668	0.42671301510501236	0.2475859697358645	-1.9261753088992941
669	nan	nan	nan
670	nan	nan	nan
671	nan	nan	nan
672	nan	nan	nan
673	nan	nan	nan
674	nan	nan	nan
675	nan	nan	nan
676	nan	nan	nan
677	nan	nan	nan
678	nan	nan	nan
679	nan	nan	nan
680	nan	nan	nan
681	nan	nan	nan
682	nan	nan	nan
683	0.608401222882455	0.6174626585252556	0.2719703832999722
684	0.5183456893432976	0.6765451753062971	0.6230927537624338
685	0.3922200189702818	0.6307417236574547	0.3508867375917601
686	0.42486657506693826	0.6797303716954886	0.6420221049054482
687	0.36800621412626494	0.7424746641411524	1.0149060965972294
688	0.4050022820317932	0.6320037347419464	0.3583867620944197
689	0.44289966018796484	0.6420663042385025	0.4181877564844859
690	0.6439892446384198	0.5990225514689504	0.16238239595700477
691	0.6254991886391715	0.6571022106639965	0.507544869109473
692	0.6217366104166208	0.6326284653321653	0.36209948283972954
693	0.6267147738621286	0.6050978736640666	0.1984875188714183
694	0.7499075128286922	0.5701795271762864	-0.009029243436736804
695	0.7894387694303171	0.6558765252427767	0.5002607249330341
696	0.736511230610488	0.6461245945085601	0.44230583027826503
697	0.8287536004886458	0.6507564750222056	0.46983270208836975
698	0.7387437392845768	0.5208410967644148	-0.30224333763850003
699	0.3710878836539889	0.45251075471897084	-0.7083247468381466
700	0.32977485051416194	0.5372080684011422	-0.2049758177107835
701	0.4190804846311216	0.40825825484508127	-0.9713135885659547
702	0.5888929904169329	0.5023513484631206	-0.41212633867693793
703	0.4691395380179816	0.5508032042603185	-0.12418108198001088
704	0.48266424733504637	0.5909163422082314	0.11420788400050425
705	0.5561344789053305	0.5720116581082058	0.0018589548131310728
706	0.39016243059972594	0.584491983739927	0.07602846821069686
707	0.4110087987126744	0.4677980642477204	-0.6174735669600016
708	0.70983582807898	0.3903201544199463	-1.0779181932108293
709	0.6927306608849837	0.4919373256121553	-0.47401599045044707
710	0.5305749788000526	0.5863943199320379	0.08733389034878833
711	nan	nan	nan
712	nan	nan	nan
713	nan	nan	nan
714	nan	nan	nan
715	0.3988506503503678	0.5979346560448435	0.15591712601017238
716	0.5162679366325594	0.6250996517949313	0.31735638454281107
717	0.5247381328186749	0.5702168104102239	-0.008807672349520781
718	0.6197584856026667	0.6323879005110113	0.3606698265749753
719	0.8114255339395764	0.6676690460703527	0.5703426728983089
720	0.6556480777189893	0.5405597210176127	-0.1850572313712207
721	0.6127953978961892	0.3996532999588144	-1.0224521033415828
722	0.37774839621184514	0.11704530184749339	-2.701967391700778
723	0.3394267239999556	0.19913228535404415	-2.2141314327190553
724	0.3041620789127906	0.2840655514597466	-1.7093802584135862
725	0.31025433376853406	0.2711185080725828	-1.7863234357231894
726	0.420254760260611	0.2939644117819432	-1.650552173718288
727	0.6468119772227819	0.366145023875626	-1.2215889372046767
728	0.6350734147334889	0.5319791393098235	-0.23605089842083668
729	0.6289574524534648	0.6117554267820241	0.23805279062380705
730	0.7052147261596263	0.6606358988544645	0.5285452773776336
731	0.715549413358755	0.6578930314658658	0.51224464985159
732	0.5037059223398406	0.6357825051155181	0.3808436729250631
733	0.4570947782599342	0.6387341262390863	0.3983849061371677
734	0.5373374050090204	0.6107007841129894	0.2317851389712097
735	0.6921650663048243	0.644940301930404	0.4352676802464318
736	0.8618120577409906	0.6570963488104999	0.5075100326128719
737	0.7836905926903164	0.639378477415799	0.4022142303586814
738	0.6314463610697583	0.5986274628473537	0.16003441789317394
739	0.495025427471952	0.2258265667286716	-2.0554895896711853
740	0.3992534453755087	0.0934238902129002	-2.8423474313247725
741	0.36538306667680565	0.16470504885005233	-2.418729570177416
742	0.31370292995871357	0.5526586534614397	-0.11315430524020513
743	0.30469018627196515	0.6157154244350779	0.261586719757513
744	0.35058243187901744	0.398623106926001	-1.028574452886303
745	0.7402166170651624	0.4767736640902443	-0.564132340743979
746	0.9431972046348145	0.6055334723312131	0.20107624468933813
747	0.8506821122929038	0.5981905228970763	0.15743772094372419
748	0.696467502176328	0.5174839875520999	-0.32219435206291636
749	0.63202863929629	0.6222952845178826	0.30069026841214785
750	0.4132396728096229	0.6752761496343396	0.6155510421632687
751	0.46838073670643054	0.6378400112895029	0.3930712570634977
752	0.5030373151565135	0.3277410704794433	-1.4498203648124541
753	0.41221033093482873	0.8297491618917687	1.5335710113753742
754	0.38679927403753445	0.8424495571196848	1.6090483796595054
755	0.4806316919437816	0.3080990528895996	-1.5665512041971488
756	0.4891820346290888	0.26151734769796786	-1.843382314958456
757	0.49382528511234874	0.42948578925647213	-0.845160157607294
758	0.5662644396270007	0.5599313362415118	-0.06993337024137918
759	0.7791607430437131	0.6816004936119356	0.6531360803440742
760	0.7741559266417422	0.5929192877138141	0.1261112187286719
761	0.7724322462473384	0.6846894196006452	0.671493304687754
762	0.6356557757810442	0.822754269532387	1.492000961212176
763	0.7567613536240284	0.8308157625188975	1.5399097281555367
764	0.9304776907329013	0.7935237985044021	1.3182867588345668
765	0.9518834584169232	0.7485696951226003	1.0511283471519801
766	0.7183578816369516	0.6816647375998462	0.6535178768983193
767	0.43302335674659503	0.5637279359785442	-0.047370501020619606
768	0.48824936983336464	0.7282129175627114	0.9301497500774087
769	0.4617817142604484	0.7408906171264641	1.0054922399603738
770	0.5460142111335486	0.5042321902687386	-0.40094865584902234
771	0.4441934185510683	0.3071844661662499	-1.5719865152805637
772	0.2974246033312071	0.18427505604434047	-2.3024266824468307
773	0.29277045313582456	0.17187680078175221	-2.3761084586232233
774	0.2893785694816473	0.17985760165603754	-2.328679238037496
775	0.3097970618724238	0.22221146215508356	-2.076973848577286
776	0.363148553822241	0.1957693013134525	-2.2341173607480873
777	0.47017309195689877	0.3076878333295332	-1.5689950470558771
778	0.5576000031576664	0.3770466573313902	-1.1568014570929783
779	0.5989254824489805	0.48219968874377006	-0.5318859378767087
780	0.47572234878804986	0.5673425328601157	-0.02588925928497875
781	0.4065248537388497	0.5776660775914362	0.035462688721400695
782	0.4195395539856315	0.4237166186957718	-0.8794458474058936
783	0.3696190679265753	0.3264225029417994	-1.4576564995043488
784	0.44683632997864026	0.40837704751475784	-0.970607613837001
785	0.7299079811938387	0.45456233277163227	-0.696132393020369
786	0.6145982679401781	0.7436693693241159	1.022006127853524
787	0.5107294766599886	0.7226840915146918	0.8972924072690505
788	0.46683148581551054	0.7190435709446751	0.8756571032585788
789	0.4743199959412416	0.6700886813851537	0.5847223597105032
790	0.5297160693383387	0.6195194101055207	0.28419348295213226
791	0.49693687330595515	0.6271894206201263	0.32977570287246727
792	0.39090265849350203	0.6275504448680723	0.3319212392619042
793	0.47850423853640606	0.7178044743695151	0.8682932577353005
794	0.5839950916626966	0.4496104838987466	-0.7255608095663854
795	0.7100275525107566	0.5054824640510961	-0.39351838513433074
796	0.6840221048624067	0.6871035418432463	0.6858402277809192
797	0.5819225235871031	0.6919006021658164	0.71434874914189
798	0.6150536605590695	0.6838951332523289	0.666772928497952
799	0.5054913806863836	0.4421315616590112	-0.7700074081270438
800	0.43718583642352343	0.2528029502619395	-1.8951712374958947
801	0.4735169686340347	0.5641067553675013	-0.04511920962217251
802	0.47462404954853654	0.5590898145491672	-0.07493446206193691
803	0.4075640355907626	0.5317532652596668	-0.23739324868345169
804	0.4153859065239623	0.6483156227285528	0.4553269245760092
805	0.5087939232322752	0.618684053402882	0.2792290291408769
806	0.5391980022324837	0.623449549684824	0.30754996809387775
807	0.5372330649604483	0.4603081689693327	-0.6619853773557797
808	0.4372257387087346	0.6238147866605093	0.30972054036584795
809	0.493299124040543	0.6365972671922551	0.3856857346267844
810	0.5019920690765863	0.7322202872564547	0.9539652072184976
811	0.5676323831723198	0.7170541331922047	0.8638340439579115
812	0.6509617471259166	0.720929521098434	0.8868651445648754
813	0.6064583336358913	0.722613263210907	0.8968714806857616
814	0.4393833769485754	0.6199950255447904	0.287020025042135
815	0.5097759862986533	0.4814638948711479	-0.5362586982600266
816	0.4868017922828987	0.47041631202480233	-0.6019135431825096
817	0.43917196493897476	0.3817423222001411	-1.128895520287284
818	0.4862434546781597	0.32041205796790356	-1.4933760626128332
819	0.3463999023962457	0.5369522401591198	-0.20649618318714008
820	0.3083326889429409	0.6062137594276111	0.2051191330240974
821	0.4876250125740792	0.30483919781367874	-1.5859242455634013
822	0.5390769853735796	0.45091342746580043	-0.7178175268024127
823	0.40318405393270956	0.413563806465518	-0.9397831466844324
824	0.558239699658133	0.48863805563029283	-0.49362327124927247
825	0.5780954176642317	0.4989118873431406	-0.43256676348207
826	0.3884214707152039	0.4656579657524224	-0.630191990237009
827	0.3883343070959644	0.5842162340963406	0.07438971153976771
828	0.4658306211989033	0.6249124791770242	0.3162440335993201
829	0.4821997383685856	0.6387640454535881	0.39856271348341155
830	0.5923521189514167	0.7553730235035205	1.0915599488895313
831	0.6240155479795538	0.6283602243413778	0.3367336897753548
832	0.5215421885443645	0.7221811592888929	0.8943035238408291
833	0.4879093674252966	0.7890661809629405	1.2917955170417779
834	0.5968445672647307	0.806541857704439	1.3956519770780171
835	0.6547309037089295	0.808603202085279	1.4079023713532366
836	0.8504938209894058	0.8041823953235474	1.3816298928925057
837	0.7241039955058653	0.7466395385972896	1.0396575911406494
838	0.6384348988808651	0.5000183550767282	-0.42599111988013455
839	0.6367372953851005	0.6581985522705566	0.5140603340000192
840	0.604478396568267	0.700205740057207	0.7637054770255339
841	0.6762916975503757	0.5978615790597541	0.15548283570520902
842	0.6141792750637	0.5004762907065469	-0.4232696473934929
843	0.478624111808914	0.5263547293403454	-0.2694762883420993
844	0.4743821736787488	0.5755261645124771	0.022745367357919967
845	0.5610792178758099	0.6361591241479703	0.3830818877920083
846	0.5385712754877927	0.6374452147446387	0.3907250147868386
847	0.6072507736575284	0.6521569560412604	0.4781556416310539
848	0.6899239496667682	0.6262173004539693	0.3239984754334199
849	0.6866411149453734	0.5916612726867996	0.11863494245561257
850	0.4970405600247848	0.509989449202275	-0.36673375583721124
851	0.6042609355759412	0.5951924184875712	0.13962024151811547
852	0.5515641665287869	0.5338239873942798	-0.22508712321542296
853	0.44737450060945116	0.6324808744159635	0.3612223625818438
854	0.38436113371607084	0.6243099776125429	0.31266341806271364
855	0.46852606680885617	0.5900018145387222	0.10877292386903928
856	0.4654427933270803	0.629304692430848	0.34234658327530326
857	0.5180880953971764	0.5186012939084887	-0.3155542954478279
858	0.49856477636216295	0.48342339834923176	-0.5246135358052169
859	0.4957709170996615	0.40210996311097075	-1.0078523632423302
860	0.389502334619019	0.36292639605054655	-1.2407169685268116
861	0.3473080119504329	0.207597398220028	-2.1638239871721474
862	0.3692445895399199	0.1448369904588703	-2.53680375081281
863	0.3701628073660918	0.23000676442252405	-2.030647030429732
864	0.416217698038498	0.2585930636755456	-1.8607610861043036
865	0.5210362084085767	0.3538419428153985	-1.2947051011939037
866	0.5923989347730764	0.4343829594052979	-0.8160566920662751
867	0.4818947742381377	0.4512601382601407	-0.7157570540499597
868	0.34637828087327976	0.34076938827543735	-1.372394180606036
869	0.31464705125900644	0.39988978686941795	-1.021046681752279
870	0.49612058426622085	0.5325147923819781	-0.23286755778662813
871	0.684258086963205	0.6613952917504113	0.5330582847487544
872	0.677367821421728	0.6843779850880972	0.6696424758766706
873	0.5916106124189683	0.6058884101622966	0.2031856100211956
874	0.6423276302412586	0.6714756638809363	0.5929650786778409
875	0.7083996060467922	0.6392441706605865	0.4014160567393329
876	0.4872467881376617	0.47401734225458586	-0.5805129269041878
877	0.3819965987436495	0.4035483786814814	-0.9993039818878331
878	0.32246558858404284	0.18524911966443464	-2.2966379052263846
879	0.32304260325342227	0.11743331491866632	-2.699661463031125
880	0.3348546952009569	0.13664362574472722	-2.5854962202137846
881	0.35943712931912897	0.331899175694753	-1.425109099291342
882	0.4497964086686125	0.47899936117392183	-0.5509052123389986
883	0.5961623910722375	0.5631591281573731	-0.05075087750741247
884	0.6581584436863772	0.49419057285905676	-0.4606251337694072
885	0.7273587837754762	0.6393882345600904	0.40227221623706305
886	0.5636638736607885	0.5840441053929497	0.07336676530030362
887	0.6128912137689718	0.6443169773803777	0.43156331547836074
888	0.6650399216081291	0.6627154441632266	0.5409038382189506
889	0.48358599084302895	0.7066471292859088	0.8019861051753975
890	0.40543055039597603	0.7450052886759071	1.029945382900596
891	0.4890298791013009	0.6695701847105213	0.581640978087095
892	0.6420000322947732	0.7051611272431146	0.7931549214647983
893	0.515968470615594	0.7381446617168425	0.9891732605881216
894	0.4377847948458172	0.5784694273574336	0.040236928031361474
895	0.45207256215323277	0.580332568385319	0.05130941664320269
896	0.5515574157907658	0.6131644938316528	0.2464267562156883
897	0.48669124446827366	0.7004957841951247	0.7654291846600921
898	0.47444496451321855	0.6741039234182497	0.6085846014945833
899	0.6951044196742697	0.7258228936249072	0.9159460411593561
900	0.8248312064868216	0.5001870168905079	-0.4249887770706651
901	0.5442521950570223	0.5069162029838667	-0.38499779664003203
902	0.40433214169441356	0.6930647416798743	0.7212671312284195
903	0.4329568915488677	0.5273355862750785	-0.2636471390307328
904	0.5676964711809802	0.4498518700217598	-0.7241262723745584
905	0.5376960886641479	0.7309322153683773	0.9463103055773926
906	0.469792739132623	0.6683627307847263	0.5744651821368217
907	0.4974924445172437	0.7288280858025644	0.9338056425880626
908	0.752508030740959	0.7098694597761659	0.821136141121659
909	0.6132130064174084	0.7221593398760823	0.8941738529269009
910	0.4026195651727392	0.5985257492413605	0.15942994258659596
911	0.35722489453299866	0.36442799925140196	-1.2317930684612077
912	0.37562398701994854	0.3155778272503536	-1.5221054844686952
913	0.3935489432843622	0.30232862853216597	-1.600844345203061
914	0.40006667081978864	0.24753234674405541	-1.9264939857773469
915	0.3350280274793829	0.2667630432125837	-1.8122075928212427
916	0.351486784192206	0.53637598374185	-0.20992082604681755
917	0.476569441605603	0.6051582207387869	0.1988461564021243
918	0.5203709645257802	0.589579358193967	0.10626230175493591
919	0.43310162082704534	0.5870779677751649	0.09139675131542366
920	0.410393623924446	0.6707093946312632	0.5884112057215685
921	0.4885288275949425	0.4812593376269232	-0.537474364558631
922	0.6117468389182352	0.5502184387061638	-0.12765629391623398
923	0.7291845274685733	0.7387252689574295	0.9926237600206037
924	0.9544693436286019	0.7958716856316392	1.3322400522724376
925	0.8907138241236026	0.7600810565498248	1.1195393887221352
926	0.7875913435336765	0.821253051099893	1.4830793477922082
927	0.9321814382710096	0.8528240733487202	1.6707032469401268
928	0.9253214133183806	0.7418131454911376	1.010974747542498
929	0.8016328638113274	0.6774580315560479	0.6285177807884799
930	0.7772103270811062	0.6661223538566614	0.5611508126656151
931	0.8213029253548598	0.6805721073693369	0.647024468399877
932	0.6948977131964165	0.5718684178852084	0.0010076903548006022
933	0.5020258735619503	0.4847509753279047	-0.5167238587718139
934	0.5508597965989163	0.7236222922501326	0.9028680544172321
935	0.5746113766559194	0.7038470332156052	0.785345372463024
936	0.6561514441770706	0.581194920953205	0.05643430458480257
937	0.5343458628450146	0.5181770057449845	-0.31807580390490475
938	0.4837517532084901	0.535737542406286	-0.21371502858519667
939	0.4827110666192222	0.5279061909353798	-0.2602560840818646
940	0.5445402701598039	0.561085710537301	-0.06307302201619126
941	0.5145521334902492	0.555543807736936	-0.09600807885116222
942	0.45427087103275116	0.5708289229929495	-0.005169939349197856
943	0.44496363719582954	0.5008294784504794	-0.4211706826806748
944	0.3270169186156536	0.5530232248929241	-0.11098768824079583
945	0.5084223226503134	0.6622569189173406	0.5381788616941857
946	0.548331401861892	0.5811469775402972	0.0561493809609387
947	0.6702004560054688	0.5063520238584682	-0.3883506651816601
948	0.5462352112252973	0.5318232328154487	-0.236977437452311
949	0.41125970523005617	0.5701590953914624	-0.009150667795600493
950	0.5338966338225765	0.5466534825024026	-0.1488425253270994
951	0.8880485105860657	0.5780212201138493	0.03757327051641513
952	0.9981261305588458	0.821144302823384	1.482433066037268
953	0.8368498683904629	0.8158483485798309	1.4509596605500157
954	0.8236582194258937	0.8271732225903525	1.5182624232691393
955	0.9870970205659744	0.8533756674447771	1.6739813237231174
956	0.8395866602906795	0.8260049162232995	1.5113192779297777
957	0.6580122807917421	0.7815549330333401	1.2471568096565364
958	0.6681859392945436	0.6269328445650069	0.32825089320649947
959	0.6454714229883642	0.693806876233813	0.7256775737413332
960	0.771856848232714	0.6223308392637512	0.300901567241831
961	0.5487694552846631	0.5872151911567314	0.09221225819704608
962	0.5093583732356124	0.6074726759924911	0.21260076705998798
963	0.522477396882362	0.6159302387517711	0.26286334296512165
964	0.5296835134768904	0.5501487852750123	-0.12807023833142192
965	0.512655310450921	0.7415269692436647	1.009274026451771
966	0.5849217734791362	0.7809495646013688	1.243559156570351
967	0.5692688121677736	0.6481199369451175	0.45416398061408814
968	0.46482756892584104	0.6021676373444231	0.18107337372960922
969	0.5627951359996133	0.5825982154220135	0.06477396422000291
970	0.5483006072337933	0.7291572344614073	0.9357617450634492
971	0.4514490556001716	0.6619016360780184	0.5360674460077187
972	0.39928755308062847	0.591319184770061	0.11660194307142972
973	0.6029688723990801	0.5364254359584626	-0.20962693573090604
974	0.5194741203654822	0.6045460471389794	0.1952080607824754
