ID	SN	ssim	z_ssim
245	0.7370592755178292	0.15515709725899496	1.3556162200413355
246	0.7254189715874203	0.15790480379459726	1.3979222716082471
247	0.7351406598244979	0.12692194274477	0.9208835120898005
248	0.9861660405314706	0.0482938981408159	-0.28974144604138186
249	0.8898102649569719	0.03568222548713082	-0.48392159836789506
250	0.9418130295598403	0.06987169200054007	0.042488815051467156
251	0.8306771865729412	0.04247305139740945	-0.37936420571344537
252	0.892692546535344	0.06386757948113486	-0.04995566203087783
253	0.8355268168737612	0.090605231032422	0.36172020314986875
254	0.9292597951579037	0.07735756099138988	0.1577476883869402
255	0.8662997182238235	0.026104546102941627	-0.6313877824995405
256	0.945945380094073	0.03415814719833742	-0.507387617697929
257	0.9210051956125639	0.03651252653286967	-0.47113756979644916
258	0.8791919609923	0.07114384313758618	0.06207594741346835
259	0.839495897572274	0.0577594587028866	-0.14400153966491397
260	0.7956219112174273	0.03955991662311821	-0.4242173326342625
261	0.8298492701707937	0.02722445690519429	-0.6141446731876297
262	0.8081386959999987	0.056675603680293854	-0.160689503202044
263	0.9024000337116843	0.045321732152731005	-0.3355034682690497
264	0.8463744359677595	0.04715085321764984	-0.30734074816341866
265	0.8490640782962078	0.04486689927934799	-0.3425064661315745
266	0.7364386831448112	0.06746108327628339	0.005373011134767147
267	0.557996247430503	0.07336670489503702	0.09630103765448912
268	0.5579211410585141	0.06289752647042446	-0.06489143197646861
269	0.7995232982996222	0.07760940012263111	0.16162522011560504
270	0.970520920750642	0.037126247896640346	-0.4616881881659956
271	1.3005996789682785	0.038595886680104635	-0.4390603662525667
272	1.2751945559273918	0.05977790159404464	-0.11292385799412373
273	1.2133340609463827	0.08016211461111812	0.20092900652300658
274	0.9924244151754824	0.10644631865833071	0.6056232041778722
275	0.9287506557221294	0.055505362515300284	-0.1787075420393278
276	0.9086499890711347	0.04067100207448278	-0.40711010601030606
277	0.9530239255460173	0.051028808549380134	-0.24763241464504337
278	0.8334769068796084	0.08281197720209398	0.2417285686183382
279	1.3041395381322984	0.016269332955774738	-0.7828191778047902
280	1.3248890615594402	0.034498495858631135	-0.5021473171831001
281	1.557920057144394	0.06633569555515093	-0.011954425527810399
282	1.2205558099814626	0.07683132475083512	0.14964530290988007
283	1.248241814244035	0.059296909655832494	-0.12032962330334056
284	1.1559140654534301	0.07831521059331342	0.1724924847897078
285	1.1265299790642773	0.0998421110462622	0.5039391472472741
286	1.4248394423057043	0.07808776216002715	0.16899049321137025
287	1.1688119755120292	0.061230909734047004	-0.09055209576202357
288	1.0666586127935098	0.06982849744008959	0.04182375447161623
289	0.9139485311406389	0.06104340197187399	-0.09343912643757166
290	1.0563871991345757	0.08721772882275733	0.3095633074595192
291	1.0141140637825388	0.0589039985589193	-0.12637922027151816
292	0.8529255108286228	0.07136350493987977	0.06545804932817528
293	0.9862946577590991	0.054003362287901834	-0.20183362855929998
294	1.3487007742620911	0.04593605417506789	-0.3260448383830249
295	1.5694423952320085	0.0251677840597467	-0.6458109760945738
296	1.4887398028362748	0.025676149049706883	-0.6379837517525995
297	1.399497351023288	0.035871103536984764	-0.48101346956540375
298	1.3997260580163422	0.022554519644859786	-0.6860470412134956
299	1.3090339854441106	0.02832390866356665	-0.5972165689005257
300	1.1073427414028698	0.05692360965199327	-0.15687099009241248
301	1.0706736928438485	0.06411726455386517	-0.046111296038531785
302	1.1705684713256823	0.05965381301838783	-0.11483443236317686
303	1.2166264329624672	0.08214565097971002	0.23146923736905622
304	1.1951639741176743	0.07252116624245271	0.08328239779082268
305	1.0764122749283018	0.05686790677541455	-0.15772863945868595
306	0.8079683043850622	0.07100898718759095	0.05999958929418606
307	1.1184172976732123	0.035069358517590826	-0.4933578250103929
308	1.1630896106979312	0.0526928908011383	-0.22201077396316046
309	1.2698516419238304	0.0036130541650429265	-0.977686124557727
310	1.1906619161518737	0.01927015339394925	-0.7366159670340937
311	1.0954914928558415	0.04364620751518433	-0.36130128575764203
312	1.1501390131402125	0.04949303067559456	-0.2712785708417976
313	1.1621094537338557	0.0913403157599149	0.3730381994440206
314	1.1950582138930117	0.05890649676573262	-0.12634075573212877
315	1.1219054106217612	0.04988110895264485	-0.265303384122198
316	1.2272380743806206	0.05664115014046555	-0.16121997951519923
317	1.2515012081757364	0.1136315087567897	0.716252566842629
318	1.1474347042630801	0.09468911689644266	0.42459922014749996
319	0.96135370998316	0.06980785767682435	0.04150596693582434
320	0.9210359994027998	0.06168911836363437	-0.08349712185540231
321	0.9239896175058884	0.06904011391026374	0.02968512400466017
322	0.8160173660843121	0.07247536498165275	0.08257720221184572
323	0.7359725033314948	0.06972245513419194	0.04019103598314162
324	0.8697164218898785	0.082990861115771	0.24448281910995862
325	0.974552837730354	0.053340986277901785	-0.21203213894338097
326	0.9749301905949976	0.04191345206996915	-0.3879802779528735
327	1.005854407660621	0.03908787385153609	-0.4314853088819383
328	1.1492044837887492	0.08897850342764074	0.33667370672039865
329	0.9023198879752494	0.03589304002669811	-0.4806757165146376
330	0.679482453986075	0.05180386252527137	-0.23569901744765784
331	0.45423232811419	0.013692784324385575	-0.8224899351625484
332	nan	nan	nan
333	nan	nan	nan
334	nan	nan	nan
335	nan	nan	nan
336	nan	nan	nan
337	0.3475633763572498	0.047639979339180384	-0.29980974197623184
338	0.6602354587990416	0.0851656017857605	0.277966995726756
339	0.7701769183060003	0.19613550322615866	1.9865549806090297
340	0.9117288813025669	0.29559676129406465	3.517946000068238
341	1.0848107166704841	0.367626486962949	4.626977568401408
342	1.2255606532673944	0.3394187673205342	4.192667271317443
343	1.7896355331067604	0.03662904213906575	-0.46934359537443143
344	1.7223236644991176	0.019564953910698214	-0.7320769648874179
345	1.5592736419658701	0.003741902622128134	-0.9757022629629265
346	1.0870791735752443	0.024045768804721087	-0.6630864873702239
347	0.8960126549871097	0.07220797756950023	0.0784602757860083
348	0.6219268881973687	0.13045823158728373	0.9753312546665331
349	0.6694648534388782	0.4055276399303736	5.210536296784239
350	0.727143337652635	0.3409326948663246	4.215977001083303
351	0.8169284344507983	0.24270768533495704	2.7036203266892054
352	0.6947566341499815	0.05382906819826936	-0.20451721017482466
353	0.6272160073801375	0.03620350352457619	-0.4758955536476468
354	0.5846175881411069	0.02392172638005165	-0.6649963511590072
355	0.7702464584570025	0.01187129256572186	-0.8505351879114341
356	0.9967180187290933	0.03530436827255636	-0.48973941282427497
357	0.9910785233976176	0.08362440602344466	0.25423742106133507
358	0.9121740412174759	0.03794011512433647	-0.44915718878254646
359	0.9579317629963827	0.05409711156782999	-0.2003901840649148
360	1.0186153385503678	0.04702302214782714	-0.3093089451894476
361	0.9432994216483352	0.005200808573008898	-0.9532396929651786
362	0.8889111748287962	0.039600813503925546	-0.4235876491051291
363	0.8927353215551844	0.03080178066526465	-0.5590651217493242
364	0.9196736843142054	0.04080921955606352	-0.40498199086138537
365	0.9104371254811054	0.021982219331845826	-0.6948586687437336
366	0.9626407553844775	0.049008667990975634	-0.27873623505996137
367	0.9579157480624576	0.06579155951386441	-0.020332411722408312
368	1.066466571535996	0.027068264445856978	-0.6165495465441792
369	1.0731677774964143	0.036182134348059704	-0.4762245718568097
370	1.124741563138349	0.10083686579243759	0.5192552463440436
371	1.0108823088963903	0.04661474371965924	-0.3155951507983528
372	0.7359662220959327	0.31627115651591986	3.8362667592314046
373	0.45883361248556925	0.3804279235565239	4.824079489454856
374	0.39350258608795	0.37718700085535783	4.7741794578672945
375	0.5212061654942791	0.3322082977485337	4.0816486841494966
376	0.7569557693388922	0.05534232062732815	-0.18121787508644988
377	0.8247704644035321	0.07143171888076094	0.06650832979412348
378	0.7493294532296291	0.07871372019445122	0.1786282811410272
379	0.8776153902733741	0.04109817790879561	-0.40053293969344694
380	0.9647718757486659	0.054555860344823216	-0.19332689358455826
381	0.9933823083421194	0.0565636816772333	-0.16241275056183305
382	nan	nan	nan
383	nan	nan	nan
384	nan	nan	nan
385	nan	nan	nan
386	0.8564676575750323	0.044291198450973734	-0.35137045091915525
387	0.9743782908857898	0.03842127355287869	-0.44174886004510383
388	1.1142863675833248	0.035293900332111446	-0.48990058623290644
389	0.9902702575802488	0.05327454095214364	-0.21305518829071174
390	0.8880204922606143	0.03395851709760688	-0.5104612943174601
391	0.7485766005462091	0.07717241909340554	0.15489708458997958
392	0.7792956680526949	0.08728022875894337	0.3105256101978048
393	0.8992366487952165	0.04446780840103425	-0.34865121232592167
394	0.9914639044753437	0.04178607610170533	-0.3899414678441271
395	1.0039383028856639	0.03494023332305335	-0.4953459474928736
396	0.9722705627778876	0.05200958217546543	-0.2325315808904167
397	0.9881591335616686	0.030260854898378018	-0.5673936797999244
398	0.8480518489156659	0.051755311836031506	-0.23644654559012027
399	0.8399452325203676	0.052572888714147614	-0.22385842924023763
400	0.7777938847445526	0.03607573925446482	-0.47786272216790354
401	0.7005750180716365	0.08049246100305979	0.2060153035170063
402	0.6867173226504625	0.05082909869205207	-0.2507073192657035
403	0.8657059264547167	0.06923184587392754	0.0326371941172015
404	0.8678585176952841	0.04746412688855666	-0.3025173174570407
405	0.8304057314036646	0.06816399118317434	0.016195585441888406
406	0.9163703438843556	0.058968152668317717	-0.12539144846063813
407	0.8765177081557587	0.04093662528214262	-0.40302034279323
408	0.8212763503748426	0.04774633327934592	-0.2981722252987089
409	0.7464186418707485	0.03305588461206462	-0.5243589999073877
410	0.8274520199933754	0.03358319805434972	-0.5162400289065967
411	0.8040499802299379	0.04879489662003404	-0.2820276428305521
412	0.7567899009589345	0.033052879279881875	-0.5244052725848558
413	0.8918176220701719	0.03677633909519641	-0.4670756848312312
414	0.8714354026262761	0.0449500092034856	-0.3412268343038192
415	0.9000924491654477	0.06628549878430526	-0.012727298157537486
416	0.7322465774604987	0.06056238626699385	-0.10084525767883706
417	0.6758416976206436	0.05483517348469404	-0.1890263484042117
418	0.6817872858991862	0.020338136581078744	-0.7201723799181242
419	0.756717425801134	0.06063937041882093	-0.09965994350687901
420	0.772972934620531	0.03803928813951782	-0.447630235798323
421	0.8586603839778213	0.03746095966915367	-0.45653467802052544
422	0.8750031501571323	0.020799623610533367	-0.7130669289492534
423	0.9732712385828964	0.05426443019796688	-0.19781400261942253
424	0.8824664276955021	0.05529058322683399	-0.1820144685744673
425	0.8797620591677467	0.04105400443296914	-0.40121307249583693
426	0.8628538741353944	0.04837567660953204	-0.2884823144457256
427	1.013069476305109	0.03626889711986844	-0.47488869764656616
428	1.0801491957847567	0.03518095630772246	-0.49163956951152926
429	0.9143617684482132	0.02416200371286326	-0.6612968348167135
430	0.8236704066792035	0.027524618618108405	-0.6095231254566695
431	0.7130297571514336	0.04386210947035566	-0.35797707368094256
432	0.7317726044848627	0.03189125447123133	-0.5422906465938386
433	0.7056568550747427	0.02508363727258787	-0.6471065723566218
434	0.8184149270545931	0.05474343011208185	-0.1904389082254165
435	0.8590833125064389	0.028819398043132324	-0.5895875885231989
436	0.8464849353411205	0.011296233280781625	-0.8593892949448769
437	0.8994632176144467	0.015550947957098564	-0.7938800507201097
438	0.8366722352027977	-0.00430316320973593	-1.099571011510862
439	0.7850619057156901	0.01140565062136102	-0.8577046115214881
440	0.8533514012270049	0.015842009870532338	-0.789398611323528
441	0.9194018578287748	0.04659181937624893	-0.3159481136937305
442	0.9247537873142915	0.058694981598317784	-0.1295974250539399
443	0.9111935022936654	0.045527459851140914	-0.3323359077945597
444	0.8282879416793526	0.06642758388866582	-0.010539633763948843
445	0.8388239604741824	0.08398644649876133	0.2598117074050908
446	0.6889061739389084	0.06790130043874644	0.012150972949280548
447	0.8389655997446213	0.09525007375358856	0.4332361940811173
448	0.8508002408335216	0.0743305979203161	0.1111419631696677
449	0.9102058391607015	0.07055948983018326	0.053078741621669985
450	0.893601966794002	0.04801765208301418	-0.2939947677899339
451	0.9306413243646645	0.04920148344165748	-0.2757674826499973
452	0.9759632274063905	0.021371559508145288	-0.7042609122717722
453	0.962243083776306	0.035807916011872463	-0.4819863590138035
454	0.9390540167354484	0.06597483357184782	-0.017510566795572422
455	0.9111170738710739	0.052624081040755194	-0.22307022817828698
456	0.9397862101813803	0.05615985057471093	-0.16863048132247604
457	0.8488416473410694	0.057846479936533	-0.1426616859540613
458	0.9151327104071817	0.015742607178183245	-0.7909291006148411
459	0.876986232713439	0.04686271070316597	-0.31177723798444756
460	0.9560732101580323	0.04110758512975722	-0.40038809803370395
461	0.8293988278234664	0.04998213606300582	-0.2637478838949329
462	0.9605894569087183	0.03302225911980629	-0.5248767268884214
463	0.9719056159088221	0.03298491255992021	-0.5254517466250326
464	0.8983721906936143	0.0201410704776889	-0.7232065790307575
465	0.76645526858048	0.009809175620140071	-0.8822853128634289
466	0.7158809087512341	0.0308256280394422	-0.5586979470788787
467	0.7478141727616651	0.04156027439440945	-0.393418105013701
468	0.819517554996562	0.06051260865745428	-0.10161167654081248
469	0.7812228222184373	0.0427221408337955	-0.3755290106502247
470	0.7193507403816024	0.04729447292143495	-0.3051294557580506
471	0.6149370049379111	0.07673306922298073	0.1481324763491532
472	0.6153818001083811	0.08611815487220223	0.2926333217965416
473	0.6189870866274078	0.1007486001178611	0.5178962321509932
474	0.6552851230724448	0.12820883845665698	0.9406976645995021
475	0.7387782457267295	0.11497383576841694	0.7369201872881698
476	0.7468567475780145	0.09804049611029231	0.47619993514536996
477	0.6522468542660542	0.08677880746009833	0.3028052968925719
478	0.5963965274147486	0.10725626030979238	0.6180937620154529
479	0.6026081524454345	0.08696130355822922	0.3056151636808361
480	0.8085876085628135	0.09581792611845491	0.441979337178516
481	0.8158035148280091	0.05962403518334444	-0.11529291750654044
482	0.7947811232701067	0.07459984878798717	0.11528758095837059
483	0.8195640672124971	0.08207384238689931	0.23036361055227852
