ID	SN	ssim	z_ssim
494	0.2245620110126521	0.32436353317669764	-0.16526995813680603
495	0.23717698107688404	0.3167711556640842	-0.22604516505957728
496	0.23573959321861687	0.16059219011807474	-1.4762212702748498
497	0.24098419918307873	0.14637538499932828	-1.5900234714216044
498	0.2617270185556961	0.271432788913593	-0.5889681909791772
499	0.3887544401691261	0.2783138419705241	-0.5338869700194986
500	0.4641757202564405	0.26126578520857746	-0.6703526786354302
501	0.3114667329207695	0.33489401596617624	-0.08097590538929637
502	0.1871392621589349	0.3032981441653244	-0.3338934721741359
503	0.2159237435657441	0.17428984483246135	-1.3665747467398308
504	0.2721257922930349	0.3910419189433603	0.3684749308012021
505	0.4841477995769325	0.493174001238882	1.1860183715286683
506	0.6558807720069453	0.4545947856886391	0.8772007707061388
507	0.5028051895730081	0.5324808428040303	1.5006604484846358
508	0.2422161278752446	0.632459566234108	2.300966754940404
509	0.4055362394454539	0.488040729376514	1.1449277304076282
510	0.5837249903833572	0.3991539888719793	0.4334101540122122
511	0.46993147397612534	0.4086314351927019	0.5092748960227957
512	0.4252925942517397	0.3473182362467929	0.018477073226970533
513	0.4626242815506907	0.46314394828141814	0.9456348185033372
514	0.46492312397088936	0.5271004964547269	1.457592033860646
515	0.46268771098793815	0.45217220078987	0.8578085449815791
516	0.36658687656033734	0.5018085523121186	1.2551359341484647
517	0.4970823255592539	0.537107123819127	1.5376927464055812
518	0.6245685202050487	0.43149367398645855	0.6922817724722377
519	0.48356059333745166	0.5152502255059206	1.3627333854585988
520	0.2037618193133126	0.4763257033928011	1.0511516863314538
521	0.24209116723969815	0.18686237021304236	-1.2659346204714534
522	0.29936654414367847	0.18554696128962617	-1.2764641613663663
523	0.31350694662456097	0.18265758869639176	-1.2995929134521353
524	0.32688651006580827	0.26965712112018686	-0.6031819965217855
525	0.29000426341366675	0.2545381087205799	-0.7242061560195878
526	0.3397243346728041	0.19359200677999636	-1.2120654531135078
527	0.2594942770313053	0.2153043400171064	-1.038263301801974
528	0.38726448085254944	0.20144239708458406	-1.1492249141132802
529	0.38803099809571556	0.33917017181532294	-0.04674627756399974
530	0.2649771294579601	0.4615966168433839	0.9332487921014082
531	0.4090120817935943	0.46500859733691063	0.9605608982455045
532	0.5126394681735508	0.39459146799235584	0.39688824106888027
533	0.5401725939790812	0.4048650867201712	0.4791261570565051
534	0.594962036829017	0.3619518663938211	0.13561586127319428
535	0.32794098178994674	0.22832619432972381	-0.9340264024838463
536	0.22018706668461566	0.2103225586124496	-1.0781412972268634
537	0.3064907325828521	0.16321631863358652	-1.4552157350183086
538	0.4968768736872207	0.15798849815969096	-1.497063215669562
539	0.6429532862157284	0.34679961771168033	0.014325653104210755
540	0.5996579742570287	0.5522009177101916	1.6585150376384832
541	0.4449444828891035	0.5008874786991352	1.2477629552196412
542	0.3864910781907551	0.4735089270418069	1.0286040501921236
543	0.3967912896552049	0.4242432917358706	0.634244157664937
544	0.44901833791797285	0.4352344609813064	0.7222258977858423
545	0.4476906159913242	0.38261084956544644	0.300986191579306
546	0.46377451056227725	0.34752886297231944	0.020163090921174156
547	0.4624026889716458	0.579672695504466	1.878420196096378
548	0.43944835388369796	0.6072058506662072	2.098816666031077
549	0.41678287396828007	0.6033789242078503	2.068183014451124
550	0.4294340496030816	0.4273250897937254	0.658913230606734
551	0.4214609604116514	0.48883890682724135	1.151316954290194
552	0.38102486788086465	0.5729203025800773	1.8243688694175078
553	0.32922974967252716	0.5420011395231332	1.576868197916012
554	0.30997211506739597	0.5335697429555162	1.5093768396170377
555	0.3878921497954483	0.3677768711728441	0.182243662667832
556	0.5129328799345976	0.25580362651897076	-0.7140759819161693
557	0.4830799661235591	0.27357356782405257	-0.5718317563059888
558	0.54298365144623	0.3906007852325507	0.36494375858136396
559	0.45126551585994545	0.39400140814237267	0.3921649499232583
560	0.358161509279226	0.2763553750469596	-0.5495640398613623
561	0.24638113435416556	0.4417622263777781	0.7744791336207018
562	0.23575208159737338	0.39099700639741874	0.36811541637130274
563	0.26169401629279876	0.13554439286735917	-1.6767230311979393
564	0.2963725465339023	0.17743778138030394	-1.3413762506485802
565	0.6481961949714913	0.27877209434620354	-0.530218766889649
566	0.7571699755626886	0.6020542023241913	2.0575789254867978
567	0.5374160294262157	0.5364461403392902	1.5324017281846252
568	0.36108327945281443	0.4696205767023227	0.99747871480439
569	0.5679246668084207	0.41886827743863986	0.5912184248711777
570	0.665170423254778	0.40139537123403046	0.45135189579473073
571	0.6350125342921279	0.3377000098800792	-0.058514580137993384
572	0.41733180907319123	0.2683020524323085	-0.6140290045589331
573	0.28518187457350824	0.2558101553674092	-0.7140237200108367
574	0.24464631129739906	0.2505477889927462	-0.7561477325210482
575	0.4680642124331915	0.29709091137949006	-0.3835809194000098
576	0.6913510806426723	0.4078323740924224	0.5028785987321586
577	0.7073162959920006	0.6117480293600187	2.135175744532901
578	0.49962067214442357	0.644816233075869	2.3998789840723385
579	0.4425993037018186	0.6461934590350484	2.410903355885975
580	0.4949160204428622	0.5225188136243034	1.4209167339811428
581	0.324612075414001	0.3736910928231706	0.22958562425872794
582	0.27403095079353235	0.46434509543094854	0.9552497206122128
583	0.3348894872933852	0.5222104563229377	1.4184484058763411
584	0.32482676450670583	0.4901776014667372	1.1620328918982228
585	0.3425003604471702	0.5192454486976845	1.3947142130424115
586	0.45043086782981556	0.5065917450394269	1.293424273640371
587	0.4764109456090172	0.45780880331030505	0.9029282303438702
588	0.6205287243799981	0.489080631064551	1.153251900295755
589	0.6601690699994269	0.4432786383384246	0.7866176568349845
590	0.4799037637243601	0.3097874773050244	-0.2819478775694354
591	0.20599482627023136	0.28870862098161865	-0.4506791942909849
592	0.37607308435917775	0.2079892214970911	-1.0968191153109752
593	0.44946174244525167	0.20188367963692125	-1.1456925504518125
594	0.4315228185373781	0.17598541231168538	-1.353002125485136
595	0.2632476640073811	0.17099039699336038	-1.3929860552949065
596	0.24478441247780347	0.1606706140562582	-1.4755935049848756
597	0.23695693882826277	0.16740964208973289	-1.421649161133117
598	0.3260525487383329	0.1756217828270285	-1.3559128944947814
599	0.4465321076807719	0.15781299257818962	-1.4984680968170188
600	0.4167981141670103	0.2567334516873424	-0.7066329488325397
601	0.33415836870637355	0.29638396309621146	-0.3892398751261413
602	0.40931364530593656	0.3063997472985729	-0.3090658642341553
603	0.691998288618288	0.33579386085327445	-0.07377285744799784
604	0.6363071334853528	0.2764022290738987	-0.5491889843299878
605	0.3415062091964496	0.2686219148125801	-0.6114685809873285
606	0.5209757913184637	0.3466983490711497	0.013515021312942329
607	0.6304219766531716	0.32158265849211976	-0.1875302098301312
608	0.5085006278768492	0.38621003685778554	0.3297968443797386
609	0.31907513677719707	0.36660523057300076	0.17286495359069515
610	0.2626104823876261	0.13883705687377204	-1.6503660256375003
611	0.21114069094185242	0.25783528697910996	-0.697813014926364
612	0.4156985503896302	0.4576230643959405	0.9014414337593535
613	0.7758468147982791	0.45665930156448814	0.8937267376172444
614	0.7569476495695059	0.4748271415881662	1.039156049442753
615	0.5387130088903533	0.5161645162164041	1.3700520688387248
616	0.42312738058848	0.45691977375967807	0.8958117566424441
617	0.30201881556981297	0.4278833581091968	0.6633820379513153
618	0.27594584994462273	0.34923322270600726	0.033806092117259504
619	0.38421729027138424	0.3235126827374955	-0.17208081697739083
620	0.5606711061133851	0.5016180381124851	1.253610912521811
621	0.4911246290381955	0.4168689373898338	0.5752141752177191
622	0.5910694684862815	0.5420115936509524	1.576951880765074
623	0.6907911393180622	0.5789929660883101	1.872979121037908
624	0.5350819843550062	0.3530922106231281	0.06469638817878456
625	0.24327414734083308	0.2548707300118693	-0.7215436003482654
626	0.1942725913569529	0.34693861900642403	0.015438325970720215
627	0.316750350850762	0.31135646191776656	-0.26938852256639007
628	0.3614078302380889	0.2701780040601277	-0.5990124503677837
629	0.44080364657581	0.3108652384857645	-0.27332065129360933
630	0.5152760708359001	0.38574412718248263	0.3260673463566472
631	0.5814431014077008	0.5077690122986194	1.3028480228101083
632	0.42814149036211674	0.4713065469433656	1.0109745124112381
633	0.46413239463670936	0.5071115444756428	1.2975851466003725
634	0.5417204471200527	0.4225079433490255	0.6203530995453437
635	0.4040118500745548	0.3015384335957616	-0.3479795438706096
636	0.27009056737842047	0.39683347283437564	0.4148349656580145
637	0.4061351624549816	0.4121411160600669	0.5373690708175338
638	0.6389425368233885	0.27470238548390163	-0.5627958348516839
639	0.6026890130591688	0.4962581978101796	1.2107066440098126
640	0.41810672603151183	0.4141153418206218	0.5531722864651563
641	0.5140635092793538	0.48052486338994826	1.0847649803627981
642	0.5794154643966349	0.5457708409488677	1.6070437764887928
643	0.5104450655524176	0.45674816998232853	0.8944381085249972
644	0.422888463426341	0.3831603314305229	0.30538466544271087
645	0.3219010150156984	0.2936955677598724	-0.41075985125809467
646	0.3066818191170495	0.1619712477899599	-1.465182236029251
647	0.2840878465951808	0.16976097750281982	-1.402827270883615
648	0.24355596022656834	0.21025882008377525	-1.0786515092471036
649	0.27662936078770145	0.21503336226700107	-1.0404324153381173
650	0.2979958105882484	0.17269060759863625	-1.3793762669017102
651	0.5068072645738926	0.24026913802065317	-0.8384259304475985
652	0.48111349839945405	0.2634818970623811	-0.6526132213632955
653	0.3868678067078976	0.2860932920967394	-0.4716142905616292
654	0.2544709233242724	0.24623883241928068	-0.7906399224758466
655	0.28171703677772936	0.2105477586754408	-1.0763386233734396
656	0.2778572042885793	0.2069411938024474	-1.1052083319821626
657	0.31097405041643467	0.13825527561931472	-1.6550230485614386
658	0.2841767348061138	0.18503641563652207	-1.2805509599560536
659	0.2871205958986999	0.1432552772090387	-1.6149992048148887
660	0.45509717156487944	0.262864121158739	-0.6575583730385616
661	0.5297801574104252	0.38976877786409425	0.3582837341166682
662	0.6094552258472034	0.5306375938149466	1.4859056712708258
663	0.5368794305273967	0.5638373526750403	1.7516619789828969
664	0.38675849580140975	0.48302881285293897	1.1048085104012617
665	0.30914575070704187	0.31185380770692445	-0.2654073858015198
666	0.19178389456213746	0.32260492379807787	-0.17934721505723447
667	0.17880530408209863	0.30532267224062437	-0.31768759825744736
668	0.28541594355381017	0.0752586041144919	-2.159296675602617
669	nan	nan	nan
670	nan	nan	nan
671	nan	nan	nan
672	nan	nan	nan
673	nan	nan	nan
674	nan	nan	nan
675	nan	nan	nan
676	nan	nan	nan
677	nan	nan	nan
678	nan	nan	nan
679	nan	nan	nan
680	nan	nan	nan
681	nan	nan	nan
682	nan	nan	nan
683	0.346411293899446	0.3356061085509998	-0.07527577073201339
684	0.3686035920950394	0.38280117144739295	0.3025096737478381
685	nan	nan	nan
686	nan	nan	nan
687	0.31739024008701466	0.4757303265130503	1.046385833605641
688	0.2488509484625992	0.384140092729345	0.3132274255757406
689	0.26835565429268216	0.3510190000730667	0.04810082243338678
690	0.4278187626052235	0.27400368407281694	-0.5683887762939869
691	0.4013113530243645	0.36944059134629154	0.19556135368555028
692	0.3429365882824078	0.34779412707223295	0.02228646802335896
693	0.2976334153715699	0.34943882689791517	0.035451905604093205
694	0.3394609120702096	0.298785899451682	-0.37001293616314435
695	0.35426386691827644	0.40067816304863446	0.4456108119508712
696	0.43634820226606874	0.3960789904008032	0.4087955101720637
697	0.694261805182125	0.4184554642983259	0.5879139521969281
698	0.6063019317787753	0.3038024277788217	-0.32985679974746257
699	0.3243514088177017	0.2704558149487582	-0.5967886391553056
700	0.2271518818217627	0.32208436821169106	-0.18351414082256995
701	0.3789482263687581	0.20662143274552824	-1.10776794448402
702	0.5958868219787576	0.27565460394399316	-0.5551735487032935
703	0.5072823735839453	0.30036526120269574	-0.35737051459436614
704	0.3924897260291654	0.33976143055495567	-0.04201338958702837
705	0.386432511826595	0.3186911322189182	-0.21067620162051612
706	0.2687643655871575	0.3406519491925261	-0.03488499609276195
707	0.34803394468779714	0.2839946295998521	-0.48841359319081057
708	0.4904152816377683	0.237667237026627	-0.8592535395913478
709	0.4893139177267404	0.21662793949152673	-1.0276681974611894
710	0.4071186785928525	0.26913900224524473	-0.6073294169816992
711	nan	nan	nan
712	nan	nan	nan
713	nan	nan	nan
714	nan	nan	nan
715	0.30375844557835574	0.326554802646638	-0.1477293583394528
716	0.38911857584648396	0.33185137591655167	-0.10533152763018679
717	0.4072292877300143	0.31648972089676974	-0.22829798457367315
718	0.4843472107309638	0.3630272773484481	0.14422427453845782
719	0.6314554648183016	0.42805846647915846	0.6647837395132633
720	0.543410470359416	0.30857488805879474	-0.29165437098727465
721	0.5179264540278915	0.24385821373677288	-0.8096962184507585
722	0.339137611799442	0.1495959099004956	-1.5642439225328388
723	0.33010158199078304	0.1803916486181996	-1.3177312340108724
724	0.26051920865773537	0.21318713662949768	-1.055211019926599
725	0.25007689355182694	0.2115987010371404	-1.0679260754739064
726	0.2645917819993037	0.20505124614360115	-1.1203369211294705
727	0.44543565141331726	0.21070648784247176	-1.0750680335015634
728	0.4514034502534156	0.348862890642792	0.030841670533289078
729	0.40704767059447383	0.35914465338052237	0.11314477741624845
730	0.4053027863071488	0.38452205767250924	0.3162849656439847
731	0.43563145264950154	0.35621372856251066	0.08968340948587102
732	0.316666364981458	0.3731263361068914	0.22506487878264075
733	0.29229210318675725	0.38133788425891274	0.2907964019143998
734	0.3622628372508066	0.3671719550853263	0.17740145081407085
735	0.4386044503926398	0.37657299576501047	0.25265458353145676
736	0.5219941054234364	0.39605887510631654	0.4086344919425688
737	0.41290287156747874	0.42710836202165053	0.6571783754613096
738	0.3029871618870077	0.3137564535107602	-0.25017715097234344
739	0.3308635883397932	0.14815000325072963	-1.5758180672173658
740	0.28548339733987776	0.09591358289099157	-1.993958399543275
741	0.2784160436966434	0.1147909994676643	-1.8428490933070363
742	0.2387041687141626	0.3023812174778079	-0.34123325593413045
743	0.24118323825745605	0.394740971856271	0.3980849845461511
744	0.23945258057739807	0.20190938116257995	-1.1454868157478224
745	0.5320943811782609	0.23047015068294335	-0.9168645331242369
746	0.7466968689968327	0.3599042638842546	0.11922528190490718
747	0.5892279677773087	0.3144231542089834	-0.2448403677548655
748	0.5646560835875384	0.27164110580770556	-0.5873006629454136
749	0.5154055620683587	0.2952896192351552	-0.39799984188093795
750	0.2816849337628485	0.4147548142395157	0.5582911136724593
751	0.253848691537571	0.33813329821296473	-0.05504620833422145
752	0.2494506675937445	0.206466653688524	-1.1090069146486512
753	0.22778724078484713	0.7971951537877852	3.6196366188250786
754	0.2733599008288598	0.7747301563686046	3.439809566705768
755	0.313525431101297	0.12088843439706096	-1.7940405522516722
756	0.3405330053917057	0.1350798116646563	-1.6804418951084585
757	0.3083743458767325	0.2541715539422712	-0.7271403413209947
758	0.24493932243305072	0.38008537902595674	0.28077039035500456
759	0.4476510762138303	0.44084880881636407	0.7671674395947387
760	0.5193455464527709	0.3564872956301583	0.09187324990356886
761	0.565116696827894	0.4286029492905777	0.6691421971208994
762	0.5176674712786677	0.5874577968438638	1.940738112194544
763	0.5267505440374228	0.627829293907304	2.263902507502393
764	0.5444853708950095	0.5777809815905954	1.8632774684905435
765	0.5704372702875244	0.5160821833035071	1.36939301312007
766	0.4206461585927535	0.4417667496984842	0.7745153417454205
767	0.36711634772152485	0.3302637238378554	-0.11804031133382008
768	0.40659390033628595	0.4927576784671519	1.1826858050754694
769	0.48827586178857096	0.5332179394805765	1.5065607350503076
770	0.498997808026497	0.24665574329751952	-0.7873026483675419
771	0.3752256895951532	0.19495802254187652	-1.2011308163083554
772	0.25687381455423824	0.1732263140871902	-1.3750880617067436
773	0.29685000286457525	0.15983599330093706	-1.4822744490004245
774	0.2860653389573492	0.19143822140969574	-1.2293060014568686
775	0.29873295388436916	0.165352252662048	-1.438118082492802
776	0.3319229818596075	0.14103190697673088	-1.6327967637099712
777	0.567117404055857	0.18395911403546195	-1.2891745074039893
778	0.6569007215920277	0.19554209598918	-1.196455444916589
779	0.593573271264228	0.1976642525095197	-1.179468078122474
780	0.3703456757372743	0.27905754286661366	-0.5279338182204208
781	0.30454625497117177	0.3164942501178456	-0.22826172921787363
782	0.3258835407654612	0.21455897329602364	-1.0442297881406597
783	0.24168034818707868	0.22337128758276947	-0.9736892725570084
784	0.3569580796899043	0.2112176201358472	-1.070976538993658
785	0.6070257086154327	0.1729580191573391	-1.3772356998939834
786	0.5315295001304683	0.4631474118454191	0.9456625435233981
787	0.43159147568276557	0.43781380844960427	0.7428729712290553
788	0.3352519214954289	0.41566455254289725	0.565573356098067
789	0.33597164719113093	0.390511276647145	0.36422726328191957
790	0.4693445933026213	0.35414639393334346	0.0731348791134662
791	0.5072692468639741	0.34030708001139565	-0.037645593258757756
792	0.3950129102155509	0.3668771307322048	0.17504145079601802
793	0.2484291520266821	0.5095522078396441	1.3171220862124473
794	0.3963146662170831	0.19801496811643488	-1.1766606816849412
795	0.5364958772528489	0.2215020305827889	-0.9886522378174851
796	0.4987711434633323	0.42873890486016475	0.6702304896696076
797	0.4655155526668375	0.35252636819980254	0.060166951871624824
798	0.5188730993580929	0.4133017791320917	0.5466599073509828
799	0.3720612424808326	0.2567293860286106	-0.7066654934801538
800	0.31973078073780264	0.20340487913986496	-1.1335157040807475
801	0.3513059411456826	0.3442485171932065	-0.0060953101096782505
802	0.43694553552003	0.33168388798942805	-0.10667222932884354
803	0.46925163128065933	0.24966698760347555	-0.7631983417145263
804	0.4032531122345276	0.32398104306936193	-0.1683317020214616
805	0.364299824193679	0.35115636605889666	0.04920040503437015
806	0.4230084156912767	0.3542607066305153	0.07404992552850233
807	0.45603600921124854	0.2268110267465566	-0.9461549647473375
808	0.33350463987416773	0.3898404997398466	0.35885785096379486
809	0.43542885656200137	0.3741258273385044	0.23306557241488715
810	0.45935357416757533	0.4816378163288969	1.0936739084353997
811	0.4763698834734257	0.46670853436387416	0.974168496708272
812	0.5878413489084294	0.40753908815372725	0.5005309133619139
813	0.5708714492346758	0.38641770380644547	0.33145916975210843
814	0.3825713820005569	0.3117345239846241	-0.2663622241105052
815	0.4655195165519491	0.24294364180205763	-0.8170171529651101
816	0.4801980566713173	0.22910694906025958	-0.927776643403056
817	0.5136198674183888	0.20498615949842983	-1.120857924507085
818	0.4978306868455558	0.13957906025239675	-1.6444264620688562
819	0.31626212924714797	0.2986556506004234	-0.37105554776583993
820	0.3254939663376796	0.3426319370868731	-0.019035655911296197
821	0.47990223500690204	0.16365758587087956	-1.4516834939501886
822	0.5372874107878389	0.2502444470580308	-0.7585759137883858
823	0.45614695812008144	0.21238732063688925	-1.0616133599538384
824	0.6059288273510827	0.265462134090769	-0.6367618869220788
825	0.6101839180533939	0.26561011913229887	-0.6355773012629081
826	0.3893534758655679	0.2915271433727732	-0.4281175815083879
827	0.3712248693153768	0.36861229586890915	0.188931042041078
828	0.4892967689073724	0.39604099754885624	0.4084913862747963
829	0.4927425445431166	0.4464705773109754	0.8121683820484434
830	0.5416824881049821	0.50232214427807	1.2592471177602793
831	0.5672221290905524	0.32100371822868334	-0.1921644912851586
832	0.3241041118178502	0.4194463379428466	0.5958456640592554
833	0.41704706537009195	0.5054287946026956	1.2841151272872222
834	0.4849083075693257	0.5461627609137171	1.6101810041781843
835	0.459352118712455	0.5809146132806124	1.8883614575393155
836	0.44342225424166165	0.5605517277319519	1.7253613194786674
837	0.5043653191766313	0.48926703018890505	1.1547439817068836
838	0.45471631078102687	0.25461857912746877	-0.7235620092260827
839	0.3299402152736519	0.3970944207705931	0.41692379287891307
840	0.4256722240339985	0.39778740550975983	0.4224709736990464
841	0.5960973982978195	0.28571280319332637	-0.47466001527675666
842	0.5631736050919629	0.24644014956427307	-0.7890284257972783
843	0.3186596592002445	0.30304766075342404	-0.33589853332443775
844	0.23727459643220403	0.37315775640859616	0.22531639095185405
845	0.21163048681849012	0.4097464276101237	0.5182001496437534
846	0.24970895636562707	0.41033187918321007	0.5228865526102121
847	0.5355775553592498	0.3688819072930467	0.19108921845729035
848	0.6951690249196462	0.31977974053309416	-0.20196214657754985
849	0.5597893556507624	0.30354791340125886	-0.3318941278354699
850	0.35958085998762684	0.2880523596324554	-0.4559324129599133
851	0.47172430157933776	0.3288827815523566	-0.12909443147078153
852	0.4314871267477858	0.2568917352493164	-0.705365925924964
853	0.4175996870141732	0.35976021073619247	0.11807217013368544
854	0.3291893014303763	0.35813595745260846	0.10507040234213241
855	0.4534002807451124	0.280279891171168	-0.5181492058223186
856	0.4304950730510435	0.33516683137109865	-0.07879208185597844
857	0.41046003191448727	0.2774022526178408	-0.5411840296619996
858	0.41042447353299977	0.2585311055378217	-0.6922431500433077
859	0.364539364287176	0.19727159955966977	-1.1826111731854263
860	0.237524300518621	0.1903469962523075	-1.2380410037179423
861	0.2753654161425975	0.12941912239600947	-1.7257543892588054
862	0.3012404821954948	0.08275469273457256	-2.099292238752635
863	0.28293619060547753	0.1359328721103106	-1.6736133456829143
864	0.27656380401123104	0.201153010299211	-1.1515413876727871
865	0.29937216012337176	0.2434967713783919	-0.812589480025906
866	0.3510125471328728	0.2570578499094267	-0.7040362169076849
867	0.34897668784184965	0.24542173199145917	-0.7971806203659393
868	0.33079133485010137	0.1523384972925139	-1.5422901516650465
869	0.26679209834449824	0.20861882869996728	-1.0917792568514482
870	0.4899402022241906	0.2829420774581021	-0.4968390270032873
871	0.6093075467352798	0.38368312985926445	0.3095695446367289
872	0.5189738536068451	0.3907242892159456	0.36593237909373194
873	0.3750315206763398	0.3264930640694825	-0.14822356121536495
874	0.5313508190721037	0.3230743817819862	-0.17558931365333602
875	0.5494650131575783	0.3603100458514317	0.12247347168205501
876	0.3699626033377814	0.23551718008908062	-0.8764642427022028
877	0.3606951834981183	0.17953151366971187	-1.3246164131776095
878	0.3135585313390251	0.1292853278283407	-1.7268253834923908
879	0.2817486704844521	0.108540128539883	-1.892885853656783
880	0.2718561328684991	0.11366012413852078	-1.8519014859229688
881	0.2512639702886743	0.17570591649987508	-1.3552394241137409
882	0.2350019028652619	0.2814919934069469	-0.5084466108092766
883	0.3178691211143311	0.32642805887012294	-0.1487439126382978
884	0.395989694059796	0.26396756614779654	-0.6487255538819198
885	0.5264470544665404	0.38862814435162274	0.34915322952461697
886	0.4477128303716729	0.32870702200878266	-0.13050134552525436
887	0.4716808561715016	0.3661529520352062	0.16924456963645587
888	0.5602657969722372	0.4115284875660817	0.5324651229531286
889	0.3773837526257875	0.4414038145053212	0.7716101303768614
890	0.28869082192099405	0.5049959127168919	1.2806500089973147
891	0.40582458550573086	0.3873890941379471	0.33923492224883445
892	0.630582552091123	0.4452792600929421	0.8026321662430059
893	0.4984151272028848	0.4786493746312402	1.0697521313306668
894	0.4803015507222719	0.32468628119979465	-0.16268643566903507
895	0.41531908448432103	0.30917612061538435	-0.28684164493739955
896	0.499047215049101	0.33327667109883363	-0.09392237292399543
897	0.42964969419656784	0.42030611438424004	0.6027279734605203
898	0.34220220917370464	0.35838039693123663	0.10702708321963639
899	0.48237441085676225	0.43097522109086905	0.6881316782551344
900	0.5584043957611218	0.2345195685502809	-0.884449889832943
901	0.3489588563231014	0.2969499105520802	-0.3847095980580297
902	0.19929610340118956	0.45193140113163416	0.855881000015341
903	0.4208031201078207	0.25096367057532326	-0.7528186976838711
904	0.5241597252972094	0.1932874627162559	-1.214503257142638
905	0.44844117881952245	0.4343366041710054	0.7150387639345013
906	0.3073038383086828	0.4311269702743978	0.6893463949909656
907	0.37987423578002394	0.4638558118334126	0.9513331198063701
908	0.6069873473115686	0.4562405319816851	0.8903745850134608
909	0.5085365312503147	0.4400022232736487	0.7603907202534156
910	0.32739226601927063	0.3370417731722678	-0.0637836110910698
911	0.2691233232108056	0.227939033674448	-0.937125533012808
912	0.30441051158941307	0.19284869159194165	-1.2180155174099436
913	0.32638890594777636	0.20093271517541028	-1.153304798634745
914	0.39573330977440363	0.13444063784630234	-1.685558332088251
915	0.3137762363309014	0.15069152631923202	-1.5554737692513312
916	0.4124388403723347	0.2873330920091192	-0.4616899821229961
917	0.530182752470816	0.3371290106839677	-0.0630852952056726
918	0.5199874827718248	0.31324365925034436	-0.25428194913784646
919	0.2916803493620631	0.33408464983280656	-0.08745469206054737
920	0.28014595182234375	0.3978799464765854	0.4232117425027993
921	0.23336699365099497	0.28865493169713163	-0.45110896446097615
922	0.2127475717662076	0.3106588245197178	-0.27497294683310186
923	0.4708235713721824	0.4434091367214366	0.7876622658810264
924	0.6695584575410664	0.5445338902482884	1.5971422753244886
925	0.7234333995673587	0.4230719738955193	0.624868032202074
926	0.44998597660432693	0.5845604684276662	1.917545675605992
927	0.5499552395777171	0.6242141414992941	2.234964057683592
928	0.7098664456095424	0.4343058820532941	0.7147928405649235
929	0.5622908504898178	0.4212428420294335	0.6102262592573389
930	0.6127283348146321	0.395418101747145	0.4035052510124973
931	0.6232181651523725	0.39782240390709345	0.422751127687225
932	0.4808993247749974	0.27311777318529107	-0.575480285826419
933	0.19945184894600237	0.2362708480475337	-0.8704313068991618
934	0.2001612159014601	0.47866165604489486	1.06985044117563
935	0.34078124649937536	0.4577147909699632	0.9021756835391206
936	0.47725373498357926	0.3352405289774919	-0.07820214974698862
937	0.4288342780856361	0.31611899126565657	-0.23126558859571686
938	0.35115579906438105	0.28945926004303985	-0.4446705041005409
939	0.2936396117721071	0.28099253406439884	-0.5124446660748955
940	0.39699989804034863	0.29832047665757694	-0.3737385368160777
941	0.43085485216965275	0.3168690745917878	-0.22526134693634037
942	0.4497073533068995	0.3113093827015141	-0.2697653806855697
943	0.43477240320252747	0.23758992029077824	-0.8598724419854918
944	0.2120330978235518	0.29197508789081705	-0.4245318903689775
945	0.2454464865115446	0.40158209889551	0.4528466070687382
946	0.3148895806422685	0.31853787655158233	-0.211902977407014
947	0.3955232852459811	0.27832261891111587	-0.5338167126620731
948	0.32636845585562424	0.281048850627353	-0.5119938651550211
949	0.2368063402487378	0.34638585130999805	0.011013549795575998
950	0.31929631043611106	0.3390770597975397	-0.04749161749715915
951	0.6342554717402724	0.30417545011964975	-0.3268708431201772
952	0.7398334979003128	0.6308727422213045	2.2882645997106437
953	0.4853606361710351	0.5812307249299858	1.890891857386985
954	0.5342119623208056	0.6267854354393959	2.2555466645164763
955	0.5397948731291289	0.6702030983917733	2.6030949055845864
956	0.42200838319777406	0.6150590198172351	2.1616794490473756
957	0.38535171468302276	0.519091215422224	1.3934796117314368
958	0.3958932090413969	0.35856637615805587	0.10851580344916896
959	0.4723333890559283	0.4204492184971087	0.6038734884268986
960	0.4723321144605904	0.31937730107337503	-0.20518358036396064
961	0.27851377219850776	0.2940347820988762	-0.4080445197812447
962	0.21775597380394726	0.33004277980613994	-0.11980891665192372
963	0.2070957511094709	0.33565493944583846	-0.07488489083528636
964	0.24459519844253336	0.3214351338552784	-0.1887111100574112
965	0.20747225842146505	0.46695632902990936	0.9761520350765405
966	0.31193261136366546	0.542870550719122	1.583827631275248
967	0.3069689065855353	0.38886207251849797	0.35102576980903877
968	0.2889624657740517	0.29941733261074144	-0.3649584613512712
969	0.3125664913129698	0.31575717923125785	-0.23416180934095773
970	0.2499466106579165	0.4810060148695497	1.08861648546583
971	0.18452666056349407	0.4468190338121492	0.8149576948726861
972	0.17097954626234302	0.36727783030737593	0.17824895721339976
973	0.2830980704257102	0.2774403867137315	-0.5408787751399846
974	0.31419490386910237	0.3491080702086009	0.03280427563564535
