ID	SN	ssim	z_ssim
5057	1.1513789428888532	0.46488964746206457	-1.411054307589123
5058	1.4047417257764956	0.510104540584198	-1.0112068910126781
5059	1.317145934752386	0.5702251791970886	-0.4795439726163746
5060	1.4236334734604827	0.7389217716515133	1.0122852018096042
5061	1.3985636531871715	0.76814662518413	1.2707284132814802
5062	1.367944527581255	0.6665660272825206	0.3724239644456459
5063	1.4555300075008268	0.6097703539343216	-0.12983539509003605
5064	1.8955461358217736	0.6771097648371367	0.4656650611543222
5065	1.8157401069573398	0.7108343282640538	0.763900413054785
5066	1.5868963485993972	0.7099758352438341	0.7563085292178261
5067	1.4693262398856288	0.6479270035208526	0.2075940824313578
5068	1.2544413542536006	0.517323623815169	-0.9473666034296222
5069	1.3081938842956047	0.507660646673353	-1.0328188997815304
5070	1.428023178264558	0.5511734923168331	-0.6480231451738896
5071	1.9022393238479134	0.6277426114897164	0.029098094682018804
5072	1.857406988080122	0.6562769014745384	0.28143446764336816
5073	1.8215553950204162	0.5425529298455991	-0.7242570892473182
5074	1.7861193205855392	0.7171713082683134	0.8199400254178065
5075	1.9385923278820605	0.6874317724898059	0.556945340920852
5076	2.2789278179005215	0.732604224333294	0.9564174378968129
5077	2.0014746581465186	0.8072176204641694	1.6162436947971368
5078	2.247407828313285	0.7074804716924268	0.7342413606246346
5079	2.316588252479135	0.6821660311355575	0.5103789790106588
5080	2.0635356752366745	0.6828161504394549	0.5161281582341432
5081	2.032593382202926	0.5321765021383092	-0.8160186201403571
5082	2.089505376501025	0.5847076433055882	-0.35147166149086206
5083	1.685006045213141	0.6871361404869427	0.5543309878960009
5084	1.385087239801011	0.6601279745956907	0.31549053926517534
5085	1.2553949695130513	0.6958067878120447	0.6310078457539352
5086	1.0936805627120745	0.6932903556269213	0.6087543615868151
5087	1.1840373534672726	0.7721219091103406	1.305882914338458
5088	1.3877305094927075	0.6772746442552793	0.4671231340333813
5089	1.5734086190712218	0.5273295200577344	-0.8588817815742493
5090	nan	nan	nan
5091	nan	nan	nan
5092	nan	nan	nan
5093	nan	nan	nan
5094	1.2651724520641516	0.6693354769085545	0.3969149496464098
5095	1.4580714997519868	0.6877367060138426	0.5596419497900643
5096	1.443795715033674	0.7008476822864314	0.6755858264509922
5097	1.3514216512945252	0.5974927718972252	-0.23840934319332704
5098	1.2466464532467005	0.7631598390499418	1.2266289271367627
5099	1.228228934379286	0.7800702057881507	1.3761718318466973
5100	1.345556104528808	0.7768461457326687	1.3476606047917181
5101	1.6556818748183364	0.6710310391643108	0.41190926105122444
5102	1.6563443699192126	0.623784048652635	-0.005908537302868192
5103	1.5228805433868373	0.6170036938981869	-0.06586903139747402
5104	1.5006328287933797	0.7173877002542417	0.8218536377381441
5105	1.9279948752046	0.5544932709994974	-0.6186654526480371
5106	1.8414006219792238	0.6871551672045532	0.5544992462586142
5107	2.0664731150547815	0.743172331621591	1.0498740426910362
5108	2.1144761400572802	0.6804459752975519	0.49516806429421756
5109	2.8019803317929473	0.41701133829127524	-1.8344550260266757
5110	2.596830332651869	0.4732030154682213	-1.337536966492416
5111	1.9687933292861148	0.6802925173248978	0.49381099431833475
5112	1.174019137217622	0.6475481177243294	0.20424349379880027
5113	1.01974958968141	0.5540006551460922	-0.6230217866510086
5114	nan	nan	nan
5115	1.5057233315938665	0.651424186385655	0.23852060768067074
5116	1.5450678749867945	0.8165233663242649	1.698536899193869
5117	1.5232779206552058	0.7390241723865354	1.0131907589507771
5118	nan	nan	nan
5119	nan	nan	nan
5120	nan	nan	nan
5121	nan	nan	nan
5122	nan	nan	nan
5123	nan	nan	nan
5124	nan	nan	nan
5125	nan	nan	nan
5126	nan	nan	nan
5127	nan	nan	nan
5128	nan	nan	nan
5129	nan	nan	nan
5130	nan	nan	nan
5131	nan	nan	nan
5132	nan	nan	nan
5133	nan	nan	nan
5134	nan	nan	nan
5135	nan	nan	nan
5136	nan	nan	nan
5137	nan	nan	nan
5138	nan	nan	nan
5139	nan	nan	nan
5140	nan	nan	nan
5141	nan	nan	nan
5142	nan	nan	nan
5143	nan	nan	nan
5144	nan	nan	nan
5145	nan	nan	nan
5146	nan	nan	nan
5147	nan	nan	nan
5148	nan	nan	nan
5149	nan	nan	nan
5150	1.580154308621701	0.832395871591793	1.838901716792218
5151	1.6185032558085461	0.814261761336156	1.678536920218599
5152	1.7290111689155407	0.6774646316986956	0.46880324390839084
5153	2.240898176169109	0.6344825147091504	0.08870086501228247
5154	2.3301097159931032	0.6789125832835907	0.4816078677960155
5155	2.359096190887926	0.5400693044035604	-0.7462204545937817
5156	2.767978546249588	0.5094776132739752	-1.0167509772211019
5157	2.231256556711792	0.5919011447691066	-0.2878576003327985
5158	2.5039147998833253	0.46294138863506146	-1.4282832824911584
5159	2.189844901225021	0.4234302744742501	-1.77769065321264
5160	1.9755891945335293	0.5361746811422321	-0.7806616517757416
5161	1.7458659251579758	0.6750717487578285	0.44764233881698384
5162	2.218920732601443	0.3536058521135784	-2.3951667317127634
5163	2.2046790090082173	0.5625515561542508	-0.5474038775634507
5164	2.1726516900182498	0.6665380962056915	0.37217696244827
5165	2.038511805307895	0.596739370575817	-0.2450718729751977
5166	1.9782597278493415	0.518067757633305	-0.9407860286626947
5167	2.9087625234186714	0.5547185289294483	-0.6166734364088098
5168	2.989762751035178	0.6138303231163401	-0.09393199962197421
5169	2.8761453910817374	0.5742959866281772	-0.44354473160735025
5170	2.263226963426605	0.5739967934017997	-0.4461905774860759
5171	1.5931114345954365	0.7200322793024365	0.8452403589562303
5172	1.4415209387656696	0.7420248290567399	1.039726370002058
5173	1.3406232082817597	0.6837771124939055	0.5246262032004815
5174	1.0571377296149642	0.6452039914212632	0.1835137567212817
5175	0.9319978730914241	0.5189636653392701	-0.9328632767332935
5176	0.872595370370704	0.4300391465313646	-1.7192466265645279
5177	0.9799423682867618	0.3873378235612441	-2.0968658686996178
5178	1.0103004975644372	0.42833061365422714	-1.7343556406500864
5179	1.0782133478301927	0.3426340594255026	-2.492193234676936
5180	1.0680178283997597	0.4360531765042798	-1.6660629478729085
5181	1.1064564129719432	0.3934746254826285	-2.0425964847672304
5182	1.1496739387342518	0.2240388530391017	-3.5409624259224617
5183	0.9344007371728935	0.4696165266229717	-1.3692532484590605
5184	0.9891796030056789	0.5277418953255544	-0.8552350365724982
5185	1.1286091212530662	0.3632577838737277	-2.3098121126308784
5186	1.709352852259741	0.3673921802387473	-2.273250537638525
5187	1.9066342642728786	0.6524913656515205	0.24795795991166378
5188	2.0064609889571825	0.7895200403802495	1.4597392515134664
5189	1.9645880467199281	0.849409485086405	1.9893576602371152
5190	2.087930746224562	0.7876569413508163	1.4432633675224842
5191	2.4042461858925925	0.7789517265043205	1.3662808198094527
5192	2.3193952728633236	0.7335671250423743	0.9649326269055629
5193	1.9712493434165697	0.6764609724314168	0.4599276160470035
5194	1.6187764658954875	0.6932018452329829	0.607971640454182
5195	1.4052314796535097	0.6357966508208032	0.10032212281012418
5196	1.1590501311065948	0.6390764548544936	0.1293263088026852
5197	1.133911301615165	0.6292195913757632	0.04215942361573879
5198	1.3908874881633622	0.617682431030548	-0.059866777047872494
5199	1.5676252789256637	0.6194961776946891	-0.043827329248625764
5200	1.6585458104433792	0.746454272554784	1.0788971258585454
5201	1.3859596684116848	0.6965359340486461	0.6374558813209765
5202	1.2615744062918337	0.5587417196637845	-0.5810952826094998
5203	1.3116754961028925	0.7111205886085511	0.7664318899932873
5204	1.5330759598956303	0.777347560684639	1.3520947515812844
5205	1.6339017131998526	0.713919062550803	0.7911795450003087
5206	1.5125411755476192	0.7189063491201884	0.8352834566275815
5207	1.367797957520286	0.7396295161105926	1.0185439757227646
5208	1.2770877770844455	0.7714052729378974	1.2995455086212169
5209	1.2243608602862424	0.6173227697983056	-0.0630473577066915
5210	1.36937154124345	0.6305956118171401	0.05432794112510752
5211	1.4459417427384245	0.603491372539814	-0.18536211020453924
5212	1.4477352981562732	0.5544119189858214	-0.619384870305705
5213	1.7289754947546228	0.5095301381506142	-1.016286485661355
5214	1.9487654039948794	0.6092245920142978	-0.13466171400221053
5215	2.150334346105557	0.5387959557697051	-0.7574810177952229
5216	2.268482534223235	0.5236312150210631	-0.8915868840861643
5217	2.367131590159679	0.6708958729624664	0.41071395010644474
5218	2.6243305796175993	0.5797211405770584	-0.39556864140339537
5219	2.7186052934052207	0.6207605104074301	-0.032646496253687415
5220	2.6992002062022427	0.6924495058453167	0.6013185016369685
5221	2.1998846126427622	0.6564707558191369	0.2831487735617845
5222	2.7223752547422886	0.6561706341179069	0.2804947169311248
5223	2.639774998641716	0.664900133528234	0.35769201954989943
5224	2.525781616542774	0.6020377608803756	-0.19821678764813822
5225	2.0559559310153928	0.6216313797294108	-0.024945165463650998
5226	2.522790292060196	0.5895701858832608	-0.3084708944112291
5227	2.632423145028409	0.531430873256316	-0.822612416157622
5228	2.653316345046261	0.6046570756939336	-0.17505348482726155
5229	2.319958458175499	0.6037320520010394	-0.18323371723158574
5230	1.876767226107339	0.5575160584976133	-0.5919341327549117
5231	1.639486933540961	0.598597950973446	-0.22863594845616375
5232	1.4723276752538055	0.7109800406514042	0.7651889867441634
5233	1.610658721773237	0.6942936555836406	0.6176268119686364
