ID	SN	ssim	z_ssim
2502	0.6766537151450217	0.4479971827163314	1.2758711155352573
2503	0.6978472474869374	0.11083006906603182	-1.0900939054393761
2504	0.6818820081998694	0.14441013279808715	-0.8544562854710644
2505	0.6409861806601421	0.30867963239196916	0.29825367441913636
2506	0.683367262766944	0.31470417990240807	0.34052905686252016
2507	0.6007813164192417	0.21346977355117297	-0.3698518036936935
2508	0.655350353391139	0.29614539758992076	0.21029859248582727
2509	0.6934507074063261	0.26580514585672566	-0.0026046576299505173
2510	0.7045556152929994	0.2926585840735002	0.18583096655043158
2511	0.8276630418728957	0.3194880886135325	0.3740986436217898
2512	0.8688475778829456	0.2393705805574996	-0.18810097180342245
2513	0.7599114852775386	0.17738788225881927	-0.6230452179744822
2514	0.6882724316831457	0.2458399648523985	-0.14270408601802892
2515	0.5188973058644955	0.6045572415903684	2.3744824805863747
2516	0.3935549145173408	0.5683754421594499	2.1205879921154143
2517	0.26293002238138224	0.6302942005890593	2.5550835602050626
2518	0.29095859433401444	0.7123084695733662	3.1305931036385632
2519	0.4013203320299447	0.1728546959884105	-0.6548554382336077
2520	0.395026899627086	0.09141616659255707	-1.226324908740885
2521	0.41837620037787204	0.17218706570186593	-0.6595403254629892
2522	0.48669742960222573	0.16454746227616346	-0.7131488588802695
2523	0.5621278671362937	0.08514576381293304	-1.270325503826797
2524	0.7238480924846009	0.13930585096293543	-0.8902739906689997
2525	0.6894534648903575	0.29911271315280974	0.2311208036201864
2526	0.6276260726397418	0.29819561871048705	0.22468537951261405
2527	0.5842203553728147	0.3821963495615328	0.8141342993026075
2528	0.4905455379711909	0.3656762413016224	0.6982095940058712
2529	0.41760303814723876	0.46160850790561747	1.3713843431994561
2530	0.40153742353934474	0.4646466498676864	1.392703556491609
2531	0.3544518086907338	0.7297865398477639	3.253240008479499
2532	nan	nan	nan
2533	nan	nan	nan
2534	nan	nan	nan
2535	nan	nan	nan
2536	nan	nan	nan
2537	nan	nan	nan
2538	nan	nan	nan
2539	nan	nan	nan
2540	nan	nan	nan
2541	nan	nan	nan
2542	nan	nan	nan
2543	nan	nan	nan
2544	nan	nan	nan
2545	nan	nan	nan
2546	nan	nan	nan
2547	nan	nan	nan
2548	0.369706595449165	0.17233560291753372	-0.6584980118969412
2549	0.334610227117126	0.1975191913860684	-0.48178003731721525
2550	0.3921809595260899	0.2786970342221519	0.08786014659334619
2551	0.4863521996371957	0.2696700500794513	0.024516101869358504
2552	0.65755843967505	0.27088282560540144	0.03302637572622186
2553	0.6986464561025012	0.19504640190432662	-0.49913206597355414
2554	0.6758144146210527	0.1579775140767201	-0.7592514204889926
2555	0.6508924282424011	0.16183351221383924	-0.732193156666651
2556	0.646588631431653	0.20878971272149227	-0.40269267034637224
2557	0.7606992356409265	0.22560291965638138	-0.28471123654730396
2558	0.7883404225093676	0.2691447462795793	0.020829946353102514
2559	0.6458117085833686	0.38738398751275827	0.8505369300372584
2560	0.6980324730602645	0.24095487344905034	-0.1769836907501003
2561	0.6662132950391663	0.1575597074137985	-0.7621832483867392
2562	0.7148819945333307	0.1816369893323071	-0.5932284348445741
2563	0.6180646425246035	0.14492292417156993	-0.850857932003009
2564	0.5925717662335219	0.1335639679611576	-0.9305658631166349
2565	0.6793418994790892	0.18152028987758184	-0.5940473368568656
2566	0.7390359837558736	0.2746610044702994	0.059538567086039725
2567	0.7819743850160967	0.23153324785587717	-0.24309700872122053
2568	0.8452690304705996	0.1424626958466954	-0.8681218166602218
2569	0.6763918261855353	0.17823317978104103	-0.6171136063524558
2570	0.54940427249697	0.11706472004766848	-1.046344187440969
2571	0.5371668660200639	0.15704003782087245	-0.7658298676136736
2572	0.5680195849439367	0.15832130675399925	-0.7568389626424858
2573	0.6418973651458623	0.18437584580944952	-0.5740093640632234
2574	0.6909223799718887	0.23013464889828847	-0.2529112405310835
2575	0.5634614106108192	0.2900807050598784	0.1677415048929707
2576	0.5320223487316074	0.35745546022136493	0.6405228277302245
2577	0.4732007655608388	0.2611707856330836	-0.03512483453873883
2578	0.6122830256815002	0.1636283958458522	-0.7195981207982742
2579	0.6686357821865943	0.20441535248987192	-0.43338837843340283
2580	0.6553658166948049	0.2029857857173991	-0.4434199172219881
2581	0.6385248633640914	0.45433970352484854	1.320377776387476
2582	0.6060730546403406	0.38051205901991636	0.802315315940084
2583	0.6266127257049999	0.3649640096559686	0.6932117306549518
2584	0.659714743228393	0.449299886521769	1.28501243303502
2585	0.6939234409383068	0.15919534023179593	-0.75070570541808
2586	0.6879339331812208	0.1111313077627065	-1.08798005687455
2587	0.59896537252348	0.12842676030139077	-0.9666146150156636
2588	0.657748988217204	0.14304323196621851	-0.8640480855737772
