ID	SN	ssim	z_ssim
5057	0.40336335622368913	0.4553133772352989	-0.8098998973216385
5058	0.42793295875084114	0.4829249280272123	-0.5923577804546964
5059	0.4659423439757906	0.4212134993230212	-1.0785613601219721
5060	0.5246652836932235	0.5727788880955077	0.11557133332254878
5061	0.5246525586533919	0.6334263123028414	0.5933919796172414
5062	0.4320974466102435	0.5595325866985723	0.011208182253511483
5063	0.4803825987427085	0.5723424499148941	0.1121327837674098
5064	0.4761837756421478	0.6582138166080719	0.7886843845620417
5065	0.4834943613263584	0.5894196756835882	0.2466784987811575
5066	0.47642500775474717	0.550670944368576	-0.05860971554995729
5067	0.389162801886753	0.5139042057819135	-0.34828247615341085
5068	0.29864322522994174	0.42646230034470906	-1.0372078231954713
5069	0.3308881334699673	0.4021586817124733	-1.2286878557596632
5070	0.33827114709492007	0.45705408371322864	-0.796185456763532
5071	0.4150976804809668	0.5671765883186876	0.07143269866355015
5072	0.4407680450644497	0.5540411152781283	-0.03205727308149198
5073	0.4915129956323297	0.5797702676178346	0.17065405984411047
5074	0.5313295913319243	0.6752266150390122	0.9227224982626764
5075	0.5072446274809361	0.7079113775786905	1.1802347432560778
5076	0.6250450217428961	0.7680687758248183	1.6541946399056717
5077	0.6639547856055862	0.7786566294000394	1.7376127752066926
5078	0.658804066806309	0.7600756010251055	1.5912191055171339
5079	0.6375446179528202	0.7263280745243661	1.3253337009152242
5080	0.5434486087632812	0.6740407615432358	0.9133795576321627
5081	0.40709403524615145	0.6388652599723882	0.6362436179941866
5082	0.43662467776716907	0.7203827389398092	1.2784924025652724
5083	0.3669364003477466	0.6411811155524556	0.6544894647792042
5084	0.31489989020049525	0.6354950943010006	0.609691216795458
5085	0.39578111110229464	0.6582556873880078	0.7890142703468268
5086	0.33655133577870033	0.5522118314348302	-0.046469584893333464
5087	0.36851036865679837	0.6234032252708739	0.5144234498556173
5088	0.39137073705823483	0.6346057545794164	0.6026844084091667
5089	0.35823986091221877	0.6045229584186398	0.36567218090296394
5090	nan	nan	nan
5091	nan	nan	nan
5092	nan	nan	nan
5093	nan	nan	nan
5094	0.3837298536964445	0.5634144221350182	0.04179185734433166
5095	0.4317682590349037	0.6031094319353122	0.35453548141991176
5096	0.4554690668629112	0.5714283087876232	0.1049305734518669
5097	0.4730221630773315	0.5623270699366256	0.0332249752883071
5098	0.37477268587164814	0.6774903738620487	0.9405578922306171
5099	0.33228880189758314	0.7949831221391621	1.8662437173166768
5100	0.33827442602500046	0.7554893704143932	1.5550857378909115
5101	0.5281912852316905	0.5864936981294098	0.2236257062800005
5102	0.496986386327959	0.6473225487389875	0.7028757501444698
5103	0.48817917567105534	0.6503201814230554	0.7264930893006838
5104	0.4617813475255171	0.6273021694117332	0.5451419186710997
5105	0.4157086628455196	0.49912478130643556	-0.46472458803262456
5106	0.3922010745009722	0.5425233835142297	-0.12280160570905047
5107	0.4083789895025044	0.6518572435851717	0.7386030848247599
5108	0.4794781359269569	0.708063428536488	1.1814327015844668
5109	0.5250517680254174	0.5644342375201581	0.04982663957618557
5110	0.5031248330215192	0.5314885471274562	-0.2097413681639036
5111	0.4519016262715314	0.5496991968197404	-0.0662657874753292
5112	0.35532629768311486	0.4572908612188122	-0.7943199664772638
5113	0.32654694927075806	0.434450126241958	-0.9742744310094363
5114	nan	nan	nan
5115	0.48289267297164196	0.5657363473686742	0.06008552488741706
5116	0.5837593996848252	0.7144413440164785	1.2316821513590128
5117	0.5326259054526639	0.7657767315300843	1.636136394224837
5118	nan	nan	nan
5119	nan	nan	nan
5120	nan	nan	nan
5121	nan	nan	nan
5122	nan	nan	nan
5123	nan	nan	nan
5124	nan	nan	nan
5125	nan	nan	nan
5126	nan	nan	nan
5127	nan	nan	nan
5128	nan	nan	nan
5129	nan	nan	nan
5130	nan	nan	nan
5131	nan	nan	nan
5132	nan	nan	nan
5133	nan	nan	nan
5134	nan	nan	nan
5135	nan	nan	nan
5136	nan	nan	nan
5137	nan	nan	nan
5138	nan	nan	nan
5139	nan	nan	nan
5140	nan	nan	nan
5141	nan	nan	nan
5142	nan	nan	nan
5143	nan	nan	nan
5144	nan	nan	nan
5145	nan	nan	nan
5146	nan	nan	nan
5147	nan	nan	nan
5148	nan	nan	nan
5149	nan	nan	nan
5150	0.3482502411963507	0.7547872111032115	1.5495536609683414
5151	0.395443781612252	0.783257286453537	1.773859803920842
5152	0.4427256570976396	0.5804638316903722	0.17611841777386789
5153	0.501629784353216	0.58769414588537	0.2330836301752505
5154	0.529274123530137	0.6121888984714648	0.42606954284161497
5155	0.582448200229855	0.6242045132567225	0.5207365282471655
5156	0.6666713922049271	0.633758579022625	0.5960097972882187
5157	0.6614351251578445	0.6668136206222035	0.856439346388486
5158	0.5936961569497404	0.49277222283281674	-0.5147742584870925
5159	0.5129564880630507	0.4475856407302212	-0.8707841327118828
5160	0.43416631289265184	0.545441127218192	-0.09981368494289566
5161	0.4191968077892544	0.5434702609692788	-0.11534147688335322
5162	0.44184073711344096	0.41298099559510115	-1.143422486597028
5163	0.47081407925804003	0.49768799895570526	-0.47604451266889203
5164	0.5208511621237903	0.6027078275123965	0.35137137531943896
5165	0.4955677478936246	0.5238886868104418	-0.2696181101012158
5166	0.45955758417771236	0.33745532444994464	-1.7384638336960732
5167	0.5305412124261066	0.5365092304929892	-0.17018509348423008
5168	0.5861881091455502	0.6502784184106228	0.7261640525797919
5169	0.5943629360124106	0.5970750855163752	0.30699289665975205
5170	0.56536301427949	0.5374651257658521	-0.16265391630664755
5171	0.512547870480327	0.6366446633679286	0.6187482846214893
5172	0.4705574299044633	0.5992793242705319	0.3243593520346463
5173	0.4143873050250829	0.49128718847008246	-0.5264743444882011
5174	0.34927332183804866	0.43901392839435016	-0.9383177696587068
5175	0.27543360025071073	0.33444377634087513	-1.762190807803065
5176	0.2624981266932074	0.2703365381079118	-2.2672701645111486
5177	0.2528013180760576	0.2428908230083321	-2.483505717765121
5178	0.2575117691236517	0.30868078793354314	-1.965168723718997
5179	0.2597125618509633	0.2639379101367002	-2.3176828010338704
5180	0.2892883907872279	0.3772970672179019	-1.4245641499467643
5181	0.3049477390651746	0.3843856492237887	-1.3687155977677554
5182	0.31079832690370424	0.17704719615679554	-3.0022654960704847
5183	0.2975586895425924	0.30694133785256306	-1.9788732655483392
5184	0.34754037322198417	0.3514426825870736	-1.6282621459510214
5185	0.39258058196015155	0.24807790735107718	-2.442638425783151
5186	0.5015233269660355	0.19633830529282176	-2.850277339020233
5187	0.583313330948342	0.4820805704165702	-0.5990101899262279
5188	0.5889355684794255	0.7295378015463274	1.3506220599858414
5189	0.6481337381432948	0.7628041896523736	1.612716737088368
5190	0.622254779380771	0.7104932541283767	1.2005764797395047
5191	0.7069486480937927	0.6859700391974352	1.0073663218362245
5192	0.7069562269546171	0.6875433702265074	1.0197620675578682
5193	0.5711195326537193	0.6102822360815191	0.41104759150011855
5194	0.5675955336239598	0.6264209250426831	0.5381988908431813
5195	0.5391421681455436	0.5944946784407723	0.28666273766812106
5196	0.4733423450716092	0.5385188002732527	-0.15435236944475295
5197	0.4080574845075687	0.4838909219292362	-0.5847470395763398
5198	0.41124539102457647	0.47243410518512713	-0.6750114432620629
5199	0.45372388000795383	0.5587535247896079	0.005070215642228429
5200	0.49227463852942077	0.6627651795313709	0.8245430414127886
5201	0.36661009775747616	0.5373545735883908	-0.16352491970991306
5202	0.3695207950502242	0.39659107320806064	-1.2725531695576497
5203	0.4046401711051659	0.5492624789379151	-0.06970654070219066
5204	0.4569626035192723	0.6362239095442566	0.6154333068366024
5205	0.447227040986499	0.5554540992925096	-0.020924847528716557
5206	0.41290130619299165	0.5787441295635751	0.16256946342996412
5207	0.375498102432297	0.6027718549276353	0.3518758257776381
5208	0.2929524923966848	0.6453626483658466	0.6874343546489924
5209	0.314895379444364	0.4442599254641536	-0.896986324125519
5210	0.3939300796338367	0.4173195413816434	-1.1092405443496924
5211	0.3810010385843274	0.4281569691286631	-1.0238560981356224
5212	0.4299393820583461	0.40734730424972176	-1.187808444860833
5213	0.4417859149401528	0.439739001356877	-0.9326051637880772
5214	0.4482783330921658	0.4722894056209697	-0.6761514824338484
5215	0.43434324159918064	0.39377528422031977	-1.2947378234244356
5216	0.46033153624664264	0.4999685068179808	-0.45807715865716386
5217	0.5137771603285216	0.7037605155079361	1.1475314978462228
5218	0.545986645621591	0.667229729396574	0.8597177273930753
5219	0.4758672407147492	0.6624334366546611	0.8219293509251064
5220	0.47552586270622244	0.6273384531165026	0.5454277857708071
5221	0.3996316758936001	0.49430771113282085	-0.5026766628929636
5222	0.3921947379874179	0.4923608847683328	-0.5180150526739223
5223	0.4170011883324354	0.5729072355764833	0.1165825399337378
5224	0.4579343598138672	0.5116769674613421	-0.36583013737228715
5225	0.49444642194207833	0.55427927126966	-0.03018092216832492
5226	0.5244632556750158	0.5755137514960773	0.1371184017210423
5227	0.496516194484273	0.5493472876889006	-0.06903836109296611
5228	0.4543555140019285	0.641293933455393	0.6553783190710347
5229	0.49412993317579873	0.6005970109160806	0.3347409616878038
5230	0.4667736364365176	0.5223964383295516	-0.2813750337115837
5231	0.5333939701879057	0.5503323293340886	-0.06127754945615481
5232	0.515531233447496	0.695642550326906	1.0835727820376704
5233	0.518090742229593	0.6866371426995267	1.0126222058359327
