ID	SN	ssim	z_ssim
5057	0.30962889884258704	0.11046349434525761	-1.8746013998223245
5058	0.2946444273729161	0.13869874113688588	-1.5675381317259003
5059	0.3304478253332555	0.12391513333232404	-1.7283124631927151
5060	0.5138861417307888	0.20555438091331635	-0.840471306635679
5061	0.5519437367745873	0.25136834040139505	-0.34223645044105516
5062	0.430729241787664	0.19580190457174365	-0.9465311997747847
5063	0.4611816077298931	0.1833517892976824	-1.0819283901178833
5064	0.7734724354842419	0.2455567988482735	-0.40543798557014704
5065	1.0039822798078026	0.20646326860019953	-0.8305869934038322
5066	0.7944894461651338	0.2057209859648737	-0.8386594474374891
5067	0.3811219624021334	0.2462754746339399	-0.3976222601728426
5068	0.3707257931625057	0.16645051060550686	-1.2657327644351155
5069	0.4083337830966501	0.1706709176204459	-1.219835096875557
5070	0.3821929293563702	0.24217391756954681	-0.4422274136454142
5071	0.7778444540740427	0.3389851199957448	0.6106114166546952
5072	0.8357640284435729	0.28565899883756807	0.030680482862019832
5073	0.7699291914916437	0.30130805260546817	0.2008666911870279
5074	0.4637032340253896	0.3969080042087157	1.2405329560435112
5075	0.4631219555769109	0.38763133332134186	1.1396475307892666
5076	0.687468377297509	0.3848690792310367	1.1096075323950145
5077	0.595139283890347	0.4482513164312136	1.7989004944002072
5078	0.4893318411434679	0.3986878717367589	1.259889328026833
5079	0.5519217608180119	0.3068724254022617	0.2613802226783431
5080	0.6176455227350978	0.28896863750820884	0.06667338471002429
5081	0.4493048848347185	0.2517306381099102	-0.33829639922699983
5082	0.5322508664647885	0.2985166385250227	0.1705095727783408
5083	0.5545122621163247	0.3017264161474448	0.20541646818737708
5084	0.383196921758909	0.17617901262534094	-1.1599335962557662
5085	0.3750350313012852	0.19771562506168391	-0.9257191533209042
5086	nan	nan	nan
5087	nan	nan	nan
5088	nan	nan	nan
5089	nan	nan	nan
5090	nan	nan	nan
5091	nan	nan	nan
5092	nan	nan	nan
5093	nan	nan	nan
5094	0.35524248251128404	0.25123396453285274	-0.3436978116132243
5095	0.3709905509528243	0.3397777964277297	0.6192319120781834
5096	0.3427680327576042	0.34755125458562414	0.7037696348751238
5097	0.4938543960479451	0.19372060040174438	-0.9691657481836968
5098	0.41583890055688544	0.25588706194705135	-0.29309455996399547
5099	0.4707013259827021	0.43499611732363636	1.6547478759627345
5100	0.5139724369092983	0.48949714493980667	2.247456123846607
5101	0.7808200240084391	0.20792816612191267	-0.8146559755606675
5102	0.545756097358502	0.32195277014988016	0.4253816205197621
5103	0.4745077066622674	0.32819585805285506	0.49327629800029044
5104	0.5158263526089233	0.33059426020307825	0.5193593426392126
5105	0.5733835661768577	0.23113897555075533	-0.5622343462764876
5106	0.5579986397335089	0.31015920625597043	0.297124541752466
5107	0.2984032084108661	0.36284678762432426	0.8701112431777174
5108	0.3093628290275101	0.38742793831663686	1.1374355743888103
5109	0.42688710407085667	0.15924879604658054	-1.3440526751722581
5110	0.4619955494683923	0.11144929583731909	-1.8638806354500264
5111	0.5025879567625595	0.23486995280907505	-0.5216593132835841
5112	nan	nan	nan
5113	nan	nan	nan
5114	nan	nan	nan
5115	0.333749339728834	0.2509638133695977	-0.3466357529629607
5116	0.5984030162837071	0.3815184169033296	1.0731684910710206
5117	0.662252337651584	0.41074877170473056	1.3910537335544486
5118	nan	nan	nan
5119	nan	nan	nan
5120	nan	nan	nan
5121	nan	nan	nan
5122	nan	nan	nan
5123	nan	nan	nan
5124	nan	nan	nan
5125	nan	nan	nan
5126	nan	nan	nan
5127	nan	nan	nan
5128	nan	nan	nan
5129	nan	nan	nan
5130	nan	nan	nan
5131	nan	nan	nan
5132	nan	nan	nan
5133	nan	nan	nan
5134	nan	nan	nan
5135	nan	nan	nan
5136	nan	nan	nan
5137	nan	nan	nan
5138	nan	nan	nan
5139	nan	nan	nan
5140	nan	nan	nan
5141	nan	nan	nan
5142	nan	nan	nan
5143	nan	nan	nan
5144	nan	nan	nan
5145	nan	nan	nan
5146	nan	nan	nan
5147	nan	nan	nan
5148	nan	nan	nan
5149	nan	nan	nan
5150	0.431641555685413	0.5417520389812879	2.815737274594936
5151	0.5256837823912422	0.5342727926692197	2.734399157296711
5152	0.5508958838106566	0.3160646544999691	0.3613473286386137
5153	0.5207971488032527	0.2855995808606427	0.03003430192678555
5154	0.6637269158439443	0.2614375442817338	-0.23273208968785788
5155	0.6745271221683913	0.23903647738982187	-0.476347626659774
5156	0.837743468358297	0.22168778065515227	-0.665017750773614
5157	0.8568696189812574	0.25597108944274183	-0.292180746189776
5158	0.4837630126375136	0.23012493887910904	-0.573262173185996
5159	0.2761106036030537	0.28101930616320164	-0.019776989887126062
5160	0.4835427382485382	0.3453952161665403	0.6803223383810968
5161	0.7453570632899235	0.3831146912503562	1.0905282549644888
5162	0.787061119961486	0.16523468648547035	-1.2789550652878061
5163	0.5543388572631739	0.40389603916622313	1.3165290635845477
5164	0.3375176763879426	0.38743601517037274	1.1375234115918063
5165	0.43119605067548894	0.242250235252851	-0.4413974454350468
5166	0.5426373047011285	0.1889431287896739	-1.0211215910798608
5167	0.4835418209223022	0.25111393508857843	-0.34500315290167355
5168	0.5688554610534446	0.23850748332553165	-0.48210053002142356
5169	0.7372672854720281	0.14979706580674468	-1.446841901631944
5170	0.7104510694964489	0.13586167060775328	-1.5983917720331564
5171	0.8608586991393835	0.3003192386040249	0.19011316524608568
5172	1.2479888368806435	0.32564361416318616	0.46552019742413997
5173	1.1902912243452786	0.37075701132290967	0.9561363152511655
5174	0.573996413320969	0.3894378384344084	1.159293591188341
5175	0.25460854632732804	0.27949645621817726	-0.036338250512561565
5176	0.26483209259772705	0.21408412024831963	-0.7477088932044881
5177	0.2448634965480352	0.26295341379357984	-0.21624674249928014
5178	0.2884199416362897	0.24855951434868961	-0.3727829271063074
5179	0.34440674878821315	0.20675240226604877	-0.8274426140042979
5180	0.35831456365758063	0.20531121114664663	-0.843115820558539
5181	0.3404284793294137	0.20184418038795562	-0.880820389008429
5182	0.2963877510939517	0.20900278066275707	-0.8029693536837355
5183	0.2582150266550381	0.2717195137682485	-0.12091386559735634
5184	0.23934459758699028	0.28021856776297704	-0.028485160631224894
5185	0.26147921414127473	0.17114020875536032	-1.2147314733570889
5186	0.3626164847849691	0.20393583716391014	-0.8580732541914222
5187	1.0417971854804795	0.29178376349458457	0.09728837426046104
5188	1.4189893792179442	0.38663508091988386	1.1288131109416841
5189	1.3445348386308384	0.449393229147923	1.81131899575992
5190	0.7152414843650794	0.34717906257505554	0.6997219813884025
5191	0.677955180359665	0.3020037024843354	0.20843200580362214
5192	0.6008132793828059	0.369725870115869	0.9449224735150032
5193	0.4153994594189555	0.34743770151076664	0.7025347252415917
5194	0.43577306990911213	0.3111602096222799	0.3080106291772675
5195	0.43616223786458014	0.22975864642985416	-0.577245667907232
5196	0.38484333770498513	0.2215728321091681	-0.6662678364007494
5197	0.34690800915501613	0.2111463033284103	-0.7796581682065327
5198	0.5447715069582846	0.2322729703541418	-0.5499019536148639
5199	0.6021640718632355	0.2717007049559166	-0.12111841473504475
5200	0.6270240934910332	0.40457100739659263	1.3238694616412054
5201	0.45248314916783905	0.3794070235793058	1.0502067178272338
5202	0.45829154441438397	0.20444157031857318	-0.8525733173075133
5203	0.8879697825630828	0.28618144212693664	0.036362145395818675
5204	1.092110440184739	0.34660779469469366	0.6935093428520024
5205	0.8610536042941157	0.302671233416122	0.21569152193190422
5206	0.8476643099861352	0.3638427431838859	0.8809424348175392
5207	0.6605052106879686	0.48511894821512025	2.199842465479368
5208	0.45178743896640283	0.564934516670776	3.0678507912374497
5209	0.5544249195948132	0.3778873410675989	1.0336799035954543
5210	0.7446904752822809	0.30577251258131527	0.24941847756191293
5211	0.6549939074634185	0.3031209502510088	0.22058227149954285
5212	0.520801200335726	0.197359285485027	-0.9295944088045154
5213	0.4576800086924351	0.1840717330960466	-1.0740988748597764
5214	0.4855366465106076	0.3831536639166435	1.0909520895555207
5215	0.5339903233428207	0.33620487937118515	0.5803758115412715
5216	0.842776736687471	0.26615369701288294	-0.18144310039175932
5217	0.7842908928327518	0.3413112863867023	0.635908884724117
5218	0.8260609125299548	0.33158933411906066	0.5301809462502588
5219	0.9258599272055986	0.26143306910929587	-0.23278075797413975
5220	0.7428314786192988	0.39651356104526836	1.236243317361042
5221	0.40985366024396713	0.32475393357128374	0.45584476472374236
5222	0.865689381956158	0.20276813024008872	-0.8707722720839715
5223	1.0632606411596848	0.1927429448188881	-0.9797979243626412
5224	0.6778027538999174	0.1276364521215863	-1.6878424677472244
5225	0.5675116055705115	0.18960589519957935	-1.0139138899638767
5226	0.6957229409380663	0.19931187467170874	-0.908359658446675
5227	0.5484320823063055	0.14751087584804556	-1.4717046189790977
5228	0.465159868797202	0.3128033618128434	0.32588019785282174
5229	0.3996549358717211	0.30278897583444503	0.21697199141144008
5230	0.3934753547497293	0.23865985488175964	-0.4804434625849109
5231	0.4771260296831295	0.1657795591192492	-1.2730294796940564
5232	0.41966700595954337	0.2557664848798768	-0.29440585674766934
5233	0.47194348327014063	0.24815190728169567	-0.3772157255519533
