ID	SN	ssim	z_ssim
245	0.44933684993044537	0.22781607482043245	-1.377719352005143
246	0.44251673387093404	0.250957053174652	-1.1873380158101106
247	0.4362135526128958	0.25211897233100167	-1.1777788814403176
248	0.3693201228769074	0.464612869780013	0.5704130709650297
249	0.45247330877407926	0.46446483520052995	0.5691951872345472
250	0.5080907232367972	0.4385045927851488	0.3556197038070704
251	0.6254074281626493	0.41104573957754786	0.12971511654085824
252	0.6406191421620184	0.467891401233985	0.5973856211057552
253	0.6840368864016421	0.3754887526944876	-0.16281299399306448
254	0.683257600748766	0.4895162387411811	0.7752936333169053
255	0.5859648193604556	0.42396010392772493	0.23596187514637273
256	0.4768641997268064	0.30811577383016064	-0.7170919679972658
257	0.4369381679145222	0.24812131828667555	-1.210667668895819
258	0.4506491421291598	0.28609392699103964	-0.8982661846850288
259	0.4856811756725536	0.31923349344303986	-0.625626245029865
260	0.5799275766702653	0.30803335093136436	-0.7177700629924605
261	0.5766343902459836	0.4295085372898508	0.28160895804414504
262	0.5159308175617581	0.488302016297601	0.7653041986565239
263	0.463190854679302	0.44029370267506407	0.37033875009059575
264	0.3881409701582081	0.5166169894166015	0.9982521032008795
265	0.3399324386302594	0.46524305138127264	0.5755975888128441
266	0.3597247631541833	0.30565565285155627	-0.7373314372167135
267	0.44346901982160475	0.3154745404715142	-0.6565512335268555
268	0.5381856064236876	0.2840460647291644	-0.9151139924047963
269	0.6606560847415476	0.37393130242776507	-0.17562617147835788
270	0.7020306500415614	0.4084150646710949	0.10807249641827661
271	0.7109474945237525	0.5387873341006524	1.1806480149141114
272	0.8729204532583048	0.49861249484318637	0.850128731667715
273	0.8734902918681496	0.4189964371461765	0.1951256797257166
274	0.747471471784636	0.35334977161642467	-0.34495087663231
275	0.6628688038137418	0.437281304314375	0.34555568274222953
276	0.6981934792026883	0.41492952446395925	0.16166709993806191
277	0.7002234475229033	0.31680596098456854	-0.645597607779803
278	0.6747893179255732	0.4168221282315866	0.1772375926222204
279	0.6263736747231129	0.4164563820920145	0.1742285911144164
280	0.7065004114943068	0.49939353652381574	0.8565543786955175
281	0.6644274862113767	0.5209147769356279	1.0336100953319853
282	0.6904545356078304	0.4953503772504389	0.823291218723093
283	0.6845026759500692	0.5649829345488501	1.3961597940368684
284	0.7716692550526548	0.5109389214736592	0.951538513765002
285	0.8598860696790507	0.509093985805966	0.9363601875839374
286	0.8596643115669402	0.5606417985878537	1.3604451733234317
287	0.6951841273189169	0.5666704121785421	1.4100427094876498
288	0.6981276939048928	0.4705626749404766	0.6193622484462237
289	0.6897538466628532	0.44429954599762195	0.40329491091762737
290	0.7242451697765196	0.47118061972653835	0.624446093747161
291	0.7221753444580074	0.4674736264915368	0.593948579141567
292	0.7461660944762903	0.33237997249647044	-0.5174698736724825
293	0.8035976527347328	0.26580015822248027	-1.0652234652049712
294	0.7833947796026304	0.4431488825223545	0.3938283772828345
295	0.7028553313058487	0.505453762075702	0.9064119871574783
296	0.5238894052562896	0.49081446237849174	0.7859741476395034
297	0.6199326384070764	0.46144110296035235	0.544318875811178
298	0.7128514973212258	0.4941094057688907	0.8130817191409804
299	0.7829953574062261	0.5272235623486446	1.085512611220163
300	0.9410554528305098	0.4869608279110496	0.7542702124000891
301	0.8160848741114112	0.39730217655004507	0.016646522240067695
302	0.8134273951971513	0.4024048287446209	0.0586261537004086
303	0.6729211075811335	0.541992768216184	1.2070191916491169
304	0.6992775752441648	0.5148940349510994	0.9840773190441988
305	0.6989068257488711	0.4233081234603679	0.2305980175493208
306	0.619440882397425	0.27732656070945894	-0.9703954992735909
307	0.6207559440415278	0.3649612552105699	-0.24942294656720207
308	0.6488036744831563	0.3732178232540476	-0.18149598028075398
309	0.6718198215792743	0.5236129736570765	1.0558082189066857
310	0.8094302954369226	0.4859193286691305	0.7457017753060491
311	0.7851566106124954	0.5123775027045172	0.9633737530865024
312	0.7678104101589434	0.43817199673817353	0.3528834288377456
313	0.6807140751628776	0.4603682574742952	0.5354925524794715
314	0.6402184793974608	0.5137581730230207	0.9747325580625934
315	0.6266189773407862	0.4478793534647072	0.4327460654225264
316	0.6847973402951173	0.4868981977850392	0.7537549529804822
317	0.8488774739683786	0.49400043719849274	0.8121852323236095
318	0.8378371484583834	0.5049106700002202	0.9019439567473329
319	0.8047325270600367	0.44076269561694015	0.3741971653042346
320	0.6713465557131019	0.4560348178573038	0.49984124975687594
321	0.48694409451387327	0.5121294084157697	0.9613326759344859
322	0.6087065225845198	0.46104073860786954	0.5410250695068893
323	0.6216407645297233	0.20309846494543074	-1.5810716702830907
324	0.5725829224170861	0.4316620617582287	0.2993260510530379
325	0.4512407178083221	0.5169152069047152	1.0007055450128353
326	0.6151149779918567	0.5363374714855469	1.1604929414760434
327	0.6667664605060414	0.5357333988425457	1.1555232226001573
328	0.674880108387539	0.48909060604937016	0.7717919438310551
329	0.5442318916406952	0.8317341763861429	3.590728108103328
330	0.38577506887110763	0.7724858532569905	3.103290854933506
331	0.256970303381986	0.3358784206754434	-0.4886880638143657
332	nan	nan	nan
333	nan	nan	nan
334	nan	nan	nan
335	nan	nan	nan
336	nan	nan	nan
337	0.11237233547082982	0.04588087456079408	-2.874504232754361
338	0.27515836980401914	0.12147634508382894	-2.2525786396282044
339	0.325763361531492	0.544054614652148	1.22398204747566
340	0.47860834224006177	0.5479267734067805	1.255838382431862
341	0.530867652282585	0.23304824464213164	-1.334674176187294
342	0.5414212167812162	0.016174877205061368	-3.118896124187044
343	0.6381554515250047	0.4376027681114006	0.34820037244718743
344	0.6363199727063423	0.45703484354172164	0.5080684829842084
345	0.6820755530623194	0.4053818614866388	0.08311826732871506
346	0.6795284694359569	0.4060175107530177	0.08834776777732237
347	0.6574698844693363	0.3929440531597154	-0.0192078544268762
348	0.5823702802085645	0.16576114336780595	-1.8882466333760266
349	0.5525122849348892	0.6893404265718919	2.4192516069589782
350	0.45143306462283794	0.6781918461985883	2.3275319918390656
351	0.4236011318183819	0.18708468151088425	-1.7128174176382764
352	0.3165352841628674	0.10158328988775542	-2.416239240803238
353	0.28263371364363715	0.12478408729353291	-2.2253657719597406
354	0.2977747416865823	0.05565071814277597	-2.79412751544003
355	0.443406107353822	0.013330854047015159	-3.1422939650523043
356	0.573214018801212	0.4437236569962575	0.3985570594793023
357	0.5442335287790246	0.38916807843132983	-0.05027288129068822
358	0.4940634915036935	0.2838381917352824	-0.9168241680822605
359	0.47656289355962145	0.3553805812797306	-0.32824336101478346
360	0.6402290512413086	0.3959647558561043	0.0056435328733323055
361	0.7633117877696867	0.3259617363170446	-0.570272843415185
362	0.8090225685599575	0.3280557258273285	-0.5530455458116014
363	0.7659515965651087	0.37745744141869575	-0.14661654870325258
364	0.6596430369927525	0.37957937116782087	-0.12915938614224234
365	0.5973051416018201	0.422335144679799	0.22259329979285034
366	0.5308872504865841	0.3268771680996144	-0.5627415660727445
367	0.4909103310015341	0.17670674089948643	-1.798196962543747
368	0.49821001246593033	0.3594388754539347	-0.2948556858814798
369	0.5848719783034476	0.5690889232112033	1.429939852769689
370	0.5545602961186569	0.5326906055941432	1.1304900958442843
371	0.5437429335049964	0.39960164477909244	0.03556429776723063
372	0.4051982490819186	0.33178076067943074	-0.5223996024266288
373	0.249447883050116	0.6584162189516847	2.1648374729759983
374	0.2277367782042617	0.6472574707759873	2.0730342071229027
375	0.2907663471416445	0.5695827517995856	1.4340025913915584
376	0.4480947413479443	0.2817402763281965	-0.9340837641248944
377	0.5385801517442422	0.31913717760470767	-0.6264186375431696
378	0.5656640505609952	0.34326472055142065	-0.4279208128191481
379	0.49578649171672606	0.432819355121141	0.3088471289188194
380	0.5738664582387146	0.39178510319462934	-0.028742561195055822
381	0.615263696730222	0.3844507271731622	-0.08908263350099233
382	nan	nan	nan
383	nan	nan	nan
384	nan	nan	nan
385	nan	nan	nan
386	0.6142062964443054	0.35356508937913417	-0.3431794526785045
387	0.6029987110127824	0.4763425022515117	0.666913014434074
388	0.49170615619404656	0.3656148512341733	-0.24404579775349636
389	0.5968388305189974	0.2576237696975443	-1.1324907928347558
390	0.6623326020761621	0.19820341554048534	-1.6213433490422677
391	0.7270729495076494	0.20648705175720522	-1.5531936923011935
392	0.7269460115181288	0.20228569983695552	-1.5877583066471923
393	0.7124998799558695	0.31519919769053617	-0.6588164846217683
394	0.7953808440562904	0.4484189226267243	0.4371851127463711
395	0.7070341011144748	0.430504954557172	0.2898065047449237
396	0.5815018294577133	0.4256852415747774	0.2501546203855261
397	0.44323574187851905	0.3435310930263052	-0.425729360629105
398	0.41429879316686596	0.1821918387004064	-1.7530709426963984
399	0.6344100398472314	0.2690802607113194	-1.038237990125955
400	0.6975030562586835	0.30354713942612205	-0.7546782233886186
401	0.7764334641217587	0.32253539529471936	-0.5984614261148958
402	0.7019886877917915	0.3592782544101847	-0.29617711872939545
403	0.7802278084564389	0.3602405331882836	-0.2882604301278011
404	0.8577265703345985	0.344063289821481	-0.42135096592887367
405	0.9154778328659811	0.3296933315931011	-0.5395729272785293
406	0.729366521874951	0.42285069184292146	0.2268347176052012
407	0.7012808751312446	0.39398728298860153	-0.010625179755922339
408	0.6345670124112496	0.4234801860808386	0.232013580499729
409	0.6075455949355951	0.2546103099193743	-1.1572825924880052
410	0.4638841528855406	0.25060297481936217	-1.1902510262008543
411	0.479049248610725	0.31223684324963674	-0.6831878395450093
412	0.5034361522555241	0.2856249035134545	-0.9021248511166156
413	0.5529352627512445	0.39552941496086247	0.0020619737850421202
414	0.5302939572048858	0.4336980195624157	0.31607592053844596
415	0.6067407387656221	0.4486612812939835	0.4391790028146728
416	0.6292380674706771	0.3451084101927848	-0.4127527377240065
417	0.630685409278269	0.43082589085037043	0.292446854664332
418	0.611796234075328	0.41788229350629874	0.1859595955772281
419	0.5404200478000329	0.3982330896006304	0.02430516431383793
420	0.5100959086934538	0.355049584229124	-0.3309664810059313
421	0.5190157445418443	0.4535219656312478	0.47916795940871854
422	0.5603157367812547	0.41190007404054974	0.1367437448958951
423	0.5409630504111096	0.3571899764210791	-0.3133574275230428
424	0.5158108294620244	0.3317752303042719	-0.5224451009442921
425	0.6008896871564907	0.34084266818895553	-0.4478470906991136
426	0.6130956857448677	0.39973191849535844	0.036636062486689526
427	0.5359762927087872	0.43749824697927464	0.34734047480197283
428	0.3435654896473942	0.32253709108555173	-0.5984474748065444
429	0.4210644281857104	0.24179253342809034	-1.2627347206610975
430	0.514441741427579	0.1696480670303699	-1.8562688271986107
431	0.6159544846447136	0.23373214897530203	-1.3290476802463904
432	0.6717436219592108	0.28921218484375777	-0.8726122089751868
433	0.6193249560385183	0.3291268356603577	-0.5442335017354029
434	0.5419703098237764	0.33813548141154853	-0.47011917566125566
435	0.45724370279444204	0.38994384295516005	-0.043890649547553263
436	0.39949936971362265	0.3644342408937551	-0.25375870490435193
437	0.4197085299098414	0.38687421101959674	-0.06914457877103082
438	0.5296414677725106	0.4406524350097046	0.3732900488714777
439	0.573843881645171	0.3710259426427031	-0.19952863011864047
440	0.6830022930155337	0.3956635746388847	0.003165708397053787
441	0.5222241294290668	0.43992236231373555	0.36728372479777016
442	0.6187253029909054	0.37886025925522326	-0.1350755356108811
443	0.6720204913737376	0.4594373447929807	0.5278339134437005
444	0.6632809576426908	0.4209817118389062	0.2114585781421374
445	0.6344482437560885	0.37341255347309815	-0.17989393049993163
446	0.6736387183180841	0.3254417950835927	-0.5745504113404588
447	0.6597935192790394	0.5933742978918014	1.6297361626282227
448	0.7016522785650469	0.5691407121778527	1.4303659217335825
449	0.6339867602105048	0.6361327804341383	1.9815111358154622
450	0.6819081595813811	0.4177439544139715	0.18482147683211175
451	0.6147007501804133	0.4461793627062236	0.41876020418687565
452	0.6025849233992732	0.5619916032539155	1.371550045900277
453	0.5560603738714791	0.5200737459613739	1.0266909150705037
454	0.6621471658791862	0.47277548062609065	0.6375670493288256
455	0.6996450785485858	0.3371312470478502	-0.47838103378528773
456	0.6848624388948542	0.25293138041277624	-1.1710951823427087
457	0.662479184037218	0.3351693114226485	-0.49452192118153854
458	0.5893625183606717	0.463481947832305	0.5611089513102238
459	0.6589695099434502	0.4292977871178668	0.27987511175936497
460	0.7039854103716224	0.43783218565791526	0.3500877956314404
461	0.7589642255965713	0.435602861293012	0.3317470952122192
462	0.6734658287673975	0.5682536614891164	1.4230681362722541
463	0.5235015957847446	0.5402857860671493	1.1929758120901428
464	0.45640106290091564	0.4181016388493715	0.18776415452297113
465	0.6177557045942257	0.34861139082115944	-0.38393363930530583
466	0.6389347288235931	0.36821164942729784	-0.2226818820940814
467	0.5725168023944692	0.3426307050099392	-0.4331368725772114
468	0.5059757853193707	0.313876497090601	-0.6696983714524395
469	0.5599213816917413	0.3090686484538506	-0.7092526475801427
470	0.6668014170142196	0.3212409641013054	-0.6091107399184214
471	0.6108427111731879	0.3250891955097588	-0.5774512557637485
472	0.5076793946531342	0.3130965103637492	-0.6761153393523883
473	0.4935708141271352	0.33594844340828767	-0.4881119852562829
474	0.5993917096313219	0.513649867854818	0.9738415290696252
475	0.705600251902542	0.4859401108852651	0.7458727510537567
476	0.546015273676074	0.4807335344385396	0.7030381324928503
477	0.48806342265622116	0.33623191705339184	-0.48577984136396696
478	0.4875405255059356	0.28922734084551927	-0.8724875202164593
479	0.5459106073559562	0.2915364135778267	-0.8534907282304345
480	0.549675204057519	0.36505504758423196	-0.24865131465305548
481	0.6116899208000173	0.34361237868308253	-0.4250606217489297
482	0.49746152250454384	0.2919092382738355	-0.8504234912836561
483	0.47750486149200455	0.237263346218493	-1.2999964431190576
