ID	SN	ssim	z_ssim
2502	0.3828375134061718	0.3469393681699106	0.20493572455442527
2503	0.388705982537513	0.15024401831383205	-1.1758660888274906
2504	0.42653711151361606	0.1895197027018367	-0.9001506930926448
2505	0.5101653467713255	0.29419293680032294	-0.16534434631579448
2506	0.6310620599060269	0.37212464788334143	0.3817364467081593
2507	0.6309726534522032	0.3220109411587326	0.029938108967787
2508	0.6776728608064225	0.3775070721531406	0.4195210775983535
2509	0.5559820316059964	0.32952829776011844	0.08270996979025746
2510	0.5033701288153655	0.35356153043594535	0.25142331906106014
2511	0.47900027146993834	0.3185475961923756	0.005625419250353634
2512	0.5328007083135049	0.20262904561598452	-0.8081230753510693
2513	0.44330796316640936	0.16289252006743596	-1.0870735771045659
2514	0.4514171800966246	0.21970102462459812	-0.6882777430116929
2515	0.31335876736525153	0.48255276014913306	1.156942051601796
2516	0.30566725626723545	0.47753499406429945	1.1217173220180303
2517	0.25622595762498773	0.8202277365023494	3.527421170825404
2518	0.28645603242559187	0.8636721028763672	3.8324007237958493
2519	0.3436174797020695	0.21520293139021549	-0.7198543679768535
2520	0.2763101859260395	0.5943055610766034	1.9414469739808269
2521	0.2988990369209215	0.5171635120474113	1.3999096104110023
2522	0.32139816123573695	0.5021022480638556	1.2941795022232172
2523	0.33558552625268123	0.5079333618417379	1.33511393450353
2524	0.4544438513330363	0.21972152844872472	-0.6881338061186448
2525	0.47162677759577304	0.37518392228311415	0.4032125601085519
2526	0.4773208027967012	0.34518354330878076	0.19260982994632647
2527	0.44149687212496846	0.302914402805551	-0.10411963467833493
2528	0.3391679373638437	0.26849669072959126	-0.3457320534859736
2529	0.22913465548542433	0.3271758908094501	0.06619606752631585
2530	0.2286732238671362	0.33133534431241485	0.09539544078945562
2531	0.22440971541687446	0.5379338036244705	1.5457171055808643
2532	nan	nan	nan
2533	nan	nan	nan
2534	nan	nan	nan
2535	nan	nan	nan
2536	nan	nan	nan
2537	nan	nan	nan
2538	nan	nan	nan
2539	nan	nan	nan
2540	nan	nan	nan
2541	nan	nan	nan
2542	nan	nan	nan
2543	nan	nan	nan
2544	nan	nan	nan
2545	nan	nan	nan
2546	nan	nan	nan
2547	nan	nan	nan
2548	0.3910396070746992	0.22690087719716648	-0.6377347612098401
2549	0.3796895003785577	0.2640195260974898	-0.37716175961445336
2550	0.38477413546039557	0.3135713323492941	-0.029307964499803656
2551	0.4418346579694469	0.3136626942055134	-0.028666604056692552
2552	0.559140749620574	0.3217436487310926	0.02806171550419696
2553	0.6307790564571094	0.27517434629512133	-0.2988548958878382
2554	0.6656271107861977	0.19593528074641653	-0.8551133203010112
2555	0.6590856744254181	0.2021481008635355	-0.8114993086316428
2556	0.5734461073792767	0.24197207818330507	-0.5319348952408156
2557	0.5501687454443023	0.21521165381209134	-0.719793136555002
2558	0.5764571892891917	0.35058579380995164	0.23053364102685361
2559	0.5954096742042287	0.5161767101455457	1.392982258765212
2560	0.6638673456730976	0.41423881254411293	0.6773779805583853
2561	0.7214048585067662	0.300623227038642	-0.12020369388989958
2562	0.7798252685556989	0.23843351451707478	-0.5567756204062719
2563	0.6984131250030792	0.23946989211528333	-0.549500247256872
2564	0.7041061284212441	0.19471808758345224	-0.8636580191354621
2565	0.741967171267208	0.31898495989437464	0.008695713455425493
2566	0.6240575805939155	0.38112081601674846	0.44488956792422324
2567	0.582529632412764	0.2714954937687586	-0.32468044917764993
2568	0.474033827484883	0.13712806817435946	-1.2679400893062105
2569	0.40746015981003403	0.11777040102250073	-1.4038309577262706
2570	0.37469745312501035	0.13420935679689489	-1.2884294499631368
2571	0.43121114087201035	0.20174344359052448	-0.8143400036291636
2572	0.5421814604686606	0.21065934202665593	-0.7517503758746322
2573	0.5725581721320095	0.22553867584049458	-0.6472974179013181
2574	0.598711528777155	0.22236595590047453	-0.6695699192580515
2575	0.49716504880680923	0.3641516732464517	0.32576614621696476
2576	0.4730402135107065	0.3362889725674018	0.13016992265855262
2577	0.5048510142759463	0.3041113915900194	-0.09571677062790812
2578	0.5890820525280303	0.31538051813962437	-0.01660747604463309
2579	0.5766072633370434	0.2857177053100178	-0.22484049108590545
2580	0.5667319159461088	0.23678992261966214	-0.5683136393480912
2581	0.5007038591782131	0.45433695984504213	0.9588670678545035
2582	0.49784278181258507	0.45070688051691776	0.9333839025297416
2583	0.4647489848985349	0.38943148476042533	0.503230481830332
2584	0.4740348450836667	0.4487628966073809	0.9197371309642834
2585	0.49074413964748764	0.1938276027358648	-0.8699092248362453
2586	0.41905773157418524	0.15960923815300732	-1.1101222237787467
2587	0.35908724558558364	0.13122188033032955	-1.3094015417054559
2588	0.38877260590439766	0.11600583068225258	-1.4162182456181167
