ID	SN	ssim	z_ssim
245	0.4243477483478992	0.30563259405346505	0.4058354876113261
246	0.555284877301061	0.3433814933889661	0.7679198508362203
247	0.6209051501121774	0.34346211228911855	0.7686931407503484
248	0.661070034362226	0.3945063377651184	1.258305187806872
249	0.8263645139999052	0.3399018537305784	0.7345434310693397
250	0.8720112230279514	0.14408137728871137	-1.1437506057628113
251	0.7626062129793424	0.15542430460396464	-1.0349501722045484
252	0.5353523014366341	0.22238867813689678	-0.39263336360232376
253	0.506298000971841	0.22967708887844127	-0.3227235222896331
254	0.45842495157071667	0.3077291777269011	0.4259457471872887
255	0.5774439288054812	0.29958569142585734	0.34783409085692685
256	0.5843328996335171	0.2960572812016521	0.31398986780096994
257	0.6651252686274508	0.18334619180280778	-0.767125707798976
258	0.684680056607263	0.28933274926391295	0.24948870597843484
259	0.6825649270609798	0.3187344953656662	0.5315078562677088
260	0.7753943878089408	0.165809555108328	-0.9353356964980475
261	0.7519318624792323	0.22563684437466722	-0.36147721800457294
262	0.7203459227047186	0.36804855566382855	1.004524300069066
263	0.6363676626904238	0.36018071073980296	0.9290565733428239
264	0.6243667822822316	0.2722530447400465	0.08566157338764488
265	0.5261028517934523	0.2902852484724282	0.25862500069055944
266	0.5387000706774511	0.28912588885098733	0.2475045177713851
267	0.5074745294571962	0.2072187759298924	-0.5381418281535375
268	0.5408840616903896	0.13255634572219943	-1.2542977684447902
269	0.5834692246701545	0.13999347322325872	-1.1829614481057522
270	0.5952547968745404	0.1595164743992093	-0.9956984133294009
271	0.6890054843777458	0.21587605433212545	-0.4551019198989099
272	0.6979721168580457	0.308237234607046	0.4308189873391222
273	0.6591301730492752	0.4346297100777572	1.6431653021412316
274	0.6328527281191296	0.4569458594382215	1.8572199864646015
275	0.5712823040844833	0.3691868108745441	1.015442351202063
276	0.6474783723975688	0.5090722209420433	2.3572117940294834
277	0.6742193491183247	0.46923456144497044	1.97509221371626
278	0.8336887514612425	0.41822402240149525	1.4858032841726896
279	0.905753016200031	0.4341105259753383	1.638185330581
280	0.8851875595726543	0.23896606827191164	-0.2336243896553004
281	0.8903384459775506	0.1881002363795753	-0.7215253000089994
282	0.7565897930732937	0.26479179376356426	0.014093862640116722
283	0.73403048750861	0.4937879071880952	2.210605903252606
284	0.740396417704327	0.447698347331163	1.768518604659019
285	0.7166577057039448	0.42318931311015295	1.5334299476282784
286	0.7387860244523126	0.262647285742125	-0.006476083372673794
287	0.699827633852753	0.20542048810220365	-0.5553908583092698
288	0.6074832847839292	0.1949042157545064	-0.656262084849496
289	0.5303782672822801	0.18202447087435059	-0.7798035471311381
290	0.5889339888625198	0.23383068941561738	-0.2828825247488228
291	0.6722978922565344	0.3560963969408337	0.8898801685431317
292	0.8595345945785309	0.361630861175075	0.9429662980282788
293	1.0147372063218285	0.28378028317547577	0.19622990417626282
294	1.2024543196697737	0.2570830715704995	-0.05984757183048976
295	1.2573112591222473	0.19937227777933098	-0.6134047983699811
296	1.0629774014032307	0.3318331546839036	0.6571491279824423
297	0.9795947523526537	0.22492459792593517	-0.3683090278424243
298	0.8270955036282263	0.27911497406626734	0.1514806397529056
299	0.8237184731469895	0.35434414622809973	0.8730727226387693
300	0.9822061974205046	0.3703390421680354	1.0264944597810077
301	1.1095406523783868	0.3323550984659719	0.6621555701647617
302	1.0288162343209712	0.28585151683489973	0.21609700848563776
303	0.7781123884115072	0.3807630357961337	1.1264805563700728
304	0.692561651210276	0.34340473097735613	0.7681427438885527
305	0.6420223603885834	0.20729677503937244	-0.537393667057841
306	0.5852671314691322	0.1642777138956474	-0.9500289924568379
307	0.5972085564309858	0.14764648828883217	-1.1095543518579776
308	0.6000897514006864	0.2503374678925289	-0.12455085206648958
309	0.6970385807920902	0.2135349411953866	-0.47755768614045213
310	0.8108047444821003	0.21083975247938266	-0.5034097164561395
311	0.8295534065856436	0.22642713784688484	-0.35389678748379233
312	0.7249949219521606	0.18326668028957938	-0.7678883757480592
313	0.5941809881441388	0.1789777781772775	-0.809027174960842
314	0.6391004930323069	0.18595167862706855	-0.74213409071185
315	0.7052994003340559	0.20244009141199668	-0.5839785802489207
316	0.7602451139028039	0.18566151870807826	-0.7449172809862794
317	0.8139247931389572	0.1651191926132019	-0.9419575972379983
318	0.8272377614494577	0.2601618686496404	-0.030316001386765375
319	0.8252582231470086	0.3579785868578946	0.9079339806961754
320	0.7258934863373647	0.3089014064756379	0.4371896697257428
321	0.8616236772172087	0.32885979581351027	0.6286289122363644
322	1.147381561417871	0.31702226967375835	0.5150843270982447
323	1.2313240615876304	0.13891026557312044	-1.1933514875279558
324	1.1660331341737389	0.26627070298418476	0.028279439248762184
325	0.8785237559982167	0.3530859767828498	0.8610044639495974
326	0.9250067347302228	0.36309764963121727	0.9570356132527477
327	0.8939418506712835	0.4535969867993528	1.8250978732821999
328	0.7954627756603301	0.07079038280567283	-1.8467518464520447
329	0.5133951063779656	0.010243581979815519	-2.427511821133411
330	0.3122257832065986	0.02231964815032649	-2.311679179478109
331	0.24678927633189687	0.10893067633975856	-1.4809132620005954
332	nan	nan	nan
333	nan	nan	nan
334	nan	nan	nan
335	nan	nan	nan
336	nan	nan	nan
337	0.12999241214302668	0.17704226678798232	-0.8275924423260917
338	0.31841115500695844	0.14529528177500362	-1.1321069329492413
339	0.3941213301726141	0.171020471106222	-0.885353015303912
340	0.4226785067844173	0.17108322221207975	-0.8847511118151713
341	0.4750733809529352	0.12319188256655625	-1.344120935168627
342	0.5233141761692813	0.0604470203535611	-1.9459645353781827
343	0.6446861034876854	0.27244931840054676	0.08754421432899838
344	0.7238613811832378	0.29044630854482156	0.26016987576718614
345	0.9046806580960427	0.2689507004706288	0.053985756529669124
346	0.9411923840871527	0.2547092461301316	-0.0826171118200789
347	0.8991174452432992	0.22415274199967525	-0.3757126069263408
348	0.6991164295736075	0.22543238817911734	-0.3634383451546681
349	0.6046847262431703	0.3267333524360268	0.6082322408148538
350	0.47853850453982505	0.3678884659270388	1.0029887323723983
351	0.46130738761222007	0.18580284672082784	-0.7435616742161996
352	0.3758267951009144	0.19359769857981107	-0.6687940910157538
353	0.39612610422188643	0.07402645602911417	-1.815711696061304
354	0.38060748145973516	0.08386300173665093	-1.721360352007772
355	0.4605888114937539	0.09101443265299017	-1.6527644100049204
356	0.6388036955424458	0.17169870797799547	-0.8788474225540651
357	0.7280400292123589	0.2635486457088365	0.0021696879035293147
358	0.7848304088618521	0.25668558549964493	-0.06366022579894018
359	0.8114721836646911	0.25586597358614016	-0.07152187641702362
360	0.8846089649454595	0.26390071652603664	0.005546722463477035
361	0.8552497858262795	0.2659258840236021	0.02497196390595092
362	0.718105155188059	0.22531197615193171	-0.36459332749734863
363	0.5751949970465219	0.2517249567341918	-0.11124217227558812
364	0.5958330901557206	0.2610849148917337	-0.021462217126063624
365	0.6527943962301503	0.3170528984551326	0.515378115870778
366	0.928863693970209	0.24683738524661994	-0.15812335930212693
367	0.9235845535047805	0.12796844975179028	-1.2983044923554226
368	0.9918255363749019	0.11089142890254423	-1.462105883358163
369	0.7944439580651875	0.30694222261047643	0.4183973379029622
370	0.7859822753763268	0.31518644175606725	0.49747521546137835
371	0.58320183247377	0.27120195118190343	0.07557956971629261
372	0.4247518676674264	0.4074604307239783	1.3825597907948248
373	0.3277663739578582	0.6806834746475143	4.003292941135502
374	0.28656001652590374	0.6846330806615883	4.041177239850677
375	0.33259143694050153	0.6292059193974964	3.509524430233576
376	0.42126524240608687	0.20577032373590712	-0.5520352634470967
377	0.5420944496026125	0.2598446640919656	-0.033358601629408804
378	0.5883718289546183	0.20315308622226186	-0.5771395921882878
379	0.5036615048836327	0.30481206219907225	0.3979650129952849
380	0.6013652431414677	0.3067501861384128	0.4165553397274626
381	0.7104445937015376	0.30468904183313794	0.3967850116800909
382	nan	nan	nan
383	nan	nan	nan
384	nan	nan	nan
385	nan	nan	nan
386	0.8518070506512716	0.21557227904299314	-0.4580157076931275
387	0.86344982430086	0.2605717447016004	-0.02638450373021023
388	0.7919574172256136	0.251091619749391	-0.1173170889721054
389	0.7614891668181366	0.28740009979707704	0.23095088993996563
390	0.7023887238842077	0.21783860609863617	-0.4362772834411091
391	0.6741909744509972	0.2398819042250924	-0.22483976589769972
392	0.679935045721922	0.26007832341933423	-0.031117360421025787
393	0.728312194676501	0.20405261460684637	-0.5685113892984438
394	0.7420288707963018	0.18202070161439288	-0.7798397015651914
395	0.6640173309902928	0.2905122570313296	0.2608024482703121
396	0.6010666212498996	0.34822248404601724	0.8143542383360314
397	0.6489391002194307	0.2909517372066851	0.2650179062636504
398	0.7013165336817986	0.21638731684101958	-0.45019793161759875
399	0.7746083890439877	0.32051106577415794	0.5485485747100065
400	0.7721805664214765	0.33910914893269595	0.7269398713094752
401	0.7603418476903724	0.23323097612155752	-0.28863492574645805
402	0.6667902422992598	0.22475247344001653	-0.3699600318710543
403	0.6997655701272376	0.36307067079912997	0.9567768344960464
404	0.7337476230505938	0.2197755775013776	-0.41769801174597715
405	0.7875244931014065	0.2161218350402635	-0.4527444113949352
406	0.7263823940681136	0.31771898749994	0.5217671876552719
407	0.741609259001948	0.27955979187295044	0.15574729587054428
408	0.824999474031175	0.32364716535121185	0.5786297860395117
409	0.7694067510682179	0.3144790738388166	0.490690200099552
410	0.620419191137516	0.2697640184570913	0.06178703631296269
411	0.6070095993638552	0.34051123793400895	0.7403885946407964
412	0.552802665153826	0.2360781615800013	-0.2613249550757566
413	0.5811761060045921	0.2975568970566804	0.32837406075780234
414	0.5215041449323561	0.24853940136560715	-0.1417977595233166
415	0.5958308604840287	0.12143296102751541	-1.360992367094781
416	0.5899027527695526	0.09950693503696181	-1.5713050198765737
417	0.609500312445732	0.177839989455985	-0.819940751565345
418	0.5778246676000941	0.26222254037654574	-0.010550206272565803
419	0.5213378234640674	0.398873431127551	1.3001939911128002
420	0.5454180217464673	0.3756006917619078	1.0769637734893966
421	0.5870158322781547	0.3282900339162877	0.6231638025940383
422	0.6904041986269113	0.34005166137631165	0.7359803737873101
423	0.6520570960960854	0.22232147867170277	-0.3932779353909625
424	0.7348158989399859	0.16612332953309955	-0.9323259978104141
425	0.8491617521473246	0.13628537012145828	-1.2185292705859423
426	0.8152257856834672	0.13619135357860945	-1.2194310695959603
427	0.8000118626649322	0.14081810601126515	-1.1750516376690046
428	0.7116821109090271	0.1477474835631459	-1.1085856134250076
429	0.6041839371094514	0.15915873385085963	-0.9991298314880515
430	0.5729736663246693	0.1736895952702548	-0.8597509940446302
431	0.5649205099276989	0.2124357513250103	-0.48810102571549924
432	0.5821235178091793	0.2119096636114879	-0.49314721615030377
433	0.6552699415391564	0.10707046032552874	-1.4987563022701087
434	0.6528398867710941	0.10267637715871047	-1.5409039895781287
435	0.6241300630105784	0.2767631737272055	0.1289223627384429
436	0.6326847222631189	0.26340736544363275	0.0008145391240139948
437	0.6016997664173214	0.32100347866356216	0.5532717589787456
438	0.6973409728136727	0.3619265433361859	0.9458024571986767
439	0.617577234325962	0.27636372010232935	0.12509083615231192
440	0.6422642410999478	0.1924314059309867	-0.6799810749680593
441	0.6116379995396473	0.2785519354956783	0.14608001971122248
442	0.5754578673590308	0.31124728424820997	0.4596911379655429
443	0.5818005526021907	0.29851255483191846	0.3375406521842856
444	0.5979959946971752	0.16136057747186935	-0.9780099270810819
445	0.7260529598062014	0.1249852712672364	-1.3269188970395362
446	0.7280415299335181	0.1930160900005712	-0.6743728330656484
447	0.7428932791498775	0.38109734732522915	1.129687245287157
448	0.7797200593943592	0.37392280395111704	1.0608696104746456
449	0.663285989221303	0.37885474982649375	1.108176433009362
450	0.721972019789023	0.2756170047410237	0.11792840331670516
451	0.5756660112071852	0.401351003167812	1.323958660025889
452	0.5374433723308892	0.5010091828713426	2.2798717905623596
453	0.6431439075443606	0.4473891045340092	1.7655523729738474
454	0.7134821318418993	0.3218216771037944	0.5611198516764968
455	0.7069688048701386	0.3388106846669833	0.7240770264186754
456	0.7193712918431706	0.28153307799304456	0.17467489537230912
457	0.7865145833684011	0.20675447347250775	-0.5425953794513305
458	0.8088223777394018	0.2657155206408159	0.02295417549773749
459	0.6747333209223589	0.19921703175067113	-0.6148939056133711
460	0.6303348854505927	0.25909278461407065	-0.04057056825009988
461	0.5169358747378484	0.24738822846823183	-0.15283971605305038
462	0.5855151188928258	0.3542816575923921	0.8724733367422987
463	0.5979339213429675	0.4553029951256026	1.8414617659874264
464	0.6666130501902824	0.39059347872186917	1.220773363038375
465	0.7429844536281212	0.36142058983268804	0.9409493924640677
466	0.6870754392868793	0.23683751398437664	-0.25404130875383707
467	0.6413919827591501	0.2516364900789169	-0.11209073721670477
468	0.6458147360861985	0.2406598197858504	-0.2173780632939657
469	0.6217869703423224	0.25626149798610504	-0.06772803863573222
470	0.6820757005625845	0.21592238126206148	-0.4546575557658801
471	0.6321511058709784	0.28474635070125753	0.2054963450808317
472	0.5145565605518836	0.3201960380968913	0.5455268549266686
473	0.5363099318609421	0.3638720008810875	0.9644631272771892
474	0.6278133507964706	0.2965980670596259	0.31917704163841526
475	0.6282148126637126	0.19884265408960208	-0.6184849056001264
476	0.5333247390784931	0.17986188363368644	-0.8005469075400002
477	0.4466745580733161	0.1959635398561129	-0.6461011344766133
478	0.44958722477963436	0.19626273873837657	-0.6432312432037792
479	0.44371317879706185	0.14290901398868133	-1.1549958189062948
480	0.503682121962692	0.15403963572553983	-1.0482318031380964
481	0.5033037581379177	0.11644740765945544	-1.4088133883265186
482	0.45983174309409014	0.09669108222163722	-1.598314450390299
483	0.4331009433874597	0.10285570510766673	-1.5391838905196327
