ID	SN	ssim	z_ssim
5057	0.8512935401552076	0.38939045057192845	-1.083567409631741
5058	0.8236649953393445	0.43998934413975543	-0.6661292692236678
5059	0.6699343628444966	0.42611124788185273	-0.7806228141573607
5060	0.7516608508325602	0.6089703167883898	0.727954632872667
5061	0.7874268161642197	0.6752335710252899	1.2746229031770386
5062	0.866291412249466	0.5068904285965439	-0.11419893403779177
5063	0.8585654045913487	0.5343482154727862	0.11232632541230415
5064	0.9410586186013606	0.5705042139015402	0.41061136060708536
5065	0.9187990816654172	0.5750426122931389	0.44805290233725037
5066	0.7119361950675173	0.5215038607856791	0.00636109263225528
5067	0.5499720802721785	0.4756437366776869	-0.37198245554952103
5068	0.5265430300900803	0.36388109773592653	-1.2940181934339559
5069	0.5899107852115766	0.32308713027266134	-1.630566222787717
5070	0.7163454182817705	0.42921184126897854	-0.7550430860957504
5071	0.8385709411209095	0.5427329700393698	0.18150009794471955
5072	0.8759617014375058	0.5507389446361348	0.24754895617415806
5073	0.9775761173851724	0.4571012494137851	-0.5249569744806067
5074	1.221980994056106	0.611037276994886	0.7450069429936514
5075	1.3341249503546373	0.5946690799107457	0.6099702006688963
5076	1.3412485175014475	0.6481301411648778	1.0510210699779619
5077	1.0359932729540235	0.7498629000714331	1.8903108390241723
5078	1.3085072256461678	0.6634767520787088	1.1776297815468895
5079	1.3702092487003992	0.6152622720147989	0.7798629238261501
5080	1.1298945036083337	0.6152705078871697	0.779930869328605
5081	1.1573052910465922	0.4588645805418259	-0.5104095878657926
5082	1.0946234572314704	0.5221729657622327	0.011881172567914511
5083	0.8710024984273597	0.5262224258237164	0.045288999469436514
5084	0.7113377696425329	0.5643842826384668	0.3601222580645954
5085	0.6740727042840561	0.5973216232651748	0.6318535401482546
5086	0.6309014707048548	0.5573107838249072	0.30176627470790496
5087	0.621998392024405	0.5903160438559483	0.5740578882107571
5088	0.7896066293438725	0.5948043811047408	0.6110864282152672
5089	0.9310269177972664	0.4016790719054196	-0.9821869470183597
5090	nan	nan	nan
5091	nan	nan	nan
5092	nan	nan	nan
5093	nan	nan	nan
5094	0.8008005725686287	0.5247107109941626	0.03281743373390631
5095	0.8758065989137773	0.5756880135328588	0.45337742772365225
5096	0.7781659179842665	0.5630183146188233	0.34885309564284145
5097	0.6666929317194693	0.5224492740234155	0.014160700806469763
5098	0.6051443398423964	0.7309449049376904	1.734238400438285
5099	0.5452973636559468	0.7527206348093057	1.9138869963399052
5100	0.68759928339981	0.7849355002596827	2.179657897220874
5101	1.0063106577763883	0.5437425179509452	0.1898288137158651
5102	1.1248241938318675	0.5277950848230027	0.05826335131525537
5103	1.043904229039053	0.5338453883663239	0.10817802892856705
5104	0.8652868696634454	0.6071815219223097	0.7131971717936609
5105	0.9337337345051266	0.43313226774154684	-0.7226997793370415
5106	0.8318737069577646	0.49688834033043694	-0.1967156222812655
5107	0.8422604838590143	0.5833558083014837	0.5166363206272069
5108	1.0004335325309162	0.5471663669950729	0.21807538349713435
5109	1.3876708272926321	0.339609252164865	-1.494259609105903
5110	1.3971609661375541	0.37718272989592194	-1.184280446188208
5111	1.10145040772761	0.6541921825433559	1.1010325840976642
5112	0.7618058170533174	0.5966009262413747	0.6259078286079528
5113	0.5873647875903739	0.5316171674872918	0.08979532696464472
5114	nan	nan	nan
5115	0.7066683888177595	0.5570884145722887	0.29993174037816633
5116	0.8678380331377807	0.7014726861751523	1.4910941866731744
5117	1.0035531636380752	0.6713567584557317	1.2426394087637138
5118	nan	nan	nan
5119	nan	nan	nan
5120	nan	nan	nan
5121	nan	nan	nan
5122	nan	nan	nan
5123	nan	nan	nan
5124	nan	nan	nan
5125	nan	nan	nan
5126	nan	nan	nan
5127	nan	nan	nan
5128	nan	nan	nan
5129	nan	nan	nan
5130	nan	nan	nan
5131	nan	nan	nan
5132	nan	nan	nan
5133	nan	nan	nan
5134	nan	nan	nan
5135	nan	nan	nan
5136	nan	nan	nan
5137	nan	nan	nan
5138	nan	nan	nan
5139	nan	nan	nan
5140	nan	nan	nan
5141	nan	nan	nan
5142	nan	nan	nan
5143	nan	nan	nan
5144	nan	nan	nan
5145	nan	nan	nan
5146	nan	nan	nan
5147	nan	nan	nan
5148	nan	nan	nan
5149	nan	nan	nan
5150	0.7982086816596958	0.7785630029487155	2.127085138417764
5151	0.8054370125361746	0.773943619347688	2.0889754730817107
5152	0.7877036757949338	0.5660680684546573	0.3740134001508118
5153	1.040632248484911	0.5176916199715403	-0.025089688284695776
5154	1.1747154665783865	0.5752110958581313	0.4494428826530351
5155	1.2918375000810896	0.4492682730536742	-0.5895786065967713
5156	1.2895860343354293	0.44422302073944847	-0.6312016658266487
5157	0.957790027871093	0.4861546179627762	-0.28526825236608305
5158	0.9720865687606508	0.30927944266006513	-1.7444789001985657
5159	0.7033529686340836	0.3160276426180261	-1.688806614839658
5160	0.6783263369451993	0.4226473486236638	-0.8091997960425671
5161	0.7552026271195469	0.5458494025533195	0.20721049794756832
5162	1.0149295199771664	0.3124717640891683	-1.7181424207424811
5163	1.0242583955303515	0.4943402808671685	-0.21773697529899788
5164	0.9790469922985443	0.5904716489153944	0.5753416215510169
5165	0.898270750787251	0.4720229617313234	-0.40185365339340345
5166	0.9439880555923899	0.37641043224500115	-1.1906518601166516
5167	1.4735993900460067	0.4372105407181739	-0.6890542474410206
5168	1.4976075692836686	0.48041770480475066	-0.3325974762187468
5169	1.5440268710258676	0.458102788609045	-0.5166943301867218
5170	1.3068231990018935	0.4892466611953622	-0.2597590626178556
5171	0.9980703295917539	0.6005508610371163	0.6584945774398663
5172	0.8607015577554565	0.5972139786689539	0.630965478040509
5173	0.5981552425131449	0.5405192215355857	0.1632367922953176
5174	0.4195385016545549	0.4574222917158544	-0.5223083928196561
5175	0.3457851958285253	0.3435605936883634	-1.4616612548459362
5176	0.32845344820050587	0.26070808366490184	-2.1451899898364224
5177	0.37418633154673864	0.25482820735097805	-2.1936986520075354
5178	0.42402334140999526	0.3227363429793543	-1.633460199020628
5179	0.4891667891356275	0.273244787900257	-2.0417628566751502
5180	0.49087656440888194	0.3254175042899115	-1.6113407629481218
5181	0.4794670137060528	0.30231880189023075	-1.8019038107870418
5182	0.4731012642323339	0.19845947430643102	-2.6587376566200103
5183	0.39001240969614825	0.3225468618005403	-1.6350234085169066
5184	0.4174601180751419	0.34605916600410325	-1.4410481681238045
5185	0.5074958144773385	0.2855018152936687	-1.9406430423618606
5186	0.7163665513533782	0.2699153101857609	-2.0692308680814926
5187	0.9194856053861603	0.5478405245497886	0.22363714692987277
5188	1.0429324924098957	0.720186833904149	1.645484895174388
5189	1.086631399269042	0.7687455334015462	2.046091544639084
5190	1.2142694369445381	0.7110791979301385	1.5703473900546716
5191	1.1665789183227242	0.6890356675279631	1.3884894542328525
5192	1.1682552029721942	0.6553669669776314	1.1107244922609714
5193	0.9508270196634632	0.5652813647550445	0.36752313709835427
5194	0.7780782000134749	0.594463474282074	0.6082739653317523
5195	0.7537636170135289	0.5558808185889035	0.2899691387059999
5196	0.6063677645724013	0.5450267989770201	0.20042406285046213
5197	0.6889710927982609	0.4834907858011726	-0.3072447238952169
5198	0.781945164526085	0.4732421888124085	-0.3917950957931059
5199	0.814170528589448	0.5412410957280929	0.16919221541390453
5200	0.9236017069877386	0.6585705684345297	1.1371540313374249
5201	0.7887217762350648	0.5617200610282025	0.3381425736050342
5202	0.6856480149052591	0.38583528054188676	-1.1128973704575789
5203	0.5653876483445762	0.5557913360967792	0.28923091297659026
5204	0.6623513457172069	0.6417665164943112	0.9985215099791771
5205	0.7819675541203321	0.586409898556594	0.54183240036011
5206	0.7034374377359844	0.6103585910872035	0.7394078208933949
5207	0.5883502654171471	0.6054358913360012	0.6987958136925935
5208	0.5169950630836578	0.6838627804483087	1.3458134150784138
5209	0.5171425557925025	0.4932601651356112	-0.22664787177546705
5210	0.5961704542950277	0.4840567620413069	-0.3025754504677239
5211	0.7080389654871021	0.4574383292725602	-0.5221760838426037
5212	0.7659718835704677	0.38189547111626193	-1.1454005855326366
5213	0.9030505681676609	0.3562528884890607	-1.3569505079199795
5214	1.022931013991936	0.4897470409614661	-0.2556309565599585
5215	1.121974838683785	0.4441194797226936	-0.6320558736253267
5216	1.3541339612579313	0.42590376508170563	-0.7823345360578398
5217	1.4491873760179723	0.5538445528021629	0.2731700558909948
5218	1.6122130343933474	0.5069091176661692	-0.11404475022229206
5219	1.4386115552865943	0.5476798357383347	0.22231147290998945
5220	1.172862866586807	0.6035293760165278	0.683067165228104
5221	0.9066230971479218	0.5482672178438093	0.22715734357096773
5222	1.242207068980297	0.5349128806673353	0.11698478278449506
5223	1.5041082034202184	0.544749296872455	0.19813468546845064
5224	1.7044760206145622	0.4872858753359263	-0.27593544010729937
5225	1.520988589379848	0.520404615658212	-0.002707620327789642
5226	1.6114996330449047	0.4989688978998898	-0.17955113464992775
5227	1.4820916548873282	0.4852176389083603	-0.29299827898321434
5228	1.5529759353220631	0.5832707242363271	0.5159343816828359
5229	1.333051214621382	0.5876459955404263	0.552030133747369
5230	1.2131043900388006	0.5272036615012012	0.05338414083774077
5231	1.1338513549332878	0.5279040649697964	0.05916243164312742
5232	0.8602281574233995	0.65720384699777	1.1258786532651353
5233	0.9426232882285245	0.6598039857771557	1.1473296578293897
