ID	SN	ssim	z_ssim
494	0.720262933770035	0.36805497029682765	-0.3479640738581403
495	0.8564246476987936	0.3817844276116046	-0.2642451577968015
496	0.6742454403953292	0.23977738366334803	-1.1301698276398866
497	0.7329460365515251	0.312420582156368	-0.6872091411662332
498	0.7109389524872302	0.3807722149210818	-0.2704173864094278
499	0.6819579881974616	0.39377516221956166	-0.19112855302926204
500	0.5056186959668326	0.4103491824250335	-0.0900641792111208
501	0.3594263940696301	0.4834501598826625	0.35568793286910066
502	0.2527024688938134	0.3796195484392495	-0.2774460683323015
503	0.4942323638297902	0.14134984205448187	-1.7303572134302683
504	0.742334049898324	0.37928399535858226	-0.27949219000706493
505	1.0703344802351014	0.3838104886414595	-0.251890726779997
506	1.4231816654866074	0.27383034877240786	-0.922523067666592
507	1.3963246953057835	0.44148488946363235	0.09979384534964425
508	1.7470474797634141	0.34286975871692293	-0.5015374137144621
509	2.0349898587159805	0.2873593635614199	-0.8400264017353856
510	1.5405182549093543	0.5602793178606298	0.8241735896836642
511	1.398894101827061	0.6113962603263203	1.135872363894607
512	1.1613826755853196	0.557369816635397	0.8064321536406339
513	1.0227004012709349	0.6948092502624368	1.6445046384835675
514	1.1124734868509296	0.7602300920680197	2.0434251375399217
515	1.0950480242472331	0.7194087060457685	1.7945061809089042
516	1.0106065525984955	0.6848131209178379	1.5835506550629666
517	0.9879567692259631	0.6794880326800983	1.5510795526025132
518	0.9299618939793021	0.49959509875345864	0.4541358722996615
519	0.9286831133723595	0.4926674298941309	0.41189262011295036
520	0.67173938873521	0.39678649322413834	-0.17276618357612114
521	0.8071447231835256	0.2598036120522263	-1.0080547217711926
522	1.0054980446838646	0.2566043616287421	-1.0275629784722498
523	1.0752461422889539	0.33075885844301656	-0.5753867597018776
524	1.1217623330575015	0.42878829459474965	0.022373075123804816
525	1.008165889484781	0.36642457343185947	-0.35790584032097295
526	0.9574266054992776	0.26859525999252265	-0.9544453751612336
527	0.8980665619132969	0.27149896913341554	-0.9367392578501501
528	0.8446919509881322	0.21796535470843476	-1.2631743142220677
529	0.8732111010393464	0.4226196795189008	-0.015241650346361482
530	0.8233599290084105	0.5650508828133428	0.8532694407867853
531	0.8904811586838605	0.6400252388819001	1.3104449633546602
532	0.949824664449674	0.5870207627359966	0.9872364644609638
533	0.9124763904917057	0.557181481989162	0.8052837344367211
534	0.6922276570841155	0.528751057442439	0.6319218693866314
535	0.4747188563214559	0.33415338190964167	-0.5546877751276829
536	0.49918011967490644	0.23444805436503077	-1.1626667910638415
537	0.670872608311289	0.16413091092787357	-1.5914437553763694
538	0.9312335365704955	0.1789379419261722	-1.5011540551469218
539	1.0379468351541294	0.3994477159159257	-0.15653869008921656
540	1.1004890370021758	0.6292033050971129	1.2444554238282257
541	1.2451617238932238	0.5718752832508012	0.8948829870685907
542	1.3391504075348064	0.5589295411294013	0.8159429770474573
543	1.40549920765772	0.5143665492555268	0.5442086112531429
544	1.3386397586235232	0.49917446688638967	0.4515709607256279
545	1.217871362637513	0.5727600884673767	0.9002783156645283
546	1.437442837970425	0.5212382304851183	0.5861104643905765
547	1.338117811572048	0.7390071862346376	1.914012981523361
548	1.12816748654949	0.7746493981403358	2.1313505847774987
549	1.1606540564679146	0.7603221516007398	2.0439864943449093
550	1.1604259743717216	0.5585723964777222	0.813765195185424
551	1.138680236194048	0.6493681150136037	1.3674155663951555
552	0.981592158456947	0.6817897694843379	1.565114987936292
553	1.025690693304901	0.6164392464697013	1.1666232758903639
554	1.1019239702263088	0.6185693391573622	1.1796120668405512
555	1.033886505000753	0.5270528782959537	0.6215667829354938
556	1.0528300506697246	0.42592964364805047	0.004941711802707378
557	0.9778470876610712	0.47398227329288345	0.2979550462360018
558	1.1245336130128392	0.6004447534324706	1.069092718831391
559	0.9992850467279181	0.5544329501306144	0.788523850729592
560	0.8415851966008353	0.36731760193436525	-0.3524603681127454
561	0.4635535177011104	0.42598335792949465	0.005269248522944729
562	0.4382737431871459	0.37041483882596266	-0.33357416530044304
563	0.5803009331192732	0.10564662673522782	-1.9480668007724755
564	0.6916896870787644	0.21653476253803902	-1.2718977198953905
565	1.0329933736667676	0.39919503518821636	-0.15807947616316054
566	1.3077210150606149	0.7062673442710756	1.7143733294696066
567	1.586348645638759	0.6574738006525402	1.4168420805003674
568	1.615350558938494	0.6302138643105506	1.2506175699367794
569	1.2848813514221393	0.6163679495523497	1.166188524501264
570	0.8574225555114071	0.6420265847788618	1.3226486874579506
571	0.58792627989729	0.5893939093124997	1.0017073393458495
572	0.5613493215572681	0.4068154333489187	-0.11161212793934015
573	0.4671736241609706	0.3221441469758679	-0.627917190415598
574	0.580941118977721	0.33856291253602233	-0.5277995219421371
575	0.765803577778072	0.4422618074147825	0.10453130344777908
576	0.914875688051344	0.5700267210624593	0.8836109011345467
577	1.0600148730223036	0.7549374866726178	2.01115210760985
578	1.0985776250589467	0.7308432363969908	1.8642311864008905
579	0.9487157055495546	0.7343163075791591	1.8854091359810285
580	0.9176656793308365	0.6830027089108648	1.572511199724474
581	0.8557321222387049	0.48466526090606565	0.363097325553169
582	1.144790053734843	0.49632119828166615	0.43417241762646225
583	1.3911017829110834	0.5777404192559031	0.9306471704329967
584	1.2832613164669384	0.5940217735887553	1.0299269384169734
585	1.0065291405081984	0.7002494677137321	1.6776777710931299
586	1.0320341434331934	0.720982981204272	1.8041057307549389
587	1.2011601676787114	0.6594308599868015	1.4287757558362262
588	1.2541885993711561	0.661601537409763	1.4420120227040774
589	0.7975225666181737	0.611605119474565	1.1371459365566319
590	0.6968775122061026	0.44238870834712285	0.10530511469604113
591	0.4957460268326151	0.3724956627082551	-0.3208858036306356
592	0.4114302880696831	0.3161109982742194	-0.6647058746409579
593	0.4092727741789251	0.21803869727617736	-1.2627270889507558
594	0.40495909549949266	0.23957392799945218	-1.1314104511588925
595	0.3412758939702807	0.24026310753201735	-1.1272080007549776
596	0.27143353343668075	0.24110916810490465	-1.1220489276422971
597	0.29084515065435257	0.21969310384155516	-1.2526389171313845
598	0.43278526937583833	0.20976053854133633	-1.3132053023553512
599	0.512039726971094	0.23462627807419123	-1.161580025913169
600	0.7540637666420154	0.4339074472591753	0.05358843217633464
601	1.0492752042264966	0.43326301161228814	0.049658819184959326
602	1.0712507963373525	0.533896520732078	0.6632976622796508
603	0.9121209618694643	0.5986448081159303	1.0581170868442296
604	0.7270268235604902	0.4899794747108572	0.39550211834687293
605	0.5101841389607449	0.37996083841955147	-0.27536496442860064
606	0.5873032462900609	0.45437677048142855	0.17840542336445842
607	0.8108567521407484	0.3714146255217236	-0.3274777074039195
608	1.077669796935169	0.32543202215265854	-0.6078685213651733
609	1.118427807679141	0.2664887836682452	-0.9672901592291061
610	0.8206263029228847	0.06906922044190732	-2.1711069936223515
611	0.5992114842610344	0.22812721712899142	-1.2012097305165041
612	0.7163465097007229	0.4933814544294918	0.4162465693456905
613	0.8759928299263054	0.54894004857931	0.7550294631974708
614	1.1483213538292347	0.6028059025656729	1.0834904362035198
615	1.2571519798072088	0.6599557356419667	1.4319763208629388
616	1.0903301369826175	0.657618295571087	1.417723175628875
617	0.92568137186896	0.6285914630673631	1.2407245588452167
618	0.7463645027039644	0.5192671643323236	0.5740913788569069
619	0.7158981176039455	0.5601835321202429	0.8235895113639263
620	0.831797929552024	0.6904210274659893	1.6177463153006961
621	1.0093150593996876	0.6430031375725497	1.3286034706288943
622	1.1688942774822346	0.6950625186871505	1.6460490081919592
623	1.1264755847781214	0.6638314082911874	1.4556092369908111
624	1.0121201188671005	0.45794756863094666	0.2001792883976917
625	0.8671998640500342	0.2488382618061262	-1.07491878025429
626	0.7858103934047962	0.47257441225273605	0.28937024950705376
627	0.9065847543339182	0.506577780737603	0.4967145812399208
628	1.1930700694317096	0.45816749486639274	0.20152034548559133
629	1.5000946619410827	0.48689741520906976	0.3767084635934196
630	1.3730776456545226	0.5714759269494093	0.8924478087575872
631	1.4248400661458398	0.64655713635712	1.3502748971904748
632	1.543199114999623	0.5785400128739496	0.9355228992733762
633	1.3477517902983613	0.6322306418821959	1.2629153926666872
634	1.559696558895817	0.5683248680438417	0.8732334122981136
635	1.2674933905328454	0.40534878971354327	-0.12055536674235803
636	1.0120700627635804	0.5777398847724443	0.9306439112819028
637	1.0008608524830906	0.614223027956893	1.1531093104514176
638	1.0458068001692309	0.4986323431117477	0.4482652208304859
639	1.067634385727078	0.6489077797955952	1.364608553372503
640	1.0204464661860586	0.6273148351689664	1.2329399901316076
641	0.9610031594421065	0.6559095921126975	1.4073039144645856
642	1.0582281213832256	0.6260016501429656	1.2249325048797006
643	0.9369071908635062	0.511283926121354	0.5254115196054785
644	0.8216572821873879	0.437105441231707	0.07308902734282331
645	0.6386357903856709	0.30050224132728437	-0.7598843061479227
646	0.4587133618632292	0.19494265973036812	-1.403561149927517
647	0.37015414577562084	0.2201294318748022	-1.2499782941254556
648	0.43269301070533517	0.2795876613204465	-0.887416365712002
649	0.5182692176934708	0.2810603200465069	-0.8784364483381847
650	0.5706277223794293	0.24214391154405185	-1.1157393119640613
651	0.8504599776345654	0.2873353378578995	-0.8401729046750301
652	1.016897727293172	0.23449730798643975	-1.1623664543715808
653	0.9720233215176305	0.1396006187779804	-1.7410235546628783
654	0.8878102950549723	0.10544503798955313	-1.9492960402748911
655	0.3752918433422387	0.29563250331752944	-0.7895787928513841
656	0.3015321968833067	0.3031121581804417	-0.743969663278435
657	0.3238614998502267	0.25110417611738667	-1.0611017818342265
658	0.3250019065978948	0.22437031046459843	-1.2241184403420615
659	0.5356174325458063	0.2125424803893311	-1.2962416925986036
660	0.6270653376224875	0.3387349695866188	-0.5267503595865978
661	1.0424955241914637	0.4788510295543057	0.32764354647514976
662	1.2090215340790973	0.6799130706956031	1.5536713318059512
663	1.2846616250375265	0.7321531880343954	1.8722189552297617
664	1.243008137593472	0.671448825578091	1.5020584085658673
665	0.7358251419098509	0.5479072959708715	0.748731987124259
666	0.5117099261878486	0.6442266483442888	1.3360641439279857
667	0.42550169010321864	0.6091313302942709	1.1220613673715423
668	0.561403738988285	0.27970577751300446	-0.8866961216860708
669	nan	nan	nan
670	nan	nan	nan
671	nan	nan	nan
672	nan	nan	nan
673	nan	nan	nan
674	nan	nan	nan
675	nan	nan	nan
676	nan	nan	nan
677	nan	nan	nan
678	nan	nan	nan
679	nan	nan	nan
680	nan	nan	nan
681	nan	nan	nan
682	nan	nan	nan
683	0.7004467250171634	0.5665956947923989	0.8626893312777191
684	0.8415196427498218	0.5712637717176727	0.891154137374188
685	0.698128934078244	0.4940914078036677	0.42057569362040814
686	0.8015551237510476	0.1702807400886866	-1.5539435818806886
687	0.8001078675391738	0.5533960941166625	0.7822013530802265
688	0.7310617465607088	0.45759862625745396	0.19805152204779833
689	0.7684150310443636	0.5079276434579474	0.5049457182169967
690	1.0307098863008586	0.33716818087345424	-0.5363042588963761
691	1.0870369707218606	0.4348314867824682	0.0592230021024639
692	1.1933894055532859	0.43704489725076645	0.07271984476392211
693	1.1682239320635006	0.4757018731132989	0.3084407507852639
694	1.0942613326415	0.4751069244618157	0.304812897544428
695	1.1019854094193606	0.5321253042839555	0.6524972119962129
696	1.0804416692020247	0.5080863670361409	0.5059135762768657
697	0.9107777476001562	0.5240535025919467	0.6032773140189097
698	0.7739372184497426	0.4154122698357609	-0.059190694540048286
699	0.5672396157998005	0.405218008947641	-0.12135283627898907
700	0.5231481688683027	0.4715900430534576	0.2833678037819002
701	0.741004033917142	0.29623325091964536	-0.7859155790096058
702	0.9808226781503998	0.3961878108785283	-0.1764168039823326
703	1.2010280896964047	0.362765524371032	-0.38021783810533066
704	1.2247299986150204	0.3262492496414128	-0.6028852654384881
705	0.9552374886357612	0.3487398289627242	-0.46574314254152444
706	0.638544010672047	0.716599201837044	1.7773745025306895
707	0.6636370361339364	0.44247152336723866	0.10581010069503118
708	0.7397909591272517	0.2898163017261815	-0.8250445859747443
709	0.7476345905824391	0.3853536785480993	-0.24248072729504772
710	nan	nan	nan
711	nan	nan	nan
712	nan	nan	nan
713	nan	nan	nan
714	nan	nan	nan
715	0.7006526546529193	0.5749530485110677	0.9136504565739898
716	0.784372139782263	0.5673912928947704	0.8675406964281328
717	0.8431481933949104	0.5066282431654184	0.4970222889418114
718	0.9194085761741266	0.546822072771032	0.7421145580524343
719	0.8349628181272462	0.5979258750132872	1.0537332063532563
720	0.7246710906557235	0.40258357267129796	-0.13741699267144375
721	0.7369710843934892	0.1770857096310271	-1.5124485205061942
722	0.5777530968599415	0.10700705159315682	-1.9397712584303806
723	0.39381552129950687	0.23995057849795326	-1.129113727352152
724	0.2694087696748929	0.3240426929250984	-0.6163403155750206
725	0.2941419558414231	0.2622506535314174	-0.9931332536098456
726	0.370671248176547	0.2747464547994204	-0.9169368742854302
727	0.5985865777082018	0.3297632050897835	-0.5814580134735612
728	0.888514694942199	0.40045415766622816	-0.15040165127680033
729	1.1362690555113457	0.45564311716796246	0.18612729973027672
730	1.2458997262323979	0.5056192235837447	0.4908695311360477
731	1.2678436597379843	0.5575253899813197	0.8073808023446633
732	1.2534016372044363	0.4869324090116043	0.376921847352871
733	1.2746462486607097	0.4959067096394021	0.4316449659541565
734	1.5051309098579326	0.4613331766184425	0.220823908532582
735	1.469603848035968	0.5076444489527601	0.5032188664948029
736	1.5044780820080128	0.3548003685269572	-0.4287874354489833
737	1.340771240772968	0.3096057519101143	-0.7043732964354582
738	1.071804887946916	0.16959087835811223	-1.5581501921633634
739	0.6841409878666752	0.07794541626809393	-2.1169820944162683
740	0.4167796223530848	0.11412789773930337	-1.8963500577866146
741	0.474026519056554	0.16617022530885447	-1.5790085086240984
742	0.6443800532567187	0.2923219104788094	-0.8097659887196262
743	0.7243637207476451	0.2779531561658664	-0.8973831835330411
744	0.6871874651066596	0.1777178471484128	-1.5085938985394338
745	0.758375176146535	0.38961925082764476	-0.21647029735325507
746	1.05397004247386	0.5536609459392448	0.7838163555522903
747	1.4691189273393155	0.47891899675082905	0.32805799403051955
748	1.4709545986715045	0.37716576155163684	-0.2924086683656879
749	1.2261053418220416	0.4110062783086394	-0.08605736715274134
750	1.0847033043144914	0.5323412081304815	0.6538137415275856
751	0.7335122294525904	0.51669692250041	0.5584186646883929
752	0.6316987191669363	0.38786174397450307	-0.2271871498363488
753	0.8049124508991294	0.3376711023233699	-0.5332375653129655
754	0.8758129027356967	0.32632144792336426	-0.6024450177456704
755	0.8754232316767345	0.2500512676783824	-1.0675221632960923
756	0.8326097337100083	0.18574352729216298	-1.4596552386284838
757	0.5795143642610205	0.2814738998393096	-0.8759145386104746
758	0.6350957769796246	0.4605623559933478	0.21612363045668223
759	0.7749131190165849	0.5845258244445515	0.9720229331020147
760	0.7807035315450915	0.47358185116624	0.29551336877993195
761	0.8387081689653635	0.5751982739439312	0.915145782059864
762	0.8848682325164554	0.7327387759689143	1.875789729078467
763	1.0192804360364711	0.6553896734779702	1.404133576151751
764	1.1957375454769963	0.5882384778914959	0.9946617974914356
765	1.1137142105834537	0.42025398559578825	-0.029667080750133804
766	1.07526549844472	0.4135651642262802	-0.07045389860785273
767	0.8556784992678069	0.4177514888798514	-0.044926701556835404
768	0.9735897426923623	0.6046258880410023	1.0945882682407675
769	0.9213379408845467	0.6165390356128619	1.1672317659936913
770	0.7418866186335507	0.3643751069870015	-0.3704029919077969
771	0.5210327610964682	0.3179182108464843	-0.65368592868289
772	0.4637434447451827	0.22030444550161643	-1.2489111032819338
773	0.4228099977554652	0.21277933410135794	-1.2947974158452429
774	0.41265639678120125	0.20776871513785017	-1.3253509605924028
775	0.47060608181212016	0.20784579364318348	-1.3248809544756142
776	0.6063631878873756	0.1461758957337715	-1.7009291032274632
777	0.7624366576357587	0.15215305062026124	-1.664481855768594
778	0.8887108143875602	0.2416166746013165	-1.118954275552301
779	1.0987874310356274	0.3466702520748887	-0.4783629227544469
780	1.4575592859400808	0.23635032570466497	-1.1510671996919875
781	1.312604637063984	0.310260198217461	-0.7003826408534317
782	1.0691528527250351	0.25914928075618415	-1.0120446760420507
783	0.7521315109886055	0.2224359217770414	-1.235913875547595
784	0.7358605899467386	0.2204458078021869	-1.2480491101015507
785	0.9346254074151833	0.06525205324413078	-2.194383157632039
786	0.9360487229574589	0.321859108608479	-0.6296552855643414
787	0.8801677330801843	0.3692113594944936	-0.3409126917128727
788	1.0651548218970897	0.43207629600993913	0.042422513945508424
789	1.1416483702166462	0.472159289857605	0.2868389333627695
790	1.1938126941708362	0.4296666951522587	0.027729349655004478
791	0.9856173344890634	0.4744958348580606	0.30108662067347924
792	0.784448412302534	0.5258997294289446	0.6145351595442722
793	0.4683538021358936	0.6627371944285988	1.44893698502812
794	0.826836504969448	0.3785932198295788	-0.283704372411946
795	1.248416353570929	0.43806571495902885	0.07894454469725204
796	1.4288719971073176	0.5598230577350056	0.8213914255905391
797	1.4047502256686093	0.5264240228453806	0.6177321742197813
798	0.976304876538582	0.4761764321790055	0.3113344973971767
799	0.6092878969328427	0.3359976372071071	-0.5434419515744088
800	0.6424316618291468	0.1665306960000189	-1.5768104453762755
801	0.7364504511609014	0.1929090591868699	-1.4159615550782856
802	0.6946797986914096	0.2323568299430867	-1.1754185727134865
803	0.7229027986913337	0.18413470835962337	-1.4694654280688348
804	0.824442528121407	0.4261318359501974	0.006174631646776314
805	0.9453329074789277	0.4329549797686918	0.04778051536951963
806	1.230178720915677	0.3995169726994837	-0.1561163789434489
807	1.3314941718798834	0.24942860716862553	-1.0713189967583256
808	1.1964227408268264	0.4957362358437317	0.4306054579049181
809	0.9139190488535857	0.5817892151484161	0.9553357503020614
810	1.0635530910525623	0.6354178350242388	1.282350126976453
811	1.1629201084809133	0.5797448829152456	0.9428699058985772
812	1.1089220221113307	0.5880031182572749	0.9932266312638263
813	0.9365638713088674	0.5839576013463621	0.9685580458329287
814	0.7602521369300044	0.44336564588581295	0.1112622439491209
815	0.6876401193475544	0.2227362392547026	-1.2340826120731816
816	0.6239653957608186	0.21589989856648303	-1.275768967121445
817	0.5836876265314915	0.16153019958039735	-1.6073022652946596
818	0.6814795415447518	0.13189042474234153	-1.7880384564530278
819	0.5805525512284507	0.3323588715999815	-0.56563026575504
820	0.571001960376517	0.40773283975638885	-0.10601800515209303
821	0.5879424645040924	0.2079226165840479	-1.3244125067292571
822	0.6877251367541984	0.16994344263374808	-1.5560003403286216
823	0.7670013502690736	0.21660786403318655	-1.2714519646265623
824	0.7394814519466053	0.26002564724030847	-1.0067008047992736
825	0.7228981046861276	0.25497796219923974	-1.0374803695386956
826	0.7249246496545483	0.30718835976027015	-0.7191139701445581
827	0.8885177556376083	0.43787765863029793	0.07779782260628616
828	1.3137754649672555	0.3291848165466196	-0.5849848871719021
829	1.8722670711782334	0.2828799185615427	-0.8673409758913849
830	2.0374891024881867	0.4545204114262876	0.17928131116758964
831	1.7287723249421163	0.4942299542638138	0.42142051648569934
832	1.1748242919141019	0.6395075126204277	1.307287993604639
833	1.2644404750075733	0.673299474390289	1.5133432182284212
834	1.4052316998592354	0.6799759293705889	1.5540546288303134
835	1.5312493872121358	0.6499542713856594	1.370989806438725
836	1.17077271415004	0.6751909378498998	1.524876905757193
837	0.982425903479497	0.7069245676216765	1.718380918790948
838	0.9880297822800145	0.4937392804398916	0.4184285059687052
839	0.8003075955523766	0.5181099048637048	0.5670346900094745
840	0.9971740091058954	0.5364879436878733	0.6790995338279274
841	1.1451814055773704	0.5023189399565626	0.4707451983508554
842	1.1124011407231578	0.45854544634964367	0.20382500238324505
843	0.9760232837549075	0.4752519582666704	0.3056972786715406
844	0.893608119358845	0.5519065135277819	0.7731182502723046
845	1.1035268262867803	0.5465478404783802	0.7404423557385735
846	1.1536743324602072	0.5314847973588782	0.6485915554019395
847	1.29437845307679	0.4905362065145835	0.39889693447661745
848	1.427593561367454	0.46617909728642	0.25037316283600364
849	1.4572499945145916	0.24459347193837253	-1.1008024840663853
850	1.3970356217377258	0.2432846141436622	-1.1087835829065884
851	1.1182124187311422	0.2540925160492486	-1.0428796063918637
852	0.7541139043762396	0.2118803497559598	-1.3002792053455343
853	0.858897153015958	0.23038224395443085	-1.1874591213564583
854	0.9478145974950591	0.30161757368851483	-0.7530832786790621
855	1.013509811667098	0.22656003455546422	-1.2107660314916857
856	1.1089688944876448	0.23231987413286653	-1.1756439203221258
857	1.2829200232173372	0.24870502083954787	-1.0757312515006878
858	1.1267302876857825	0.24420550624928733	-1.1031682051735294
859	1.0300562634007786	0.26567774080542583	-0.9722357027999683
860	0.8197413459291737	0.3041846321846321	-0.7374299757236946
861	0.5016817652309713	0.25494247234576856	-1.0376967780969992
862	0.43139727106208403	0.11494358810777804	-1.8913761748482938
863	0.5092107796341091	0.16339396985539334	-1.595937444119822
864	0.7548163657002941	0.22650057720188332	-1.2111285880792872
865	0.8343916556383343	0.3202206045935524	-0.6396464874703459
866	0.9551287265659009	0.32265715514684995	-0.6247889904423185
867	1.0210438653343374	0.2764520263220126	-0.9065367109095025
868	0.8179896567247118	0.13212966261999903	-1.7865796416332502
869	0.6530350681042324	0.22155530481080712	-1.241283665204103
870	0.6710153649729176	0.33478768233840095	-0.5508199642495489
871	0.6335347427536011	0.4734242450143179	0.2945523245156902
872	0.7719487776286762	0.4933874410072406	0.41628307405148884
873	0.7677232097209229	0.4465114249723954	0.13044444534710734
874	0.7689507043592727	0.5077627639857869	0.5039403230019079
875	0.723426739332952	0.517507014042702	0.5633584073363528
876	0.5317801417389978	0.33751399446723207	-0.5341955710898161
877	0.4333605465089809	0.2726271451992195	-0.9298599125716009
878	0.427207788803691	0.18008275919298494	-1.4941732358422353
879	0.3900392449617003	0.12165329662473351	-1.8504619922081351
880	0.3489005557642171	0.13316571178974254	-1.7802620639250748
881	0.4421836365281186	0.19921043294414703	-1.3775372992201307
882	0.5396105293849776	0.30086086135838	-0.757697527778402
883	0.733680547203248	0.3890312219478837	-0.22005595549674004
884	0.8384903705253188	0.37039340923575753	-0.3337048377678596
885	0.971979044136379	0.3753938978523417	-0.3032130654305136
886	0.9961107501675448	0.3614233233842068	-0.38840225568114584
887	1.0436438653493587	0.36486888973259496	-0.3673920239370247
888	0.8670574404441228	0.3974306971392466	-0.1688379836291874
889	0.8109825995217751	0.40098837187989955	-0.14714414197488543
890	0.8072282525014733	0.5149785422418895	0.547940396733133
891	0.7751237086857928	0.3607405696166625	-0.39256552332130834
892	0.8014866982955572	0.6174358212365447	1.1727001482197905
893	0.8327952715866398	0.6847659178596424	1.5832628222101228
894	0.7989642459422509	0.5723654471122189	0.8978718879573511
895	0.7859756676524691	0.554872234598023	0.7912025013572791
896	0.7715173115829653	0.5710176287176583	0.8896532167853518
897	0.708328163609971	0.6192006885418144	1.1834618829629584
898	0.8716521080364776	0.49562344547156423	0.429917689445938
899	0.7788228233917123	0.5906500794795869	1.0093671617529556
900	0.7239501480098073	0.4172727353378104	-0.0478460250727811
901	0.753341445885919	0.3639514425246547	-0.37298639551568796
902	0.756050213146261	0.5267971199197243	0.6200072301038982
903	0.8679292900320223	0.39880014927896384	-0.1604873951021659
904	0.9169515621972221	0.26646321427693564	-0.9674460752042029
905	0.9155300912051466	0.4805722744950255	0.33813928257085324
906	0.8151965868164825	0.4460325952638962	0.12752465738648844
907	0.7900503591228726	0.5532475742396877	0.7812957147269535
908	0.7575102139241134	0.6000897387502949	1.0669279250091603
909	0.5611847999749677	0.6194212804301227	1.184806999041306
910	0.5487752660730115	0.47471357883070203	0.30241437084965067
911	0.5048557721691209	0.20044533930151243	-1.3700071383910777
912	0.4567096905577632	0.23537824487723516	-1.1569947138923369
913	0.49868998321842156	0.18942537981235574	-1.437204190854258
914	0.6268965318662352	0.14457048049870944	-1.7107185377423362
915	0.47252751880930094	0.12309612830518459	-1.8416639529574275
916	0.6322092256004841	0.254973388101745	-1.0375082612809134
917	0.7202916394068217	0.21991922769646413	-1.2512600684562651
918	0.7203760774978796	0.2473925334202427	-1.0837344829153854
919	0.5214921543510603	0.28934192215493737	-0.8279372380727597
920	0.4626016757077118	0.35252530251741054	-0.4426602387157404
921	0.5927268806810306	0.2416064196851405	-1.1190168075553417
922	0.7139838203867187	0.4112400112959398	-0.08463211982533919
923	0.9655063303722236	0.5728283528578486	0.9006945754368462
924	1.133713446328769	0.6744257516390586	1.520210984979118
925	1.1778386819810625	0.5729096926043948	0.9011905655737779
926	1.2155634358324345	0.5462553924618183	0.7386590783380531
927	1.1454621261551983	0.6049808943161132	1.0967530107987473
928	1.1024365862522207	0.5609154186570644	0.8280523787692272
929	1.3916519469452902	0.5042492772546595	0.4825159291615706
930	1.4022007265941454	0.5018573485858113	0.46793052561204473
931	1.0530313410977645	0.5776368809756931	0.9300158189970802
932	0.832118150781744	0.4427677629928798	0.1076164984123247
933	0.6069140701090708	0.2814368803504025	-0.8761402745163732
934	0.5390319550595146	0.4561783315832176	0.18939090801997477
935	0.7455872436440271	0.37484529682970025	-0.30655830202018197
936	0.9176966135818703	0.23819359037150292	-1.1398274167651161
937	0.8979611804555145	0.3202496652430299	-0.6394692826458205
938	1.038655357849034	0.31635766542359783	-0.6632017579158433
939	0.9009058683340376	0.3380077752409731	-0.5311846151429241
940	0.9657193131884085	0.20233165111432416	-1.3585048643607467
941	0.935714850250635	0.28738268250782384	-0.8398842084300079
942	0.7989275194527992	0.2883636854085867	-0.8339022895804914
943	0.7879464820925693	0.16390561572931434	-1.5928175511051272
944	0.4580206532127606	0.31226461597086486	-0.688160185311182
945	0.4743435746970579	0.4905077276422439	0.39872327718862266
946	0.5162755702650774	0.42480974093259377	-0.0018871845828238062
947	0.49107913141807635	0.37555758216150276	-0.3022149580308521
948	0.4653743161415474	0.32895779808351266	-0.5863691909518313
949	0.40831469240939383	0.3976177529258486	-0.16769736260256712
950	0.4569920936473595	0.40016980560726334	-0.15213556148246613
951	0.6960476063073803	0.3209685343506242	-0.6350857923812049
952	0.8532335831023075	0.5669068320373445	0.8645865710808627
953	0.9112542298121786	0.5953809130957145	1.0382146429991712
954	0.8654474710129131	0.6777614078770186	1.5405510114049759
955	0.7538898838530238	0.7796172072135271	2.1616430851489175
956	0.8047591413140809	0.747174162345214	1.963813230127537
957	0.9983071845956354	0.6978658805136282	1.6631432318061616
958	0.901307978657658	0.5225702300150956	0.5942326759454274
959	0.9388755237659774	0.5345458354233165	0.6672570265055533
960	0.9584108958454236	0.4685007117049837	0.26452980706296353
961	1.0819102918760726	0.3070710378027745	-0.7198293711168281
962	1.1087351457962153	0.23455500903443435	-1.1620146073114268
963	1.1690810785363581	0.32598412610952365	-0.6045019247283073
964	1.0748100610303772	0.3892241895929107	-0.21887928538471865
965	1.0734734265031398	0.5714988294582155	0.8925874627270327
966	0.9985888966270753	0.6629623715629418	1.450310060829791
967	0.8906021865034013	0.5315835773675747	0.6491938920469353
968	1.0978038096094955	0.4294511699359731	0.02641512891942628
969	0.9302621014341625	0.47732812574382355	0.3183572467069845
970	0.9695664609625192	0.5909564666470514	1.0112354367304102
971	0.9940373703738	0.48097683476441416	0.3406061934223295
972	0.9271681328406458	0.4850096216509341	0.3651971542378346
973	0.8560095144074623	0.46781645566895114	0.2603573789522458
974	0.7023212980813761	0.5202975618159544	0.5803744939476295
