ID	SN	ssim	z_ssim
245	0.43062732472849974	0.2625905014807021	-1.7308413848824076
246	0.5502606129372061	0.3530706592220143	-1.0853344891462695
247	0.6966401110863006	0.4236736108764899	-0.5816362939840797
248	0.721654647569967	0.6073983583168938	0.7290996104473928
249	0.6048011036298679	0.566338007250212	0.43616533163381754
250	0.5014053003386877	0.5949320676394784	0.6401621373327918
251	0.5922226775965522	0.6221886490129429	0.834617050652767
252	0.7092697779661725	0.6926918304885423	1.3376034617060306
253	0.6843556359621598	0.38905391239457676	-0.8286214303525739
254	0.7455933758813853	0.556389363213899	0.3651893465230833
255	0.735435933444675	0.6041878031032972	0.7061947484173837
256	0.7700683943882037	0.5252940238658204	0.14334782374603733
257	0.6914441503438522	0.4702718383785299	-0.24919349179923939
258	0.6792297170642001	0.46811266392256157	-0.26459755425025483
259	0.5532202096803128	0.4142339496913212	-0.6489810747686184
260	0.5214217025162747	0.4514434452992002	-0.3835197117323043
261	0.4613381521745677	0.589163646238946	0.5990088515239695
262	0.5050708225715277	0.6174212250809515	0.8006051180940684
263	0.5427065856081983	0.5957339901025586	0.6458832422986337
264	0.7802133259949485	0.43051222040014675	-0.5328480323920934
265	0.8362041020578767	0.3564371641702894	-1.0613170447375802
266	0.7615319803617272	0.2621687312313125	-1.733850393831925
267	0.714785869401323	0.33927741509384146	-1.1837387627635145
268	0.6884140514670967	0.3459529251227955	-1.1361140916332373
269	0.6617349092766719	0.36752778479469145	-0.9821939279155125
270	0.7492921455952124	0.4619595474816779	-0.3084953456777813
271	0.9964917521829452	0.593670431946328	0.6311613291979981
272	0.7708897562017677	0.6525487966450225	1.051213541433712
273	0.6495403190544516	0.5882105162121163	0.5922089959510958
274	0.6782191330073292	0.5258389861129045	0.14723571361261345
275	0.7527244798314028	0.4878059552523369	-0.12410094515441936
276	0.8602202659987985	0.5371636432577739	0.2280285024554539
277	0.820036207770158	0.6828208352857201	1.2671814417818679
278	0.6764750699421314	0.6556877475619635	1.0736075614359286
279	0.9428531765971205	0.630798854990156	0.89604430134225
280	1.1019908157430285	0.5608893208208505	0.3972931109098825
281	1.1103386627227547	0.5197144773495721	0.1035420161388482
282	0.9849239457820471	0.6836211971256325	1.272891412892049
283	0.8824845458529458	0.754536021481968	1.7788145818459287
284	0.6858841919959298	0.6700901572043875	1.1763577662485856
285	0.9123430556013109	0.7072384095837383	1.4413822055734589
286	1.0017462854297199	0.6407832600177981	0.9672754138430941
287	0.8051713187004562	0.5898922921711711	0.6042071843467983
288	0.8104933458023525	0.5070798152764199	0.01340334157073583
289	0.8682333262464675	0.542302168317198	0.2646879584353449
290	0.9980544694140113	0.5371197572687944	0.22771540940588736
291	0.9495310563889748	0.5359389584121985	0.21929131042731165
292	0.7794596780860581	0.6130605579795296	0.7694950851957467
293	0.8827244148019875	0.5116964655591983	0.0463396191715763
294	1.0483282068325892	0.5621909236728657	0.40657905423115515
295	0.9242892667522398	0.5559229938167924	0.3618621566804962
296	0.8201421348675368	0.5535662989436041	0.3450489367462598
297	0.917589670510685	0.5451828544253445	0.2852394560639885
298	0.9681745357377087	0.5641566899212584	0.42060329667744667
299	0.9699563915046706	0.7155287714084908	1.5005276122528501
300	0.7932956061177714	0.7161217896668376	1.5047583450965607
301	0.6843825222285136	0.6733954520288747	1.1999385231229
302	0.6870550054355203	0.6444808816322104	0.9936551230468542
303	0.8798329079898651	0.6258982869949273	0.8610824874715436
304	0.9740581296081209	0.5949690127266003	0.6404257123430053
305	0.7697022424459686	0.46656919028872196	-0.2756090610701139
306	0.7070919920061774	0.4524099714517196	-0.37662428502289996
307	0.9105493397322312	0.4338602772623335	-0.508962201003103
308	0.8609208646798722	0.49692726536218246	-0.059027356413705476
309	0.803646125122745	0.6558770274950657	1.0749579293518565
310	0.5940647000964384	0.6345037886720388	0.9224761765688391
311	0.7904415779053636	0.6455341364095866	1.0011692923270092
312	0.7770386971182884	0.487925931245455	-0.12324500797643642
313	0.7043377226990593	0.4522401380172142	-0.3778359170075967
314	0.7197146874740169	0.4985954296853051	-0.0471262766556954
315	0.6701836585081421	0.481543724579897	-0.16877718337791453
316	0.8210879915345495	0.5452315024121864	0.2855865223352466
317	0.8924827307659834	0.5346143282364418	0.2098410847193087
318	0.9591049924130095	0.5539558541554914	0.3478281159809177
319	1.0463153413307171	0.5285868065146401	0.1668393157928394
320	1.0845777331357094	0.5823989673197071	0.5507480283908567
321	0.9693617329132735	0.613869924685216	0.7752692991531701
322	0.8090984690797228	0.5680761891825903	0.4485659336155475
323	0.806708324963871	0.45982633374725135	-0.3237141981867292
324	0.9349104852110597	0.4809450877212225	-0.17304800064838197
325	1.1358823947852583	0.5021999737130064	-0.021410605021722172
326	0.9796918735670377	0.557738839255795	0.3748168285304106
327	1.1033733407017783	0.6264309510024318	0.8648826387813773
328	1.0431752581404559	0.12246459721488427	-2.730532805994375
329	0.6355966906222802	0.049827717445405456	-3.2487415265185993
330	0.4907380286195278	0.1945523362145619	-2.2162417859084056
331	0.3275905499575257	0.2061400181022956	-2.133572516193886
332	nan	nan	nan
333	nan	nan	nan
334	nan	nan	nan
335	nan	nan	nan
336	nan	nan	nan
337	0.1331133502320825	0.16481259736729773	-2.428412133336257
338	0.34439260751364564	0.29628082093372815	-1.4904866588367425
339	0.39262407207643013	0.06048787275962743	-3.172689451271093
340	0.4527821505447902	0.0367725439414809	-3.341880229325781
341	0.5216269409068853	0.010485133334746724	-3.529420848631604
342	0.4554026776331114	0.007636353069360611	-3.5497447224139784
343	0.6189308670589057	0.43159056727671263	-0.5251548501276577
344	0.6462574868971077	0.4891193969103438	-0.11473054098453972
345	0.7883482907741342	0.5032388792696987	-0.013998806483739936
346	0.8249308211786535	0.6421581851185123	0.9770844554693171
347	0.6916132570276566	0.5787725081014865	0.5248760085922171
348	0.6164069282630651	0.5196770574935873	0.103275054015012
349	0.5536699327707121	0.3870547938552754	-0.8428836159491377
350	0.5563940719553799	0.413288081480805	-0.6557291228223306
351	0.6499138573114693	0.38143709455112695	-0.8829616145902058
352	0.5038302277318574	0.04331213618289934	-3.2952252279142313
353	0.35875559146662295	0.0237274693621372	-3.43494688401082
354	0.36368481748666537	0.024797943172780702	-3.4273098700651667
355	0.4363244388371658	0.13138294692627064	-2.666907184852716
356	0.6860995132796223	0.44015448934159884	-0.46405779984138423
357	0.9472952029151855	0.37016113506140846	-0.9634069828162966
358	1.0915083744096357	0.3479002336354837	-1.122221531049294
359	1.2771354344734638	0.43752863002435677	-0.48279130273114346
360	1.162921901842748	0.5100308821237867	0.03445695207835542
361	0.869331479695555	0.5372881286591986	0.2289166108213554
362	0.8129821571928878	0.5359862879532515	0.21962897059374395
363	0.6839901343459238	0.4728001181315368	-0.23115614465422202
364	0.8996045918739134	0.42079947704915277	-0.6021410460880597
365	1.11302775448918	0.6037566584896921	0.7031188605311434
366	0.9649055744159297	0.48109779263593266	-0.17195856758461542
367	0.8890586794338996	0.34747387466052865	-1.1252632770548587
368	0.7739395799018208	0.4973399359069871	-0.056083266913992284
369	0.7990069301932313	0.6114811872230783	0.7582274797929343
370	0.8304806794153538	0.5559965166488491	0.36238668599467244
371	0.7734873921993082	0.47384346319557363	-0.2237126736183559
372	0.5813110092746717	0.2733032689412569	-1.6544139621100395
373	0.40296817174790706	0.5203878273391486	0.10834585459764223
374	0.2886580936867106	0.5403518693150198	0.25077406299041516
375	0.2711141696810999	0.5313513404360897	0.18656215618503058
376	0.34001883164982794	0.38038951662038767	-0.8904352839006258
377	0.4830432196744388	0.47106540062570557	-0.2435320305956428
378	0.49464128494749326	0.5045843297031412	-0.004400044121483937
379	0.442740150306538	0.5659953320417731	0.4337206054577476
380	0.49259861612098876	0.602428758100984	0.6936453043486654
381	0.5176812838021881	0.6003828736383279	0.6790494795679474
382	nan	nan	nan
383	nan	nan	nan
384	nan	nan	nan
385	nan	nan	nan
386	0.667513535948401	0.47566386961807217	-0.2107254626308951
387	0.6012002800724658	0.6423021351340278	0.978111429006678
388	0.6690485067531396	0.610322625962836	0.7499620290986804
389	0.8200099127074759	0.5806908591444837	0.5385619797223482
390	0.7159131750716341	0.5221402885753903	0.12084832851837249
391	0.6208431129131314	0.5036654587262361	-0.010955487510296364
392	0.5970406997787526	0.5055291161525939	0.0023402863923447374
393	0.546946829508807	0.503005124550929	-0.01566646806439347
394	0.6057115625984006	0.5788817254563865	0.5256551910945683
395	0.6385495402689938	0.590868544768393	0.6111720018185888
396	0.5262772461679893	0.6007162697302435	0.6814280063269116
397	0.5391160783997853	0.59212599662526	0.6201429614734617
398	0.5657881811551229	0.5528510500020846	0.3399461812311904
399	0.5325451725705663	0.6041893433148747	0.7062057366519203
400	0.5589076322147687	0.6229734100968191	0.8402157222708662
401	0.596027726605087	0.48153562817141726	-0.16883494507544963
402	0.6519926816808754	0.5084702997821757	0.023323387681241658
403	0.6681520753951521	0.5374256366870784	0.22989762569170163
404	0.7182639918960596	0.5455586651441307	0.287920578826413
405	0.6401701551288093	0.5422252280774758	0.2641390485247067
406	0.5394471876905712	0.7048391532139908	1.4242653418325848
407	0.5448717787726821	0.7088523816960226	1.4528966652518338
408	0.5739131847086136	0.7428392870156694	1.695367305182496
409	0.7135517453695184	0.4929227961509946	-0.08759618911816675
410	0.6123880784759481	0.4658608796976533	-0.2806623167481709
411	0.6267612086170193	0.5214798139402277	0.11613634589036681
412	0.6038284132256031	0.43270485712600504	-0.5172052421746799
413	0.5655677505355393	0.5395453445198148	0.2450201238961064
414	0.6494532281609847	0.5565899438763721	0.3666203365214416
415	0.7624313691813421	0.5673531339478795	0.44340748615418935
416	0.690968002705485	0.41250194329991363	-0.6613376189770088
417	0.7922525850217405	0.4823143032295638	-0.1632796926077383
418	0.7197508481852202	0.5625551056158599	0.40917721455021006
419	0.5922335628913948	0.529158325887526	0.17091667049086512
420	0.596191991700175	0.4981287245008434	-0.050455862084880655
421	0.5636630024364211	0.5680431230153807	0.4483300317395765
422	0.5719786084335766	0.5618723620504914	0.404306360094752
423	0.5177905049402625	0.550408774353868	0.3225224077590051
424	0.6685228537749573	0.4918844008539741	-0.09500434734268158
425	0.7088673811775641	0.5423849428667202	0.26527849169525375
426	0.8496626639912483	0.5693633344716937	0.4577487332555088
427	0.6977648554420495	0.5502632191079995	0.32148398212774837
428	0.6405769313344838	0.5245251734237528	0.13786266241858566
429	0.5987580636634927	0.42352293528400686	-0.5827112493819804
430	0.5920216938026573	0.4797337081757515	-0.18169026951125128
431	0.6274251208052422	0.5976256763602837	0.6593789805291315
432	0.6167203278801793	0.6221268936134006	0.8341764729918892
433	0.727358968773155	0.49745465022827334	-0.055264867750258885
434	0.7162965261080138	0.47951105064246347	-0.18327876113983524
435	0.6081703509221985	0.5517147018352101	0.3318392040111488
436	0.5390863768690082	0.4150535708988154	-0.6431337027642314
437	0.50600071966743	0.40740467366691707	-0.6977027489642146
438	0.5338353447545938	0.5100344169298623	0.034482170222906276
439	0.6177142192980235	0.498750110243109	-0.04602274888572639
440	0.7361772283462402	0.37967377893964827	-0.8955415261971567
441	0.7120906401369271	0.5850067102782067	0.5693522848824465
442	0.6002948282705033	0.5813462691613844	0.5432378301629889
443	0.72756255789779	0.6947303774756182	1.3521469391964414
444	0.6850912368247768	0.46627217931917536	-0.2777280077401645
445	0.6621632508566205	0.3737635026190654	-0.9377068386356022
446	0.6589257842651876	0.38411997972244216	-0.863821275738194
447	0.6405772381314689	0.685693779721007	1.2876777084809885
448	0.5250991326711798	0.6704140241530467	1.1786683098404556
449	0.6164903169770429	0.7071631675643837	1.440845411169526
450	0.7147769622631374	0.4708322431683642	-0.2451954311716725
451	0.6264728658091334	0.5768458808053586	0.5111309927101746
452	0.6336286920084913	0.6476094368624767	1.0159749777557967
453	0.5540536738888604	0.6446482091018437	0.9948488768840569
454	0.5740203470534572	0.5307723469365362	0.18243147929544418
455	0.5712801565805476	0.5205982213115699	0.10984685507564261
456	0.6195816405759105	0.5240394072068273	0.13439709106494602
457	0.5542303880459527	0.5832094521549176	0.5565302193493842
458	0.5494589448901174	0.6398153297186101	0.9603699696184707
459	0.5365032637626661	0.6047753190337549	0.7103862263494798
460	0.5924081120602898	0.5681143163444353	0.44883794182707365
461	0.6529386732496795	0.49646768222490506	-0.06230613146983201
462	0.7466602501437423	0.590347180847337	0.6074524680044247
463	0.7358769079368211	0.7474628735155819	1.7283530674007617
464	0.5205183891609324	0.648114064813426	1.0195751131915713
465	0.6051877330510328	0.5418175905538614	0.2612308657913586
466	0.7306474213371935	0.526282202699252	0.1503977258143374
467	0.6504820781545972	0.4672957846414832	-0.2704253647015546
468	0.5725602696928558	0.5703556852974352	0.4648283993060144
469	0.4891197550900855	0.5965512053702432	0.6517134497580359
470	0.5242077694261313	0.6493566161578654	1.0284397690582754
471	0.49455676640863855	0.4935538951151758	-0.08309377949112343
472	0.44871704926649464	0.45765148518400434	-0.33923008343497946
473	0.5279778144541684	0.4715968067909225	-0.23974085303088938
474	0.68598441548254	0.504489760749748	-0.005074721454743332
475	0.7130961623251738	0.4813279307159064	-0.17031670796253945
476	0.6245734188728994	0.45968090251488625	-0.32475173907625193
477	0.6382412685091369	0.38482309441752227	-0.8588050888139266
478	0.5015295125960069	0.4128737242797701	-0.6586852453274511
479	0.55119298860137	0.5091714203605279	0.028325348104020365
480	0.5342139938283939	0.5467393777555958	0.29634406251177986
481	0.5311239025708119	0.5060504773275676	0.0060598006153063265
482	0.5262840993230501	0.3673099246676087	-0.9837481937108921
483	0.4390184545127025	0.30631390554194504	-1.4189082546674596
