ID	SN	ssim	z_ssim
5057	0.3628903995636915	0.4408884872227095	0.021743306028864314
5058	0.4382730391355313	0.4158051476133897	-0.19132801092991378
5059	0.45608250912488274	0.21645204350378508	-1.8847400164298351
5060	0.7720888238425831	0.3926954478040588	-0.38763417468598027
5061	0.8224546603406135	0.4513160531331269	0.11032063408057112
5062	0.5684464499064288	0.4097485458462575	-0.2427760292128638
5063	0.5976031831036606	0.3969201328740807	-0.35174743768740324
5064	1.0883648961529093	0.4711597689908251	0.27888378145288417
5065	1.423218459162669	0.41371207467354953	-0.209107693170345
5066	1.0948227529923853	0.40815758228897653	-0.25629052551451736
5067	0.2944801389292997	0.48423339554431144	0.3899381653812338
5068	0.20987403379418829	0.3378283794710495	-0.8537044304599715
5069	0.18560394863352464	0.3264222177895497	-0.9505944749586279
5070	0.23014724702905714	0.4414344295116779	0.02638083214403758
5071	0.9529003211063176	0.4717946086169335	0.2842764491478299
5072	1.1111774384532032	0.4151609959919368	-0.1967997796992172
5073	0.9003234876915599	0.4433980189332276	0.04306061205103503
5074	0.42026912357347984	0.5773873352619139	1.1812376065510781
5075	0.420177210829911	0.6353391828394152	1.6735116289043326
5076	0.847529681428812	0.6800665719723494	2.0534500204868116
5077	0.8871816279574065	0.709998443287776	2.3077073617959
5078	0.8865502976785652	0.6604210743853483	1.8865706452373707
5079	1.166539820097811	0.5362643358235452	0.8319168309246653
5080	1.0385437010384344	0.4700487710545478	0.26944637012296935
5081	0.4198658221973157	0.5249797913109628	0.7360598677760062
5082	0.4956778643474637	0.6021296030286563	1.391411676659659
5083	0.7347186259901091	0.5234376476285143	0.722960073630697
5084	0.6867143010010892	0.5753112571065703	1.1636022871096408
5085	0.7104458356936421	0.5809240627818204	1.2112804637673813
5086	0.4765962848403228	0.41266346320183	-0.2180151604668587
5087	0.7830593577951452	0.41569666851971593	-0.19224949043430084
5088	0.9129991455874946	0.4566802034991348	0.15588659940464422
5089	0.5804166970490084	0.49949741415851884	0.5195989122701393
5090	nan	nan	nan
5091	nan	nan	nan
5092	nan	nan	nan
5093	nan	nan	nan
5094	0.5770534124722688	0.4070590474968358	-0.2656220682250221
5095	0.536136966881583	0.5016970696966179	0.5382839641674668
5096	0.5673717723966054	0.4241728712599537	-0.12024808596417907
5097	0.8256812206084732	0.31121940291536354	-1.0797353245096095
5098	0.57669172879351	0.42364829392139597	-0.12470412675117588
5099	0.5181873891549562	0.6616120684914512	1.8966875868659567
5100	0.572591882782749	0.6294245065389155	1.6232692015257992
5101	0.9019896104266089	0.45359823273068917	0.12970668952465456
5102	0.692099176103231	0.5334953367520302	0.8083954702121503
5103	0.5397589143873383	0.5190641587295843	0.6858093172356687
5104	0.6552438246677492	0.48773771390812354	0.41970572187290794
5105	0.7893520729951864	0.3074223058644012	-1.1119898999317845
5106	0.8426851957082383	0.3653854328727575	-0.6196200640535269
5107	0.4712720645884231	0.5366806092584913	0.8354528803654647
5108	0.5302312561612044	0.6037622999998276	1.405280678924127
5109	0.5847345663151711	0.44939176789895774	0.09397472498573864
5110	0.6031032389067821	0.40166709159431907	-0.3114242286640583
5111	0.7856415347783557	0.46577392804199347	0.23313356470456517
5112	0.5667746986737168	0.30284200371969255	-1.1508974387700173
5113	0.3924940624720543	0.29526423867850526	-1.2152670323758885
5114	nan	nan	nan
5115	0.5112844951699291	0.4477105987113319	0.07969397376133376
5116	1.0365277069773775	0.6047825528297501	1.4139472527332124
5117	1.1027473790531073	0.6238701938557079	1.5760878956612416
5118	nan	nan	nan
5119	nan	nan	nan
5120	nan	nan	nan
5121	nan	nan	nan
5122	nan	nan	nan
5123	nan	nan	nan
5124	nan	nan	nan
5125	nan	nan	nan
5126	nan	nan	nan
5127	nan	nan	nan
5128	nan	nan	nan
5129	nan	nan	nan
5130	nan	nan	nan
5131	nan	nan	nan
5132	nan	nan	nan
5133	nan	nan	nan
5134	nan	nan	nan
5135	nan	nan	nan
5136	nan	nan	nan
5137	nan	nan	nan
5138	nan	nan	nan
5139	nan	nan	nan
5140	nan	nan	nan
5141	nan	nan	nan
5142	nan	nan	nan
5143	nan	nan	nan
5144	nan	nan	nan
5145	nan	nan	nan
5146	nan	nan	nan
5147	nan	nan	nan
5148	nan	nan	nan
5149	nan	nan	nan
5150	0.453154865284763	0.6785560888977697	2.04061916849671
5151	0.518411596464768	0.7016967215712254	2.2371880925629672
5152	0.5675347717096979	0.49286918119816103	0.4632951525647021
5153	0.4841484589386794	0.5245655162740701	0.7325407937982699
5154	0.7026541013686033	0.5063426729422679	0.5777462055211197
5155	0.6769903836070423	0.5666420508083814	1.0899614070788124
5156	0.7131415911262182	0.5315347947246133	0.7917415765025765
5157	0.8302064928088275	0.5428191371414864	0.8875968229420742
5158	0.6104511151591054	0.3965559472857764	-0.35484102506954607
5159	0.3658354608167524	0.4080253302949931	-0.2574139447628061
5160	0.49267230052688116	0.453809292681068	0.13149954575053627
5161	0.5200679143288898	0.3868688855872443	-0.43712811385896216
5162	0.5815308360459208	0.3019177727012571	-1.1587483518995845
5163	0.5355362507101773	0.40566991446260703	-0.2774221079981986
5164	0.342446070731488	0.48724571562568864	0.41552642503235043
5165	0.3874109293667402	0.3544484429262116	-0.7125247126278977
5166	0.6334674548309788	0.19779491792640813	-2.043223630627682
5167	1.2561878163786455	0.3638241772640203	-0.6328822051337887
5168	1.552868825061151	0.4765128660248217	0.3243558538565917
5169	1.2214092959076466	0.4324860716187314	-0.049631310998184214
5170	0.7505769318047169	0.41165168609669456	-0.22660973693146352
5171	1.0910858492896203	0.4836969523701218	0.385381329833081
5172	1.3313369518604283	0.40932411618980175	-0.24638136196623378
5173	1.0642649139544886	0.3542073933145364	-0.7145723170941289
5174	0.516657624544988	0.32208550402306263	-0.9874328436882583
5175	0.17989132709908598	0.2762183747694692	-1.3770527981041556
5176	0.20613370081188806	0.22537654445948566	-1.8089305268862472
5177	0.22102544372778432	0.2090337529465154	-1.9477549483822387
5178	0.2935629244286413	0.22906059057923925	-1.77763626660437
5179	0.3438595262252893	0.22745195959960918	-1.791300839451086
5180	0.31581579697155016	0.3121153792824641	-1.072124421516807
5181	0.334434536346192	0.30451684165215986	-1.136670468616859
5182	0.3228430841305029	0.11451258373080848	-2.750668368961658
5183	0.21238577397415648	0.25109839786559424	-1.590435331859511
5184	0.17970012225906312	0.30014108082344637	-1.173840523999923
5185	0.23404011812425501	0.23911143401667334	-1.6922590209458663
5186	0.3874062062272499	0.1989012339787508	-2.033825989726719
5187	1.2369390639640057	0.3327007194164482	-0.8972615204554709
5188	1.7709735029076796	0.589892551223704	1.2874636065707303
5189	1.6003920235914308	0.6383725852857798	1.6992789734517366
5190	0.9914038121937595	0.5509825310766726	0.9569410619355591
5191	0.9303348802911335	0.4987892396615175	0.5135832989163007
5192	0.7734039853722444	0.5298953299531516	0.7778150849187734
5193	0.5464402857655475	0.47361123503616537	0.2997078466250631
5194	0.6769644990569842	0.44492549110912627	0.05603577856417715
5195	0.753045606060017	0.44357015300265784	0.04452281100214062
5196	0.8684575404498274	0.3998833320719419	-0.32657643712155787
5197	0.7378908093339709	0.3612014264501497	-0.6551612548404903
5198	0.743620985138922	0.31754940662314635	-1.0259648837557755
5199	0.7730089254111389	0.31074387440754414	-1.0837747182662079
5200	0.65551402318447	0.4962040853148122	0.49162361373189445
5201	0.27417377371647267	0.43943010520767467	0.009355028334891932
5202	0.36783154896931225	0.32573335564574796	-0.9564460388440187
5203	1.0607996628472254	0.3534092635537674	-0.7213520586229586
5204	1.3460646825856901	0.44190857479042356	0.030408476012264398
5205	0.893596177991017	0.40569077637413065	-0.2772448957516697
5206	0.9094867642158403	0.36666199702145696	-0.6087762446665463
5207	0.6545700705510762	0.4450456427770425	0.05705641116400025
5208	0.2738028519919338	0.4895312649217071	0.43494110449935114
5209	0.3548674068845574	0.3277317617698806	-0.9394705072234516
5210	0.48879820035509547	0.2855794097482226	-1.2975351548363074
5211	0.4852706355920736	0.34256342943362034	-0.8134823808005345
5212	0.4111104783871909	0.3281037811049733	-0.9363103758016821
5213	0.3259938270773142	0.34669995907326073	-0.7783444832284855
5214	0.33761795784927623	0.3683920090909496	-0.5940805958517285
5215	0.37025506709146055	0.3135959517615652	-1.0595476461396647
5216	0.8262776471737747	0.3699724076387872	-0.5806558443970864
5217	0.971546637411246	0.588357801404366	1.274426619857562
5218	0.8342541935152987	0.5539589088801019	0.9822240086332916
5219	0.9106342251721393	0.547297521252146	0.9256386154293459
5220	0.8943679599700147	0.46373095013875953	0.2157794165273424
5221	0.37890658860898696	0.40824314323400024	-0.25556372503577784
5222	0.7064578335271804	0.3182802237350858	-1.019756931907167
5223	1.0024086205057887	0.42474208940743324	-0.11541284224427012
5224	0.7338751933171471	0.3958278113768631	-0.3610262013440597
5225	0.6098046003367635	0.4674665768314215	0.24751182981317582
5226	0.6323370162178588	0.475857707007427	0.3187905823724935
5227	0.5822600357430805	0.4429089708926933	0.03890637614482283
5228	0.48233639596891054	0.5711458488194193	1.1282190788432065
5229	0.473194707248907	0.5179603962831275	0.6764333680303717
5230	0.44294447797303443	0.47934289555561993	0.3483956399676632
5231	0.7736138788976515	0.4905864281670644	0.4439042260691454
5232	0.8274546814142143	0.6449432096262464	1.7550933746945618
5233	0.7506161363943855	0.603066449031893	1.3993697482245415
