ID	SN	ssim	z_ssim
494	0.248124571041285	0.41692257143794836	0.2563946287410483
495	0.3106820078138812	0.4024638993496221	0.1578343670583384
496	0.33607852376213543	0.1957640624781787	-1.2511740043446855
497	0.3882636065875564	0.22323448169444898	-1.0639167175102093
498	0.4306670629824063	0.38446043587012946	0.035110367171339155
499	0.977288240809259	0.3672012220395797	-0.0825403147989819
500	1.280395074337045	0.26605233975386006	-0.7720407230033574
501	0.7036639440027865	0.34526067425110496	-0.2321021914556926
502	0.20275879401877217	0.31210471168446674	-0.4581160554500513
503	0.2866040881316358	0.17064151434752184	-1.422426585686037
504	0.3480321080688047	0.4649209563717454	0.5835846604758448
505	0.9474150021672293	0.5320578557230612	1.0412359806115268
506	1.5369724822281778	0.48114467559537727	0.6941766984154141
507	1.1531435597227702	0.6025845267219166	1.5219943176700066
508	0.34610348822024717	0.7193549870740991	2.317982155198584
509	0.7233689904587783	0.5927127745041572	1.454701659263651
510	1.0908816041449145	0.4283587915830079	0.334351777452388
511	0.8916082771757998	0.4672709780667113	0.5996040260027032
512	0.6556351781343396	0.4062368061207526	0.1835530967172896
513	0.8166518770968669	0.5156859843144218	0.929634035397347
514	1.0704711527542023	0.5762129029432118	1.3422271769015481
515	1.0206102410626468	0.49493000220444316	0.7881469738093865
516	0.7211338480340365	0.5525427698911515	1.180875256516051
517	1.0844366523031392	0.6035234174751707	1.528394443336243
518	1.5935366465042577	0.47037040251031603	0.6207318365209396
519	1.1912806745577922	0.5755968514231187	1.3380277456771943
520	0.24360361944958123	0.5870762110105975	1.4162789625234027
521	0.4126642935140058	0.21355687989263705	-1.1298859130366614
522	0.6979425824735125	0.16890142467777064	-1.4342882346780303
523	0.7439903028812097	0.21255651254727354	-1.136705105472561
524	0.7061565215097866	0.3087440670661703	-0.48102452249173183
525	0.5139155929839597	0.2560073678604625	-0.8405141659558446
526	0.6364417194916002	0.213577996405319	-1.1297419683505212
527	0.4508884154204985	0.2591521877520076	-0.8190769088161708
528	0.6985486139483379	0.181540543279072	-1.3481313020653292
529	0.7110472660920192	0.34604496178471367	-0.22675594775677282
530	0.4023753313925551	0.5136984852548224	0.9160858736981539
531	0.7953174057996706	0.507304720897304	0.8725015746446199
532	0.9988061534384056	0.41738087965738047	0.2595187730443855
533	1.0627360453738361	0.4465057212554727	0.45805374166664903
534	1.2631646994600643	0.36636916532314656	-0.0882121861302863
535	0.6036196383817571	0.24714002959846995	-0.9009600474442785
536	0.29086549463933153	0.2213840948086142	-1.0765302282508933
537	0.5987368998888184	0.14176726494001232	-1.6192533454403908
538	1.0371642887676016	0.11032027133076315	-1.8336177006403778
539	1.4738665712774377	0.34456142250071015	-0.2368687727212467
540	1.4803975951343022	0.591014954017141	1.443128146117469
541	0.9568372388932812	0.5700638611784695	1.300311075496895
542	0.6270863913412071	0.5240082190746569	0.9863641161919704
543	0.7415314144472929	0.4533636694990479	0.5048022376117904
544	0.9100510978090784	0.48568774717165825	0.7251454015346345
545	0.8053981865970015	0.4449988210244238	0.44778167240644134
546	0.7525186814142899	0.3852823533987529	0.04071312281915114
547	0.8025725368920703	0.6544908405942143	1.875823483100008
548	0.8175901402236514	0.6614883072432095	1.9235230325349688
549	0.7741223003971021	0.6645080574174682	1.9441077283889987
550	0.8623399015555688	0.4836931708722196	0.711548996497029
551	0.8663821773552766	0.5691503996280213	1.2940842927813534
552	0.8516093822386491	0.6478691698523342	1.8306856172497015
553	0.6925733741865728	0.6162697759598795	1.6152823968135783
554	0.6071349493173855	0.6036877978577373	1.5295149731762103
555	0.8085779028834597	0.40722090832501173	0.19026141475519742
556	1.042903875359109	0.2572273757919293	-0.8321977520939223
557	0.8952139589099173	0.2921335630817038	-0.5942531516071621
558	1.0698747606445858	0.38124799918908464	0.01321218744994224
559	0.9352830295167058	0.39781916634146064	0.12617266964005835
560	0.6592311419453861	0.33414226091132077	-0.30789295021772484
561	0.34943803128647544	0.5125869010545779	0.9085085506224809
562	0.3350733974916329	0.4423466879093569	0.4297029074796524
563	0.4439447460295143	0.11247732677117145	-1.8189137259342631
564	0.5001651188057341	0.17832518056114083	-1.3700494276683015
565	1.3158651689989824	0.31228549310352954	-0.4568837248555573
566	1.8054567177097653	0.6379378626595142	1.7629869911382474
567	1.1264306053292956	0.6145929684648995	1.6038521226855555
568	0.5406385447415041	0.5603795433010357	1.234296098575946
569	0.9904299534842432	0.45564485183834436	0.5203523467043513
570	1.3102192939945667	0.39641474912876346	0.11659919517784305
571	1.3905648326435653	0.3466484774738119	-0.2226419693856078
572	0.8446695242836074	0.2521953026718897	-0.866499826343055
573	0.41399312854794884	0.26326921473650183	-0.7910124189053617
574	0.3337364061732482	0.26598005002881353	-0.7725334995304154
575	0.8434875121178489	0.2988388751017417	-0.5485451292298693
576	1.4974772818986373	0.42772389383279114	0.3300238773505765
577	1.627257137426738	0.6268145197385704	1.687162628957719
578	1.0907638667862503	0.6778103873416016	2.034785565904304
579	0.9006975392753682	0.6849221225924608	2.083264048787166
580	1.1202304183572533	0.5539972462390619	1.1907899685024375
581	0.5662692387812288	0.4066338085044938	0.18625933824425445
582	0.44854974548616566	0.5292550940824392	1.0221304279683487
583	0.622713644183525	0.5875959118956787	1.4198216014958778
584	0.619225344351694	0.5713712889706231	1.3092234033053345
585	0.6308539101575467	0.6021588386493403	1.5190925347419457
586	0.8135691390511215	0.5900102677259549	1.436279512773866
587	0.7060152791314313	0.5003815097388133	0.8253082017472274
588	1.1143243717972033	0.5141740126282077	0.9193273956077618
589	1.3810483133934754	0.4331990187216716	0.36734609743393165
590	1.0742862416198766	0.29405517238699097	-0.581154139829037
591	0.28351124958106855	0.3158671774719387	-0.43246849872284093
592	0.5474362171274398	0.23476353491353705	-0.9853267546639914
593	0.6865040612483733	0.15628945257109395	-1.5202601180968893
594	0.6127583680436477	0.16793752325092884	-1.4408588503117143
595	0.2976068781031471	0.19225772986064382	-1.275075581074535
596	0.2645266402281516	0.18319807524086623	-1.3368324232399496
597	0.25908474035339824	0.17984144827407753	-1.3597135032033747
598	0.5562968917118714	0.16470726083780282	-1.4628785424934447
599	0.8377288028072439	0.11031401361577156	-1.8336603575333028
600	0.8584158019673115	0.2516251758457615	-0.8703862032407578
601	0.5387493018246619	0.3099645894841621	-0.47270460153550437
602	0.8167727784799327	0.33037330014883337	-0.3335847811655021
603	1.5736931634720697	0.3420326523411325	-0.2541066108256623
604	1.36816921976758	0.305514448004616	-0.5030398291462937
605	0.5982014865178802	0.2817471893151518	-0.665053824733452
606	0.943177781348518	0.38546402898464116	0.041951548670233624
607	1.1035322507215977	0.3694347504000314	-0.06731504802917908
608	0.8443086630964376	0.40636680598658614	0.18443926528913362
609	0.5020326524059348	0.39189230284156323	0.08577108822655992
610	0.5232813559983989	0.15956635127480384	-1.4979225208561202
611	0.2951993299289309	0.26354673164443	-0.7891206726302069
612	0.8012421361155705	0.5190006117549455	0.9522288176790803
613	1.8037137364211895	0.48415893469018273	0.7147239632920674
614	1.7381878231937673	0.491026522296358	0.7615381677680144
615	1.143988953290407	0.5591198025917706	1.2257088387502133
616	0.7177371454280302	0.4997171584583581	0.8207795261087656
617	0.4918031058269758	0.5001781718725227	0.823922110881539
618	0.4608364240981499	0.4148920972894441	0.24255351925367455
619	0.8640024078634154	0.3997518345015855	0.13934706618519785
620	1.361054951385806	0.5431420530356053	1.1167934993790471
621	0.8185049390066976	0.47027244395494516	0.6200640835770708
622	1.2726659588567868	0.5993812534386656	1.500158601975661
623	1.7244058000310636	0.5913566087947475	1.4454571002621053
624	1.1632066348051635	0.39403046100671435	0.10034624609644921
625	0.35318992452086134	0.2949729863820253	-0.5748976878551608
626	0.22913982852213458	0.38743235148304256	0.055368989727980496
627	0.5583473751076571	0.3802833925293151	0.006636764463170749
628	0.6794752765473558	0.28473758952060213	-0.6446691984700775
629	0.8147469890665593	0.3476004405491292	-0.21615273377376312
630	1.0706381594297407	0.4335933359034988	0.3700340347762728
631	1.2355478017592165	0.5332863517757271	1.0496102553504008
632	0.890452191458253	0.557272238857952	1.2131145725570078
633	0.8434269686833088	0.538904706261455	1.0879088269589687
634	1.0729016131453997	0.4355357955996929	0.3832751771713329
635	0.736270613490987	0.29324709927718173	-0.5866625223883083
636	0.5382173452754813	0.4511044674994151	0.48940196164469874
637	0.8855835350100506	0.45963469686719505	0.5475498768588999
638	1.5430888140891945	0.24641979245512396	-0.9058696795936306
639	1.4175623263563712	0.5393061294022021	1.0906452034087448
640	0.8448678126591812	0.492593664559913	0.7722208881898103
641	1.2237739714950495	0.5306425764826838	1.0315884630916896
642	1.488186334365764	0.5980572045753677	1.4911329735050705
643	1.127826806290832	0.5174829636361823	0.941883483417828
644	0.8762065797013033	0.4291335999853799	0.33963340486777194
645	0.5825543814800662	0.31878365283242327	-0.41258779508944043
646	0.5058979247387622	0.19547747359287274	-1.2531275914624072
647	0.37510966876208685	0.19862094859220286	-1.2316995020338364
648	0.28485903062936657	0.23969993081527025	-0.9516768821949213
649	0.382473941567412	0.21083269522768888	-1.1484558309246327
650	0.4541972152269733	0.22166872056941794	-1.0745900231411096
651	1.0759105719160587	0.2118364432833755	-1.141613593240035
652	1.0019382514615605	0.2613041524788889	-0.8044076359176847
653	0.696663717588653	0.32985068588689526	-0.3371472797200772
654	0.3012820975926481	0.2954235363510743	-0.5718264291268809
655	0.3276447829954962	0.2536285165830191	-0.8567300537619159
656	0.34312984480161235	0.21873269022305475	-1.0946040270190711
657	0.3915446556739499	0.14409510362543293	-1.6033851945764237
658	0.3438635720186359	0.19632121030013372	-1.2473761012736164
659	0.4065814190771917	0.1852815317787451	-1.3226301493157981
660	0.8742654234793082	0.249056488228386	-0.8878961462149866
661	1.1226385154844067	0.3902132753659411	0.07432568118234109
662	1.4841100738474018	0.5357674854252394	1.066523370211284
663	1.2822488127943223	0.6195979327950667	1.6379694047623918
664	0.8240545636013167	0.5308388590205767	1.0329264599824342
665	0.68621285779879	0.37578878014266826	-0.024001607462279195
666	0.4851211314787656	0.39134626441526116	0.08204891444349173
667	0.41065368206997765	0.37707992629590703	-0.015200266512263269
668	0.6997273070098259	0.1448661132013147	-1.5981294625773463
669	nan	nan	nan
670	nan	nan	nan
671	nan	nan	nan
672	nan	nan	nan
673	nan	nan	nan
674	nan	nan	nan
675	nan	nan	nan
676	nan	nan	nan
677	nan	nan	nan
678	nan	nan	nan
679	nan	nan	nan
680	nan	nan	nan
681	nan	nan	nan
682	nan	nan	nan
683	0.9727052407902489	0.33966673536712383	-0.27023432951610354
684	0.8751701142587149	0.3793341996096275	0.00016641213895434933
685	0.6626856138475721	0.6318797978670406	1.7216910514012165
686	0.7841944544020404	0.6721336242974985	1.9960888413559081
687	0.7320012477340361	0.5828179458936453	1.3872516962794978
688	0.4023586240626087	0.4957547115615964	0.7937687604822324
689	0.4115142140925341	0.41098197888910787	0.2158994606794663
690	0.8328595890637627	0.3271338509204202	-0.35566709700403887
691	0.7595179971335534	0.41164142811801785	0.22039472056023401
692	0.559312595165162	0.4148446472166662	0.24223006689502888
693	0.5112691013731566	0.4082408979227394	0.19721436597032635
694	0.6731276479684228	0.36988634831567513	-0.0642366457755481
695	0.6460024359092028	0.46971685201758284	0.6162767864863894
696	0.8948568552399777	0.46324828080787717	0.5721825524345238
697	1.6822202196821217	0.42704341612631125	0.32538527289159175
698	1.4471554014045875	0.26294776371980944	-0.7932036503082064
699	0.48569146940892055	0.2988560202568484	-0.5484282560506739
700	0.2507488324168496	0.38333839260759256	0.027461747927512027
701	0.7650557943809463	0.2363492626097641	-0.9745173431396893
702	1.366625625281433	0.2932027655422924	-0.5869647316427523
703	0.9732059232627482	0.3496797147015964	-0.20197896986755173
704	0.7900078843365839	0.42453674021929183	0.30829804442134723
705	0.9967863578191577	0.37506695089356884	-0.028922092500383967
706	0.6088557529599565	0.49079876636221814	0.7599856265435171
707	0.6235163380221628	0.35647257102646634	-0.1556741852467855
708	1.1161332314252388	0.17860605876572286	-1.3681347684813818
709	1.0955858146805417	0.23360553682765364	-0.993220466733504
710	0.777623989599048	0.3634701370238526	-0.10797395858480424
711	nan	nan	nan
712	nan	nan	nan
713	nan	nan	nan
714	nan	nan	nan
715	0.6146420507307454	0.36437790464046527	-0.1017859896417455
716	0.9804348094155371	0.3532876143049375	-0.1773850426480981
717	0.8478692580622069	0.3104043781680934	-0.4697066991341933
718	1.0114379041733768	0.37365095151766753	-0.03857451895966215
719	1.4004320752828738	0.4254003938015191	0.3141853017398293
720	1.1183315804438791	0.30089234438217655	-0.5345472690943956
721	0.9888405896730259	0.23724549347778384	-0.9684080166164419
722	0.537703298583537	0.07288528104651912	-2.088800363056779
723	0.4334797368299608	0.19232632224467416	-1.274608008168934
724	0.2825170623398895	0.24514594586438254	-0.914553094817389
725	0.2627273306792631	0.21683605722190452	-1.1075327831155841
726	0.31935181127908696	0.21157481429743674	-1.1433970365023471
727	0.8637001681832669	0.17964920835228573	-1.3610239428400106
728	0.9160894028142593	0.3188702225680759	-0.4119976761803454
729	0.7765424945609593	0.40355780080707776	0.16529115238712208
730	0.9238743890693907	0.42551940696031615	0.3149965773537352
731	1.030279257079875	0.4069319591284157	0.1882917381309859
732	0.6397931894234062	0.462724097433437	0.5686093577290251
733	0.6514174061802077	0.454531681617146	0.5127642122181082
734	0.9160109726152157	0.4292141376212953	0.34018240483281953
735	1.379061715635743	0.42594628865439205	0.31790649682757466
736	1.2140689112147778	0.4688661610995651	0.6104778916101006
737	0.5300347744586439	0.5231384975149532	0.9804354953620744
738	0.28281726260590034	0.4692014998020083	0.6127637910387093
739	0.49583973227170786	0.12678919849539394	-1.721354156584348
740	0.45833104682350073	0.06127516128755332	-2.1679429312415266
741	0.3962453338956467	0.10476449104544852	-1.871489723425538
742	0.2951252143159732	0.3911268255444468	0.08055306804772998
743	0.292981075600124	0.4469667074251546	0.4611961407222746
744	0.29704446272770546	0.2404156064565897	-0.9467983443833241
745	1.02275671302546	0.2298622338517694	-1.0187373965460762
746	1.6772503239661425	0.33415150884717304	-0.307829909921074
747	1.3299718155282172	0.3308451972362809	-0.33036800578377873
748	1.292750234189147	0.27534641281623634	-0.7086859233696053
749	1.1365779558736149	0.3050765187241102	-0.5060250565739236
750	0.541642847298635	0.522126836103468	0.9735393147971393
751	0.6003105694485896	0.35873447791093205	-0.14025547092274623
752	0.6349179534729215	0.19106971209168308	-1.2831739279681627
753	0.5452244218844463	0.8436226430043936	3.1650760385349077
754	0.549265828166398	0.8126987877119626	2.9542777542082947
755	0.8323470143062532	0.11482055790362641	-1.8029406495558105
756	0.8995607820665603	0.17436638659088763	-1.397035292433235
757	0.5568524177177997	0.2893851775396973	-0.6129880393320069
758	0.33559935003642516	0.435237357371659	0.38124081677699917
759	0.7558208541697671	0.5084255106609568	0.8801416491771976
760	0.8680170634519088	0.38850266071163964	0.06266495418498748
761	1.0853253529220352	0.42826957529788034	0.333743617840301
762	1.0009747370163191	0.6433111112087878	1.7996147519635466
763	1.0577693995655377	0.7036815041157338	2.2111409064020773
764	1.1631534873450482	0.6271328418497276	1.6893325315866319
765	1.371162029757069	0.5374499388200067	1.0779921306786513
766	1.0452888578813335	0.4460721808267846	0.4550984316741061
767	0.6093623112406189	0.3115354872250147	-0.4619962811953389
768	0.6461567060573233	0.5373081385525311	1.0770255224463259
769	0.8861131109668224	0.5640532269532498	1.2593384551554312
770	0.9354308125406774	0.22331275372139775	-1.063383161495426
771	0.6746943483111099	0.21345603533945862	-1.1305733389281836
772	0.3196966661035092	0.1811119295697519	-1.3510530281473179
773	0.405266049615948	0.14182719576293124	-1.6188448156975717
774	0.38393664184770865	0.1460989072453342	-1.589725889770854
775	0.4321023871082186	0.17583239197970915	-1.3870419905679017
776	0.5163253669790081	0.113766975316884	-1.8101225937080345
777	0.8750711678153731	0.14636340120343302	-1.587922916886175
778	1.1075226970025402	0.17335169894432836	-1.4039521018995649
779	0.9418788088594987	0.21743305669513469	-1.1034632237572588
780	0.5504267270104269	0.37339386734237057	-0.040326981664187425
781	0.4539245449339312	0.3832047203373257	0.026550545719125365
782	0.45113299866045786	0.23486923719602368	-0.9846062151456525
783	0.32634728362199267	0.2523328227896627	-0.8655623945573737
784	0.5016271849897184	0.26391695178729446	-0.786596997292802
785	1.1255588496993219	0.1957457501555509	-1.2512988337411328
786	1.0733753878956318	0.4714008417673844	0.6277560198072314
787	0.750565811775408	0.4844437164517033	0.7166652318101213
788	0.4896426771883688	0.4983546368975341	0.8114916412488847
789	0.5403481967853264	0.46551852106505026	0.5876580727632723
790	0.8794285879658668	0.3674817958280109	-0.08062773072209344
791	0.8786020228005416	0.3423032828961673	-0.2522618066720982
792	0.5696378595904396	0.3971890623035884	0.12187744678137274
793	0.35714528717656835	0.544015741636087	1.122749162289627
794	0.8148158945690003	0.22228432188395295	-1.0703936608277422
795	1.1332894590991127	0.215133111959028	-1.1191412302617059
796	0.9042095552833552	0.4695240339173053	0.6149624055872015
797	0.9554477781850289	0.39385805768174964	0.0991710263584478
798	1.0597337896696462	0.4473906570301983	0.46408607305894656
799	0.7499399967709472	0.30154826590230965	-0.5300760565049744
800	0.5233330894176246	0.1534985718236148	-1.5392846823941093
801	0.5036827606985735	0.3584252171177301	-0.14236360537105383
802	0.6858558659715495	0.386000461345298	0.045608240897460815
803	0.7960723629787434	0.26543384524498725	-0.7762568073208819
804	0.6754004937456116	0.3782284137991728	-0.0073713851205487926
805	0.5378964022577795	0.40148312374303186	0.15114872540002858
806	0.6659509561907807	0.40330160369801293	0.16354473653665333
807	0.7267143720344322	0.23063998315704268	-1.0134357219121262
808	0.536151027066529	0.4263442581016468	0.3206193305251325
809	0.7729700256195596	0.41481255071068135	0.24201127501638042
810	0.8476375970095066	0.5111588470215196	0.8987739513221122
811	0.8666958159684595	0.48236825338958755	0.7025174469191364
812	1.270368832508982	0.4395374417031147	0.4105531515735109
813	1.1812195843846502	0.4772481663685185	0.6676154093355986
814	0.6099178751021646	0.361822407808665	-0.11920601514152356
815	0.7281595976512389	0.25579479579508113	-0.8419632034789613
816	0.7781792320339543	0.2148763221425184	-1.1208916864141125
817	0.9017032288842741	0.17329447401746098	-1.404342186392274
818	0.9167392236166576	0.12410644192558817	-1.7396416720585077
819	0.4900149298109823	0.30612576344558673	-0.4988726822973518
820	0.4702764139788349	0.3847681297024639	0.03720782013574531
821	0.8416176917600652	0.15391690740869574	-1.5364330190819537
822	1.0124505898785616	0.22985739833633725	-1.0187703587478227
823	0.7733696903879295	0.226730933917383	-1.0400824923511989
824	1.1797830101747673	0.25110546300464043	-0.8739289237138305
825	1.2033605451709066	0.28486352507383816	-0.6438107350505965
826	0.6073492939665851	0.31564941354346754	-0.433952927558633
827	0.6871772836673535	0.4000522942899645	0.14139520692639884
828	0.9918184174804603	0.4409842648596578	0.4204156941394098
829	0.9836330785862056	0.4880500174312266	0.7412482617092091
830	1.216742744689249	0.5606545614875891	1.236170811846198
831	1.2873541192620024	0.311646342827351	-0.46124061310158065
832	0.6493878963991642	0.4894898212585644	0.7510629556954398
833	0.8305778423304101	0.5585182261275612	1.2216080794707693
834	0.9811953583653004	0.6009602690420477	1.510922259254816
835	1.0322194326616967	0.608849074794486	1.5646977895783891
836	1.1004191309720945	0.6007300707093335	1.5093530689603936
837	0.92963112673484	0.5443384296907704	1.1249488261949423
838	0.7399553559248551	0.3077845066629755	-0.48756554672006347
839	0.4565560723688907	0.45337512169698707	0.504880303676145
840	0.5971988435247527	0.45661821078381626	0.5269874312951675
841	0.9946414316581843	0.3268508768244119	-0.3575960432296418
842	1.134321910659983	0.25003894535124327	-0.8811990421843173
843	0.5377730484827299	0.3464913808922808	-0.22371284782386094
844	0.34444844053486	0.4340842387784409	0.37338036668832647
845	0.3985840617348843	0.44965378683354185	0.4795131236398619
846	0.44608181609158293	0.4689608474327259	0.6111233388349286
847	1.0015786268658988	0.4259866301014027	0.31818149189971817
848	1.438954064635623	0.34124257068092373	-0.259492351279916
849	1.2064529310980212	0.29440392507791663	-0.5787768014213187
850	0.6502107712715148	0.31028127218678075	-0.4705458742436889
851	0.901541362064859	0.3244640925535085	-0.373866007779868
852	0.8700180192744702	0.3023043541143006	-0.5249220387934025
853	0.8128902357230885	0.4153618378542423	0.24575559429256247
854	0.5459897508040484	0.41089518179624607	0.2153077919471306
855	0.8566646110932993	0.35187867035437853	-0.18698937447159114
856	0.7895778728761575	0.3567111526831648	-0.15404784844536668
857	0.6807087923565165	0.2777326142107529	-0.6924199321060587
858	0.5892256172611083	0.26293295469227884	-0.7933045988337533
859	0.5024364547234861	0.18066944647293987	-1.3540692975215423
860	0.267416190268277	0.2568832516546705	-0.8345435390937496
861	0.3309366989434119	0.16910381156755727	-1.432908626322805
862	0.43356004880596144	0.04642731489005804	-2.2691560729064073
863	0.449598741525527	0.08194584582123779	-2.0270373166487743
864	0.4049566469350882	0.1871893544746969	-1.3096251165570123
865	0.3944416532667222	0.26672275255629974	-0.7674707278585582
866	0.5676720589903568	0.27033670842559976	-0.742835516961455
867	0.5722531909621487	0.24676736272739877	-0.9035004013653628
868	0.5662677916933204	0.12841728518209847	-1.7102559970228421
869	0.41462818135614943	0.21227433043577126	-1.1386286529866028
870	0.8617452911844353	0.28690931728086183	-0.6298652071320612
871	1.163031940623442	0.38845905358604893	0.06236769799968947
872	1.0244859691338697	0.42308021310642807	0.29836935300938006
873	0.7474970032596544	0.3663619670386036	-0.0882612545927211
874	0.9238113972058	0.3361356851921377	-0.294304398132045
875	0.8666113484249497	0.33048098649570795	-0.33285071689855034
876	0.5461213083146006	0.23229746353231884	-1.0021371947359639
877	0.5718152503479211	0.18263543178519695	-1.3406677883333735
878	0.4693663041407967	0.08004007633789785	-2.0400283532970542
879	0.38796117670095254	0.04377153776987444	-2.2872596778804484
880	0.35454323283165207	0.07792777756629707	-2.0544272357400084
881	0.33182164526128255	0.2033981873411398	-1.199134554275172
882	0.2787917462961982	0.2888287946651248	-0.6167807279951599
883	0.4072406187391468	0.35263876619657597	-0.1818080379938516
884	0.5625754066954799	0.2770217449383873	-0.6972657063983685
885	0.9394318014581938	0.3932407381177154	0.0949629512737246
886	0.7150771109559599	0.31893687451510955	-0.41154333062902726
887	0.7970032441563113	0.4211848033068873	0.2854489350970365
888	1.1404041578942707	0.4375141341604869	0.3967608946049747
889	0.6663450928941388	0.5006955138374476	0.8274486698304494
890	0.4620348125540403	0.5718909125617653	1.3127655153891156
891	0.7955654281375695	0.4424449920671584	0.4303730162875865
892	1.1961989756548401	0.4391913227896268	0.4081937668057876
893	1.041335097061846	0.48215022672939556	0.701031227123082
894	0.9223697361270498	0.334423053109799	-0.3059788773076116
895	0.6265131625534127	0.38333738374073567	0.027454870796554873
896	0.8594868750533129	0.3703582264542148	-0.061019999562624494
897	0.7221464954395579	0.4509864217815443	0.4885972807740909
898	0.5573907671298471	0.4058572119105856	0.18096552128444568
899	0.9798976422214938	0.47470058730430087	0.6502493567899148
900	1.2002170128434495	0.2329317832003761	-0.9978132352400783
901	0.6164175307713241	0.2696772675481661	-0.7473307199128112
902	0.23496446293524437	0.5269022060410147	1.0060915234509584
903	0.8252329615247056	0.27593874038461963	-0.7046482109306549
904	1.1275713583892266	0.15315364002256615	-1.5416359749862893
905	0.9372462875556199	0.5193531683458513	0.9546320860875047
906	0.5145383723263118	0.5157258141458567	0.9299055429455522
907	0.7070231625901054	0.5302810903339734	1.0291243246705457
908	1.3154970333558305	0.447463962574055	0.46458577410626084
909	1.0548317131313447	0.4440580115202732	0.4413684672133082
910	0.497572739072443	0.3479817577718962	-0.2135534131009895
911	0.3657515797899879	0.22051417652501767	-1.0824601900862596
912	0.4824098743004661	0.15515494309384859	-1.5279937156413759
913	0.5499293064174244	0.16138749627849452	-1.4855083429129858
914	0.6938527780530849	0.09935692162247423	-1.9083514389509963
915	0.51529805512693	0.13632322724115198	-1.6563636538374829
916	0.7142022301501403	0.31846737273288317	-0.41474377796153794
917	1.0588534988852205	0.3884665205517636	0.062418597977939166
918	0.9689054921518195	0.3561994355491742	-0.15753606467473652
919	0.4527862536945469	0.41621242786074036	0.25155380128646987
920	0.40574072940270695	0.4364246187506051	0.38933400759562115
921	0.27536678306712203	0.30467266717143904	-0.5087779867509883
922	0.30233169515793795	0.3914365320301299	0.08266424064278499
923	0.812886030471981	0.4986181292584335	0.8132877865575958
924	1.7327646469295894	0.5922310879870243	1.4514181523905696
925	1.682822319345407	0.46704308221730617	0.5980505310194462
926	0.7900827388968373	0.6797162245290941	2.0477770640706927
927	1.1428275790494524	0.7134034866721657	2.2774126317018233
928	1.6957919014897052	0.465137435983178	0.5850603345226334
929	1.272526842615579	0.47415580739094315	0.6465357618973816
930	1.2984466001554908	0.44329734319833686	0.4361832283195979
931	1.7161932226950876	0.42043736348758004	0.2803538707831789
932	1.3219677309169093	0.32003109913439054	-0.40408434240679125
933	0.36756800954781915	0.30692162873435525	-0.49344751664963354
934	0.28513277576799356	0.5639812097156898	1.25884753609065
935	0.6673598722958008	0.5393651883397799	1.0910477897809099
936	0.9776445189192997	0.3919012798143186	0.08583228145222288
937	0.8270604942091686	0.36215963875429563	-0.1169072168808105
938	0.6143846879979216	0.37635715963781124	-0.020127141575359386
939	0.5870673803043234	0.33353568959794105	-0.312027757827353
940	0.7496795672444422	0.3535921609841116	-0.17530904284599758
941	0.73022077005681	0.3137616767822734	-0.4468210407598159
942	0.8010548060101088	0.3214928133188163	-0.3941202923445003
943	0.8684482531538348	0.24532283303432773	-0.9133473101055145
944	0.3209296460099008	0.34389032046311535	-0.24144346616730297
945	0.3727622548024261	0.4804794959987143	0.6896423764035031
946	0.5080270451160611	0.38080068114562016	0.010162959751165301
947	0.7388758093796685	0.25445380503152537	-0.8511043196037861
948	0.5510214514478409	0.30781841389496367	-0.4873344116865505
949	0.35199604417051594	0.41125330733509063	0.21774902213812997
950	0.7112754228271001	0.4016136247742439	0.152038310260073
951	1.5404487419110404	0.3178249873450673	-0.41912271895539305
952	1.6643943119871636	0.6783772185326912	2.03864947748501
953	1.0591094525205866	0.6477435359210277	1.8298292098929159
954	1.2471663978577423	0.6694150393853879	1.9775570952379078
955	1.5139352402686188	0.7019816566720368	2.1995535761238885
956	0.9794875951424863	0.6722226076795591	1.996695413340371
957	0.6893611160463046	0.6085154922873712	1.5624238615860284
958	0.6945164100949012	0.3894713730469588	0.06926836428247565
959	0.891737503900209	0.4466670943176891	0.45915377154099873
960	1.1554864653734562	0.39049000819313495	0.07621208262348349
961	0.45488380612100726	0.3962683445138052	0.11560120054364073
962	0.28324297070156834	0.4393856442180907	0.40951839542472007
963	0.3010396383111612	0.4365967855780533	0.39050761520375527
964	0.401795506830687	0.39298533518013623	0.09322194904277543
965	0.3263854023433479	0.5869695276398572	1.415551735232188
966	0.5709262409767492	0.6299212055440797	1.7083399379171067
967	0.7844274594316287	0.4643181049635688	0.5794752103007038
968	0.6494911762456147	0.36856498795075204	-0.07324394759056953
969	0.7531233424606053	0.3318509822755484	-0.3235118826169222
970	0.6036836184626828	0.5707823402369445	1.3052087233295764
971	0.2855427889756268	0.5420841748022825	1.1095822731427933
972	0.3507004270332089	0.4596715803079606	0.547801299780134
973	0.8446892188483816	0.3468979247403966	-0.22094156510778507
974	0.6511663984333237	0.4062099321109092	0.18336990496728348
