ID	SN	ssim	z_ssim
5057	0.5851456865429562	0.2864933055276706	-0.7840602536830131
5058	0.6860865981677045	0.2557344478018449	-1.0730607191819093
5059	0.6464827791009995	0.19461118097011013	-1.647355536129972
5060	1.1309642819508086	0.3556141061473681	-0.13462314737666325
5061	1.1353535191719935	0.41931960551533226	0.4639335069792988
5062	0.8222883259128426	0.34702573119457203	-0.2153167928091838
5063	0.731733248633085	0.3177110279922781	-0.49074844072475965
5064	1.3777728921893315	0.41309518134539025	0.4054507928742993
5065	1.9997999766282697	0.41490895745060147	0.42249245753523057
5066	1.5040472139251806	0.3781760907155628	0.07736209930928592
5067	0.4496122847691238	0.4174796090305292	0.4466454839530752
5068	0.36364109314486526	0.264771914641514	-0.9881475489050342
5069	0.386868197436098	0.2649040944617904	-0.9869056292625707
5070	0.4769039012133867	0.36795958002234674	-0.01862899283178701
5071	1.0037573881383215	0.4431274717709476	0.6876246626047336
5072	1.0206937627241854	0.44503356732500154	0.7055337315083053
5073	0.8791998078373353	0.3913377464230057	0.20102483932688794
5074	0.7511432730177158	0.5275387612761319	1.4807263498588064
5075	0.8227386780920637	0.48550229163248915	1.085765021865706
5076	1.3420685631620592	0.5463064066497304	1.6570611896514496
5077	1.1323756370667835	0.6259577552799552	2.4054399830688142
5078	0.9187071978841876	0.5574505982748099	1.761768477417625
5079	0.9852940161821333	0.44226441024772023	0.6795156104354306
5080	1.1807747748697246	0.37645449891824945	0.06118656914956564
5081	0.7335019800363644	0.30927683692723257	-0.5699934232800852
5082	0.7938830990346907	0.3833796835146145	0.12625340582649738
5083	0.9357139660966355	0.38230961084293413	0.1161993426038044
5084	0.7075330717764906	0.4241827226081953	0.5096258118152166
5085	0.7157339822326975	0.4363264114103332	0.6237240578545978
5086	0.544532809161961	0.39922548633315486	0.27513554025364484
5087	0.7731473308158232	0.3436017760558794	-0.24748718865904948
5088	0.9182617135377885	0.3298989533115742	-0.3762345624091502
5089	0.7899359936059307	0.23678303680073237	-1.2511221624904445
5090	nan	nan	nan
5091	nan	nan	nan
5092	nan	nan	nan
5093	nan	nan	nan
5094	0.7593925136755246	0.34971676564638376	-0.19003268713206764
5095	0.6167157351176977	0.4652058096561584	0.8950657185484503
5096	0.5787806023745985	0.41889476085721555	0.45994180140118957
5097	0.9282765161494849	0.29134494156383156	-0.7384758212122168
5098	0.7127398616976676	0.44757583300706694	0.7294200530384409
5099	0.6630538348776192	0.5951568963820727	2.116044887886849
5100	0.8065551179299619	0.602230711875211	2.1825082133000624
5101	1.170328164709283	0.328851076806314	-0.3860800774963797
5102	0.8659155168067187	0.4093079620369367	0.3698672821716078
5103	0.6858967167696687	0.40119715393845623	0.29366070334065913
5104	0.810940995075882	0.3737951786429647	0.03620043981022208
5105	0.9237309672030927	0.20703779336881128	-1.5305990297664842
5106	0.961295304760868	0.3164627535966138	-0.5024768307915485
5107	0.6926096948378858	0.4791532987816952	1.0261118999687888
5108	0.7972306999953161	0.47161002633602145	0.9552377060173556
5109	0.9892757276598213	0.2073147476188595	-1.527996855527789
5110	1.1376921399887423	0.17759696412494896	-1.8072157179410226
5111	1.158330246886557	0.34209120987857994	-0.26167998906463436
5112	0.8660241553716937	0.20821790118850667	-1.5195111112140178
5113	0.5980964577043312	0.17883306330585425	-1.7956017223281593
5114	nan	nan	nan
5115	0.7674938707555278	0.3321752858617329	-0.35484686418933636
5116	1.2676102197282286	0.5390587883379678	1.5889648681128552
5117	1.1850947507642635	0.5427361822204361	1.6235164939674067
5118	nan	nan	nan
5119	nan	nan	nan
5120	nan	nan	nan
5121	nan	nan	nan
5122	nan	nan	nan
5123	nan	nan	nan
5124	nan	nan	nan
5125	nan	nan	nan
5126	nan	nan	nan
5127	nan	nan	nan
5128	nan	nan	nan
5129	nan	nan	nan
5130	nan	nan	nan
5131	nan	nan	nan
5132	nan	nan	nan
5133	nan	nan	nan
5134	nan	nan	nan
5135	nan	nan	nan
5136	nan	nan	nan
5137	nan	nan	nan
5138	nan	nan	nan
5139	nan	nan	nan
5140	nan	nan	nan
5141	nan	nan	nan
5142	nan	nan	nan
5143	nan	nan	nan
5144	nan	nan	nan
5145	nan	nan	nan
5146	nan	nan	nan
5147	nan	nan	nan
5148	nan	nan	nan
5149	nan	nan	nan
5150	0.6311170147330316	0.6824260887300404	2.9359985232619197
5151	0.7263292287489638	0.6594589527280317	2.7202066022835276
5152	0.7722423540745882	0.4392161446737942	0.6508750745065163
5153	0.8421322219351532	0.4491103794216442	0.7438381641430721
5154	1.1666676246847894	0.42732417380326027	0.5391418902667765
5155	1.1346248732849709	0.3399195885040718	-0.2820838543093852
5156	1.1603770039541155	0.2793957043762991	-0.8507470615923206
5157	1.128677885446436	0.3112294429922348	-0.5516473563763127
5158	0.7526789029448026	0.29280748985452154	-0.7247341816301613
5159	0.6573282657243132	0.33117196856792547	-0.36427371506715633
5160	0.7830529482268755	0.3868454890689923	0.15881701490040875
5161	0.8730580563585587	0.34556792911860357	-0.22901383846398413
5162	1.051141476477521	0.11829324720375362	-2.3644146213856767
5163	0.9481469953725449	0.39703083149385143	0.25451525988362445
5164	0.7347848664566682	0.49105870192648665	1.1379712895945584
5165	0.790929938921742	0.3161568322368682	-0.5053511707999001
5166	0.9791592818198126	0.17912058868181008	-1.79290022514531
5167	1.1304367624650997	0.3380651180101416	-0.29950787053186667
5168	1.547072099794444	0.3439571209342787	-0.24414848095457475
5169	1.6856416533850302	0.22043401550508754	-1.4047323780260375
5170	1.0896022800921803	0.253407423385769	-1.0949247020862087
5171	1.2591011163783696	0.4179366947704928	0.45094011650412286
5172	1.8789657773348494	0.3698609950155637	-0.0007639009924077395
5173	1.5552885799770961	0.3413992051236817	-0.26818184612563706
5174	0.844110547289584	0.3430254842155777	-0.25290184389738624
5175	0.3407049249827627	0.3090822958923321	-0.5718212691040757
5176	0.29994139301197936	0.2584771446547203	-1.0472912099800822
5177	0.3137637320340241	0.27616573715110576	-0.8810948085713415
5178	0.376081723192974	0.27895550776680084	-0.854883009233485
5179	0.4016923466674697	0.26803120608401354	-0.9575242808865971
5180	0.405537699966269	0.2790609171995766	-0.8538926156560737
5181	0.3818094115887715	0.24984837109721386	-1.128364427881479
5182	0.3802873493825383	0.2055398172214999	-1.5446735382458987
5183	0.322918151270369	0.28419353247397866	-0.8056681914349001
5184	0.2998329698913056	0.32513834380479867	-0.4209637384982037
5185	0.3602764442119583	0.2232616976455787	-1.3781643740328746
5186	0.5857565703520221	0.24759296465172126	-1.149555511063001
5187	1.9024480609494103	0.33882772065253874	-0.29234269812501185
5188	2.8260536634425955	0.546484466606957	1.658734184500085
5189	2.4455945117292925	0.6219583760984563	2.3678630855304723
5190	1.2100720401279532	0.5202757717581898	1.4124856053451869
5191	1.2007019282474531	0.4528760721184381	0.7792194176343381
5192	0.9793447625419718	0.45837765105217976	0.8309105073036173
5193	0.7000510732778384	0.3825138957135092	0.11811873841547017
5194	0.8019817453818334	0.3763316846503974	0.06003264526541092
5195	0.8663497524624808	0.3602731833205328	-0.09084793687171143
5196	1.0208890678586027	0.3458164277556778	-0.22667902413406216
5197	0.9957836836241338	0.3267880991515247	-0.4054631608300416
5198	0.9875819109801455	0.27790857139820185	-0.8647196910950091
5199	0.9805743528103997	0.2936282571312595	-0.7170225127782853
5200	0.8895517204979454	0.48625103730128655	1.0927999985462946
5201	0.46750725086383715	0.47492616174171964	0.9863950618738927
5202	0.5898266765324093	0.307529803240676	-0.5864079973568453
5203	1.5621750289193068	0.3222785594753324	-0.44783336447096117
5204	2.055529301093187	0.3931409616019954	0.21796727687667897
5205	1.2604278122642811	0.3499989583791062	-0.18738129377266077
5206	1.240906058490918	0.3268641958901462	-0.4047481800241678
5207	0.8716371948117331	0.444834607705817	0.7036643700686724
5208	0.5724000787103886	0.536609572702708	1.565952815291955
5209	0.7101680945560678	0.35086008036749194	-0.17929046485719496
5210	0.9320804130449177	0.24698803544909317	-1.1552392338693458
5211	0.8036648467499223	0.2863093681846287	-0.7857884705835095
5212	0.5858863023150297	0.27257006020633817	-0.9148786480131096
5213	0.6104300555636376	0.27332054517885274	-0.9078273293867832
5214	0.651408058008232	0.40727200322325796	0.35073805929426705
5215	0.7352895650322437	0.32767915189218255	-0.3970911120651104
5216	1.0744346535364755	0.2557282768861495	-1.0731186991473687
5217	1.1217064607840175	0.5036999478033863	1.2567444240026873
5218	1.0217738618760996	0.427265985068969	0.5385951673862697
5219	1.4766867122322633	0.34732717408353064	-0.21248453109105028
5220	1.3037699709303079	0.45431767955435515	0.7927643035907789
5221	0.8930356849851543	0.4634041867691504	0.8781382416687871
5222	1.5672503180903214	0.28944908136733877	-0.7562887219444574
5223	1.9290159921000616	0.30166036359948245	-0.6415553894883287
5224	1.4387650103434664	0.25644512879702347	-1.0663833860943617
5225	1.0397061076778118	0.3533353975288624	-0.1560331703805919
5226	1.2580394576159635	0.31788192418289357	-0.4891427543536958
5227	1.212974635865269	0.30139791854499853	-0.6440212399301691
5228	1.1629122606264075	0.44155676860551973	0.6728668341438898
5229	1.031324776314284	0.4305393926447115	0.5693510661127333
5230	0.9265889446268157	0.4015677746497726	0.29714293792325336
5231	1.1755147219343804	0.36288060161976665	-0.06634946202762686
5232	0.9357383783191344	0.5350155200227282	1.5509756022026298
5233	0.9429530485012567	0.49006026778785067	1.1285903192930014
