ID	SN	ssim	z_ssim
5057	nan	nan	nan
5058	nan	nan	nan
5059	nan	nan	nan
5060	nan	nan	nan
5061	nan	nan	nan
5062	nan	nan	nan
5063	0.2684093011678278	0.08491911936767066	-0.6591862855380825
5064	0.40435256446452095	0.09688112109917128	-0.45716003278715284
5065	0.4666478469273897	0.11298913288387617	-0.1851118143387259
5066	0.4572870920701136	0.12039745375954206	-0.059992679658621886
5067	0.577738635223823	0.11380441644621983	-0.17134248987892617
5068	0.7582213302247135	0.047782372261876496	-1.286388824506561
5069	0.8455046685003849	0.11838022649025498	-0.09406163193839501
5070	0.6345870732537433	0.2577990194857157	2.2605824271539663
5071	0.591825538857655	0.2724470570998435	2.507973141163307
5072	0.6202588342055783	0.17188601420695956	0.8095976414444799
5073	0.5213862534894854	0.1443032753413819	0.3437527520439311
5074	0.40485894286906143	0.235749262160979	1.8881840655442084
5075	0.4414086310336964	0.21704461867339384	1.57228133307028
5076	0.45204330949589244	0.11405906939741602	-0.167041656068925
5077	0.4479812193294275	0.07436936837189131	-0.8373610349631786
5078	0.43903369623518224	0.07567006062684703	-0.8153936428703591
5079	0.47688053969030053	0.06923489553567795	-0.9240771490580304
5080	0.577588492844845	0.08151569260616369	-0.7166667616801995
5081	0.6007173371158047	0.19012991397191725	1.1177188729748146
5082	0.6438550992877531	0.24848585283826552	2.103292351357157
5083	0.5471666640368906	0.16468807231931626	0.6880315975899531
5084	nan	nan	nan
5085	nan	nan	nan
5086	nan	nan	nan
5087	nan	nan	nan
5088	nan	nan	nan
5089	nan	nan	nan
5090	nan	nan	nan
5091	nan	nan	nan
5092	nan	nan	nan
5093	nan	nan	nan
5094	nan	nan	nan
5095	0.3794122234753712	0.15940740961447358	0.5988464827365113
5096	0.398431296357346	0.11098467025554846	-0.21896518459145908
5097	nan	nan	nan
5098	nan	nan	nan
5099	nan	nan	nan
5100	nan	nan	nan
5101	0.41658085643200216	0.08712757867799902	-0.621887615229115
5102	0.5192408505051211	0.03515323856125235	-1.4996822693911824
5103	0.465647653122294	0.06796496444261857	-0.9455250158734194
5104	0.45224276437201616	0.13503077747215972	0.18714953126133926
5105	0.5766915826281914	0.1366984406537581	0.2153146955031898
5106	0.6075263891675159	0.1688778639038481	0.7587929895902
5107	0.5522671382286483	0.20670012904740956	1.3975732430141605
5108	0.5606411412734591	0.14565838114777066	0.3666391346319566
5109	0.4371909597625055	0.0736450944200734	-0.8495932980689058
5110	0.32943904780821753	0.04723765557656276	-1.2955885448556261
5111	nan	nan	nan
5112	nan	nan	nan
5113	nan	nan	nan
5114	nan	nan	nan
5115	nan	nan	nan
5116	nan	nan	nan
5117	nan	nan	nan
5118	nan	nan	nan
5119	nan	nan	nan
5120	nan	nan	nan
5121	nan	nan	nan
5122	nan	nan	nan
5123	nan	nan	nan
5124	nan	nan	nan
5125	nan	nan	nan
5126	nan	nan	nan
5127	nan	nan	nan
5128	nan	nan	nan
5129	nan	nan	nan
5130	nan	nan	nan
5131	nan	nan	nan
5132	nan	nan	nan
5133	nan	nan	nan
5134	nan	nan	nan
5135	nan	nan	nan
5136	nan	nan	nan
5137	nan	nan	nan
5138	nan	nan	nan
5139	nan	nan	nan
5140	nan	nan	nan
5141	nan	nan	nan
5142	nan	nan	nan
5143	nan	nan	nan
5144	nan	nan	nan
5145	nan	nan	nan
5146	nan	nan	nan
5147	nan	nan	nan
5148	nan	nan	nan
5149	nan	nan	nan
5150	0.5105267585314281	0.17755613074979634	0.9053602423471189
5151	0.5939599675383471	0.14312192581661784	0.32380093937626686
5152	0.6342774341832838	0.10608929548472663	-0.3016431713498264
5153	0.5611336634979586	0.14634130499629638	0.3781730358241434
5154	0.4780755058318819	0.12145854169402273	-0.04207196504462537
5155	0.49194104340897693	0.21867686741626163	1.599848382840104
5156	0.47266110159289526	0.20748940318839224	1.4109032943446191
5157	0.5375036136137387	0.1774169061859855	0.9030088786248148
5158	0.6672096106580778	0.08724722401200302	-0.6198669251280334
5159	0.683838842746577	0.0696890823442381	-0.9164063878391387
5160	0.6952994946956249	0.08618196553541851	-0.6378580760295418
5161	0.73217916183532	0.18701608641112138	1.0651294378668463
5162	0.6961912184047685	0.11356118763842266	-0.1754503813258015
5163	0.4363797615922571	0.1506951505683354	0.45170513569493376
5164	0.4525210746571339	0.16564978469563701	0.7042739583564317
5165	0.560514652173092	0.10779330599105769	-0.2728641371238307
5166	0.6706320107682943	0.01952376188015918	-1.7636485082543811
5167	0.5914277533854789	0.09956642059083694	-0.4118080084360301
5168	0.4315709841270049	0.11441671787583882	-0.16100133075217163
5169	0.37029767432927524	0.05218054827905379	-1.2121080277274192
5170	0.32074834023895343	-0.002419173287647776	-2.1342427504065684
5171	0.35356568436457125	0.1348165357925617	0.18353120343596588
5172	0.558715334249939	0.1473152000441133	0.39462114973512985
5173	0.6268932700861921	0.22520290743530702	1.7100666757265195
5174	0.7199492500830948	0.26359272251398425	2.3584322802659647
5175	0.8101822583041028	0.2569066233660756	2.2455107486784827
5176	0.8950843645925236	0.05813978396281039	-1.1114624935206676
5177	0.9555220780878844	0.03206346198160438	-1.55186550746747
5178	0.96450185186473	0.22236686823778898	1.6621688084138513
5179	0.9309320879407497	0.1980605825888626	1.25165993889789
5180	0.9754752824319542	0.1509759383305857	0.456447360340861
5181	0.9331831483200549	0.13152709839461146	0.12797589370744214
5182	0.8130471086483059	0.07321777022728541	-0.8568103765576532
5183	0.7867195722695247	0.1370334194342723	0.22097215228152695
5184	0.8075169149112227	0.14183788738715375	0.3021148137498433
5185	0.7944585587274878	0.11150342580366615	-0.210203921900451
5186	0.7829761656686786	0.1385694391581401	0.2469139901051535
5187	0.6857792052447266	0.15197631719644	0.4733427594668746
5188	0.6426485976010603	0.11341043018465342	-0.1779965240319227
5189	0.46391070543308566	0.08140520808351422	-0.7185327348340964
5190	0.3107979994724377	0.09342308038728736	-0.515562883962332
5191	0.27953595061376096	0.0672207985932277	-0.958093233246415
5192	0.29579244457398635	0.06772189771651053	-0.9496301699225723
5193	0.3661103669590757	0.031552050047412815	-1.5605027438594987
5194	0.3291468419724511	0.047412322689287044	-1.2926385919084045
5195	0.319074812663664	0.06552383663096088	-0.9867532246084646
5196	nan	nan	nan
5197	0.31068425734508026	0.06436352015203327	-1.006349810155313
5198	0.49235430709368466	0.112226884823366	-0.19798542218364099
5199	0.5879575824367202	0.0898217048405022	-0.5763865172301532
5200	0.4924307878697023	0.08313855085168678	-0.6892583080243541
5201	0.5370800561198911	0.14736430607907783	0.3954505015822554
5202	0.496900273762136	0.11193882082587384	-0.20285053516991824
5203	0.4770785245122106	0.1275679391032466	0.06110965061268138
5204	0.4568855706296267	0.17274879698836731	0.824169180236923
5205	0.4282463680778941	0.12516570025851845	0.02053823765801465
5206	0.4886454721796132	0.13226338349661665	0.14041101313421248
5207	0.5347578534498604	0.20430593276643474	1.3571376609224268
5208	0.5234714518975352	0.24106156316196234	1.977903519595737
5209	0.5618960636753673	0.16295504494247864	0.658762497424612
5210	0.7468097997973505	0.10604102163945553	-0.30245846834483664
5211	0.6907317745522119	0.13297643346537513	0.15245371438488117
5212	0.5895217068741433	0.10472125606060054	-0.32474798981377284
5213	0.6774346180315954	0.08532944872269001	-0.6522562328722344
5214	0.6196828284500979	0.12765010824585854	0.062497405300087294
5215	0.7076565547528929	0.20267206792980733	1.3295433169443527
5216	0.6689914708686975	0.1575139828513341	0.566868397262066
5217	0.5538791528972052	0.13808184065035126	0.2386789386826047
5218	0.5219588938207556	0.08630835582781819	-0.6357234703230102
5219	0.59212108554706	0.12582377567866282	0.03165247373182792
5220	0.6541618583917207	0.20415966992669604	1.3546674277547368
5221	0.5852468856757322	0.1280755660480487	0.06968296231716879
5222	0.5600900849529765	0.10743774232126542	-0.27886925210666297
5223	0.4415945227696165	0.09098073801089068	-0.5568116054818132
5224	0.3005308613884034	0.07447387683010209	-0.8355959915643383
5225	0.23754963158635697	0.03358291073315338	-1.5262035368029656
5226	0.2996995084757191	0.032040673359800854	-1.5522503845116025
5227	0.3519095694167089	0.024108166307724554	-1.6862224997664508
5228	0.3256447362601928	0.06037022802924246	-1.0737925226557419
5229	0.31642995316773304	0.0805712243970771	-0.7326178856983205
5230	0.3018362407186878	0.07981849536620235	-0.7453307266473402
5231	0.2578847628404073	0.09354764744790584	-0.5134590708181926
5232	nan	nan	nan
5233	nan	nan	nan
