ID	SN	ssim	z_ssim
245	0.5605148449387962	0.2539614783621918	0.9210358198158037
246	0.8367889327534734	0.25407694982439855	0.9224083315826774
247	1.1016217213135944	0.167376705743757	-0.10812425991115106
248	1.0232962123026135	0.3951167379857159	2.5988291991229553
249	1.215804967400983	0.32610595143373255	1.7785562522521858
250	1.2776067340125021	0.16945369684358652	-0.08343682052371273
251	1.106444814448271	0.06557973482162852	-1.3180988956576054
252	0.7879625476288806	0.1539702213455928	-0.26747581948474775
253	0.7905446488170468	0.11488501612776972	-0.7320486502685625
254	0.8122849528683969	0.1967509882583404	0.24102303262553093
255	0.9099274811359068	0.2129286510773428	0.43331325009796756
256	0.9366902192348923	0.21136830226033715	0.4147667012724817
257	1.0099027573808432	0.1490638055848405	-0.32579424064364704
258	0.9249051592897267	0.2337597447642384	0.6809148709289339
259	1.0695228096833624	0.16359849016495714	-0.15303271816210443
260	1.0744168036055475	0.04484416459131044	-1.5645651098204694
261	0.9616488639026858	0.11579177088776105	-0.7212708221024261
262	0.8201439300358493	0.2385017278230236	0.737278819406916
263	0.966616222867182	0.1344344210237524	-0.499681381834108
264	1.1210906322388954	0.1700784793398668	-0.07601055855825806
265	1.07543358142644	0.1850110572330404	0.10148038575353062
266	1.0525740820850347	0.09523987105396536	-0.9655539013535489
267	0.8875424387390831	0.007931666227847111	-2.0033128088653562
268	0.5411185338398156	0.059496355021307464	-1.3904068945236183
269	0.6514981526857438	0.0646738758485791	-1.3288660763607678
270	0.8369131580812899	0.060663348466779426	-1.3765358288493401
271	0.9522590519854205	0.1215138577099548	-0.6532572077907606
272	0.8178843089728907	0.18166129666901343	0.06166461047474666
273	0.8904008793849022	0.16441188638977472	-0.14336456407140893
274	1.1048747448039895	0.06620199229080272	-1.3107026465572218
275	0.9421894809584983	0.08825274413765599	-1.048603979061096
276	1.0337350768387414	0.19911457085935189	0.2691169431889725
277	0.8839103577450439	0.3620095524815523	2.205312040821316
278	1.3155684665380205	0.24945425694735915	0.867462284766194
279	1.5158249657106648	0.18234115442759863	0.0697455055775371
280	1.2277223883297383	0.12175613624395024	-0.6503774474377285
281	1.2141352458077166	0.10402610775456472	-0.8611193248127369
282	1.0240038799044369	0.13804990941764964	-0.45670712422286897
283	1.0921641876904813	0.2925393130943206	1.3795779660610177
284	1.0363207008946715	0.34197322764349214	1.9671571661917457
285	0.8761554325494183	0.29068546289920905	1.3575428141872505
286	1.0351332601024477	0.15942675746312623	-0.2026185821677314
287	0.885351153812572	0.11980868761368264	-0.6735251248754541
288	0.7317099321383853	0.14407049397516103	-0.38514551938368186
289	0.7570657982241112	0.15167021316012788	-0.2948140746529751
290	0.7381685937721055	0.12317315552920384	-0.6335345357283809
291	0.9202348741773804	0.2017702691061206	0.30068298577038244
292	1.1851384938670166	0.2232789623242683	0.5563386600626835
293	1.3551769164283132	0.21368264338527726	0.44227531998948255
294	1.5277471139249041	0.21673372374387095	0.4785409358725585
295	1.5994259190225462	0.12267428843053726	-0.6394641476856633
296	1.207461252244633	0.2161654575561221	0.4717864355441113
297	0.9828788245668696	0.1138097910485555	-0.7448289428625621
298	0.8806356702368838	0.15105795788446078	-0.3020914361250159
299	0.9849407132221417	0.28388897510933614	1.276758702799521
300	1.1220103028034512	0.27329094568922546	1.1507888760839688
301	1.3187118096666	0.31309187166360175	1.6238688751446189
302	1.1836813864613325	0.23443074563619853	0.6888904916991885
303	1.1858829233872148	0.26849059418607885	1.0937311511943162
304	1.091130101962878	0.22794955616191623	0.6118540651502352
305	0.8117363524981623	0.15711811455904795	-0.23005947094493895
306	0.7760026607918047	0.0837774294576312	-1.1017982656961678
307	0.9267782600836892	0.06899980425461925	-1.2774474182224258
308	1.0041609380931604	0.056549824685406334	-1.425429812569236
309	0.8081921774196088	0.23860957678286385	0.7385607289246183
310	0.9572715530836233	0.2587155076193105	0.9775429512815376
311	0.97083812402199	0.12199894343135279	-0.6474914034280422
312	0.8669123964144779	0.04772253535709581	-1.530352347030714
313	0.938294928396893	0.037100204929737354	-1.6566110192995922
314	0.8483220931309073	0.10974388077169907	-0.7931569850592254
315	0.7997588868088868	0.1655049914932085	-0.1303717467274465
316	0.8421944248470674	0.16340187529437258	-0.15536971310667771
317	1.0125570174682834	0.08388017751498689	-1.100576986299085
318	0.9276479437414262	0.1456872318269531	-0.3659287217167253
319	1.1051544856083848	0.22860060538060897	0.6195925374653237
320	0.9715270434640831	0.31681607640790155	1.6681353522127476
321	1.1503873103728	0.3548535883204148	2.1202551373510685
322	1.6809207465754201	0.22066489514779206	0.525267450860465
323	1.7859083169082726	0.042683555484777036	-1.5902464458463523
324	1.7243739640619407	0.25313668602920886	0.9112322098102474
325	1.4726464558541839	0.3478520489610838	2.0370337511032246
326	1.3655370430812803	0.3443126447968289	1.9949638424840392
327	1.246149376610773	0.33872242481125725	1.9285176179106296
328	1.202383757608655	0.19941261439370234	0.2726595350131255
329	nan	nan	nan
330	nan	nan	nan
331	nan	nan	nan
332	nan	nan	nan
333	nan	nan	nan
334	nan	nan	nan
335	nan	nan	nan
336	nan	nan	nan
337	nan	nan	nan
338	nan	nan	nan
339	nan	nan	nan
340	nan	nan	nan
341	0.523597122854833	0.24157510637738872	0.7738094751144773
342	0.5812211074576583	0.2206727896855965	0.5253612865651799
343	0.7434502919461792	0.12839988907383115	-0.5714087675496594
344	0.8400721829290067	0.14958424284994487	-0.3196082423318186
345	1.2275559044190394	0.16157711415059595	-0.17705910799009136
346	1.3419709991692559	0.26088251380385935	1.0033003239720824
347	1.1644421748011666	0.19846270196158422	0.2613687280408593
348	0.9308708535045047	0.17600064845822322	-0.00561873494207482
349	0.9232586261524268	0.18866512574112215	0.14491321260494047
350	0.7939130566158569	0.22370729245434445	0.5614298586359159
351	0.7560417847815102	0.28541330983350166	1.2948771825138021
352	nan	nan	nan
353	nan	nan	nan
354	nan	nan	nan
355	nan	nan	nan
356	0.9383745546125819	0.10930286313518123	-0.7983989893081694
357	1.067409060236326	0.14985058537481438	-0.31644245363895757
358	1.1208767604568222	0.19289427338091447	0.19518151949680426
359	1.1903273227860582	0.20591275838851447	0.3499212579423746
360	1.162707749183818	0.24007705283963018	0.7560033776711196
361	1.0230608195120294	0.20490699092549658	0.337966549381924
362	0.7520675000362058	0.13319852462432044	-0.51437143874029
363	0.9092744100078523	0.07983809775806888	-1.148621775227788
364	1.1603606458146465	0.046883653282180665	-1.5403234299012067
365	1.1455716270601461	0.1748332435258611	-0.019494691613555805
366	1.3219296466073012	0.10748614883403738	-0.8199927381679801
367	1.2667835403134884	0.07170842841452676	-1.245252290002302
368	1.3287691373348898	0.09834372028643534	-0.9286610664248685
369	1.0466342678761307	0.2871886185972004	1.3159787787129376
370	0.9034681869166564	0.22278135619693434	0.5504240362068648
371	0.6938397442088351	0.19171064451845873	0.18111272266782563
372	nan	nan	nan
373	nan	nan	nan
374	nan	nan	nan
375	nan	nan	nan
376	0.4849440696785509	0.26647971040200524	1.0698294736480938
377	0.6367002722004018	0.19367267993250964	0.20443378088726846
378	0.7622924851511408	0.07123102653733002	-1.2509267629972567
379	0.6702992893623083	0.211619108678705	0.417747825386083
380	0.8487379050628613	0.21559685523709093	0.46502793990694136
381	1.106667392008378	0.1970947676344047	0.2451092477806828
382	nan	nan	nan
383	nan	nan	nan
384	nan	nan	nan
385	nan	nan	nan
386	1.3014963531301156	0.12439022779329972	-0.6190682254237939
387	1.184415652007049	0.23014126183349753	0.637905019786829
388	0.8192491303786325	0.2900847579728598	1.350402741964409
389	0.767489450776796	0.21810632977808886	0.49485594476949973
390	0.8085765387728122	0.18034055134726532	0.04596602607562462
391	0.7326686257265885	0.1636554028050531	-0.1523562456664526
392	0.7476262589598349	0.1469694258331649	-0.3506883642525604
393	0.6546952316409432	0.1622519704561602	-0.1690376609361222
394	0.813025140156479	0.16398414779011852	-0.14844873162202904
395	0.8407561483657031	0.18083404625900562	0.05183178338320187
396	0.8687987497368685	0.26858360109903207	1.0948366458333323
397	0.936468669076963	0.2586150359109035	0.9763487289222537
398	0.9920065896961988	0.198594371958344	0.2629337781098838
399	0.892037977354229	0.31917472506236527	1.6961706171198119
400	0.8676132383808344	0.2493908041464182	0.8667080749011054
401	0.8079531943744572	0.045207888942180786	-1.5602418255913824
402	0.8379900552121629	0.06582953893983239	-1.315129685039709
403	0.8007215265378872	0.22043705887911924	0.5225593535202395
404	0.8156614557076836	0.14996547236020674	-0.31507688905444287
405	0.9760286496291386	0.11307206391815572	-0.753597682323077
406	0.8784393149748232	0.22730631269349238	0.604208373197399
407	0.8451342638866306	0.255460135519619	0.9388490919764649
408	0.8696287316782432	0.2699437921855142	1.1110040887297494
409	0.9503038923382264	0.20882437885810146	0.38452923188509053
410	0.7882827689896188	0.17344659474874002	-0.035976614737661505
411	0.7936966485921633	0.26061494722472855	1.0001199859798116
412	0.6806455864978835	0.14932921075745428	-0.32263959346554744
413	0.6109805622831619	0.18520860770566683	0.10382850140955101
414	0.5779608242328114	0.10913658898378698	-0.8003753497435031
415	0.6335797873608597	0.07444836769823987	-1.2126849453480664
416	0.6440554088847658	0.037381942790674264	-1.6532622392467562
417	0.6553837692741967	0.12247342491216202	-0.6418516427189561
418	0.6909995637263944	0.150654504147326	-0.30688695002103955
419	0.6587652321184546	0.2012168714676429	0.294105215332083
420	0.7748412943832116	0.1201945390453865	-0.668938834720659
421	0.6677262475881142	0.22520957625586285	0.5792862376525423
422	0.7722148708740448	0.25367109401728144	0.9175842663090873
423	0.7784138940007387	0.14956397476769603	-0.31984915191109353
424	0.7948348107771415	0.08537634223422139	-1.0827933396465999
425	0.8925657846613986	0.06012598144187348	-1.3829230569204003
426	1.0681877566394724	0.11128828568422222	-0.7747999479632519
427	1.315195102771674	0.06673717748755773	-1.3043413520350509
428	1.127617055082369	0.09319227341679372	-0.9898919654702829
429	0.9505092944333517	0.07965893962834568	-1.150751276634256
430	0.8509322147493193	0.06376607012900262	-1.33965639639606
431	0.7025237386512344	0.08899744594337791	-1.0397523375244593
432	0.6489550651668446	0.14319912884910224	-0.39550270085435324
433	0.7608453916235556	0.02821579840087496	-1.7622124576941298
434	0.8238850833515273	0.045360300134719984	-1.5584302424420433
435	0.9114319518164921	0.204648141228734	0.33488982160980824
436	0.9882913448207986	0.27629795006639996	1.1865305979937786
437	0.9760077387204353	0.2908477170433691	1.359471392191095
438	0.9678154250280475	0.2487741920315506	0.8593789273604137
439	0.7843391135394062	0.20260019666327475	0.31054763384946654
440	0.9466115164983077	0.10722006135720388	-0.8231554953202003
441	0.9846863972043051	0.15654203581599344	-0.2369068325213642
442	0.865094540198261	0.1750235686580785	-0.017232457477882927
443	0.8706916998803251	0.15859333950995186	-0.21252471763700903
444	0.781657892852093	0.06508597495428191	-1.3239678022687458
445	0.7473828216757903	0.03420662894599375	-1.6910045136758947
446	0.823947413187455	0.10342807928678838	-0.8682275842325307
447	0.9532418040506377	0.34968702835847887	2.0588446017390827
448	1.0902147819584136	0.34601251965399094	2.0151688195327435
449	0.889579131296016	0.3423684434816248	1.971854763138433
450	0.9328750676416123	0.14992111629642027	-0.3156041121303067
451	0.8067360789928957	0.24554198504154245	0.8209604121534734
452	0.7992070655074087	0.39809598722849204	2.6342410191866734
453	0.9442384143565582	0.31415095748658206	1.6364573340277924
454	1.085226153417538	0.16685364744941053	-0.1143414121843769
455	0.9316834740224803	0.24542931435775872	0.8196211908747301
456	0.9670251538217249	0.21307279814495456	0.4350266045725411
457	0.748151132618068	0.2551383241007036	0.9350239913781466
458	0.8708447868746297	0.2693327280976624	1.1037408859014277
459	0.8794649748956358	0.21278948516151663	0.431659102368573
460	0.8405082613519004	0.22793950286494488	0.6117345700981647
461	0.7583385583829069	0.14844836396827332	-0.33310947545941316
462	1.045051815075323	0.17536418244639534	-0.013183868991255314
463	0.989674008125252	0.3300795839302719	1.8257874663937979
464	0.9886060940029177	0.3129546156962625	1.622237429360123
465	1.0913996329446778	0.2708402088027763	1.1216590361228163
466	0.8806515215036507	0.1141061679765939	-0.7413061605803541
467	0.7814495477816915	0.06811157983744419	-1.2880049918505707
468	0.7576523416415096	0.08224455091210503	-1.1200182986005396
469	0.739441270557112	0.10733885134761804	-0.8217435390106982
470	0.8798368426556129	0.1038506567723744	-0.8632047624868058
471	0.7894449744960261	0.14203893542193743	-0.409292940452966
472	0.7080445076054206	0.1956804221252672	0.22829811699028452
473	0.7457652213108937	0.1313950003678497	-0.5358084086767766
474	0.7564997313797147	0.13855439927205218	-0.45071067931602143
475	0.8030761873337232	0.07093863068011567	-1.2544022256522047
476	0.5782683481389739	0.08015410841354564	-1.1448656234062866
477	0.509021269558352	0.11778396237591207	-0.697591324094016
478	0.5355820781068655	0.1365992069745701	-0.4739503991871547
479	0.6087612398235761	0.08348455903690377	-1.1052793690868732
480	0.7233367352273811	0.053227724917859445	-1.4649168073171037
481	0.6994385308018491	0.06965007060904536	-1.2697182511538223
482	0.5662323485126183	0.0826836093760962	-1.1147995813810903
483	nan	nan	nan
