ID	SN	ssim	z_ssim
5057	1.024636485168681	0.375419002702535	-1.0890517198793876
5058	0.9057151643117157	0.4597155868015921	-0.32080760201687064
5059	0.748305607833667	0.4075337663346968	-0.796371079013071
5060	0.8964372447844252	0.5530274035541036	0.5295976085067657
5061	1.0473628466170393	0.5974085624320618	0.9340690899590556
5062	0.9927323897970096	0.46034201306873257	-0.3150986127363591
5063	1.0205635598414093	0.4741060458310259	-0.18965892475003304
5064	1.0179465821557698	0.5777952582092412	0.7553215670069537
5065	1.1218346378252388	0.5792953637236176	0.7689929067167403
5066	0.9019400611189141	0.5465992514013185	0.47101409491742097
5067	0.7345066928602406	0.4833842642313223	-0.10510108902687448
5068	0.7559341545874274	0.3678683889478038	-1.157864883132926
5069	0.8615950069796569	0.3419052571397908	-1.3944821020389329
5070	0.8981489810448531	0.46435544185058436	-0.2785218867981576
5071	1.15642688225891	0.5726829635500569	0.7087302330558285
5072	1.1834639719710887	0.4908804914088859	-0.03678358248880364
5073	1.0898162239141025	0.4406331148064523	-0.4947173401305214
5074	1.0978848035068933	0.5493747009003281	0.4963083909417184
5075	1.154139807702791	0.553694128107905	0.535673859664114
5076	1.2765588927571057	0.5758420945301577	0.7375212430232991
5077	1.1340162734713426	0.6482504979711977	1.3974214112439622
5078	1.3250488758906078	0.534517243858993	0.360903687413187
5079	1.5328856725357645	0.46857189509192765	-0.2400948801106997
5080	1.3401573330749164	0.551565379332109	0.5162733259071292
5081	1.155901009181062	0.45593952336276633	-0.3552210786311151
5082	1.1455805905211498	0.48436939760492437	-0.09612299189911305
5083	1.0454888936482254	0.535809710854643	0.37268269575085294
5084	0.8617551601876218	0.4558944203367443	-0.35563212891042995
5085	0.844310342891045	0.4796820940849436	-0.13884113281013682
5086	0.6115359002042112	0.33968657669669106	-1.414702235725786
5087	0.7746559368160172	0.3152141418272366	-1.6377338607811862
5088	1.0206801910903596	0.4451429319047072	-0.45361673688070464
5089	1.0339129171868608	0.35488981753230553	-1.2761462020591894
5090	nan	nan	nan
5091	nan	nan	nan
5092	nan	nan	nan
5093	nan	nan	nan
5094	0.8361425752036851	0.5020282162513521	0.06481215984531889
5095	0.8495981205065232	0.5272681693543398	0.2948386278657832
5096	0.8272739517940596	0.5173071449159401	0.20405798100477968
5097	0.9468180442216185	0.3972318214036886	-0.8902587338970501
5098	0.7521988812754951	0.6209911100204779	1.1489906512850054
5099	0.5787856521237105	0.7078086452434135	1.940209672496663
5100	0.6268803624790918	0.7314680875088014	2.1558320200277707
5101	0.8965387664333035	0.4768531674517483	-0.16462279726362208
5102	1.0511194610457795	0.4597115291021572	-0.320844582207186
5103	1.0099239215037032	0.4706713801307985	-0.22096104391921706
5104	0.8889289758818117	0.5492821119509447	0.49546457364469326
5105	1.0379982537238193	0.3832980669437399	-1.0172451950686832
5106	1.0429187287990442	0.509854019775443	0.13613328856229903
5107	0.9219789208878221	0.57792192436819	0.7564759498634447
5108	1.0701157429576122	0.543070279504514	0.43885250817226507
5109	1.4489910904212338	0.31318615949674933	-1.656216050933698
5110	1.3800147434555514	0.277484295838034	-1.9815880342196066
5111	1.1699580503333606	0.3846533289009756	-1.0048938994861045
5112	0.7654424518646069	0.3491543124308558	-1.3284172175962055
5113	nan	nan	nan
5114	nan	nan	nan
5115	0.6777365230911232	0.48113630663877804	-0.12558804251537092
5116	1.0807276728539426	0.6602700529547401	1.5069626520204649
5117	1.3448313160540255	0.633414191516967	1.2622094653972034
5118	nan	nan	nan
5119	nan	nan	nan
5120	nan	nan	nan
5121	nan	nan	nan
5122	nan	nan	nan
5123	nan	nan	nan
5124	nan	nan	nan
5125	nan	nan	nan
5126	nan	nan	nan
5127	nan	nan	nan
5128	nan	nan	nan
5129	nan	nan	nan
5130	nan	nan	nan
5131	nan	nan	nan
5132	nan	nan	nan
5133	nan	nan	nan
5134	nan	nan	nan
5135	nan	nan	nan
5136	nan	nan	nan
5137	nan	nan	nan
5138	nan	nan	nan
5139	nan	nan	nan
5140	nan	nan	nan
5141	nan	nan	nan
5142	nan	nan	nan
5143	nan	nan	nan
5144	nan	nan	nan
5145	nan	nan	nan
5146	nan	nan	nan
5147	nan	nan	nan
5148	nan	nan	nan
5149	nan	nan	nan
5150	0.8594867884828298	0.7515948935892287	2.339259386010691
5151	0.9379878486718463	0.7443938545796547	2.2736321020497785
5152	0.9050051154127899	0.51776583860215	0.2082383250851201
5153	0.9799362999185759	0.47096947062898586	-0.21824437070795105
5154	1.0989073970471697	0.5152926386652285	0.18569860625612
5155	1.2797940888926223	0.44199391908930846	-0.4823155340901023
5156	1.2221729419155793	0.4689246623797604	-0.23687990530776645
5157	1.1939032693027467	0.5139521267185638	0.1734817361544874
5158	1.2198207784389576	0.3540199985711562	-1.2840733714415575
5159	0.9664048661833613	0.36313795694034245	-1.2009760791976478
5160	0.9586573944926258	0.4989309853998386	0.036585281985814275
5161	1.0670658800787296	0.591179885574357	0.8773035115060182
5162	1.202020996002796	0.3200507437982857	-1.593655075686711
5163	1.1071221210369189	0.5354818231358072	0.36969446302461345
5164	0.9157459535936713	0.6137490608503128	1.082989617723401
5165	0.7632316040891252	0.5374906786853014	0.3880023396251755
5166	0.8868025989088204	0.379838739973579	-1.0487720668274052
5167	1.5233630519465264	0.34938438399944616	-1.3263204407084346
5168	1.755536873961743	0.3492932551090518	-1.3271509516331779
5169	1.5713201349598598	0.40900443099866474	-0.7829680510076423
5170	1.3404898355557464	0.4013851402418437	-0.852407107984537
5171	1.1657371537380175	0.5313948590916455	0.33244756719366
5172	0.8905896107580591	0.6039166308760291	0.9933809274927012
5173	0.6602946062972694	0.5761603240698312	0.7404214551089633
5174	0.5218463722709612	0.5138677929696238	0.17271315333167306
5175	0.35883266577692324	0.3833841719756677	-1.0164604695070973
5176	0.30116030240039304	0.3725235750581113	-1.1154394469776903
5177	0.3170917467272297	0.3461070274166832	-1.3561889098018793
5178	0.36422214515835827	0.3793478260645034	-1.0532460526603427
5179	0.5491886864359606	0.29397833325664047	-1.8312682156637514
5180	0.5630649081797364	0.3425611056749305	-1.3885049704064372
5181	0.56196834947043	0.3289365858228619	-1.5126731955714454
5182	0.4823127880228125	0.183835844420979	-2.835061193506152
5183	0.3061022068311966	0.372792799411168	-1.1129858478451546
5184	0.3306515631337367	0.4154849161725993	-0.723907595960969
5185	0.365350524431212	0.31403025397864853	-1.6485233237897694
5186	0.5767512317937878	0.321412050646563	-1.581248689473409
5187	0.8074070884962478	0.5879137794869406	0.847537574762673
5188	1.0660522668779149	0.7087844182827349	1.9491024634186132
5189	1.1275314623225712	0.7252850427673387	2.0994823137629517
5190	1.0676327756738515	0.637837181750314	1.3025187645989278
5191	1.0145304680758631	0.6043271186937268	0.9971219432737192
5192	1.1350483174028125	0.6070369086663282	1.0218178455969682
5193	1.0015373418829157	0.5150400734735501	0.18339683181344832
5194	0.9694940489103897	0.5070850665082764	0.11089819650166262
5195	0.8828435207554761	0.4229400641175602	-0.6559644685172664
5196	0.8114816867263941	0.42078242671820726	-0.6756282812120398
5197	0.7878887412729045	0.41382062665649827	-0.7390752405912948
5198	0.8760496176755432	0.4598864949589417	-0.31925001592982033
5199	0.8921672723969597	0.4711513191293678	-0.21658707887040302
5200	0.9763967323849846	0.6516557431927523	1.4284554043683413
5201	0.8187898011543859	0.6352150374343217	1.2786216284518626
5202	0.7048772465877792	0.41820928721444595	-0.6990788078179739
5203	0.7064955667789176	0.5543734612992303	0.5418650207162765
5204	0.7839787811584706	0.6236182083104753	1.1729329358972211
5205	0.7375155360753624	0.5674100198900568	0.660674810716825
5206	0.8210327803159401	0.6035854178710865	0.990362389487559
5207	0.7155597519957838	0.6704395371416829	1.599643114601654
5208	0.6861611154690143	0.7204467193708467	2.055387840310697
5209	0.6554287209915288	0.5486502250490911	0.4897058184034023
5210	0.734278177134633	0.5076021243428916	0.11561044723261837
5211	0.8065619437885226	0.46525705625438896	-0.2703049469339152
5212	0.8657699187027277	0.3911295350746782	-0.9458724414734591
5213	1.0653158476509121	0.349365781282823	-1.3264899781549964
5214	1.301188658316387	0.5151511355407865	0.1844090054475754
5215	1.3376122006218367	0.45611212978137183	-0.3536480152950827
5216	1.486283936590624	0.39667703225182716	-0.8953148522098713
5217	1.4919357105938946	0.51284759387524	0.16341548176305998
5218	1.6190685849509834	0.5100665049975744	0.13806979077979556
5219	1.4519313626168935	0.5530212231211369	0.5295412826031329
5220	1.3913425726411135	0.6582960406589452	1.4889723223880018
5221	0.9539976018706955	0.581735110041334	0.7912277431302764
5222	1.138870803231017	0.5938151802548881	0.9013204946233101
5223	1.2407608568826474	0.5895447367507032	0.8624014430648381
5224	1.3741811447405956	0.5080975493105077	0.120125544982795
5225	1.2434349633516815	0.5111722689698759	0.14814726517029553
5226	1.3758228711728882	0.4647706637225769	-0.27473772680904945
5227	1.1875802438272496	0.46412557445279223	-0.28061680295792335
5228	1.2156550079270245	0.546490478713015	0.47002278573370576
5229	1.1802728339696569	0.5559928474776126	0.5566234349436923
5230	1.0958279919351224	0.5099548727707813	0.13705242094785877
5231	1.2541772091952008	0.47844120125569417	-0.15015011557803196
5232	1.156550288141677	0.5685505762892022	0.6710693688605369
5233	1.0605670694525429	0.6066688421358624	1.0184634398397887
