ID	SN	ssim	z_ssim
494	0.770700156815201	0.3844026479476964	-0.2621836424438809
495	0.9055653406912709	0.3948287182666418	-0.1932922445388288
496	0.7393125974952123	0.23745377711420174	-1.2331643497092821
497	0.8357188831973923	0.2812561371193346	-0.9437354738258527
498	0.9423386817134269	0.3729078214262329	-0.33813696363918533
499	0.9548124309826206	0.3990139341692151	-0.16563797353906298
500	0.758901244284856	0.5136232255751811	0.5916554319655276
501	0.5225867258008506	0.5578476367114822	0.8838730567758418
502	0.4203959450407311	0.4040605625893091	-0.13229182528453934
503	0.7080473746036658	0.13469017366768643	-1.912186078761555
504	1.0074142676466926	0.4087939326440654	-0.10101556587915897
505	1.482832833600466	0.39587192784650577	-0.18639912334683195
506	1.7331445347705954	0.2720714286525907	-1.004424437766042
507	1.8291349612516592	0.40472385026213187	-0.1279090795715246
508	2.0640190535007847	0.31380580566920674	-0.7286599852525486
509	2.179614607419304	0.28885635325951065	-0.8935162159213819
510	1.5463737560458444	0.5022263537572924	0.5163493571683583
511	1.17202270091261	0.5322052716191734	0.7144383299074782
512	0.8304252889638991	0.5300299639752757	0.700064747159878
513	0.6566245867751499	0.6494678714729694	1.4892637606576817
514	0.751614579806327	0.7200319107121339	1.9555233538027166
515	0.834135047819656	0.6979966698038716	1.8099230937904351
516	1.0213738263069692	0.6672336880488613	1.6066533332768067
517	1.2247210435328022	0.6723812640342277	1.6406665035898802
518	1.2013657827821758	0.5367343556369265	0.7443647470203067
519	1.2482204520607072	0.5321956026300337	0.71437444100612
520	0.9164878465713565	0.4661486036718242	0.2779616846681379
521	0.951441374669146	0.3329175504416255	-0.6023770451323363
522	1.065751616772348	0.3141734148154649	-0.7262309676846938
523	0.9682545310628927	0.3915894212738848	-0.2146962530707062
524	1.045141205501809	0.4740138158101442	0.32993193256144543
525	0.9677217857651311	0.4401523756026998	0.10618876954725769
526	1.1325053137246526	0.30859267330045187	-0.7631063265260195
527	1.0691499780298803	0.2835024774813205	-0.9288925346384443
528	1.0513185075063889	0.26710588841916383	-1.0372347869743102
529	1.0761380850032216	0.4805733489509311	0.3732747639302483
530	0.9610064308309796	0.6060718745921526	1.2025199734831145
531	1.0639136017226922	0.6592127903086507	1.5536543757719357
532	1.1799032832896723	0.545910268275957	0.80499559156859
533	1.1273381262116573	0.5307060789563716	0.7045322507127367
534	1.0748022922311211	0.5120108037318638	0.5810011785986647
535	0.8580277302528863	0.39530385880815777	-0.19015270153700195
536	0.9436937618333423	0.27955806606385153	-0.954955663712906
537	1.2513118466878062	0.22287366064371006	-1.3295040610812123
538	1.3361520806634966	0.24460892563148928	-1.1858859247135776
539	1.3735340306987474	0.4021941004234367	-0.144624677817693
540	1.4087719860882277	0.5885628264968996	1.0868270266326674
541	1.4358857549701594	0.5091457112533135	0.5620697672484156
542	1.3538185222780947	0.5046800999336144	0.5325627529176493
543	1.3749575138651533	0.4549128057807702	0.20371992342787382
544	1.363278020893904	0.4254429576301671	0.00899468438402046
545	1.073953152700226	0.5298210711402451	0.6986844649464102
546	1.2059611079271368	0.528888271053493	0.6925208865341741
547	1.1720708084302678	0.7036342436985102	1.8471739787848467
548	1.0240465729199066	0.7329019039627739	2.0405632392957256
549	1.0333250707667647	0.7205300592251376	1.9588149244880577
550	1.1564481321051607	0.5362419490825784	0.741111116953664
551	1.1528396642633316	0.6150556855281057	1.2618814850554927
552	1.15777548264047	0.6390460726666671	1.4204005872387642
553	1.1668436727099885	0.5769639224994423	1.0101860021520115
554	1.1986440888163348	0.5721605223351081	0.9784470111520146
555	1.2371373130558931	0.4931094736197814	0.45610857631877466
556	1.2978977027410599	0.38877258560477224	-0.23330880228412895
557	1.3045848371226276	0.49595646292128853	0.4749203689502858
558	1.3920903659219714	0.5871379740763261	1.0774121587045908
559	1.0697020872788183	0.5824859572243866	1.046673449468608
560	0.9256076153574904	0.43857168550402015	0.09574418714742093
561	0.6602339403647338	0.48014132588176117	0.3704201243343243
562	0.6877413042128259	0.3753416620215029	-0.3220550961898996
563	0.8515299778223204	0.07783067290859592	-2.2878914376981085
564	0.9409499717329536	0.2441508362842801	-1.1889128000874476
565	1.342871265352185	0.4605354870602055	0.240872403841419
566	1.7146347303187595	0.6442511427497581	1.4547936560795063
567	1.9497043359246056	0.6161381298245446	1.2690338539207324
568	1.7962878992738	0.5707293800913436	0.9689905825305086
569	1.4954568923434288	0.5547521228587698	0.8634191110394219
570	1.2717453876760738	0.6157040125096209	1.26616537636735
571	0.9293733468034062	0.5860714777238017	1.0703651676198933
572	0.8576674811061714	0.45702269132364526	0.21766122250046874
573	0.7986979240912615	0.37436593476576346	-0.3285023205578192
574	0.9729602181030905	0.38083411250236887	-0.2857631299959282
575	1.0710599976757929	0.4840111606486827	0.39599048004834214
576	1.1547136868540375	0.586922712137261	1.0759897919408643
577	1.3181663982378955	0.7224822625431206	1.9717143210446253
578	1.246197215492413	0.6756549272390026	1.6622975906196178
579	1.1355732240280358	0.672587175229942	1.6420270842960436
580	1.2486808228548996	0.6293300028418626	1.356200595113487
581	1.072881381570727	0.49123809785405237	0.44374325663812325
582	1.2417080470091992	0.49364239621246025	0.459629920532051
583	1.338228396595039	0.5590237932724571	0.8916446396600973
584	1.2492001864549507	0.5924306775916389	1.1123842750161725
585	1.0805425356065301	0.6595268382568014	1.5557294818757186
586	1.0446850162278425	0.6718501104189154	1.6371568480876824
587	1.0983062243885489	0.6329205442565441	1.3799254895105557
588	1.305199424773403	0.6489250613184637	1.4856770833001542
589	1.032892100374972	0.6183067669773386	1.2833633606701091
590	0.953911654102835	0.497582714652039	0.48566600480824956
591	0.6867406506765732	0.4308133729677246	0.04448029004531936
592	0.660229476578464	0.37295621763224207	-0.3378171804242943
593	0.6367357521034256	0.26877810156784876	-1.0261854560294785
594	0.5756191256111269	0.31621335340681234	-0.7127518507308189
595	0.4574492651100703	0.26601098097672843	-1.0444695074373935
596	0.351735943309409	0.20755559565994652	-1.4307198478205678
597	0.5177306269309778	0.18836621127941441	-1.557515800127741
598	0.6804771141228222	0.2537821612842981	-1.1252727686440158
599	0.9282045815489841	0.2967634044334194	-0.8412695120326189
600	1.0053136547206858	0.4924659568535817	0.45185646902977245
601	1.2730972086697299	0.44488414990078035	0.13745448481618538
602	1.318151897008906	0.5220584835965298	0.6473923202660562
603	1.2520429465027185	0.5865960364057976	1.0738312463801967
604	1.0902158206721921	0.5572306356759683	0.8797961550722174
605	0.8552579940488882	0.40124946623511104	-0.15086645134807142
606	0.8990536364307444	0.5017286155623037	0.513060497704098
607	1.143594186860958	0.3753546157874665	-0.32196950276705966
608	1.3540425150678368	0.27438772208628004	-0.9891192760201838
609	1.440015952186842	0.20484645310147648	-1.4486208030479588
610	1.20761234521382	0.06464714098489142	-2.3750030642041677
611	0.8939821108108598	0.2970666015490982	-0.8392661039890403
612	0.9760301325234698	0.5154254055583798	0.6035635329586174
613	1.2065854925876094	0.5589723285342587	0.8913045807837572
614	1.4173057345980917	0.6103088430648838	1.2305162052403165
615	1.5023521674341558	0.6178575317482012	1.280394989848053
616	1.2804422622415421	0.5958524433764907	1.1349939660129584
617	0.9970911525204244	0.5783576288764698	1.019395069196969
618	0.879394298144646	0.4688259230363657	0.2956523646673294
619	0.9821237096826192	0.5290616739634666	0.6936666651931936
620	1.076270423178022	0.6429179637522364	1.445984530302747
621	1.0889807872358575	0.5605352410202339	0.9016316956667672
622	1.3451819935378515	0.6102630596216454	1.2302136861406836
623	1.4540437039934693	0.6095416642887814	1.2254469877200072
624	1.3542996008959858	0.464693310104366	0.2683456735385901
625	1.1644450379706839	0.3130061359428638	-0.7339438902737923
626	1.0920295931844464	0.5013217585552587	0.5103721456111848
627	1.1812060732271248	0.5148487076804062	0.5997529387685627
628	1.2415076835675827	0.48881061670597603	0.4277034099304659
629	1.5449692263677304	0.5045374542901169	0.5316202062548138
630	1.523330941078205	0.54650915457289	0.8089527981593532
631	1.7538108393533745	0.5966307646188287	1.1401368085954058
632	1.7797758032883717	0.5284443159461581	0.689587404693388
633	1.370775224606357	0.6040671311744944	1.1892734124818458
634	1.6317460501007408	0.5501549823704824	0.833043003367431
635	1.4093359640187526	0.42829213160697993	0.02782091249612736
636	1.2437150471771832	0.5950042180479375	1.1293892245490227
637	1.3540431944211881	0.6399607600518038	1.426444483997611
638	1.4456189001033224	0.5056872672817483	0.5392177211285568
639	1.2014722515062581	0.6064821775523447	1.2052310950876608
640	1.0467333606395055	0.5693926148592681	0.9601577603174059
641	1.1305830806482775	0.6467814041332963	1.471512634414073
642	1.2973932263161465	0.5867678841589989	1.0749667491710584
643	1.143037752932213	0.513346715752751	0.5898283631256912
644	1.0742064098014723	0.4037780152478429	-0.1341587876905566
645	0.9441154614697131	0.2336179912167886	-1.258509723800717
646	0.6956960576574361	0.12779627736476018	-1.9577382512284967
647	0.5434263076825503	0.14537863735989637	-1.8415608879957
648	0.5021088657224793	0.3278646053476997	-0.6357649314988304
649	0.6366038698578939	0.3072611176880058	-0.7719047256086575
650	0.745647574616219	0.24621558860390236	-1.175269723714943
651	1.0590781731852206	0.35504453255862606	-0.45617059506741386
652	1.3168211561959158	0.23673373831779404	-1.2379220846672232
653	1.290480675629896	0.20999033506575793	-1.4146320413825013
654	1.1630623622610492	0.17958689517025414	-1.6155260898062374
655	0.6012664143987965	0.2942167126251584	-0.8580970561923433
656	0.5457550548559236	0.30152039265156017	-0.8098371930341481
657	0.5747633590046224	0.24646218981935175	-1.1736402792610223
658	0.5872839199843687	0.2745001753495633	-0.9883762288058858
659	0.7451462427959307	0.2405617742906743	-1.212627919048242
660	0.8786447046261376	0.33393447926098785	-0.5956575769345722
661	1.0577258266459169	0.49080757730162616	0.44089854508562176
662	1.0808976187622379	0.6559485455273191	1.5320855220033613
663	1.1343625060561744	0.7011805567447766	1.8309609743552742
664	1.0406731093254562	0.6316144840467264	1.3712955540842608
665	0.9285078423179596	0.4216615643294744	-0.01599128468623908
666	0.6478661812626754	0.4213453708964662	-0.01808056731545274
667	0.42412407043401906	0.4135780953085422	-0.0694036887597356
668	0.7005773659968527	0.27085795054665535	-1.0124426268332263
669	nan	nan	nan
670	nan	nan	nan
671	nan	nan	nan
672	nan	nan	nan
673	nan	nan	nan
674	nan	nan	nan
675	nan	nan	nan
676	nan	nan	nan
677	nan	nan	nan
678	nan	nan	nan
679	nan	nan	nan
680	nan	nan	nan
681	nan	nan	nan
682	nan	nan	nan
683	0.9452026475157543	0.4109921225387744	-0.08649078616113959
684	0.7975653366524488	0.4807847727601724	0.374671769832134
685	0.7388730928405328	0.5976655666081627	1.146974375715072
686	0.7990017596467953	0.09822721826973486	-2.1531190374190357
687	0.7222219426887998	0.48063379714640864	0.37367418198133473
688	0.7807227918291164	0.40304474848463256	-0.13900392788331745
689	0.7902999167435026	0.4831564779087713	0.3903430705338653
690	1.2457044665950603	0.2851064538410684	-0.9182940857263073
691	1.238882268846541	0.3838287846193947	-0.2659755070375154
692	1.2337741661988715	0.43458757696097194	0.0694187549817366
693	1.0334698576337684	0.49325341585843807	0.4570596903756807
694	1.004846370884944	0.4661637978531089	0.27806208187981063
695	1.1146125278095134	0.518301578236828	0.6225681579393798
696	1.0871718736638853	0.530818853575368	0.7052774213199936
697	1.1348760838423686	0.573070249052692	0.9844581297584227
698	1.124816533140181	0.5028472873804607	0.5204522438742518
699	1.020679503088912	0.4772061099060454	0.35102536432077824
700	0.9869761613134923	0.4933070208762148	0.4574138913830012
701	0.9916146657464353	0.35837251158062	-0.43418061034543837
702	1.0687554351719817	0.4770558500325593	0.35003250580200496
703	1.1532353443294132	0.3969500802884196	-0.17927511337893226
704	1.2271567102668437	0.3601750892105603	-0.4222698818580897
705	1.2314311144805759	0.3856135476562473	-0.25418249041891283
706	0.8897577750273258	0.7797445320957085	2.3500810187567422
707	1.010770197922712	0.41652264831075525	-0.04994723332423336
708	1.1051515470055617	0.32566669397628845	-0.650287870843752
709	1.1510799966049543	0.38544786763550415	-0.25527723924419093
710	nan	nan	nan
711	nan	nan	nan
712	nan	nan	nan
713	nan	nan	nan
714	nan	nan	nan
715	0.718398510804833	0.5203442003424765	0.6360650065069735
716	0.932535421482625	0.5106283512447591	0.5718664728600227
717	0.843076296407803	0.5337387367232194	0.7245708679994549
718	0.9126995833142476	0.5898659057430021	1.0954372650157655
719	1.1793223382848066	0.5406487598130026	0.7702295999712061
720	1.1901188322861562	0.3975231384343922	-0.17548856911544394
721	1.4762069103167663	0.2075437816032349	-1.430797910490097
722	1.2294729131756286	0.09389760120065237	-2.1817274548915964
723	0.8090070701216164	0.2644244291909568	-1.0549528215746435
724	0.4912702383734575	0.29401166185614724	-0.8594519515351281
725	0.4840659796455599	0.28705345442427416	-0.9054290668077928
726	0.5399064232863061	0.2918296513794872	-0.8738698239819913
727	0.8253301470247189	0.41247311306995	-0.07670497953834728
728	1.0030146485819253	0.4981367799854116	0.48932705198893156
729	1.0686758511994134	0.5160791324831739	0.6078831049852327
730	1.2464761694400517	0.5491875362463257	0.8266504974805412
731	1.2279309924711503	0.519058166498069	0.6275673974765172
732	1.2124171272771789	0.44532098889440613	0.14034094615873277
733	1.3025242833141721	0.48297860651055546	0.3891677658509351
734	1.5243705169025679	0.4746323012028296	0.3340186423171365
735	1.6592013915147692	0.49575568739786313	0.47359372275946154
736	1.7486015676123798	0.389836018329102	-0.2262820544572004
737	1.5564013384308353	0.3180349125065792	-0.7007157001092775
738	1.207694233202365	0.16063876556040013	-1.740727924877017
739	0.7321738011823744	0.052889327602175726	-2.452694099796948
740	0.5133032297070108	0.08223129863768837	-2.2588138227521175
741	0.5956080716462409	0.14614683980583276	-1.836484906465202
742	0.8136232616861985	0.3299357744961401	-0.6220794552293486
743	0.9335510128256774	0.3121316614640839	-0.739722075863618
744	0.8165918022240543	0.16415619873872572	-1.7174861011333067
745	0.9581086478497233	0.41283238444100123	-0.07433105473045397
746	1.2192513110085614	0.5577859572303274	0.8834655028702165
747	1.5537280483124107	0.4745311554002415	0.3333503103838804
748	1.6230617549323085	0.3650961196762067	-0.38975363579981237
749	1.3998781948082226	0.4041783122984509	-0.1315137812259882
750	1.1639949386055504	0.5251862233008666	0.6680592018353617
751	0.7322293397896009	0.5009222565989975	0.5077323928193175
752	0.6413107034274489	0.3367910322836519	-0.5767825909713914
753	0.7941539193405519	0.07778239284090419	-2.2882104535163874
754	0.7533506159557781	0.08630588188432867	-2.231890569104817
755	0.692475873742218	0.23807355368855304	-1.2290691083297685
756	0.7775971167588466	0.2066443025280952	-1.436741316680262
757	0.7075263138463064	0.3057145909307505	-0.782123570000229
758	0.7775143062897791	0.43724570841148797	0.08698264874415235
759	0.946990920564566	0.5795568632518505	1.0273191412594456
760	1.0299199400812729	0.5235437574163366	0.6572064291861097
761	1.1662830586562665	0.5526386480060054	0.8494540952098676
762	1.401894534110128	0.6551188664039673	1.5266033266150878
763	1.5521723665096647	0.5897442978534096	1.0946337276086673
764	1.8060192506356711	0.5318117013336158	0.7118377712773788
765	1.618055171928808	0.3960397650807213	-0.1852901204980198
766	1.5902644986128913	0.4751911526024162	0.3377113139528489
767	1.2316453603313888	0.4771513919140113	0.35066380921454254
768	1.3027298442125999	0.5577558155312458	0.883266338302796
769	1.2181247954191519	0.5881120311453498	1.0838483471314433
770	0.9581615397381162	0.4102517415140162	-0.09138293461378147
771	0.5615031000869866	0.39647614745205906	-0.18240667633709262
772	0.5330325645124533	0.2237584684864005	-1.3236575966611965
773	0.4418691237961481	0.18742808481323997	-1.5637145731735207
774	0.40304982793147603	0.1645186448947562	-1.7150911985870538
775	0.4678775551180101	0.15614730671442667	-1.7704057295595605
776	0.7216854128292224	0.08920652178490567	-2.2127242742826145
777	0.9151014174542013	0.13523636805218497	-1.908577039734874
778	0.9294918319141989	0.28998018261687264	-0.8860903907478532
779	1.233730159150665	0.35802995145654715	-0.43644411376446135
780	1.6741329334917479	0.3323301048822314	-0.606258655800762
781	1.4508635512842103	0.3616169203995508	-0.41274282486403086
782	1.1971031553019968	0.2939837854287669	-0.8596361480724698
783	0.8108602344993799	0.25231091388925586	-1.134994196431094
784	0.8766299965905613	0.27519758840798225	-0.9837679958818841
785	1.3006848519566179	0.1396622634883216	-1.8793324524407529
786	1.3149698559782976	0.33088201984119303	-0.6158270358049954
787	1.164670453096611	0.3906620439539852	-0.22082399995893048
788	1.6232305657811827	0.42585894033722815	0.011743335536093533
789	1.600720388712345	0.4618865686674237	0.24979982306627657
790	1.6785306511721578	0.4495271081648858	0.16813333844407768
791	1.3142163248823295	0.511294692678345	0.5762693966306761
792	1.1586070567722184	0.5638579349450239	0.9235867585319639
793	0.7813456466628932	0.6835298968286985	1.7143323119381675
794	1.0080066767572307	0.5109360270758133	0.5738994745044106
795	1.4654534093725724	0.48226690450921084	0.3844651171765481
796	1.7345039837301912	0.5402804754064859	0.767796120547471
797	1.7141194646483993	0.5368446739934526	0.7450936876051271
798	1.4507704870307419	0.4764103416990782	0.34576723901476053
799	1.058108271564606	0.39184632896501376	-0.21299870745351687
800	0.8726017051691602	0.12858236563389897	-1.9525440871684931
801	0.9552558721755214	0.2252129693806419	-1.3140468232064695
802	0.9487493722023302	0.2762498935632487	-0.9768147746824005
803	0.9452939730979576	0.26082774471430326	-1.0787183069243653
804	1.1380132134323084	0.4962349984618689	0.4767608229439591
805	1.2321782587890733	0.4646298603300266	0.26792642222747476
806	1.4612530774925114	0.4070384356375115	-0.11261520400742582
807	1.4902899481260727	0.2952715147076721	-0.85112733627347
808	1.3514800569146674	0.520578443770971	0.6376127955344204
809	1.2363035962081776	0.5696750486273614	0.9620239722749624
810	1.6142502008773687	0.6180818827439333	1.2818774135460098
811	1.768926841409425	0.5831279117033867	1.0509152337743757
812	1.7003957155298113	0.6043562521094918	1.1911838106247967
813	1.322789159798238	0.5997573119549813	1.1607958114617567
814	1.0267237818646788	0.43645327554302826	0.08174656205146051
815	0.9919164760353422	0.22237864517827308	-1.3327749298127043
816	0.854283771517296	0.2760763432546669	-0.9779615272938161
817	0.7334943376787671	0.23782598436887428	-1.230704949638078
818	0.7831456699725052	0.18170847273974544	-1.6015075343912915
819	0.6541913673238525	0.3962352221208898	-0.1839986167659643
820	0.6678202819718589	0.4990075330379656	0.49508064784868033
821	0.7422501835410615	0.2349660218907091	-1.249602463950712
822	0.9984816388114521	0.23502639620735472	-1.2492035340620729
823	1.0139162918787001	0.2396083070835642	-1.2189280577145891
824	1.150863083640707	0.31298000730498976	-0.7341165381011551
825	1.1064837042611466	0.3044835967622738	-0.7902574983629818
826	1.0713843111611059	0.3343599258361213	-0.5928463922409872
827	1.129106597682742	0.48925566709658364	0.43064412897505494
828	1.6584425327770254	0.3354684979937013	-0.5855213806807321
829	2.1401998156911857	0.28631560370155495	-0.9103044960134651
830	2.2040218327769656	0.42153202819233115	-0.016847208854600157
831	2.100694630514358	0.46375919402097154	0.26217339953486507
832	1.392543909351599	0.6287600263639435	1.3524344133081048
833	1.8862342378225256	0.6085401862940604	1.2188296125329134
834	1.8530467170146374	0.6026845633346434	1.1801379445373383
835	1.8656147371995087	0.5979316323157976	1.1487324339261562
836	1.3486429093293466	0.6285717817036724	1.3511905661636379
837	1.0139951642196596	0.6954011036175711	1.7927726068419245
838	1.1192632018935345	0.48630356916344036	0.4111378195847087
839	1.1150054230533004	0.5106913025859354	0.5722824307195962
840	1.2554630823395154	0.537349707023827	0.7484307484906169
841	1.133168793551757	0.49751097056201715	0.48519194790072506
842	1.0569890295022606	0.501471329222626	0.5113604501252837
843	1.1860788189410205	0.4812432207224046	0.37770101479392076
844	1.1109032229701188	0.5793909197360405	1.0262226513617458
845	1.5287799942521219	0.5588779841882645	0.8906811902174986
846	1.7321813241384871	0.5545210135593251	0.8618920311118415
847	1.8252535544140636	0.5423835716608987	0.7816925586553265
848	1.9448121320407077	0.5108586257820703	0.57338803700567
849	1.8158190327421795	0.29347866443821685	-0.8629737901644231
850	1.7186258771106293	0.2609383801941072	-1.0779872709128644
851	1.4146832408138195	0.2934742357430822	-0.863003053251031
852	1.026898300522693	0.2861274014437689	-0.9115480629788832
853	1.2508895608863952	0.26303650478366525	-1.0641236836233208
854	1.3476903491918357	0.3121120749350895	-0.7398514959923196
855	1.4069880947706386	0.21519439341791827	-1.38024565766434
856	1.434470853699287	0.248108197725671	-1.1627641023160953
857	1.5291901369455956	0.25907001745186875	-1.090332681711853
858	1.4043747532168742	0.2560438513229572	-1.1103284047921789
859	1.2497356113179867	0.2924666468717511	-0.8696608067224839
860	1.0219865196710172	0.32972599598686153	-0.623465589632104
861	0.5752052378573146	0.20691796417997715	-1.4349330674382734
862	0.5649144859361042	0.05992194486305802	-2.406225313455366
863	0.7581702798178505	0.11074583799115244	-2.0704008908817837
864	1.0314541211327382	0.26995147815034276	-1.0184322421565415
865	1.1308415292803906	0.326684861931155	-0.6435602149228604
866	1.240025486379967	0.31442731049490896	-0.7245533242635507
867	1.2515112026796256	0.28426226600347815	-0.9238721490279099
868	0.9907687631718587	0.10708261662371961	-2.094606026001536
869	0.8756731411774016	0.22642955256319575	-1.3060081170065299
870	0.9758079453704966	0.39807204317221256	-0.17186162113328443
871	1.1087743391090046	0.5156288343274046	0.6049077107594094
872	1.1609706110765576	0.47094333038979175	0.30964336492433814
873	1.0453599051283209	0.3975744290771974	-0.17514966059342096
874	1.143351058769537	0.47046536621026036	0.30648516442605206
875	1.048437620479504	0.47862998474952023	0.3604337728014474
876	0.7714749415342649	0.31624568416544574	-0.7125382217134183
877	0.6325237686428045	0.26339505350360753	-1.061754533811526
878	0.6090876935983736	0.16883131923386682	-1.686594732052515
879	0.5697333382642291	0.1276198537225136	-1.9589039897058
880	0.4708170696608093	0.0919487470174306	-2.194604721674585
881	0.5547015285542054	0.19991734605971126	-1.4811904159647065
882	0.6408943660753621	0.35313796828684596	-0.46876842664352436
883	0.8532574568854338	0.4209259926909056	-0.02085165459456713
884	0.925657921322034	0.3610007335828329	-0.41681434652806776
885	1.1444254210871598	0.3241205273550982	-0.6605043355969553
886	1.0748281090335996	0.2960951134682773	-0.8456853175458713
887	1.0883974406960752	0.3066859303543824	-0.7757053387120039
888	1.119879863377299	0.3746213850796042	-0.326814404720172
889	1.0255384359223945	0.42693461527070525	0.01885097509651396
890	1.0093918637256447	0.539305225383814	0.7613520495491468
891	0.9630496628193234	0.38691263061865977	-0.24559865791659324
892	0.9661324779966753	0.5883594266489945	1.0854830399313316
893	0.8449617571524705	0.64371442876363	1.4512472598200863
894	0.6611574778096825	0.522003334006924	0.6470279133317454
895	0.5908227569065063	0.49664792794733725	0.47948929960102094
896	0.8953707904096723	0.48572544054204236	0.40731777160127464
897	0.9164293679525454	0.5209801492735712	0.6402671084992958
898	0.9293270598033249	0.440280296958129	0.1070340238691483
899	0.8850527562136868	0.580476421429849	1.0333952223138987
900	0.914913956554738	0.4583534796218329	0.22645455147037227
901	0.7624171105277057	0.4435973039361093	0.12895150961242413
902	0.7414596756495425	0.6119866670734944	1.2416026105546762
903	1.0004865972301353	0.4026274175999605	-0.14176148726614327
904	1.0121739966517438	0.27250332937914035	-1.0015706065623387
905	1.0186057563529662	0.4690513626002289	0.29714198119805796
906	0.8199339838524713	0.432815875529878	0.05771204434919312
907	0.8955516860168556	0.5436212860497098	0.7898708916076236
908	1.057024594878431	0.5554106764254811	0.8677705756294563
909	0.967251951624366	0.6469133555368929	1.4723845177192127
910	0.7310822001903826	0.5271443385106769	0.6809976618626118
911	0.7295167898828511	0.19935378955444077	-1.4849141770999081
912	0.6560347215969412	0.27097983616405574	-1.0116372543093162
913	0.7431659024527905	0.22728117465019315	-1.300380931090331
914	0.8510999217335449	0.13994439538581366	-1.8774682351261514
915	0.6726866171755685	0.11214092442998043	-2.061182704927811
916	0.6682594621440472	0.28697282220457443	-0.9059618530025308
917	0.7559226245243265	0.3087895356243776	-0.7618055372281153
918	0.7843352232928867	0.2845467734676682	-0.9219922348969972
919	0.6450806665040579	0.30787773626866527	-0.7678303510172383
920	0.5922288011952119	0.36215089251446403	-0.40921454581800853
921	0.7124481156439402	0.25487264013885513	-1.1180673105588326
922	0.8885054125766979	0.3792272193028326	-0.29638085224541455
923	1.20227501884988	0.5450444987054547	0.7992749246105721
924	1.607571906707693	0.6191707678683295	1.289072340885159
925	1.6485307155500672	0.567029228488189	0.9445414268463449
926	1.2704023413634697	0.515685492450275	0.6052820854919606
927	1.3243457302078228	0.5512321130330583	0.8401602618168016
928	1.4501179396473975	0.5296472456227395	0.6975358938619841
929	1.1744689832499144	0.5280429215721003	0.6869351475443238
930	1.074154599161983	0.5235847270767992	0.6574771406905036
931	1.282398187076183	0.5828806552261303	1.0492814596065263
932	1.2141738222834437	0.48979852767827337	0.43423113953570674
933	0.6752033764580461	0.3130568225600583	-0.7336089729169372
934	0.8132436889498836	0.49115125188658654	0.443169412426631
935	0.9859426511550708	0.37438544545266456	-0.32837340156402905
936	1.1490197414897918	0.24883232578995	-1.1579793470742463
937	1.1543741010623014	0.3242639279918669	-0.659556800233654
938	1.1942521922860387	0.30542218566474433	-0.784055669718889
939	0.9611759725024878	0.34562121249631433	-0.5184362111758849
940	1.0911060892921765	0.20612869516083976	-1.4401482486511528
941	1.0075789194505627	0.25954967593061007	-1.0871632859465612
942	0.919178770552308	0.22746764553036306	-1.2991488043915356
943	1.0189785170208074	0.1384407654660888	-1.8874036339804519
944	0.6150077044109189	0.3176954680246538	-0.7029586165826591
945	0.654895237814365	0.5474954474583218	0.8154698360789746
946	0.6980514695599388	0.42411645467239995	0.00022967126880016147
947	0.7429870071995558	0.36910677426501104	-0.3632527977386135
948	0.7094290886378283	0.36062040344136265	-0.419327419460609
949	0.7055948351333459	0.440514151948299	0.10857924624795876
950	0.8377412271201041	0.4728049839568199	0.3219444441156465
951	1.2691784881812231	0.37517611060445016	-0.3231489952522528
952	1.356538614042883	0.5243749812159204	0.6626988311912275
953	1.1264052256442278	0.5268770269136143	0.679231371301113
954	1.2056150837413473	0.5839825905592977	1.0565626176248955
955	1.3026273329696814	0.663344291566918	1.5809537213951204
956	1.092719448404608	0.6490846417665036	1.486731528532871
957	0.8174256161248887	0.6440578577957432	1.4535165046438492
958	0.7303850508045723	0.47948015508665515	0.36605136612193423
959	1.0508829441245784	0.49020694171491686	0.4369297798716815
960	1.2683535959387513	0.43292958029907563	0.05846336102545445
961	1.075083544835103	0.3123769515859668	-0.7381012946035773
962	1.0423050435368513	0.32082407244533906	-0.6822860213056752
963	1.0149629632651542	0.3787661776538785	-0.29942723527538356
964	0.9825294258301023	0.3650607916454073	-0.38998706962027896
965	1.0609296178381726	0.5531068885040176	0.8525480454209267
966	1.085717474561323	0.5717648982373453	0.975832881733544
967	0.9687809202364709	0.5119753210842375	0.580766723130634
968	1.1408850446822092	0.3805470280787612	-0.28766007166753405
969	1.0204052972952133	0.42240967302247723	-0.011048074821997456
970	1.10901934692307	0.5723546840382616	0.9797299558033248
971	0.9613061402162352	0.51161593978441	0.5783920719563501
972	0.8344106134870265	0.4499569490893968	0.1709735592809309
973	1.045570585090959	0.3696541367158905	-0.3596360405857964
974	0.840020068020882	0.4401266547289255	0.10601881606570158
