ID	SN	ssim	z_ssim
494	0.1964872738611621	0.21858490426325825	-0.6259214549051603
495	0.2744463031980782	0.20521450939984281	-0.7648845447052752
496	0.3133842802280854	0.11675089585728189	-1.6843171567064823
497	0.3091742832115759	0.12999046819177645	-1.5467137502231294
498	0.2930688103479359	0.2321696367183575	-0.4847306811581635
499	0.40687411228439246	0.21631130297423973	-0.6495517712363587
500	0.41822504066854976	0.20356960194561627	-0.7819806308425677
501	0.2727147262447441	0.27669705454645155	-0.021941988271941902
502	0.20688821999000073	0.20782072203207191	-0.737797284848678
503	0.23746019560240722	0.17406894665898995	-1.0885910377629275
504	0.2373897963937374	0.3277536729168002	0.5087069204527005
505	0.3819236011508586	0.39106370929124	1.1667097961959283
506	0.44826475240795743	0.3034690025302121	0.2563080297563949
507	0.3694535037199476	0.3552129467752417	0.7941005515321805
508	0.23160760133147584	0.47388819297604706	2.027533001607225
509	0.3422937738584999	0.3193905636969066	0.42178626407685954
510	0.38406230081804843	0.25985472929206177	-0.19699003888505956
511	0.31004201974928586	0.29871913137364625	0.20694099319452744
512	0.27930084290160073	0.26838742358125556	-0.10830682684391017
513	0.3574351793347684	0.34523451694499446	0.6903913152134425
514	0.44829874801643543	0.40756083582795244	1.338170078392816
515	0.387931143149826	0.3676685833108958	0.9235562449580926
516	0.30268920061335564	0.4078083635663975	1.340742718894233
517	0.3678910044190306	0.4181405267985394	1.4481284275232462
518	0.35440799587186644	0.3373733863352054	0.6086878943333582
519	0.30005289945071956	0.39985695831098894	1.2581010427259505
520	0.17273963171638712	0.38753879598186464	1.1300741657787108
521	0.2321113372222491	0.12399903424610179	-1.6089847737740048
522	0.3361911408295122	0.14701131707227688	-1.3698102424645733
523	0.42219123417635873	0.17874118863733593	-1.0400308278186936
524	0.4036092685204288	0.21102377236800307	-0.7045068864712745
525	0.2695901444508346	0.20273106123957907	-0.7906958713888991
526	0.26727880830271805	0.18139138636834076	-1.0124864157767286
527	0.2168389714811655	0.22183645694731555	-0.5921269550238727
528	0.22775065576053458	0.18861932687471	-0.9373639563492363
529	0.24403404359812064	0.2543053802702063	-0.2546663225202079
530	0.20688317964616323	0.3297197404293637	0.5291409329925262
531	0.33311323170873974	0.3262459292212668	0.49303642420346366
532	0.42005458010493885	0.2999445396989085	0.21967708131195246
533	0.42634279353970894	0.3243830579027469	0.47367496502697626
534	0.3892169458828846	0.25847168812898175	-0.2113644590353744
535	0.28641096411132394	0.17777773877487027	-1.0500442919776363
536	0.21060307478897208	0.17359772732317447	-1.0934885815937123
537	0.26661340041725784	0.12710335222198477	-1.5767205346054884
538	0.3741122295776947	0.1426948574638075	-1.4146726844730417
539	0.5113123106535296	0.21104770766823638	-0.7042581187041522
540	0.47806370154167327	0.4459290303880123	1.7369438558753982
541	0.330782101679478	0.4030192655534095	1.2909679841882753
542	0.22240534543076712	0.3971072851740315	1.229522748744708
543	0.24531236512955637	0.2812817911429083	0.02570874828981628
544	0.3226336289400751	0.29931299420275104	0.21311321282550083
545	0.3184984466571481	0.23802408824597973	-0.42388336276000144
546	0.32343296545823824	0.2116797888002898	-0.697688683170514
547	0.37094129515730934	0.44309839028912107	1.707524044548035
548	0.4467857286363395	0.4718735313272754	2.0065939335785647
549	0.46662833431038697	0.4849842867732024	2.1428585020517725
550	0.4825257668864759	0.2993170737878479	0.21315561334964034
551	0.5317423044807275	0.3658233754729215	0.9043783683801977
552	0.5699705143135146	0.4903228620218373	2.1983441417250362
553	0.48766529184091645	0.4131073224002022	1.3958166116095463
554	0.3797271766572811	0.43793548413675987	1.6538641939146586
555	0.44559850608640345	0.2498943032789287	-0.30051215537076825
556	0.45573905879917875	0.18560570132188578	-0.968685598125645
557	0.3349369604065335	0.28474680174972977	0.06172178941783899
558	0.3445466877853774	0.3037210674113835	0.25892782633499273
559	0.3030582664566402	0.29968184357455296	0.2169467905844253
560	0.23590371137870506	0.22162641415662154	-0.5943100016341821
561	0.17729415798070958	0.3830443732423812	1.083362092042171
562	0.18274500646290928	0.32422602079182733	0.4720428245876255
563	0.2057805745920058	0.11160678043868676	-1.7377817088127456
564	0.21439792599429172	0.16151491206758883	-1.2190694158587096
565	0.3248392501132128	0.21629674616616248	-0.6497030651247371
566	0.3504442276908773	0.5524042987548806	2.8435777609100357
567	0.2866227564829715	0.4779686133189927	2.069942206745249
568	0.223521527216636	0.4294692459031673	1.565871682403794
569	0.24052783769028566	0.3474090906979812	0.712992404470733
570	0.30268078447062713	0.3481424169519148	0.720614115206965
571	0.33171688422438556	0.3043811644293838	0.2657884405596448
572	0.273248246478961	0.2496713233177147	-0.30282966242200676
573	0.2242195060939604	0.2376145597318624	-0.42813973276734585
574	0.18236534134406887	0.19530290607974365	-0.8678992302328363
575	0.1901162294125422	0.25500700372249374	-0.24737410985169014
576	0.367349794021818	0.3555430331637238	0.7975312523389271
577	0.46622140020935665	0.5027077472102922	2.327064492185033
578	0.36692559531123353	0.53071954691131	2.6182007134470138
579	0.32492965761896536	0.5235778188088085	2.5439742890389017
580	0.29373606372327876	0.42691965685194644	1.539372930803896
581	0.238520726049157	0.2902602988645341	0.11902545191277822
582	0.2686854609019481	0.3352580665200583	0.5867026515315489
583	0.36805695974611596	0.4093488049340889	1.3567530532409051
584	0.3564237188518553	0.3672621621905156	0.919332171157356
585	0.3027111915641664	0.41843106336816227	1.4511480735267603
586	0.37618927446088507	0.40911755913924874	1.3543496365518293
587	0.29353791424302655	0.38101879031555946	1.0623095154329558
588	0.35668080080958064	0.4149207446304502	1.4146641294877957
589	0.34306075519460505	0.35494825298836774	0.7913494984144045
590	0.2524030969109894	0.27162044551421405	-0.07470492340089642
591	0.17864727192747668	0.290729755867837	0.12390467921860603
592	0.196320032945985	0.22800844105849383	-0.5279794118100697
593	0.20861542920857035	0.19025717279731053	-0.9203412631269249
594	0.20679433465950453	0.1890970902038506	-0.9323983985561579
595	0.21260968594212695	0.17054246891736657	-1.1252429278599214
596	0.2150644066233503	0.16738893796999457	-1.1580186542841413
597	0.19996517555647636	0.16443497923930844	-1.1887201583572462
598	0.23494361875956382	0.1795368970637989	-1.0317607578132189
599	0.24019114488348045	0.1661100823101181	-1.1713102388424304
600	0.25231319441568245	0.23229380658147264	-0.48344014127397866
601	0.22599732953273327	0.2686360115808535	-0.10572316668545967
602	0.23662510256669314	0.2520833595153771	-0.27776054470626677
603	0.27740588010071093	0.2769643171146543	-0.019164236930656435
604	0.26465281755432	0.2690568148750694	-0.1013496140297851
605	0.21761959938905512	0.24889625394291331	-0.3108852236998978
606	0.2647189387493802	0.29960265115379303	0.2161237166520568
607	0.2803652834085773	0.2776884345400894	-0.011638236700707997
608	0.26214120353781106	0.3332063336071081	0.5653782891667326
609	0.24396882122151542	0.3225806499855779	0.4549419226741781
610	0.21563579745288058	0.12959015789465947	-1.5508743121462771
611	0.19308921106095997	0.15907329765600656	-1.2444459500747898
612	0.286884648081642	0.3737968844183893	0.9872497757641997
613	0.526886109024893	0.3339203873813303	0.5727996944253654
614	0.5156889715410309	0.34646090076571046	0.7031375419889793
615	0.31172074398613353	0.43264787911199704	1.5989083052225306
616	0.27566078523336446	0.3955102425271964	1.2129241379322473
617	0.21355036113234	0.35166340271555685	0.7572089252971833
618	0.21250928821014511	0.30964274093479227	0.3204738059419265
619	0.24199488176255637	0.2759521721199838	-0.029683806264393042
620	0.31615047695572285	0.3795644720317215	1.047194287772185
621	0.25329831035649725	0.34288247696263696	0.6659457586969229
622	0.4144858489926932	0.47874340146777145	2.077994845144838
623	0.5432288872225459	0.4740716343956246	2.0294395710632673
624	0.42151509761888706	0.27726903511757495	-0.015997198437317835
625	0.2782382704359654	0.19858660946715218	-0.8337705770881207
626	0.23914220073719292	0.262667381028251	-0.16775718676773105
627	0.26945036092980623	0.2804647052773802	0.01721649524376227
628	0.2804214296899852	0.26909099334466	-0.10099438549783273
629	0.34024067469949826	0.31731702504277964	0.400235267181032
630	0.44022741607166976	0.3500759250826181	0.7407097269477495
631	0.5236601446485166	0.35979297975831387	0.8417024018302328
632	0.5092870146557739	0.3697876863312213	0.9455808079061132
633	0.47907147408558176	0.3604440066993859	0.8484687476411583
634	0.5253733180833509	0.32851491383865017	0.5166187578863138
635	0.41621924470876365	0.22831932562024443	-0.5247482821603219
636	0.3389218742087634	0.34516848865582267	0.6897050606060611
637	0.3322222773597616	0.3419506152167824	0.6562606006448739
638	0.5072675002027972	0.24087018537700294	-0.3943029012075594
639	0.5020606260606768	0.3637223370139856	0.8825415566012507
640	0.4420738180103442	0.3369505187588444	0.604292886886854
641	0.44311884972187593	0.3674791811204483	0.9215877231703397
642	0.4533190273432986	0.4029566615125827	1.2903173189658839
643	0.2631022223300028	0.33527505660444396	0.5868792352933835
644	0.2108989470106977	0.2907975110705896	0.12460888222986465
645	0.1982027078909377	0.22439978656304696	-0.5654853930343424
646	0.1961034572966952	0.15898473996252976	-1.2453663604917462
647	0.19242303457902138	0.14780701360573678	-1.36154029606715
648	0.1527283063695767	0.1831853446616519	-0.9938411932565483
649	0.1946544249046905	0.16761712469477533	-1.1556470315571516
650	0.24011761733443998	0.16374151975502582	-1.1959275201121922
651	0.33045998644305824	0.22607856050761035	-0.5480373208722564
652	0.29559430054324637	0.2364128596073843	-0.440629413439948
653	0.21535570452175087	0.22763696548236595	-0.5318402846093657
654	0.19727496450899948	0.18834971237992612	-0.9401661520684205
655	0.20457124780370678	0.19983741596892635	-0.820770517029744
656	0.20760316894556155	0.18662579661485512	-0.9580833986207187
657	0.20526279737812989	0.15525607688819726	-1.2841196319490171
658	0.18800774225216096	0.1291146534622442	-1.5558163924525872
659	0.19423926574796543	0.14872320517578372	-1.3520180035153488
660	0.25007223214903535	0.19296606527328872	-0.8921868165123202
661	0.2925328419387766	0.3161815758070587	0.38843415466948594
662	0.4425764248895294	0.4155253977396163	1.4209484961923928
663	0.4937540778941858	0.4318957010278968	1.5910906609633846
664	0.40989315469013543	0.3096389802625359	0.3204347199880851
665	0.2564656320918762	0.28547811530883066	0.06932258152783495
666	0.16273634495201775	0.3343902111512191	0.5776827336618452
667	0.13395176918269572	0.33148484061131434	0.5474862232847195
668	0.17985043945742898	0.17940098150284556	-1.0331733747549723
669	nan	nan	nan
670	nan	nan	nan
671	nan	nan	nan
672	nan	nan	nan
673	nan	nan	nan
674	nan	nan	nan
675	nan	nan	nan
676	nan	nan	nan
677	nan	nan	nan
678	nan	nan	nan
679	nan	nan	nan
680	nan	nan	nan
681	nan	nan	nan
682	nan	nan	nan
683	0.3117928894214668	0.1928509816849159	-0.8933829196333529
684	0.34020871754016785	0.29559917656163326	0.17451423503644328
685	nan	nan	nan
686	nan	nan	nan
687	0.2907592157283572	0.402934900337123	1.2900911476216226
688	0.22537900903465957	0.3139679441408243	0.3654271231523382
689	0.22061450968668775	0.26208341510197053	-0.17382654450046067
690	0.319014733295735	0.2237569664740267	-0.5721664422231186
691	0.3125213000980647	0.2772160585035127	-0.016547802518381963
692	0.3177119707131472	0.27345365909403635	-0.05565170725298065
693	0.33946300958286685	0.27059461901441184	-0.08536668929992816
694	0.40070423313059467	0.20301614419908942	-0.7877329066217688
695	0.39145006056896703	0.24768495494969295	-0.32347466870052755
696	0.35417800013918366	0.28084407425106833	0.021159406825397725
697	0.4528507945801432	0.29674312896818444	0.18640372391261717
698	0.35164640549765946	0.19234492168669717	-0.8986425743926254
699	0.22636245177496947	0.2479594744203602	-0.3206214938882715
700	0.20659106628782145	0.29814340654437704	0.20095728800353085
701	0.29746849091880495	0.17180775566921022	-1.1120923696067428
702	0.41029890443942635	0.21653351485030908	-0.6472422471569038
703	0.3873871070507977	0.2616646560692589	-0.17817885044667764
704	0.31335327484835324	0.2790050315898527	0.0020456070395721594
705	0.3401542834688112	0.2513670472221433	-0.2852054235259595
706	0.25564304719825853	0.33439101317252634	0.5776910693437813
707	0.2890210152996158	0.2276250321620008	-0.5319643116920701
708	0.3401660181946845	0.16468367096936293	-1.1861354200926593
709	0.29376213623384223	0.14786454578776342	-1.3609423444091
710	0.26557223015142833	0.1701301394654817	-1.129528408972098
711	nan	nan	nan
712	nan	nan	nan
713	nan	nan	nan
714	nan	nan	nan
715	0.2303086456113208	0.30856517634787384	0.3092743083962632
716	0.25268455316689037	0.2528019495542894	-0.2702919924961838
717	0.26122893352381954	0.21391194286575302	-0.6744891420189356
718	0.31557002034448983	0.3009509901366935	0.2301374651670302
719	0.39387727677940293	0.3265560637418216	0.4962597584183642
720	0.3329838014872572	0.21298579629615172	-0.6841149002881792
721	0.30000970934052257	0.13842152708286895	-1.4590868696589108
722	0.25339328034025876	0.11319394825607666	-1.7212857304823448
723	0.25065748798012977	0.13400580870157786	-1.5049809420643854
724	0.2159431778797113	0.2040403715132301	-0.7770877616066347
725	0.1907590961788348	0.19748174457055448	-0.8452538160957442
726	0.21347751572105086	0.15188275707400636	-1.319179699288283
727	0.28383252818869364	0.1921290376972334	-0.9008863305808849
728	0.3109674643973694	0.29017801769435636	0.11817027555059376
729	0.3258027122419244	0.31323982060209704	0.35785948601586204
730	0.39277202734879824	0.3003446888429152	0.223835968315671
731	0.4290143870270773	0.23747711463642746	-0.42956824668444593
732	0.4142555839581395	0.28122919158811344	0.025162063114765473
733	0.44342103877616906	0.24356668580553575	-0.3662772493832023
734	0.5725882539398218	0.22794693497327637	-0.5286186656040406
735	0.6516829193359347	0.23544320731826054	-0.4507073415419138
736	0.5275293504279497	0.20235162823804145	-0.7946394484338877
737	0.3890593372495792	0.24001711580031096	-0.4031691452790761
738	0.30402572173487896	0.1722370666358884	-1.107630393799438
739	0.2863884231315385	0.07677907644591604	-2.0997579561053348
740	0.2535181758365421	0.12291154800587925	-1.620287390458119
741	0.22461765960974708	0.18415933306593993	-0.9837181984256557
742	0.21106429632162071	0.24453465232645433	-0.3562168420471431
743	0.20256392887486108	0.3082037525591253	0.30551790726340006
744	0.22877523421531798	0.19391041531425027	-0.8823718633351364
745	0.4189135845055981	0.22153785011187077	-0.5952304780621026
746	0.6019855161781668	0.23303362125006705	-0.47575099422353284
747	0.5245016291405068	0.19111116757453972	-0.9114654031295774
748	0.5026875281569536	0.1246496483634304	-1.6022227185815328
749	0.5217002522260953	0.2004048232145279	-0.8148732593324778
750	0.38068296950957886	0.28809457241949793	0.09651631575498754
751	0.39360709415982525	0.23563130518615916	-0.44875237602481255
752	0.3732572221563371	0.10937352359264185	-1.7609927115403334
753	0.2828314291016704	0.557856756242983	2.9002470176740003
754	0.1919361368294214	0.5711043807042228	3.037934112666436
755	0.22898241614447973	0.1134808085329943	-1.718304293447118
756	0.26480499587168427	0.09817736887536715	-1.8773581793732848
757	0.2291524830418753	0.17147120554957715	-1.115590250183537
758	0.2296804695644093	0.2809576555274395	0.022339895903634843
759	0.3212241958199354	0.35243122446967506	0.765189159572834
760	0.39304775168998973	0.3236934777799487	0.46650792280363984
761	0.3979419446529957	0.33752682299507264	0.6102826140526764
762	0.39681917852812865	0.48376748813012327	2.130211897307919
763	0.4205949401772945	0.5127064418619883	2.4309843477286748
764	0.3903649808940712	0.4746459716282576	2.0354088544875224
765	0.40666053502977106	0.4132652799986345	1.3974583189906513
766	0.30045302074579994	0.28711703398016575	0.08635642419489027
767	0.22986029853960926	0.1962551166274485	-0.8580025801188305
768	0.23909095997252916	0.4391049776412582	1.666019140163175
769	0.2542954832284702	0.46387719811754213	1.923485305804504
770	0.2443210015262725	0.221234692805525	-0.5983812957017941
771	0.22333525593889106	0.18697348744858344	-0.9544697287894506
772	0.17814623191334406	0.17806273940624062	-1.0470821828750416
773	0.1800076356710347	0.14112144768172769	-1.4310256708338114
774	0.18025345634200324	0.1074030655589787	-1.7814723562685926
775	0.18935082773284598	0.16741213957980414	-1.1577775120126967
776	0.21619036587507737	0.14508582264339515	-1.3898225650596565
777	0.2559037042913758	0.17841943600824822	-1.0433749130118453
778	0.2657739865130875	0.17398563337830955	-1.0894569412028035
779	0.24977242596232774	0.1897107925697242	-0.9260199798295138
780	0.18623902324735986	0.25081260030253744	-0.290967980119513
781	0.17282787317943246	0.26396254466295516	-0.15429610784569364
782	0.16787799367017164	0.20102935260166688	-0.8083823116683013
783	0.17391515368546506	0.2169241964117066	-0.6431817599794993
784	0.20990037322683736	0.1823977697685193	-1.0020267286664386
785	0.26550208123305835	0.1865236213998922	-0.9591453405990433
786	0.28459114086705883	0.40840445779386003	1.3469381302120291
787	0.28688573002621953	0.38373228246882096	1.090511768067794
788	0.26554161077203203	0.3805423455395954	1.0573576618143123
789	0.2657292035918593	0.3691245288448787	0.9386883851865417
790	0.275775430332901	0.32322883089226506	0.46167868867569317
791	0.25054637233165045	0.30434596351372123	0.2654225853957373
792	0.21480296999761359	0.2533770350902373	-0.2643149316994724
793	0.18353749801549088	0.35595320741882075	0.8017943337532758
794	0.21006795100192593	0.18614313847393638	-0.9630998298678445
795	0.2565383585599076	0.2316597786870844	-0.4900298101748375
796	0.28209576961232163	0.36563081614348764	0.9023770333664365
797	0.2638517467027884	0.325800244054484	0.488404265730442
798	0.25441021208400955	0.3718438214635419	0.966950924043495
799	0.23176959899258168	0.21509250949854833	-0.662219108958278
800	0.21999556155772373	0.15408212119309353	-1.296320955271669
801	0.20157695607611448	0.26479963270765633	-0.14559596530579733
802	0.20136293992327312	0.30216518246892005	0.2427569816301891
803	0.2093854982814004	0.2248997478991937	-0.5602891237572362
804	0.1940254108852988	0.33385090214572904	0.5720775105906113
805	0.20344479736969454	0.3207857689667959	0.43628710995237857
806	0.22831457583422984	0.34703649069445064	0.7091198451126083
807	0.2252500842596233	0.2181191643665746	-0.6307620490497232
808	0.1893787412071874	0.34083520756991537	0.6446677872254711
809	0.2334510676357062	0.3570410042512634	0.8131001785286329
810	0.24689487157846515	0.3759216886298417	1.009333593142821
811	0.2874584913415354	0.38160398521240285	1.068391646277358
812	0.28864551214280604	0.3136537576473574	0.36216167539618516
813	0.3064051865010272	0.30334942655480956	0.25506523571945405
814	0.21838436930044552	0.2830402614929575	0.04398513247001456
815	0.28360089207487316	0.2469148755667662	-0.3314783672850532
816	0.2797362510304289	0.22403560318289045	-0.569270475545172
817	0.2726867831011521	0.20383873065783095	-0.7791834840278831
818	0.2501454070983946	0.14578774185703444	-1.3825272784421851
819	0.17100736819064807	0.28480715083849456	0.0623490181516981
820	0.19073433851720412	0.3774116346773105	1.0248191123445207
821	0.21361714229673992	0.17107775746451537	-1.1196794907882202
822	0.24378068877395143	0.21009816778684284	-0.7141270116691558
823	0.2469335182596536	0.23962066016274008	-0.40728964440631354
824	0.2437082688127665	0.2036258923029854	-0.7813955858931946
825	0.25737892786600247	0.19873078085528753	-0.8322721545089283
826	0.20656951336086693	0.2182620351435926	-0.6292771441670044
827	0.2544038873085696	0.35117578518366255	0.7521409494023092
828	0.29460262952949656	0.3581173068940074	0.8242865602565941
829	0.3276191401331805	0.37418494768162613	0.9912830500727138
830	0.34318950392249464	0.4246321514535956	1.5155981043057596
831	0.3373042423648144	0.2394133842000999	-0.4094439344257197
832	0.2882458359763296	0.3737185312051018	0.9864354240023085
833	0.27679328392635366	0.4811277079800752	2.1027757587502296
834	0.2719379560151298	0.4666655785736348	1.952465898201003
835	0.3339011641976994	0.42955951960276345	1.5668099278596472
836	0.3839889151937554	0.45224008424973083	1.8025367986028449
837	0.45153028408242263	0.42148064567067606	1.4828434261088017
838	0.47675415875675986	0.2243055777087405	-0.5664645378998975
839	0.41358722513524193	0.3042434533686644	0.26435716237431733
840	0.37693662046999266	0.3298781354818403	0.5307871869832314
841	0.38158364265872835	0.24101517064433162	-0.39279601970336264
842	0.3482354630378199	0.2055820328812194	-0.7610647473793242
843	0.30429172907188135	0.3052888419550607	0.27522224373439735
844	0.26539558324795914	0.34281779638936505	0.6652735113621413
845	0.26521304262425455	0.35275278351107986	0.7685312327429422
846	0.21615836971394897	0.3622527690235043	0.8672678335201611
847	0.266029523486954	0.2969565767139239	0.18862215938605134
848	0.30444119175234435	0.24959916158918222	-0.3035796639638182
849	0.2906483685657366	0.24425394179559612	-0.35913436266683874
850	0.2191926587576315	0.2636735939105823	-0.15729927190778634
851	0.2317923109210038	0.26126482036686755	-0.18233447974441347
852	0.21242649883988868	0.20480160154654006	-0.7691760373413443
853	0.2003548167358047	0.30770559236127093	0.3003403578330015
854	0.21561685166881478	0.30989434777538083	0.3230888419479835
855	0.24611268335255357	0.30157328393540206	0.2366051775955246
856	0.23240329830455855	0.30222814794529296	0.24341140337591163
857	0.21752031947134923	0.23445996995120116	-0.4609264640083238
858	0.20490659604211733	0.20411192424887398	-0.7763440895363407
859	0.22127913266256388	0.18358536654472546	-0.9896836289192628
860	0.18148450704227495	0.16689416663376186	-1.1631609821158764
861	0.1684271579445293	0.1284933765569594	-1.5622735359596998
862	0.15919206587823567	0.11103082994637692	-1.743767759396956
863	0.17418384697692743	0.10251900693669286	-1.832234049087017
864	0.19900292411518578	0.17968470611862625	-1.0302245277191142
865	0.22832540331176843	0.2332011445156217	-0.4740098675901991
866	0.237765427148288	0.27185776328140404	-0.0722383986250708
867	0.21896869561752985	0.23654143380429007	-0.4392930978073049
868	0.19727362715744992	0.17956644422746446	-1.031453664028799
869	0.19614717842660773	0.2443836925183442	-0.35778581899845346
870	0.2770855194150338	0.27398876926912413	-0.050090124063156764
871	0.33501165687492934	0.3428959615340509	0.666085908462689
872	0.28424668748611137	0.35477280099779096	0.7895259658283293
873	0.2506460661000178	0.28697718693963575	0.08490294604035761
874	0.27106134693275075	0.29827236417331504	0.20229758877651363
875	0.2794598491478621	0.29485174954192594	0.16674597021557264
876	0.22807446848563895	0.21402598153586866	-0.6733038990909703
877	0.18999639524743217	0.1756357364354162	-1.072306855386596
878	0.1753175262248802	0.14100854094184742	-1.43219914922344
879	0.15901146716755846	0.14960998094810515	-1.342801439416793
880	0.15223248474142717	0.1373428779978199	-1.4702976387648121
881	0.17096705706427742	0.16449187323044834	-1.1881288396355012
882	0.20172476385691895	0.21113089769995622	-0.703393496232905
883	0.2772073005913518	0.23233694887263487	-0.48299174867658695
884	0.3034232188040514	0.21484694473951732	-0.6647713475428199
885	0.3463294677455558	0.30926770992054153	0.31657598025737965
886	0.32168957139873766	0.2900614668507864	0.11695892274413239
887	0.3024303935352439	0.34027401421922515	0.6388351126647087
888	0.3134426338520428	0.3182868814049433	0.410315316283945
889	0.20851187744314076	0.35713732484747623	0.8141012714505593
890	0.19373184387346362	0.3965783658881048	1.2240255095847519
891	0.23996242774962076	0.2845351377148086	0.05952189266140971
892	0.30043391724387725	0.3180964920616812	0.4083365346791393
893	0.27917164892359236	0.355175171201593	0.7937079370666527
894	0.28122808231638924	0.24424094669811897	-0.3592694251624588
895	0.25511122805308306	0.2611995733671462	-0.1830126141431418
896	0.29649347045382635	0.2614141399055992	-0.18078255067413185
897	0.2727378391363896	0.31512164617009475	0.37741794319421773
898	0.26241935942012495	0.2883370657581164	0.09903663201599594
899	0.3049186991988257	0.3484217952710663	0.7235177896944469
900	0.30592407111060466	0.22622278680496272	-0.5465383276027791
901	0.24169602014292166	0.22599359699054458	-0.548920375783675
902	0.20806088866055095	0.3630589279560299	0.8756465192118046
903	0.27119164567146115	0.23214106957814876	-0.4850275892233862
904	0.31856268038138486	0.16444406629004266	-1.1886257135289449
905	0.3162480442311161	0.36538399717857745	0.8998117593909434
906	0.24805441685866242	0.3495376132315379	0.735114867643571
907	0.246077323254176	0.4142169535511773	1.407349387930153
908	0.3029959188686535	0.3773661123221793	1.0243459829277288
909	0.261450362677264	0.3564116359068057	0.8065589379249217
910	0.16880534990528048	0.2694111230334756	-0.09766716807837679
911	0.16494324919330222	0.14539264457486517	-1.3866336597168398
912	0.18474679751961998	0.15717902537159975	-1.2641337702366433
913	0.1785682315589992	0.20533147715313238	-0.763668858813412
914	0.1985113860002376	0.16964541400098154	-1.134566326620742
915	0.163321152665028	0.116112812261069	-1.6909489779044584
916	0.1915676705447468	0.2297694354390395	-0.5096767945170787
917	0.21314169080879583	0.2631705243540229	-0.16252784598342246
918	0.224416685677177	0.26658518329092373	-0.12703812699361955
919	0.1820061861701039	0.312137268477747	0.3464002844417488
920	0.18601202885123652	0.32710890737449466	0.5020056515021039
921	0.18062796080673735	0.22150322862639216	-0.5955903110097998
922	0.22307105216314696	0.25157604755822904	-0.2830332115031714
923	0.3136111711940396	0.3483605957787664	0.7228817224255986
924	0.5628082676029128	0.40956806015595604	1.359031847801329
925	0.6215451405318395	0.3148824233069924	0.3749316181045606
926	0.4569237723613502	0.4837054730552343	2.129567353410092
927	0.5548951048156716	0.5119862017424937	2.4234986456663634
928	0.6715410771529805	0.2514619215650994	-0.2842193620091073
929	0.5411397135469896	0.22823884221876367	-0.5255847736971568
930	0.5360631659462618	0.22266993055913967	-0.5834643785218984
931	0.652414089745364	0.2348077777243463	-0.4573115787856746
932	0.5922133624024104	0.18188308500939238	-1.007376023517633
933	0.3258602613756054	0.16243788414631427	-1.2094766511596007
934	0.2432274457074282	0.35947161537178063	0.8383623517748249
935	0.31188733543032326	0.3445845841965649	0.6836363417211353
936	0.37563860498300655	0.2675427057488596	-0.11708626837859462
937	0.3168210352791158	0.25846862305995566	-0.21139631534677483
938	0.27418076098155303	0.2769524128556793	-0.019287961968387016
939	0.25901871853001973	0.279298356737235	0.005094235686124461
940	0.25805648928694924	0.2623710023694578	-0.17083755160343286
941	0.2419924901127042	0.26822174995948594	-0.11002872949634986
942	0.21987336688291229	0.24351064732836708	-0.3668596764554468
943	0.213416937369417	0.21278319293605152	-0.6862206263502004
944	0.1637648787433692	0.2803300920346794	0.01581741374132272
945	0.1835225080062705	0.32522975970426715	0.4824750266317777
946	0.22128412088738136	0.29846982200431943	0.2043498355935975
947	0.2705733167963967	0.24004025386844557	-0.4029286634180063
948	0.2651969970873461	0.2318438527106602	-0.4881166658489341
949	0.26088495095352965	0.24043213606196095	-0.3988556976600876
950	0.31134058854000046	0.24424175880039423	-0.35926098470557205
951	0.5067654288284699	0.24610703379033255	-0.33987454334938194
952	0.6010848230770688	0.5197642851544528	2.5043389285967037
953	0.4211618549777073	0.46644046817341756	1.9501262487680666
954	0.48657461202948793	0.4775520752925492	2.065612984477311
955	0.4870126172542919	0.5274172219828135	2.5838785202525947
956	0.4209984361195776	0.45818570214547216	1.8643316402663332
957	0.3184286342640729	0.39239933226382717	1.180591382863692
958	0.3148315925090708	0.24097567081302962	-0.3932065549688041
959	0.4148901165458632	0.24316008194194885	-0.3705032224966296
960	0.49979495528942036	0.2124427290921997	-0.6897591836022627
961	0.3700235802814471	0.2245521366568395	-0.563901966368113
962	0.3522694880363338	0.2410731703495409	-0.3921932089168666
963	0.3487549462403225	0.23102607533393393	-0.49661610600753864
964	0.3580178357913236	0.22258636757596273	-0.5843328772052809
965	0.32109804173275386	0.3905013488439303	1.1608649916005633
966	0.3701250661613144	0.43708191915146766	1.6449928008920074
967	0.4064572307361861	0.2155190456291627	-0.6577859729718651
968	0.3838676093026166	0.17483236135334593	-1.080656607567691
969	0.42289184214950654	0.12757771502851864	-1.5717903196076823
970	0.4177761139752181	0.2801599813540221	0.014049395217290752
971	0.29189235022612836	0.26219281005368467	-0.17268956532714347
972	0.2440801440152135	0.24414203345394087	-0.3602974643620155
973	0.3312131945735722	0.14073857978019327	-1.4350049479700528
974	0.25801500936626814	0.1798417324832491	-1.028592498969703
