ID	SN	ssim	z_ssim
245	0.47265429227972444	0.22594172457175965	0.5393774271787649
246	0.6006567092099903	0.23785099558744202	0.7039230314966478
247	0.7795212099099876	0.1830643932641992	-0.05304140200482522
248	0.8395546492042567	0.3120420917851988	1.7289915468399109
249	0.9985104667364334	0.28971585866478755	1.4205189697944791
250	1.0292769156076416	0.21256299955031485	0.35452896829681035
251	0.9601402565032362	0.07057740750752209	-1.6072288098533984
252	0.8069720322028973	0.10014218085078697	-1.1987442359543958
253	0.7828877371174546	0.16056035926686438	-0.36397058220448114
254	0.6843201309427392	0.17986606375734698	-0.09723143352058397
255	0.657776771857038	0.2228234261360453	0.4962931527615934
256	0.7278299968839967	0.1639819373888229	-0.31669601442807094
257	0.8322833892837633	0.08146053543714307	-1.4568610115481797
258	0.7818612365099975	0.21603324532894388	0.4024759574974234
259	0.765553196753013	0.2609414646495026	1.0229547489541615
260	0.8254102607057107	0.07609767520250534	-1.5309574929380818
261	0.8576654240306576	0.1496553666095349	-0.5146404766522179
262	0.730444454755713	0.23873632442294437	0.7161552636849953
263	0.7130022063593929	0.3122263095125101	1.731536809033255
264	0.8545339143664029	0.23537251108133034	0.6696788086291334
265	0.9057598573969977	0.2337120606116381	0.6467370327962013
266	0.9209141897152552	0.05150957363772372	-1.8706813959107156
267	0.7671855861748827	0.030957819416526693	-2.154636712207269
268	0.5626657248797351	0.10481305790501177	-1.134208607655243
269	0.6285763373723426	0.10445174521921965	-1.1392007196118095
270	0.791667939927551	0.10131592044391476	-1.1825271484090107
271	0.9862820289650664	0.1765073609934803	-0.14363727778064267
272	0.9582097079187583	0.30121606075433094	1.5794126334041045
273	0.9197886475709928	0.3726766969287876	2.5667554815752864
274	0.9143101124021242	0.3025699479993746	1.5981187485492403
275	0.9214615354514096	0.25527842570833315	0.9447108191936096
276	1.0914071650382955	0.329068929272183	1.9642445073468027
277	1.161219564842645	0.14909840202792088	-0.5223358321063558
278	1.3258193305249295	0.23416161326308316	0.6529483208429109
279	1.4304312559123644	0.2637987236820667	1.062432347002513
280	1.3710176615611287	0.15563568659733104	-0.432012802371363
281	1.2602450058515098	0.12034411545515106	-0.9196222365063904
282	0.9817716231847063	0.1342272990967893	-0.7278038759063719
283	1.1286207728948536	0.27522785569099933	1.2203440639129983
284	1.1427692491051835	0.3254936717368408	1.9148466129693658
285	1.0460085461877615	0.2895461751037051	1.418174520326132
286	1.1593738122878878	0.17323985154950095	-0.18878314064378338
287	0.8902661893595752	0.12580973260122846	-0.8441060042292665
288	0.874631427917953	0.11373321333519791	-1.010962410307258
289	0.8341301072539286	0.0792416088910495	-1.4875190265503715
290	0.8667785530483587	0.16642958671336142	-0.2828778288536477
291	0.9225581744597833	0.2759033274111841	1.229676784803394
292	1.0113061756790847	0.25080412997082674	0.8828912758264763
293	1.232538270682114	0.1269739966014734	-0.8280198371369575
294	1.6374964327065766	0.1317368421646673	-0.762213516965346
295	1.6515797833586374	0.1021528708255674	-1.1709633418458911
296	1.3456829795883254	0.16755652283824288	-0.26730740599131697
297	1.214254085633484	0.08904005498687192	-1.3521378405743196
298	1.0905530917514341	0.2102735844107846	0.32289704076972203
299	1.2440466923268652	0.2741823113408045	1.2058981984425248
300	1.132677746270429	0.24360964029672555	0.7834879076753217
301	1.011212838031439	0.2908106019320753	1.4356445969005878
302	1.110245834227726	0.24628213289531603	0.8204126622712221
303	1.15867538021792	0.2703868726517584	1.153458149684026
304	1.197916650094883	0.2198135280434298	0.45470660225548043
305	0.9430023676090422	0.20273052395509733	0.21867761042398742
306	0.8631931931545631	0.15540501098138831	-0.43519995451331306
307	1.0791983409320645	0.0906045382340087	-1.3305220052300455
308	1.0397986158117547	0.12238752554688952	-0.8913892617112409
309	1.0216079370363729	0.21854018040014433	0.4371132703718367
310	1.1602501197390436	0.18276845927629717	-0.05713020280660557
311	1.0557453405778998	0.14981346697030057	-0.5124560676005804
312	0.916060643988007	0.13337353533293916	-0.7395999862041759
313	0.9200172744965732	0.13352967354431583	-0.7374426873809099
314	0.8570969768099046	0.15105623576135188	-0.4952852314107193
315	0.7609911498894221	0.18244275863843157	-0.06163027743029532
316	0.8472030422374932	0.16738342864736439	-0.2696989787588282
317	0.9777431120915204	0.09266242257195714	-1.302089045600683
318	1.0332175647554516	0.1395137238888499	-0.6547634722624206
319	1.0615153125525856	0.190050758831475	0.04348639912920364
320	0.8340045243626872	0.22638862613063315	0.545552086146439
321	1.0834532417663254	0.29124072567015896	1.4415874434712337
322	1.1458108496465027	0.24689673052297811	0.8289043103261555
323	1.143966169849776	0.08735972982210036	-1.3753542170698914
324	1.2690193127294014	0.2357925199179621	0.6754819016775172
325	1.2596032999990898	0.2656596319314885	1.0881437672966712
326	1.1340785985103274	0.250433258983077	0.8777671006588366
327	1.0966757058108394	0.30199318855349516	1.590149895422688
328	1.0082793450030303	0.17657772626904988	-0.14266506908908252
329	nan	nan	nan
330	nan	nan	nan
331	nan	nan	nan
332	nan	nan	nan
333	nan	nan	nan
334	nan	nan	nan
335	nan	nan	nan
336	nan	nan	nan
337	nan	nan	nan
338	nan	nan	nan
339	nan	nan	nan
340	nan	nan	nan
341	0.6220475996392301	0.2503049604646043	0.8759944516673596
342	0.6890607063886085	0.177204766035348	-0.13400151301239233
343	0.7860114572382462	0.14744587071640153	-0.5451681921181575
344	0.8366999903587952	0.2344568035338107	0.6570268460038265
345	0.9067498845025548	0.1972328861087304	0.1427189610188225
346	0.9314282498030644	0.19741572591630074	0.14524518504969802
347	0.867327990764387	0.19102111613905573	0.05689343549355316
348	0.7763649724299514	0.22533752314329508	0.5310294192238267
349	0.7151647678384566	0.20258878719892898	0.21671929071096158
350	0.802650165316695	0.22471125435990583	0.5223765155076788
351	0.8362298831584664	0.27790553622606395	1.2573404981390939
352	nan	nan	nan
353	nan	nan	nan
354	nan	nan	nan
355	nan	nan	nan
356	0.8928041997718984	0.13899920395319995	-0.6618723871266161
357	0.9609251250828992	0.19609746920368082	0.1270313626302976
358	1.0194507406571351	0.2178194792262554	0.42715563232379833
359	0.9361173764561102	0.15752445390661865	-0.4059164646598995
360	0.9091436944916399	0.19885743287258972	0.16516466979897285
361	0.9106591951655173	0.20290661940521687	0.22111065038246966
362	0.6919748558142241	0.1778638189424268	-0.12489564425435157
363	0.7093536371001181	0.16998187426190792	-0.23379730153868644
364	0.8451502698177593	0.13819201665163658	-0.6730249691913427
365	0.9249512453744189	0.19636959874545026	0.13079126698080212
366	1.0408693877404174	0.13315718601418897	-0.7425891976639399
367	0.9490932033365405	0.06599712141642704	-1.670512779276513
368	1.0446767969704407	0.06304366676509242	-1.7113194734721
369	0.9715535674613701	0.18064246657398889	-0.08650418829371663
370	0.8648193395732658	0.21623242052245492	0.40522788098108986
371	0.6632193337122814	0.2208321983968211	0.46878116052850677
372	nan	nan	nan
373	nan	nan	nan
374	nan	nan	nan
375	nan	nan	nan
376	0.643409608701798	0.2066742980835546	0.2731671502460056
377	0.6447584525223933	0.19666793870500449	0.13491331012453267
378	0.7325747105810423	0.09170639841147063	-1.3152980466405118
379	0.7965837705565915	0.16069334552869505	-0.3621331645497743
380	0.8498121412548686	0.21031790433645467	0.32350939134458967
381	0.8714542142712635	0.23757914629713384	0.7001669992677865
382	nan	nan	nan
383	nan	nan	nan
384	nan	nan	nan
385	nan	nan	nan
386	0.8546690723857565	0.20976140244401636	0.31582042868056726
387	0.8685062723439698	0.22831433208554872	0.5721587902572843
388	0.7982027235810766	0.22297688456641707	0.4984134261292869
389	0.9009334958717469	0.08273216278034828	-1.4392914483583494
390	0.905275503404947	0.07253486526685592	-1.5801834038405387
391	0.7137888492298358	0.1176373903084943	-0.9570199684408273
392	0.6183189354935206	0.13247901858442485	-0.7519591640886102
393	0.5622533278216546	0.1404280303604217	-0.6421308677395724
394	0.6321259681140501	0.15859108388318302	-0.3911792675765315
395	0.6960105808884787	0.210662972549665	0.32827705996165446
396	0.7273574977577374	0.2882990460809631	1.4009434405699288
397	0.7412810422487256	0.248222993369192	0.8472287502710734
398	0.6805995375362286	0.11426694936609787	-1.0035879943891879
399	0.6403847882917898	0.25464496294023087	0.9359585190861545
400	0.6055697180514427	0.3140930759553011	1.7573291696273587
401	0.5558239582710714	0.23833432410053454	0.7106009870294547
402	0.5852120678354382	0.16921610436774093	-0.24437763595531226
403	0.6893892440838916	0.23090796371501784	0.607993954583211
404	0.6131127145720937	0.16722610685406464	-0.2718726306571511
405	0.6629398660576291	0.16124415417140459	-0.35452286322580523
406	0.6282066906279159	0.21911239264880356	0.44501929670457707
407	0.6373449590185443	0.22308082964179238	0.49984959339938895
408	0.6564575584289958	0.23615877554608006	0.6805423082787387
409	0.7503935759606186	0.16971737282863464	-0.23745181138430055
410	0.6866604315287502	0.16597281138546324	-0.2891889097138894
411	0.675438265428784	0.24200750079204095	0.7613517909765973
412	0.6107987788832029	0.16601512354885437	-0.28860429958233547
413	0.5810976351008829	0.24148546656824757	0.7541390542175139
414	0.5433733594472313	0.251666014815653	0.894799591831512
415	0.5534479533505787	0.15390043506020287	-0.4559880744467319
416	0.5476866654933888	0.06488535109168811	-1.6858736623822852
417	0.5603016978349786	0.19088620508517443	0.05502942376178306
418	0.5738806136535651	0.1902106492576311	0.045695540793866056
419	0.672643803444712	0.219855826382069	0.45529102137600125
420	0.6629397012404397	0.21218496783042168	0.3493058561752338
421	0.6746960952062085	0.24654744146047916	0.8240783239332996
422	0.6306800331498609	0.23241949595263628	0.6288781871409698
423	0.7519199649427651	0.12369326333904071	-0.8733484081772762
424	0.7783721845352776	0.059623676111801485	-1.7585721078328629
425	0.7690833736115908	0.14075211158390066	-0.6376531679126725
426	0.8742634345688839	0.134446448455154	-0.7247759774262289
427	1.0241250324939641	0.05354656046991575	-1.8425371687074519
428	0.9031617663584632	0.06619364154496707	-1.6677975397569267
429	0.7693787445384556	0.10426301747835985	-1.1418082948471395
430	0.6026607336266424	0.13184091756211322	-0.760775549087647
431	0.5441709531107232	0.1830211062750211	-0.053639480911924865
432	0.5710958044521548	0.13483600166013376	-0.7193936775824384
433	0.5864727617238338	0.06944488230643583	-1.6228764547321302
434	0.7766653396402802	0.07591342115720169	-1.5335032569225087
435	0.8555667744705849	0.1974340302620559	0.14549808882776785
436	0.8570032500400124	0.24507492839727263	0.8037332036037482
437	0.7571292928299944	0.28223264919174057	1.317126476386748
438	0.9318390634882872	0.2485436652173233	0.8516593441310175
439	0.924839927445261	0.18869512727079987	0.024756183477049352
440	0.8238170903422961	0.2050217929726797	0.25033515223796304
441	0.7545815560012634	0.25315360260471	0.9153529935807847
442	0.7241566706978468	0.26897670912881166	1.1339744878574742
443	0.7746703951024534	0.19221472655170918	0.07338507015461275
444	0.6829132792142645	0.07519934315333954	-1.5433693852960155
445	0.7744413662557086	0.09078836634107666	-1.3279821262627873
446	0.6307191988106411	0.14375087253389998	-0.5962204948235519
447	0.6957871007221997	0.37410990087011675	2.5865574835892
448	0.8314118166566459	0.3064612164767817	1.6518828389234483
449	0.7966167955329329	0.3312466597051491	1.9943333322347399
450	0.8045007663876069	0.28084270052392646	1.2979221150773834
451	0.744670288826132	0.30945748719765576	1.6932811055190256
452	0.6479670685195202	0.3999804635360512	2.944000635424798
453	0.8222937631407998	0.35944916778155156	2.383996035233167
454	0.8519106433415246	0.18972934365576372	0.039045535011265085
455	0.8972348593486926	0.09092167635345669	-1.3261402354770448
456	0.9050750342558527	0.03125337778202419	-2.1505531012290695
457	0.5980264280268247	0.15025941533275208	-0.5062945785642214
458	0.6763695494250954	0.21330288559385602	0.364751675967207
459	0.7093743936981098	0.18076727517509358	-0.08477975808587276
460	0.7947528186570321	0.22877351846593288	0.578503183659312
461	0.7848856110521517	0.15628501737688671	-0.4230412603362968
462	0.8612406770820871	0.21030224752283122	0.3232930674523909
463	0.8780159166495292	0.1945769242365137	0.10602260481585535
464	0.9002668616581101	0.18174507554943783	-0.07126988386377638
465	0.9361536367669671	0.18195542036068355	-0.06836363426747617
466	0.7823976000572906	0.17285605653405872	-0.19408588190031975
467	0.7429847231263483	0.16493408695474787	-0.3035405471018321
468	0.7179243122825624	0.14447373454545043	-0.5862330013512494
469	0.6965269204397033	0.17235188276272234	-0.20105184797637327
470	0.757839531288474	0.13205970087618457	-0.7577527080941777
471	0.6850342519044778	0.24376680861981245	0.7856594391374833
472	0.6770178247982401	0.25240518002080226	0.9050123399679747
473	0.7261224084297953	0.17348874918194088	-0.1853442222339841
474	0.6893370940474124	0.16845521922240847	-0.2548904797633307
475	0.6942686963978827	0.09370730204897781	-1.2876523664152555
476	0.5514331865043217	0.10800838992027342	-1.090059991274345
477	0.4948353185633048	0.16843616618418775	-0.25515372792385976
478	0.46259953997267944	0.141850204383883	-0.6224812616614606
479	0.4692057700007628	0.07849917312559554	-1.497776962702212
480	0.5691573898750889	0.07407469355557332	-1.5589082161334882
481	0.5733936389951996	0.08920800578205328	-1.3498173320350149
482	0.5268599371677394	0.09235160621301342	-1.3063834701332118
483	nan	nan	nan
