ID	SN	ssim	z_ssim
5057	1.4099085326443612	0.4752261696148539	-1.338977521445166
5058	1.387416203179835	0.530209024775362	-0.8658352174396989
5059	1.1513355274982768	0.5667009764146388	-0.5518121274080839
5060	1.2204824811339148	0.7392906068688425	0.9333682103930465
5061	1.3491763036434292	0.7819263071053781	1.3002599147963885
5062	1.4706031284083785	0.6439086035123308	0.11258033575441558
5063	1.4308529131401864	0.6469029742123629	0.13834770356250337
5064	1.5716927173858233	0.6958553106329072	0.5595957666696908
5065	1.5538847925920753	0.7036345271161406	0.6265380234784651
5066	1.303481124159091	0.6916949574642299	0.5237948051161656
5067	1.036835879178115	0.6316629446960758	0.007203137544648506
5068	1.0259852010158423	0.4948332557251661	-1.1702532551264182
5069	1.1507694132896826	0.4570620548827391	-1.4952846297152602
5070	1.255965138668287	0.531820205998018	-0.8519705682934801
5071	1.6108375944577216	0.6441618800630335	0.11475984881171712
5072	1.729411878464599	0.6593136470537919	0.2451448919826027
5073	1.7971168102386665	0.539310619911908	-0.787513535517961
5074	1.915203220783251	0.6959897645688332	0.5607527790663904
5075	2.0966604505829203	0.6611328765770875	0.2607998528909459
5076	2.203425963450194	0.7237428955166052	0.799575959158825
5077	1.6788512183928574	0.8259722184583741	1.679286866356837
5078	2.200581704742183	0.7363341135895715	0.9079267880106069
5079	2.445474602595711	0.7020330414773235	0.6127568074472204
5080	2.0789404881357796	0.7168933084306511	0.7406334141441355
5081	2.0108688694340784	0.5616555903404898	-0.5952290359107648
5082	1.9609554685706738	0.6063871095124255	-0.21030224407919343
5083	1.6227434755068295	0.656817515653164	0.2236650077796858
5084	1.3491402950971119	0.6381654945019962	0.0631593331278369
5085	1.2006492256683627	0.6790477377127185	0.4149620667102568
5086	1.0277482688460216	0.6483481438072483	0.150783777858875
5087	1.1013501234651037	0.6731173757743698	0.3639297021139561
5088	1.3688760502905488	0.6858932838525815	0.47386983829351365
5089	1.530157924948823	0.4602485800380238	-1.4678637209730439
5090	nan	nan	nan
5091	nan	nan	nan
5092	nan	nan	nan
5093	nan	nan	nan
5094	1.2748442736638335	0.677589201898653	0.4024109724913972
5095	1.5067556301238159	0.7062709715817634	0.6492253394646166
5096	1.4155745894853007	0.7087346626648191	0.6704260659818517
5097	1.2201015510811886	0.5900583318909864	-0.3508157813054253
5098	1.0442857201703801	0.7718136730075917	1.2132379698169367
5099	0.9469418964368989	0.7937877003059944	1.4023304037019069
5100	1.096582273919439	0.8446213724785231	1.839767868572666
5101	1.66519072436729	0.6698946436027274	0.33619722222668713
5102	1.8984106952561834	0.6263231924997081	-0.038746870864923524
5103	1.6949890811311803	0.6241133800121478	-0.05776290356697461
5104	1.4557784421165925	0.7177931953840566	0.7483771841836467
5105	1.692346251227886	0.5599459789195634	-0.6099407034713131
5106	1.5334983941855973	0.6592069166648332	0.2442264481878616
5107	1.614354755669184	0.715166178036645	0.725770991093306
5108	1.7712481789678747	0.6449469875275458	0.12151591037976041
5109	2.4846766505359956	0.4217954443130452	-1.7987633292243659
5110	2.4507685135289052	0.4694942243803855	-1.3883024567682314
5111	1.818841906343762	0.7802594997106829	1.2859165874308442
5112	1.1958576543198147	0.6943118919451623	0.5463142324199158
5113	0.9114183314941497	0.6233690706382826	-0.06416788655695169
5114	nan	nan	nan
5115	1.2350621646090996	0.6593334567639886	0.24531535988385605
5116	1.560956716820318	0.7972007056916394	1.431700235934755
5117	1.7983248847169977	0.7523388564707859	1.0456519188668876
5118	nan	nan	nan
5119	nan	nan	nan
5120	nan	nan	nan
5121	nan	nan	nan
5122	nan	nan	nan
5123	nan	nan	nan
5124	nan	nan	nan
5125	nan	nan	nan
5126	nan	nan	nan
5127	nan	nan	nan
5128	nan	nan	nan
5129	nan	nan	nan
5130	nan	nan	nan
5131	nan	nan	nan
5132	nan	nan	nan
5133	nan	nan	nan
5134	nan	nan	nan
5135	nan	nan	nan
5136	nan	nan	nan
5137	nan	nan	nan
5138	nan	nan	nan
5139	nan	nan	nan
5140	nan	nan	nan
5141	nan	nan	nan
5142	nan	nan	nan
5143	nan	nan	nan
5144	nan	nan	nan
5145	nan	nan	nan
5146	nan	nan	nan
5147	nan	nan	nan
5148	nan	nan	nan
5149	nan	nan	nan
5150	1.4003227443288937	0.8513453095394613	1.8976291612194893
5151	1.5018077205202878	0.8421845374130078	1.8187982453325957
5152	1.587232867725004	0.6979367434087066	0.5775070573129163
5153	1.987539811228291	0.6555366118438773	0.21264248489021267
5154	2.203802289829968	0.7089298779424598	0.6721059461184931
5155	2.2428047812541845	0.5557660345997978	-0.6459102521659941
5156	2.275100820074463	0.5588268438825889	-0.6195711624269573
5157	1.670998418940024	0.6235699053208099	-0.06243964992504571
5158	1.7767829622154396	0.44853373535769303	-1.5686731203201163
5159	1.440181471979663	0.45944697828813136	-1.474761720317235
5160	1.341380149527987	0.5860111996022821	-0.38564244663778263
5161	1.395782980147487	0.670036732260874	0.33741993346807797
5162	1.8658449065611002	0.3622789583096004	-2.3109187498872963
5163	1.8216784385527627	0.6254604976581857	-0.0461705927465901
5164	1.6228383047523454	0.7006554705866342	0.6009024382397856
5165	1.5233181460254643	0.6214064234824453	-0.0810569948899363
5166	1.5729151004544883	0.5103918821770355	-1.0363670765147757
5167	2.5811319906405026	0.5503519090118955	-0.6925002636769821
5168	2.6419176250444547	0.5930034824900937	-0.32547196574625126
5169	2.641160828855643	0.5532485819013797	-0.6675736118892599
5170	2.116886245763694	0.5807730296711688	-0.43071831224614443
5171	1.6069863662214956	0.7222457777083036	0.7866928564694573
5172	1.550133939444134	0.7405196350316622	0.9439443293477016
5173	1.2337001465461208	0.713763266230766	0.7136985564732358
5174	0.8478129437543761	0.6249291155378892	-0.050743279268059854
5175	0.6695416538733235	0.4928429621947553	-1.1873802679720902
5176	0.6387900604904401	0.423462292791902	-1.7844196483185266
5177	0.7134612378698384	0.3983232018905386	-2.0007483084972577
5178	0.7783924229150496	0.43126201991607005	-1.7173008919103754
5179	0.9709390686232342	0.35353072771864635	-2.3861996345501955
5180	0.948952391255915	0.4130195035640571	-1.8742826672738404
5181	0.9225073086584604	0.38671460414490444	-2.1006434243039585
5182	0.9251401795919432	0.25876500533270613	-3.2016842451535252
5183	0.694713560450079	0.4463177645579737	-1.5877421469599173
5184	0.761146518767434	0.5018459759193749	-1.109906905698992
5185	0.8535687419943288	0.3786206869368773	-2.1702937657614187
5186	1.225665701712865	0.3937009100222991	-2.0405243771997683
5187	1.5380969804876057	0.6964557455331777	0.5647626709945017
5188	1.858830625541498	0.8003859445931765	1.459110076116419
5189	1.8136905168467194	0.8401759907645812	1.8015141594813824
5190	1.8705410143646435	0.8010883373627291	1.4651543554164437
5191	1.8335353468907607	0.7903786614314307	1.372994704367147
5192	1.889988240989839	0.754167264791267	1.0613858658016135
5193	1.6059274571666338	0.6915481998932461	0.5225319166200549
5194	1.3115254615555245	0.6984977405731616	0.5823345892800345
5195	1.2826235742763419	0.6633096560630137	0.2795316277010455
5196	1.0806030278148469	0.6650009078466987	0.29408530562937607
5197	1.1066474830063502	0.6365794439810795	0.04951094045079332
5198	1.2913218178395465	0.6159118360585838	-0.12833940220938359
5199	1.4133140008521012	0.6483789631587129	0.15104898669383585
5200	1.60751689373191	0.7625000968883252	1.1330921343426599
5201	1.382691666065558	0.7190818874753464	0.759466727341173
5202	1.2192632701501926	0.5631024074677801	-0.582778784153516
5203	1.073540712580282	0.7232243231822347	0.7951135043015558
5204	1.224001674519954	0.7805076630707322	1.2880521001029435
5205	1.419680205994634	0.6880020362194089	0.492016221388845
5206	1.3322446451384906	0.732669152854063	0.8763888120101618
5207	1.1299940149718346	0.7562652013361306	1.0794391758306465
5208	1.0678512618911207	0.7938569267437842	1.402926115877608
5209	1.0206286441887502	0.6348127281654131	0.03430787416572945
5210	1.1804101917861978	0.5966152519974699	-0.29439171461582114
5211	1.299263610716978	0.5858830930620185	-0.38674483798216736
5212	1.3863360586051359	0.531965148106899	-0.8507233023386085
5213	1.591872464921816	0.507996822096224	-1.056977214739838
5214	1.751413353133994	0.5906058283844512	-0.3461044262548988
5215	1.8572780319468614	0.5371487998861593	-0.8061165801369057
5216	2.292599035234009	0.5109937806674978	-1.0311875776014614
5217	2.4221728546310977	0.6319799572046364	0.009931115716409013
5218	2.627595432332908	0.5616032767059268	-0.595679208851326
5219	2.3730043474033367	0.6276830030133069	-0.02704533449441679
5220	2.1288903582394796	0.6975811022603695	0.5744466692731875
5221	1.654755547163528	0.6581494786040305	0.2351269083591146
5222	2.186846050914549	0.6750820036334414	0.3808358549327009
5223	2.4726897316924124	0.6703294496103844	0.33993884524094653
5224	2.643631242393497	0.6091068525076592	-0.18689812177032003
5225	2.235837882301385	0.6096222349261397	-0.18246311699998008
5226	2.602077600556164	0.576546611454161	-0.46708778136607615
5227	2.426898469754758	0.5611677945342463	-0.5994266504394491
5228	2.5438886822148192	0.6627737821026329	0.274920287683672
5229	2.3461702796807242	0.6716466762460487	0.35127393585194117
5230	1.968816357907712	0.5958484605010275	-0.300990162336651
5231	1.8971941802375374	0.635395488380691	0.03932268305723573
5232	1.533689371192681	0.7538968056364221	1.0590584917994983
5233	1.627698381228493	0.7508800249265308	1.0330982798099535
