ID	SN	ssim	z_ssim
494	1.2743102030502689	0.48735042594005495	-0.22820550767466682
495	1.4948145675684976	0.48988119721606194	-0.2140690407999815
496	1.171319554342007	0.3493530858998044	-0.9990356671474832
497	1.3024911966688983	0.4348203517572846	-0.5216297537334187
498	1.248544776414828	0.5264048380317441	-0.010054065828228959
499	1.3035864863441555	0.5388662653068925	0.05955339161232626
500	0.9833541930458729	0.6052342107402554	0.43027368192633225
501	0.6724683474201865	0.6727919611374569	0.8076400246189547
502	0.4396647723156507	0.5422220018361951	0.07829797700271536
503	0.9349660196916713	0.18314664560576818	-1.9274371627117628
504	1.3989077653010578	0.5069445694934518	-0.1187558849819922
505	2.1040251405884196	0.4655547853927096	-0.3499523259395842
506	2.68571746790761	0.37147222251726986	-0.8754818537097112
507	2.555811041762472	0.5554108867821674	0.1519688918421406
508	2.8989328452153127	0.36872093643721804	-0.8908500795553913
509	3.4187110054090653	0.34682719577822774	-1.0131448687064253
510	2.628106382469411	0.6730237376729332	0.8089346897462041
511	2.306274787234517	0.7096760499881416	1.0136684022854379
512	1.8772666676910603	0.6700536162382487	0.7923440860542507
513	1.7025867775266257	0.7866136172669437	1.4434288399697544
514	1.838390787403336	0.8388147401031187	1.7350156185897798
515	2.011709563115699	0.8188852379421258	1.6236927385654891
516	1.8473924981111969	0.7590574670219772	1.2895047738856626
517	1.9031488327600994	0.7610677074804308	1.3007336423023768
518	1.7605565877925378	0.6250601698431892	0.5410181876723017
519	1.7470067058270382	0.5803604841739074	0.2913331877818159
520	1.2738063486743207	0.48137686251707995	-0.26157283812183163
521	1.82665041660735	0.3959094786837069	-0.7389794105295858
522	2.090230501333741	0.37992603298298755	-0.8282602763406007
523	2.1167106099122814	0.454161305232681	-0.413594408650335
524	2.0360749483178755	0.5578782086319773	0.16575094078891744
525	1.7049335317517864	0.49717107643089	-0.17334898955794695
526	1.6366630340337287	0.3696275588409795	-0.8857858377963166
527	1.6218714650880401	0.3479560713843738	-1.0068391575727416
528	1.477626627754339	0.3461182491626713	-1.0171049264333907
529	1.5018895575338342	0.5695002460925397	0.23066970651665755
530	1.3689664546966507	0.6862005207192566	0.8825380053896332
531	1.6121165582265649	0.7536771262357236	1.259451086292291
532	1.73693496316085	0.7044121019483808	0.9842648651899986
533	1.6791117083068492	0.6720883217048489	0.8037096119320842
534	1.3801998851981512	0.6945046430498609	0.92892344976497
535	0.9732106189483054	0.5187248264888481	-0.052953331282453435
536	1.045150155623294	0.36807278184966274	-0.8944705631382093
537	1.4561015190862434	0.2762206046960464	-1.407541527713295
538	1.791250181378748	0.32062640611154636	-1.1594981163211324
539	1.966963610993666	0.5434199021907711	0.08498924888578963
540	2.0250641064264006	0.7399304677877495	1.1826645415619397
541	2.25037915096396	0.6649441687717116	0.7638035634304089
542	2.21443819404843	0.6518173609785365	0.6904794012282184
543	2.2874467229881073	0.610486627249614	0.45961280581339864
544	2.033007710800635	0.571281478974835	0.24061937675173226
545	2.032540209697599	0.6650023436550063	0.7641285186400841
546	2.3279953361878625	0.6177738096145358	0.5003177929009884
547	2.144174191005783	0.7932256127936472	1.4803623458242574
548	1.7572526708924423	0.8366162362296398	1.7227351420900074
549	1.9227889872299544	0.8245762183481227	1.655481607341016
550	1.9915419702097754	0.6771851696222131	0.8321797555725674
551	1.8526444916181013	0.7438677172582198	1.2046573613968845
552	1.5753097250698453	0.7840571288313679	1.4291487213246379
553	1.7068144498904685	0.7175228328046299	1.057499224299964
554	1.9370869885969169	0.7004831132393123	0.9623181885925022
555	1.831657557910864	0.646312581740401	0.6597306211665375
556	1.9124157682269995	0.548771323320476	0.11488139609394188
557	1.8286922786001343	0.5851811303738275	0.3182605146271201
558	2.23617210010587	0.6964985589085759	0.9400611316862328
559	2.02289265912336	0.6732229634794231	0.8100475319223135
560	1.6913482912731082	0.5075017983520491	-0.11564329737841848
561	0.9372165713544738	0.5859153115787463	0.3223615285677111
562	0.8886281646249585	0.4650715901307946	-0.35265137420160025
563	1.1071729138073771	0.09130599594938307	-2.4404437366070977
564	1.2543321479524792	0.26609551474652193	-1.4640985939450943
565	1.931771821845344	0.5429423146199344	0.08232152425223567
566	2.39936612561159	0.757583513667545	1.2812715159190882
567	2.78681334851385	0.7281889984616201	1.1170786493232514
568	2.7525908408628403	0.7131233546583069	1.0329244720609845
569	2.2454330519314283	0.7107711921893597	1.0197856842371342
570	1.5825990930898017	0.756510159770593	1.2752759398064115
571	1.1376236148795265	0.7291854014630528	1.122644390548912
572	1.0964966449700309	0.5562317444173044	0.1565540658868906
573	0.8911342670850908	0.44990552101766396	-0.437366510519738
574	1.0784628986295406	0.4589865712074186	-0.38664127651227453
575	1.4600762764004542	0.5886294823217009	0.33752243432153123
576	1.667205610664978	0.7034183251919979	0.9787137937318127
577	1.7726665456811173	0.827687709005322	1.6728618759663934
578	1.7910842679870458	0.8013690541465226	1.5258502530177116
579	1.5781718234750008	0.8042942888189906	1.542190126731337
580	1.5340881043595938	0.7838280883041935	1.4278693390841097
581	1.4094540178274197	0.6194639556502801	0.5097586671807766
582	1.9364373771603305	0.6073865994167891	0.4422965666159647
583	2.347437769457538	0.6516691216601156	0.6896513610832041
584	2.1685984196672865	0.6834094551218646	0.8669475777849468
585	1.5970606710095823	0.7812695828091902	1.4135779534809512
586	1.6984151239452734	0.8115975372176065	1.582984856007515
587	1.9209190752534382	0.7506523307146398	1.2425550822591
588	2.165308118255626	0.752490560270989	1.2528231264232488
589	1.430573278044899	0.7237291656340494	1.0921667658862542
590	1.2751469349511322	0.6123564515871163	0.47005733316329273
591	0.9869999057242598	0.5333104465202635	0.02851951313285562
592	0.8372487295207535	0.46557152408350416	-0.3498588264004571
593	0.7386656141299812	0.3024047841831732	-1.261281061795331
594	0.7501449314630401	0.348782493250022	-1.0022229026630194
595	0.6235845464633623	0.3474852589370696	-1.0094690374945676
596	0.4833981048996417	0.264155949901983	-1.474932680152754
597	0.5287255116544557	0.27694098554445207	-1.403517600265884
598	0.7785384301054459	0.33978689245302246	-1.052470830593242
599	0.8599456443391528	0.3572682332298505	-0.9548229723456073
600	1.2546705572240753	0.5921288305444051	0.35706921071425934
601	1.7469476507492443	0.5683178948505198	0.22406528938678189
602	1.8435948877466546	0.6467278709804907	0.6620503576996644
603	1.6821844601201983	0.7270545532731385	1.1107418274301961
604	1.385078224060144	0.6561627997484197	0.7147522985100897
605	1.034342386169812	0.5368881836888785	0.048504157122594226
606	1.117051370673408	0.5987150072498543	0.3938584969330859
607	1.5921095727219199	0.4830693163935411	-0.2521190726281458
608	2.0405978513906846	0.36100751321990393	-0.9339359770585557
609	2.1041116509394384	0.2911145140335647	-1.3243466305764064
610	1.5847423476005622	0.11916826447868265	-2.2848097447674713
611	1.0685736342646117	0.32988047057506253	-1.1078064533941274
612	1.2909679735998936	0.6255657695935336	0.5438423836754542
613	1.664903376499052	0.6833805532740792	0.8667861368765137
614	2.1031227664893164	0.7387502199276783	1.1760718735733338
615	2.1890024707921274	0.7455822442022948	1.2142344233702265
616	1.8814324772921147	0.7417080823033434	1.1925940002032205
617	1.5478276189195364	0.7293896788262172	1.1237854498793223
618	1.2584796109593703	0.6332766217646382	0.5869139197426726
619	1.2887385619443892	0.6947198923252913	0.9301257963700423
620	1.4014795429413331	0.793922686485615	1.4842560833773664
621	1.6259186921496944	0.7356039766135073	1.1584974823937984
622	1.9191817749639732	0.768540350992247	1.3424745844699337
623	1.961008890366302	0.7442051164326711	1.2065420169951189
624	1.74301296530617	0.5714486793959516	0.24155333045863392
625	1.5584878667948805	0.3701722155394776	-0.8827434761852972
626	1.5338083906521143	0.5887370037241878	0.3381230309692751
627	1.715785304664952	0.641064523359286	0.63041584105804
628	2.2518429795170674	0.5622205370699915	0.1900064642749609
629	2.8067882665642374	0.5717240035601949	0.24309124538778057
630	2.495669714821852	0.6786060246291992	0.8401164150132738
631	2.584555689065928	0.7359762311633082	1.1605768343139429
632	2.781756764174946	0.667944449928093	0.7805626343049794
633	2.359411093005013	0.73088018026671	1.132111142698723
634	2.6964925939427986	0.6808520181598658	0.8526621608291985
635	2.130692046239134	0.5120661895313108	-0.0901473684019588
636	1.780590757753225	0.6968761029546463	0.9421700298516291
637	1.8603564051505566	0.7336276709114833	1.1474581678750269
638	1.8807734996634908	0.6309112185800074	0.5737011714861149
639	1.7604679293559515	0.7555994015533268	1.2701885960818753
640	1.6913515750529748	0.7329334042120438	1.1435801097147062
641	1.656818222694966	0.776279787355934	1.3857057870765233
642	1.9404351193655844	0.7391837900755769	1.1784937242129898
643	1.64774056417995	0.6480644243554488	0.6695161222634043
644	1.3938243175361564	0.5561682478881759	0.15619938484985157
645	1.1457677427447834	0.35827693378954073	-0.9491885390075478
646	0.8145106618802785	0.20595590942714806	-1.8000284136462845
647	0.6507066274165838	0.21146541397345078	-1.7692532388001316
648	0.8186851108754347	0.35927825494927507	-0.9435953257686811
649	0.9318645312006706	0.34678685208394866	-1.013370221863854
650	1.0381239192123848	0.33136925855863497	-1.0994903316597258
651	1.549714346107709	0.4208654803124182	-0.5995793415887463
652	1.846986490084492	0.32117183816328493	-1.1564514237160386
653	1.8335660281217856	0.1976002180627276	-1.8467019140562433
654	1.5866920874228418	0.15897019461063042	-2.062482791639343
655	0.7180594691863144	0.4036303586150203	-0.6958518610638581
656	0.5655674916313952	0.39489677767448395	-0.7446361897125029
657	0.5697010507195307	0.31885226180498205	-1.1694081909527003
658	0.5700748723085252	0.29009503622790134	-1.330041263815636
659	0.9719666220677613	0.31932918426313567	-1.1667441815278268
660	1.202183300394883	0.44269077233147636	-0.477666895140979
661	1.916310184058244	0.5855298827301557	0.3202085872085671
662	2.2370592792630353	0.7713187667151096	1.3579943519822004
663	2.3403608462017034	0.8101804113049178	1.5750690266665126
664	2.0875097203268975	0.7350010920794189	1.1551298697903996
665	1.3162712908012202	0.6390848536340322	0.6193577356657494
666	0.8261982605380871	0.6807302957756494	0.8519822398625362
667	0.7330919778128314	0.6603741391135287	0.7382761388497242
668	1.1473369515830918	0.33904599160589727	-1.0566093793361124
669	nan	nan	nan
670	nan	nan	nan
671	nan	nan	nan
672	nan	nan	nan
673	nan	nan	nan
674	nan	nan	nan
675	nan	nan	nan
676	nan	nan	nan
677	nan	nan	nan
678	nan	nan	nan
679	nan	nan	nan
680	nan	nan	nan
681	nan	nan	nan
682	nan	nan	nan
683	1.3218171708076947	0.6851880830186633	0.87688269700487
684	1.3932288279605631	0.7120232553055159	1.0267795002861628
685	1.173109537118291	0.620601404325651	0.5161122660513966
686	1.186021491842525	0.18047534019022976	-1.9423586298854019
687	1.2837632681636184	0.6250403937641787	0.5409077217884452
688	1.2329184383180005	0.5250089999399132	-0.017850984947179963
689	1.3055071117129082	0.6044084001653373	0.42566084158482403
690	2.026735977275713	0.45168927252585905	-0.4274027716598378
691	2.1084567286329743	0.5123506219604221	-0.08855857622214433
692	2.221161469612427	0.53522112914635	0.03919226807826705
693	2.09316909161902	0.5803286413000932	0.2911553187917824
694	1.9051950235983701	0.5873983975386612	0.3306457997475732
695	1.8877846075630966	0.6388003978284896	0.617768812909083
696	1.9277248478923277	0.6357551320397801	0.6007584653700404
697	1.6124058193904602	0.6623061700960218	0.7490681421586805
698	1.4441452669611803	0.5825158410288389	0.3033726522216601
699	1.155853592354154	0.5580300849017952	0.1665992963387394
700	1.1385032611437478	0.6138405931549263	0.4783475007930571
701	1.6120111786464821	0.4833065375739262	-0.2507939946211839
702	1.909226543199791	0.5638613610314773	0.1991718336620085
703	2.109989450046441	0.44982838730831537	-0.43779736657435875
704	2.0685400752708465	0.42521655519468626	-0.5752749619217282
705	1.7148863134116528	0.49778505608765244	-0.16991940144706574
706	1.242309018285321	0.8669765151277051	1.8923226038324505
707	1.3886504963056572	0.5899943496163583	0.34514635572532915
708	1.439853483808324	0.43936395164040637	-0.4962499614746269
709	1.5297324017384142	0.515544879404265	-0.07071598611050577
710	nan	nan	nan
711	nan	nan	nan
712	nan	nan	nan
713	nan	nan	nan
714	nan	nan	nan
715	1.035498432420557	0.6711294737880333	0.7983536471546941
716	1.1853820268105528	0.6764904128306153	0.8282989598390703
717	1.4348559373020988	0.6693880637770027	0.7886264208464275
718	1.610838254777587	0.7220140717067973	1.0825865368393102
719	1.5479406041169892	0.7075341859160471	1.0017043062834414
720	1.446461452388737	0.5251845720446578	-0.016870268409746744
721	1.6141851555716067	0.26830087742056813	-1.4517798053276139
722	1.3185187022711644	0.14649880829728518	-2.1321458786086938
723	0.8364201908679803	0.2926223220341716	-1.3159242661944321
724	0.4569655894529601	0.4122249051591427	-0.6478441553988789
725	0.4866773150684841	0.3586454632769408	-0.9471299946656049
726	0.6441693482134895	0.39566988215903615	-0.740317756814139
727	1.1691395902737336	0.46501394992076767	-0.3529733428154455
728	1.719942838477861	0.5430418554459738	0.08287754272902427
729	2.1247891440255757	0.5992250267985468	0.396707381193741
730	2.1864394187587846	0.6234079052647813	0.5317889129044402
731	1.9379722930005465	0.6656597639278747	0.7678007587979597
732	2.2155454471796707	0.5928350292459241	0.3610139190510476
733	2.167040927919686	0.6160861765205631	0.49089095549543316
734	2.78651994728901	0.5875696070791661	0.33160214772770197
735	2.8830478458982167	0.6195211296473935	0.5100780316069294
736	2.8229987150417664	0.4624462541477756	-0.36731606378090637
737	2.666999066560123	0.4017090293951505	-0.7065840861090655
738	2.035116073108558	0.19158849541205344	-1.880282395594321
739	1.3051194320325152	0.08033443877115813	-2.5017290278082864
740	0.7875546890764237	0.10763713606609891	-2.34922070769314
741	0.9068047556550893	0.1651568555872965	-2.027925133746395
742	1.254426514756056	0.3645184791112065	-0.9143243063038368
743	1.416515576223968	0.3344169392096812	-1.0824664951018403
744	1.2990134930029074	0.23035744383027978	-1.6637255062869023
745	1.52256081340084	0.5628247148175711	0.1933813005535505
746	1.877845348478251	0.6859045665269643	0.8808848545595171
747	2.6322359110224496	0.6293948386490874	0.5652309257289755
748	2.646386128591757	0.5421929532891439	0.07813571665661441
749	2.303081179066599	0.5662349108269469	0.21243008752998027
750	2.0213242661876962	0.6683848440274045	0.7830226024007715
751	1.4763291098763798	0.6596275488825349	0.7341058101560702
752	1.2852077802781632	0.43628203288557127	-0.5134650463782844
753	1.5282728246459327	0.3081795544869022	-1.2290241566053905
754	1.3945584869028924	0.30233243137872057	-1.2616852125114117
755	1.4316005886476546	0.2843575024646505	-1.3620901718918157
756	1.5230620030844406	0.2957796189430922	-1.2982881314754846
757	1.1122774646436435	0.40177376727478065	-0.7062224710948583
758	1.2742846191424892	0.5755117512389971	0.2642489731124039
759	1.5133884941382845	0.7012527399138038	0.9666171950230589
760	1.6122722918417929	0.6358032129053732	0.6010270370778861
761	1.5789614200562159	0.7093276487139262	1.0117222907902041
762	1.6972635211315217	0.8136367507045585	1.5943755629362708
763	1.9703686416751203	0.7347368691104921	1.153653964289505
764	2.4992079598456054	0.6852915610680219	0.8774607081554165
765	2.281253958710752	0.519577651603136	-0.04818959222301077
766	2.4305880043788908	0.5356715049959971	0.041707992569079304
767	1.890515455953664	0.5682525359266035	0.22370020532262072
768	2.129239058603162	0.6911481274790167	0.91017451277827
769	1.8826830524081004	0.7008951312945002	0.9646196528315484
770	1.3680513506720842	0.49991878866549166	-0.1580007266177653
771	1.0097944684255709	0.4664737184769986	-0.3448193187692959
772	0.8593538662918182	0.2980173935293613	-1.2857882953141866
773	0.7723206833477201	0.259754746847641	-1.4995170674406624
774	0.6955851983773259	0.2448794489217192	-1.582608004331906
775	0.88230746057514	0.24586755538514685	-1.5770886061858413
776	1.157373669530174	0.11791890690280896	-2.291788448119061
777	1.4286065240524066	0.18273798344398773	-1.9297198814891239
778	1.9368401025727247	0.33297972634253514	-1.0904945268251724
779	2.245075270638085	0.5010566946821529	-0.15164457311486307
780	2.677820808673963	0.3289584106514596	-1.1129569265680819
781	2.36019765436435	0.4074873006112542	-0.67430762540564
782	1.8481082494568548	0.3413324770739515	-1.0438374523014433
783	1.2913391665889913	0.27754152453915404	-1.400163089454873
784	1.2897487226076163	0.2903283984695766	-1.3287377411976422
785	1.6621454288715547	0.1496029918546367	-2.1148064262261457
786	1.6820855956751952	0.44118856002707824	-0.4860580028958349
787	1.5580651039608007	0.4758363529525991	-0.2925212018359711
788	1.8556177510783607	0.5104190430830067	-0.09934805414743045
789	1.918802473532065	0.5772194390006593	0.2737878325517808
790	1.942373228539767	0.5590497403797263	0.17229492202566746
791	1.6522659137305007	0.5781531747323659	0.2790035248453203
792	1.4003610639985857	0.6588138153000432	0.7295604298829613
793	0.8004990662521863	0.7875493641183028	1.4486557660427422
794	1.4821062717693336	0.5858594586084681	0.3220495431774563
795	2.1395309859128595	0.5790755273061947	0.28415563271469824
796	2.4099628075112105	0.6474137135881086	0.6658813602860127
797	2.412679432282369	0.6199527995604256	0.5124892678510854
798	1.8530610664159999	0.5729237294090024	0.249792714177615
799	1.2297291094724871	0.4514804657996478	-0.42856913125791035
800	1.2046943773989574	0.16839353625217446	-2.0098455745871915
801	1.333451449439646	0.24610153075103092	-1.575781658758126
802	1.247128194324308	0.30266992306769186	-1.259800040142476
803	1.352060676151203	0.27188967378518913	-1.4317333865107773
804	1.5090487542174964	0.5607982565572505	0.18206184219650995
805	1.6826441913086114	0.5416842001682416	0.07529390645068582
806	1.9807904172446746	0.4852770786644363	-0.23978688026229417
807	2.207177283995242	0.33666577860819075	-1.0699048527420945
808	1.9161785550339476	0.5921527685586148	0.35720292447501223
809	1.5084506000418871	0.6804788730513511	0.8505778343963919
810	1.7220131387262883	0.7236071891237698	1.0914854254137247
811	2.00613314347799	0.6802488126549329	0.8492927553361163
812	2.067336477314521	0.7116737607671385	1.0248272819993918
813	1.7142465092423322	0.713554238707601	1.0353313186011774
814	1.3638886194868476	0.5230349374088072	-0.028877769486779847
815	1.3240095298288506	0.2769283785923914	-1.4035880206005409
816	1.13923846744936	0.3236331500386154	-1.1427029454858064
817	1.163906528748737	0.23176043131874788	-1.6558886518289915
818	1.3133482768456162	0.18118981750696433	-1.9383676785827348
819	1.156967761278176	0.4876031900958734	-0.2267936091954519
820	1.1495168001326745	0.560554791634151	0.18070188768257472
821	1.0858569939480305	0.2663323052086529	-1.4627759218585683
822	1.311951010298801	0.24380546305351064	-1.588607110530774
823	1.4319625036204218	0.276614468580333	-1.405341469649519
824	1.4993272534383693	0.3313603914938512	-1.0995398616068923
825	1.395504134732361	0.33518066681949343	-1.078200439864155
826	1.312372288536077	0.42127533068683914	-0.5972899856534599
827	1.6325250929672661	0.5768559767240062	0.2717575928051804
828	2.314651119974197	0.40026418436676653	-0.7146547498140173
829	3.313462202069181	0.34532368011625925	-1.0215432567996088
830	3.570899239657685	0.5297146047735036	0.008433739984724983
831	3.143284700432082	0.5925021178378896	0.35915433136862784
832	2.066893069618619	0.7438489678706777	1.2045526304405858
833	2.3036723743800054	0.7547610104921948	1.2655054832395227
834	2.5745293457170213	0.7472385092433633	1.2234860440562751
835	2.7805007380481923	0.7087596660583347	1.008549634267552
836	2.0391015409633817	0.7487144653323364	1.231730488964461
837	1.6216079054361836	0.8015386037909198	1.526797329094621
838	1.6696858665497074	0.6347278398711059	0.5950201824004318
839	1.3822218256285035	0.6357457454344271	0.6007060333557781
840	1.6122589043709223	0.6507090396489867	0.6842885028605052
841	1.7580544662474908	0.6345081076179164	0.5937927946281893
842	1.8392604996538144	0.5990356590416592	0.3956496044409565
843	1.7454489545604537	0.585537216710798	0.320249553603038
844	1.6108171688164985	0.6657741775362818	0.7684398541601495
845	1.959258238693983	0.6725589530507025	0.8063384802513678
846	1.9934510461167545	0.6344220076383954	0.5933118544816225
847	2.3233800579543833	0.6164027952138028	0.49265953478638813
848	2.582560764224469	0.5845244337475588	0.31459231663863507
849	2.5062233414325537	0.31941495701486566	-1.1662650692212042
850	2.256010093480812	0.3224298734941812	-1.1494242478700816
851	1.9149445383692	0.3451239634196717	-1.022658841006051
852	1.3803317588614703	0.2865794755413727	-1.3496786003312735
853	1.6780406920719946	0.284303039272245	-1.3623943942143266
854	1.7142422764028198	0.36143026221077945	-0.9315745715998816
855	1.750613311113308	0.2611454109525844	-1.491749049350792
856	1.7181155659964833	0.30213901544046795	-1.2627656017311197
857	2.0515262163202097	0.3131630314181774	-1.2011872844124662
858	1.9422289085898534	0.29704020527212316	-1.2912467061787885
859	1.8164410277878948	0.32550734653491964	-1.1322339959849814
860	1.640891478380425	0.39182839828655797	-0.7617756459674438
861	1.0601343566669295	0.3206376759169029	-1.1594351650652772
862	0.904320710333055	0.13926358200228978	-2.1725606477424066
863	1.0565169173001183	0.21006601846685172	-1.7770700290455281
864	1.3496404697682067	0.31271464609794797	-1.203691890137453
865	1.3786282803587278	0.4180048983386089	-0.615558076094885
866	1.541447350677724	0.4180615100654379	-0.6152418524169002
867	1.6452666392462694	0.37150088857432717	-0.8753217298890165
868	1.4169233974410893	0.1779504528542905	-1.9564622300507766
869	1.170007984373607	0.2933110482939095	-1.3120771560075832
870	1.2470540601325946	0.47339126754770866	-0.3061790417046714
871	1.1814195139907309	0.6347248355568874	0.5950034008015438
872	1.4265999206468203	0.6584883149593042	0.727742239188219
873	1.4578574820934642	0.573144141580118	0.25102389985815937
874	1.4969050316986252	0.6647327447561737	0.7626225840900398
875	1.2945524999783908	0.6309071274786423	0.5736783192752188
876	0.9158166841546307	0.4431811156377256	-0.47492791909374293
877	0.74501917951064	0.38921231675516005	-0.7763886417212255
878	0.7371827984640729	0.20885374560051906	-1.7838415833856858
879	0.652436440796268	0.09418788063302605	-2.424346008711568
880	0.5651314927141449	0.12905666873572008	-2.2295747653964155
881	0.7190916138380533	0.27313908752624516	-1.4247543694298332
882	0.9855985509451642	0.4378623160482537	-0.504637847810925
883	1.358761707809138	0.5501627624949259	0.12265374359299612
884	1.505528737434581	0.5314098946617857	0.01790334696813457
885	1.5666677996247438	0.5003311580971643	-0.15569729964819295
886	1.6299080389593201	0.4580361046013389	-0.39195042468371233
887	1.769992190572485	0.4288965966264694	-0.5547188633556213
888	1.5713753267126611	0.5089733591480299	-0.10742340384489862
889	1.6475922183374723	0.5262570117099218	-0.010879799043023778
890	1.5467005789956036	0.6418295040278064	0.6346888956729854
891	1.499751465568014	0.46697098993014724	-0.3420416432472891
892	1.4103526840977987	0.7333561212088148	1.1459413364596407
893	1.4490699303198051	0.7890303180982027	1.456928128337299
894	1.3802480897881986	0.7045066238709611	0.9847928489079093
895	1.4438899446289262	0.6798110690209964	0.8468475922985025
896	1.5320149350904146	0.6926629260686867	0.9186359254265428
897	1.3202482002559497	0.731771467335189	1.1370897238288475
898	1.585430788469049	0.6132693714888888	0.475156751697476
899	1.5445080345965936	0.7242634427890348	1.0951511490958137
900	1.4102914705874088	0.5976775638303197	0.38806351076675377
901	1.4419503340855904	0.5230687445450278	-0.028688928454071293
902	1.441457811986918	0.619807723975427	0.5116788997940821
903	1.5920727781637516	0.535547113862472	0.041013164413230656
904	1.65957762626352	0.3967518651032684	-0.734273980280431
905	1.6834759436815339	0.5930297736666132	0.36210172895240117
906	1.4224806930354401	0.5546502196349659	0.14771993183891083
907	1.38818735756036	0.6751229587538234	0.8206605891010709
908	1.305309617264176	0.7137831480353583	1.0366099679836107
909	1.0356719381968054	0.7331136174833779	1.1445867510357715
910	0.9859567797692057	0.5644646903583401	0.2025419308037696
911	0.9855629169245341	0.20246366393141907	-1.8195355153890125
912	0.8736623402665333	0.32157490204549793	-1.1541999759960075
913	0.9457207326731536	0.26967614958470837	-1.4440977640557056
914	1.1242103451264724	0.1519698205265234	-2.101585715435176
915	0.8503965602497564	0.1635730140338013	-2.0367722088922227
916	0.9437500482489912	0.3366216386656744	-1.0701514111099517
917	0.9789532287628816	0.35316760155790716	-0.9777284179484097
918	1.0036133639298643	0.34910125629524047	-1.00044234537903
919	0.9442416039303276	0.3402809523498971	-1.0497110942897312
920	0.8518583786025608	0.4838345217342761	-0.24784476303162636
921	1.215707005781512	0.3325251098467896	-1.0930339388588557
922	1.3925908677563563	0.5125501321633577	-0.08744414545485286
923	1.6925059792735424	0.6958964528855159	0.936697867715786
924	1.9631278355280342	0.7775565806374543	1.392837741710729
925	2.0772249160166094	0.7076856180406554	1.002550180912091
926	2.0586021631426155	0.6048961550608576	0.42838535920080073
927	1.927129594721825	0.6728712778460318	0.8080830745436987
928	1.9505586719511387	0.6976503909518842	0.9464950736547537
929	2.423822380361798	0.633051624301717	0.585657121385734
930	2.461658391136323	0.6188425042100598	0.5062873429318461
931	1.7980323881822	0.7309526276068663	1.1325158214755007
932	1.521883421679764	0.6473057484718404	0.6652782851269825
933	1.2929666520454748	0.4312020461899941	-0.5418410060419229
934	1.1012778785200426	0.5734946752024701	0.2529819222949649
935	1.3901562372245257	0.49323746093902265	-0.19532151059361638
936	1.776585374995237	0.3716939864123359	-0.8742431175242946
937	1.8238007387457293	0.4095293777411922	-0.6629009226440741
938	1.9170795940530494	0.39580408583972404	-0.7395681174040147
939	1.5862523195631417	0.47037117832721276	-0.3230487571265627
940	1.5872196898804412	0.30557702665124364	-1.2435614436719964
941	1.560465099648332	0.3818663403914348	-0.8174220422946152
942	1.3025610386592694	0.3733875105578789	-0.8647833736857599
943	1.2418682642720145	0.26770491920013467	-1.4551087286964401
944	0.7857762565609957	0.4374992319566081	-0.5066659750790562
945	0.8930809546406541	0.658279707790951	0.7265769942871078
946	0.9797620254471227	0.5808146067048772	0.2938698406105264
947	0.8726578198383466	0.533322816106386	0.028588607580912626
948	0.8783626767648038	0.4798768355195611	-0.26995173911639947
949	0.8616554099697378	0.5760517374721765	0.2672652462819694
950	0.7170749940948277	0.5915901370694386	0.3540601586767761
951	1.1029812895938114	0.5205682516437006	-0.04265626537033751
952	1.3087015449459478	0.6925398811270443	0.9179486168743571
953	1.529450876230101	0.6869274845755958	0.886598704423031
954	1.4347837892547475	0.7620312882751012	1.3061160441472537
955	1.2642028257866504	0.8590165182877378	1.8478593871373648
956	1.3962530388974514	0.8307393689333857	1.6899079401029926
957	1.8141964107114563	0.79786162506698	1.5062583383044654
958	1.643450790578478	0.6566566450490686	0.7175108361148221
959	1.7547862415867428	0.6802238383660543	0.8491532531176431
960	1.8312906372381657	0.6458915095614967	0.6573785821002794
961	2.019473464392549	0.45053954306153854	-0.4338249689722953
962	2.0092234523541355	0.332809115956361	-1.0914475280289926
963	2.107485933703646	0.4107142422537209	-0.6562824668036951
964	1.9226678728486741	0.48596214189878495	-0.23596023112523182
965	1.977853996677264	0.677924987122845	0.8363122529223463
966	1.9142541895494132	0.7557425991416231	1.27098847396206
967	1.7973267305699259	0.6537528658456622	0.701290809078194
968	2.013508797923224	0.5418512727571527	0.07622714610817734
969	1.6568672431471787	0.6042527985545749	0.4247916769009021
970	1.7388518917223592	0.7087856305580624	1.008694667638919
971	1.7848136970817594	0.599384430148	0.3975977817568509
972	1.6052115886582932	0.5928744850101075	0.36123431237883746
973	1.451357851102951	0.6050751897046116	0.42938541690449133
974	1.1978493942640673	0.6499401447747472	0.6799935841442817
