ID	SN	ssim	z_ssim
245	0.49162117384712817	0.23785637664578052	-1.758288587292493
246	0.5646269423012952	0.30671057253530587	-1.2272677942796337
247	0.6574984864251051	0.3652846460218965	-0.7755298783689107
248	0.6839096342549223	0.5466865401103363	0.6234869340187317
249	0.6023724320282611	0.5491770677092542	0.6426945062445366
250	0.5001517950209184	0.5575275120017242	0.7070952227573222
251	0.5054400594239872	0.5353593290897609	0.5361286474094328
252	0.536839150850481	0.5866424888000467	0.9316372113501796
253	0.5225638936342931	0.41882367746975585	-0.36262346693977443
254	0.556635811222507	0.5760321899386932	0.8498079307570345
255	0.6234263785513501	0.5715706384406248	0.8153993288706186
256	0.778068957104604	0.39001022822085	-0.5848399995987142
257	0.8195310674546354	0.30425301116236125	-1.246221122719235
258	0.7527623754645105	0.29430585812799115	-1.3229360567082475
259	0.6120689093382513	0.3632009490237659	-0.7915998711711091
260	0.6076297291955243	0.4101244113227808	-0.42971438490515806
261	0.53268828585162	0.5312224787132327	0.5042242218455325
262	0.4702162423824895	0.556319679241161	0.6977801141854308
263	0.5105292508167362	0.5405661127230718	0.5762846660556068
264	0.6834196461509822	0.5402892933492385	0.5741497657562826
265	0.7357177701843107	0.3698770138435098	-0.7401123882517859
266	0.7618955094281784	0.32829189946646076	-1.060827199146708
267	0.7091079182470947	0.27444693671982107	-1.4760930293271202
268	0.5942005010233821	0.36227945456934174	-0.79870666705513
269	0.5460616787129035	0.42383766001882206	-0.3239543785137077
270	0.5319793633948899	0.45089994916580545	-0.11524323087890406
271	0.7054163314241003	0.6113682677535628	1.1223286075408108
272	0.7588347387311377	0.62604630068991	1.2355292714805037
273	0.6511618638113633	0.514328428426525	0.3739330774272535
274	0.6710861514373506	0.44598783719721724	-0.15312666788995893
275	0.7572550845588333	0.4391374691050906	-0.2059584212742791
276	0.8051341344236655	0.44258534320532594	-0.17936755320498837
277	0.86262457374341	0.48171320107189386	0.12239628042595832
278	0.8230820479692729	0.4424713708514042	-0.18024653652589118
279	0.8710057277858368	0.5279742029742058	0.47917270629766334
280	0.9077857209140546	0.5457191337848195	0.6160260542930306
281	0.9346938127313055	0.525198758371924	0.4577677828267442
282	0.8109806770188982	0.6022737137409259	1.052189130614272
283	0.8272731172691928	0.6933074226843449	1.7542638798655399
284	0.7904028695475739	0.6244815857411237	1.2234617981448668
285	0.7771649227146986	0.6411723565158096	1.3521852000852548
286	0.723568459073006	0.6857819954306902	1.6962259012591523
287	0.658173738467182	0.6232559896548227	1.2140096943586975
288	0.6836763765276095	0.5626190679888452	0.74636257695442
289	0.691013954485598	0.5980740993625577	1.0198006533582546
290	0.7708376981424025	0.5964555379560346	1.0073179026626984
291	0.7356777157370287	0.5681400614864505	0.7889418607212527
292	0.7359342843736221	0.5808941714176621	0.8873047488844052
293	0.8986398086838803	0.4953126380517853	0.22727854237521125
294	1.0352721258853557	0.5690217395714608	0.7957415827982555
295	0.9697480984304164	0.5087488276919734	0.3309017999796072
296	1.0776322923311883	0.4629890446052478	-0.02200910093044262
297	0.9741349805663119	0.4473393178422863	-0.14270371087746864
298	0.8768716743127757	0.5238191428037786	0.44712784224527424
299	0.7914252673167276	0.6717577231166016	1.5880672028756235
300	0.7711004622933538	0.6537663345543934	1.4493131110111983
301	0.8472533473101871	0.6129078123484458	1.134201960806967
302	0.8263445228550722	0.5189589151863788	0.4096445503373186
303	0.8760189566739297	0.4979065069185792	0.24728310832535666
304	0.7919785672291502	0.5899279635578953	0.9569756150421753
305	0.6622232920036311	0.4604844765445262	-0.041324956712027724
306	0.6842142278588159	0.36764610427130695	-0.7573177212727668
307	0.7887253113433733	0.42129740305831676	-0.34354547602341184
308	0.7765136761541137	0.48964851215344735	0.1835953857076642
309	0.6633764947180734	0.6642325026575472	1.5300308191209537
310	0.642185730897525	0.615924452807904	1.1574670471001298
311	0.7778303830274385	0.575544794400658	0.846049014371842
312	0.6692698009572178	0.5095303390896772	0.33692901149222293
313	0.6628426503671869	0.504853242220832	0.30085806975503365
314	0.5620002348149116	0.5532245365709666	0.6739095991938441
315	0.5396348812234145	0.5029893915549299	0.286483586894862
316	0.5820931242857299	0.5217694189382246	0.4313198587450347
317	0.7259989072515178	0.5116108327423048	0.3529742992921
318	0.6828654330636493	0.5177349976138232	0.4002053916692888
319	0.765704146458345	0.4721451384189788	0.048604986345642046
320	0.8045363434625387	0.5261042447099484	0.4647511201102343
321	0.7788249448223524	0.5364143559494627	0.544265278626325
322	0.9083253232491272	0.5776839338623674	0.8625465933304953
323	0.8789218318542323	0.3804101751028429	-0.658878012153084
324	0.9916917161195825	0.5226749032384725	0.4383031803126824
325	0.8673008183430798	0.5350621256628637	0.5338365401907192
326	0.8336457614187245	0.5928990502677017	0.9798893794158491
327	0.8530692630704629	0.6596783054407428	1.4949077102622774
328	0.7756146842685743	0.26146015909738485	-1.5762503089620836
329	0.49234281010967906	0.4079357152667419	-0.4465941567233738
330	0.3640278811111985	0.3804535976133298	-0.6585431268834868
331	0.27876997633025763	0.214920650655904	-1.935174646974481
332	nan	nan	nan
333	nan	nan	nan
334	nan	nan	nan
335	nan	nan	nan
336	nan	nan	nan
337	0.15008173344880887	0.13743196783561304	-2.532786764422978
338	0.28951934352623016	0.15781537328162418	-2.375584839625101
339	0.33704000457426503	0.3007437489169003	-1.2732854315300541
340	0.3792799535581108	0.11200788722594228	-2.728863637771869
341	0.45174117197134267	0.01842020119294799	-3.450635297602399
342	0.4919192459703799	0.0058856898864079465	-3.547304586206205
343	0.5794005583607975	0.445991283768556	-0.15310008706911213
344	0.6058707140914116	0.4522651836244748	-0.1047142010133272
345	0.750173641043515	0.4847472035094402	0.14579526663986772
346	0.8611525241558181	0.4765595725238503	0.08265020710216635
347	0.8229853933739207	0.4493182782091395	-0.1274414731914242
348	0.7619237348394117	0.32879866181352224	-1.0569189210827623
349	0.7137319652784115	0.825602498103322	2.774556615160826
350	0.6871399461248554	0.8257041521867269	2.7753405968962204
351	0.6614184675724157	0.35970475023212506	-0.8185634313562646
352	0.5360316577904556	0.044856111021397034	-3.2467549440558545
353	0.41856677718865387	0.04708274540681642	-3.229582582345434
354	0.2903036770699184	0.028554758167619623	-3.372475057518282
355	0.36765766367320696	0.03142412651610083	-3.3503457706074125
356	0.5437881573196508	0.5053492992812725	0.3046837859690077
357	0.6592477065777933	0.4360261906980519	-0.22995337910720953
358	0.7176894856506018	0.3105179221535932	-1.197904561037842
359	0.9034002919649463	0.3574708849706408	-0.8357915593927976
360	1.0114100794106304	0.4674687898069878	0.01253981535260137
361	0.8109255435476228	0.49080132719340197	0.19248618384720045
362	0.7580016351345212	0.4972518806735646	0.24223446686983177
363	0.592224799431178	0.45392045011273346	-0.09194837154008759
364	0.6428335803962681	0.4167236001233428	-0.3788197890879537
365	0.7786333461645816	0.5303154117431308	0.4972286943318265
366	0.788594172059719	0.3698309833920045	-0.7404673866152888
367	0.8311449219172167	0.25154018639024156	-1.6527556214642447
368	0.7152287147133919	0.38367443836409515	-0.6337031968321108
369	0.704682775610478	0.5626973130582765	0.7469660225147375
370	0.5980890474741245	0.5729506948995657	0.8260426697122594
371	0.6333939197701821	0.4681330809160614	0.017662994658879504
372	0.5166108011843467	0.21949532654284412	-1.8998936014858747
373	0.34199798537310633	0.442701718001713	-0.1784700416464581
374	0.2912298536492905	0.48081585090647144	0.11547569134207182
375	0.31125778484232364	0.4561116031008209	-0.07504965124694005
376	0.3803251285802278	0.2538019039390935	-1.6353126896160612
377	0.46925678603589227	0.34509819861199875	-0.931212813493377
378	0.4521718814200292	0.4143022041035943	-0.3974942012714622
379	0.40663180805537363	0.572771617783382	0.8246615821689686
380	0.46860373508200714	0.5658065694194699	0.7709453858239876
381	0.5752097215579275	0.5605403602236545	0.730331062365467
382	nan	nan	nan
383	nan	nan	nan
384	nan	nan	nan
385	nan	nan	nan
386	0.64576851984328	0.45387204651458174	-0.09232167220452996
387	0.646525139068088	0.5636180248288147	0.7540667821447233
388	0.6826795999415666	0.4231296179945295	-0.329414975829077
389	0.7323436782755209	0.40229914182355786	-0.49006482196035095
390	0.7079667908689201	0.37641933193384836	-0.6896563935866522
391	0.7859666034547227	0.38935593177159694	-0.5898860975867778
392	0.7870732440870998	0.4108951902566792	-0.42376994483976205
393	0.651770556157231	0.46136599657190513	-0.03452645361504067
394	0.6867549364703366	0.5610913773271514	0.7345806441880774
395	0.6522880695675686	0.5271167704549383	0.4725599720923727
396	0.6375279443450202	0.4776181387199291	0.09081413456709933
397	0.7567333939089943	0.3749193883960155	-0.7012243335886308
398	0.7964422480856449	0.2830350136750481	-1.4098596302393258
399	0.7392404329458898	0.39367634089635767	-0.556566021011467
400	0.5821773299687797	0.43367559407443956	-0.24808176862651618
401	0.4849654045681845	0.4587090185357278	-0.05501773327579504
402	0.5737628371432495	0.4964589844780839	0.2361194529471279
403	0.6245614611244392	0.42520194023809627	-0.313432707981194
404	0.6389830782416737	0.5187717063196676	0.40820074869857
405	0.5834115006647242	0.5364677034870401	0.5446767081890936
406	0.5635914118098067	0.5646849140202148	0.7622948986328327
407	0.6480457084545216	0.5473652862469796	0.6287215941157428
408	0.6928226836142131	0.596413525785785	1.0069938942900218
409	0.7549895742690316	0.4393167838599032	-0.20457550100240104
410	0.652866640791155	0.4084927628533837	-0.44229806630531054
411	0.6009062021778852	0.44278370265525013	-0.1778377554774927
412	0.5943847994959524	0.33598654595907795	-1.0014841594136015
413	0.5891315234973132	0.47209080405386783	0.04818594612192962
414	0.626134453850913	0.5135241400412716	0.36773020408553886
415	0.6381141055722291	0.5553476141893015	0.6902833051960884
416	0.6045635952787376	0.44367549220617825	-0.17096005124441677
417	0.6284346845976332	0.4875389277275486	0.16732574258285424
418	0.5582110965267727	0.4964086185295492	0.23573101814535272
419	0.5477011287727797	0.4119265811021306	-0.4158156004809003
420	0.5497325178187623	0.4411553632233858	-0.19039591675193526
421	0.5458129085481737	0.5309728851851401	0.5022992940832322
422	0.5908689326641773	0.5247371287959303	0.45420757999007627
423	0.5694265897704861	0.5105234848474144	0.3445884001618278
424	0.6307689410471699	0.44065543372448707	-0.194251498180577
425	0.6997430540723311	0.5144282721031449	0.3747030968523742
426	0.7276749247185024	0.5755229467007554	0.8458805194416802
427	0.7555527045522537	0.5710535670059727	0.8114115445427927
428	0.8199163633223157	0.4714255530966605	0.043055364226592494
429	0.8199209130203252	0.29850650124203615	-1.290539645585196
430	0.7630374220042175	0.3494238171835311	-0.8978525603606308
431	0.7473900965824339	0.4489241214977043	-0.13048130840805353
432	0.5774969506954897	0.5482561900009746	0.6355924668611544
433	0.6524025781168062	0.4788305571043087	0.10016460861765149
434	0.6197454307985518	0.4601714362387912	-0.04373920190433365
435	0.6082059287492296	0.49622178304086983	0.2342900960914426
436	0.5291643996147413	0.3930095732276364	-0.5617083001656349
437	0.4944819386530847	0.37292599409757726	-0.7165978893678949
438	0.5278654675439305	0.4935889090760201	0.21398471306205324
439	0.6155672982511755	0.467312028028936	0.011330829282547885
440	0.6113024223143912	0.45345911886843626	-0.09550627356803905
441	0.6883635025935484	0.5115381276201851	0.35241357919210753
442	0.5733937124646015	0.47556060324000193	0.07494590594155488
443	0.651597209050475	0.6233546352566797	1.2147704739313672
444	0.5570558292717925	0.47859260416688515	0.0983294560042488
445	0.5520083182589076	0.4468511653845747	-0.14646846481666367
446	0.570201943120415	0.420272760884641	-0.3514477729363368
447	0.535323097824675	0.6902434687120906	1.7306338999190476
448	0.5985745664764599	0.6458170798219818	1.388006468803957
449	0.6131678444602591	0.7067167693828669	1.857680117984977
450	0.6598891456025452	0.4384681945901801	-0.21112003385372594
451	0.6766152081308597	0.47430130429672585	0.0652338772865161
452	0.5773469950379987	0.5705000585235591	0.8071427485823813
453	0.6561314086253467	0.5599436729450042	0.7257292607207578
454	0.682191624260159	0.5322344127807739	0.5120285106630887
455	0.5883010080325799	0.5116934127535623	0.35361117700882366
456	0.5649930699583411	0.4954461755018078	0.22830841661441706
457	0.48621882278495204	0.503877775880641	0.2933350291787306
458	0.5493306944542141	0.5702854535670028	0.8054876614414629
459	0.49392439397368804	0.6013285752024706	1.044899985636052
460	0.5161479118894584	0.5388775474963879	0.563262028376906
461	0.4755596989782336	0.46844404808083984	0.020061251269218358
462	0.5127494998603723	0.6379672563098605	1.3274666650553846
463	0.5395934217018951	0.5354115841919073	0.5365316518367191
464	0.5322178914085588	0.4504092092387637	-0.11902794002922064
465	0.5840695086178312	0.4082830616992126	-0.4439153340948049
466	0.5773441228730976	0.486296873693617	0.15774671098510812
467	0.6023636948290676	0.43984029332021396	-0.20053806500924834
468	0.5561953555166173	0.4845670566610832	0.14440592905430052
469	0.6551872843905657	0.4961095038071268	0.23342417053714876
470	0.6361236406069897	0.5673137071135158	0.7825688089593896
471	0.5974053559643978	0.4699622668759951	0.03177013462999313
472	0.49622456479998506	0.4076511545508761	-0.44878876019012276
473	0.48968189820391755	0.4195574362530393	-0.35696453554212215
474	0.6022955992516357	0.49553591418010856	0.2290005037632039
475	0.618107657384891	0.5353890028411695	0.5363574988076822
476	0.5590337977875657	0.44695264736912255	-0.14568581035073133
477	0.5645143510676159	0.3142650893785563	-1.169005469477114
478	0.5340489364398546	0.3317318529965368	-1.034297416497017
479	0.486825650185935	0.4327886734186364	-0.25492192272169634
480	0.5094349981218846	0.475186605845934	0.07206154442637054
481	0.4979750930790328	0.42752401161507586	-0.29552431230383264
482	0.4584500144992005	0.30760954143548647	-1.2203347211081201
483	0.4075687930080511	0.25838888436144813	-1.5999367484704938
