ID	SN	ssim	z_ssim
2502	nan	nan	nan
2503	nan	nan	nan
2504	0.5631330236643243	0.16539113635767305	-0.5554481907765441
2505	0.7560002269670327	0.2488971415138461	0.1683282327956499
2506	1.0084888128665952	0.319000663920455	0.7759405432202224
2507	1.0039404421330433	0.266072198083553	0.317190592998659
2508	0.995672637736086	0.3377683040975187	0.9386063953447605
2509	1.0036794151180373	0.293189533047416	0.5522262372046987
2510	0.828315480677338	0.3058075108884918	0.6615907656292979
2511	0.9306752463829062	0.26943451310183086	0.3463329802353731
2512	1.005709007979142	0.1912662380267432	-0.3311794269842664
2513	1.012548590615885	0.19956892817100463	-0.25921704095702125
2514	nan	nan	nan
2515	nan	nan	nan
2516	nan	nan	nan
2517	nan	nan	nan
2518	nan	nan	nan
2519	nan	nan	nan
2520	nan	nan	nan
2521	0.427344597835474	0.6270261810538462	3.4457079059725872
2522	0.5005572470933825	0.6196754669521505	3.3819966369054457
2523	0.5569783047543487	0.5895060155420891	3.1205072074701414
2524	0.672763282427307	0.1554585216773221	-0.6415377159145293
2525	0.7362951601757409	0.24193376661522842	0.10797417118429378
2526	0.690264126269076	0.2917204052431237	0.5394927808985021
2527	0.6961217404456019	0.2669797959305528	0.3250570682601068
2528	nan	nan	nan
2529	nan	nan	nan
2530	nan	nan	nan
2531	nan	nan	nan
2532	nan	nan	nan
2533	nan	nan	nan
2534	nan	nan	nan
2535	nan	nan	nan
2536	nan	nan	nan
2537	nan	nan	nan
2538	nan	nan	nan
2539	nan	nan	nan
2540	nan	nan	nan
2541	nan	nan	nan
2542	nan	nan	nan
2543	nan	nan	nan
2544	nan	nan	nan
2545	nan	nan	nan
2546	nan	nan	nan
2547	nan	nan	nan
2548	nan	nan	nan
2549	0.3742395077352261	0.19225793952855422	-0.32258399525585857
2550	0.49485373458033344	0.2595139930971824	0.2603482839789499
2551	0.7072008929600917	0.25247307165143396	0.19932209869890993
2552	0.8148759558779969	0.29265244773935933	0.5475711266807137
2553	0.8962701862487531	0.1681014344277112	-0.5319570677096683
2554	0.8207942200523486	0.1551664985315927	-0.6440687849989747
2555	0.7318037538613937	0.17282317790861224	-0.49103202760937265
2556	0.6510201211078893	0.14683309563398791	-0.7162973694478942
2557	0.7646480743465458	0.15713751885861516	-0.6269852466305373
2558	0.8037476138754633	0.1683476803105268	-0.5298227665411436
2559	0.8300405634794927	0.31379293503875294	0.7308032937747158
2560	0.9750030768818025	0.19866082147664546	-0.26708792658058844
2561	1.0542044836579705	0.18981802153522592	-0.34373163746096597
2562	1.0642400605861182	0.20507462836096144	-0.2114971675743211
2563	0.9062575417373782	0.1661768308271549	-0.5486382957027887
2564	0.9865374066735597	0.1652466719350469	-0.5567003156141078
2565	0.9776073105444197	0.1904754827327799	-0.3380331860344708
2566	0.907092968940167	0.19337776481376368	-0.31287806885644803
2567	0.7926044770544048	0.14685909870541677	-0.7160719915244086
2568	0.6905013175593564	0.08556873261625288	-1.2472975229635241
2569	0.49103582579736293	0.07764297839632978	-1.3159928704739192
2570	0.44102893342153876	0.10535991935153463	-1.0757602266131336
2571	0.505107249408666	0.16236886961888175	-0.5816432579120465
2572	0.7050194589954121	0.14745074979011766	-0.7109439398916362
2573	0.7419102515014367	0.2141411407248813	-0.13291446108802113
2574	0.7862206077214718	0.2079829436033694	-0.18628975882768273
2575	0.6590748934104161	0.20636235256817587	-0.20033600114680578
2576	0.5987207431686484	0.3105592878629404	0.7027761167635914
2577	0.6122474274707348	0.23056541120885565	0.009440567492753231
2578	0.8270442249223575	0.1401455182070564	-0.7742609956969798
2579	0.9022257688477171	0.16195411360924938	-0.5852380966394575
2580	0.863324112076678	0.14654590374485088	-0.7187865643029204
2581	0.8599187585208731	0.39165175252130385	1.4056335213217124
2582	0.8338079506095574	0.3026145483255143	0.633916216713807
2583	0.7710780939966712	0.32029427407440925	0.7871527252540131
2584	0.7541437560462885	0.30880727421204546	0.6875907876136356
2585	0.6678297758389399	0.13925051671268923	-0.7820182938634213
2586	0.5090554736481474	0.06512840205721104	-1.4244611810859373
2587	0.43254582412229825	0.09687715050592925	-1.1492834191737111
2588	0.4505732714319416	0.13538623055521495	-0.8155114445594167
