ID	SN	ssim	z_ssim
5057	nan	nan	nan
5058	nan	nan	nan
5059	nan	nan	nan
5060	nan	nan	nan
5061	nan	nan	nan
5062	nan	nan	nan
5063	0.29030603169632035	0.054207937101163874	-1.2679131791832896
5064	0.43382833258428244	0.13764659376924623	0.22154252817953
5065	0.5135377333894035	0.11514370392432227	-0.18015446755482303
5066	0.47319181804596666	0.12258301283761189	-0.04735605537745003
5067	0.47735217339529185	0.12015916869094267	-0.09062387202478381
5068	0.5815600357055416	0.12957382146727467	0.07743621990992951
5069	0.6963731595587981	0.16245896228252288	0.6644658130342163
5070	0.54372119075838	0.1830021941015887	1.0311811354333331
5071	0.5532760339339081	0.193699772586166	1.2221426149811028
5072	0.5635003354047237	0.19936028653554255	1.3231879235368778
5073	0.45353508971857903	0.2052415518338423	1.4281738439108613
5074	0.4408996728184672	0.20884938082501264	1.4925768640057824
5075	0.485687554945665	0.19277409356889633	1.2056184048545784
5076	0.5271653589732539	0.09097379616578785	-0.6116092451717426
5077	0.49514277549498287	0.04649105979102339	-1.4056664390221927
5078	0.48083852654242565	0.07601592494176485	-0.8786208145603175
5079	0.49388205418769343	0.07193129156640075	-0.9515352254145368
5080	0.6027092252081664	0.06292096437643595	-1.112377738875485
5081	0.5510645749077934	0.15062729085848134	0.4532597457998975
5082	0.49019871129091414	0.1634488388773893	0.682136008153413
5083	0.4739917460521835	0.14716181476255963	0.3913978540111422
5084	nan	nan	nan
5085	nan	nan	nan
5086	nan	nan	nan
5087	nan	nan	nan
5088	nan	nan	nan
5089	nan	nan	nan
5090	nan	nan	nan
5091	nan	nan	nan
5092	nan	nan	nan
5093	nan	nan	nan
5094	nan	nan	nan
5095	0.37471308508768014	0.16498728696905288	0.7095987020906499
5096	0.34378443886085047	0.12518178721138093	-0.0009655755000431494
5097	nan	nan	nan
5098	nan	nan	nan
5099	nan	nan	nan
5100	nan	nan	nan
5101	0.5021385440639767	0.042546508998485465	-1.4760802487063505
5102	0.4648462236486354	0.03312976775614829	-1.6441776216536697
5103	0.3780913639207711	0.06357590428461142	-1.1006864674292993
5104	0.3687711866040875	0.0937824279974939	-0.5614726193119006
5105	0.5012927329469277	0.09377524527805417	-0.5616008373692268
5106	0.534702956800809	0.1528505624856536	0.4929471610381664
5107	0.4928597960483161	0.20489080033310306	1.42191261146173
5108	0.48881896977807926	0.0963383676990882	-0.5158467771874418
5109	0.41524457546369276	0.06654351068606483	-1.047712001296241
5110	0.3313530437722925	0.0843986618397791	-0.7289813570875517
5111	nan	nan	nan
5112	nan	nan	nan
5113	nan	nan	nan
5114	nan	nan	nan
5115	nan	nan	nan
5116	nan	nan	nan
5117	nan	nan	nan
5118	nan	nan	nan
5119	nan	nan	nan
5120	nan	nan	nan
5121	nan	nan	nan
5122	nan	nan	nan
5123	nan	nan	nan
5124	nan	nan	nan
5125	nan	nan	nan
5126	nan	nan	nan
5127	nan	nan	nan
5128	nan	nan	nan
5129	nan	nan	nan
5130	nan	nan	nan
5131	nan	nan	nan
5132	nan	nan	nan
5133	nan	nan	nan
5134	nan	nan	nan
5135	nan	nan	nan
5136	nan	nan	nan
5137	nan	nan	nan
5138	nan	nan	nan
5139	nan	nan	nan
5140	nan	nan	nan
5141	nan	nan	nan
5142	nan	nan	nan
5143	nan	nan	nan
5144	nan	nan	nan
5145	nan	nan	nan
5146	nan	nan	nan
5147	nan	nan	nan
5148	nan	nan	nan
5149	nan	nan	nan
5150	0.3844728598184463	0.24315523036500403	2.1049673965683273
5151	0.4526255532347689	0.18852737044634987	1.1298105449842015
5152	0.501849588705914	0.1843725221393579	1.055642733909611
5153	0.4688152321459284	0.166542812494107	0.7373662437045679
5154	0.3930128361179001	0.1243138065328799	-0.016459817942329993
5155	0.3280554392759309	0.20617743689353454	1.4448802411523625
5156	0.3674190649609319	0.2165555064201634	1.6301381959794148
5157	0.4233836234434925	0.13997885411173355	0.26317549084804964
5158	0.48068294161207603	0.12209580757690744	-0.056053111216929054
5159	0.5556975676242747	0.08883245734896725	-0.6498340854253255
5160	0.5773565076090701	0.14382120413627894	0.33176492411889963
5161	0.5872898999359596	0.17491881504506462	0.8868854869737574
5162	0.583134991424853	0.16309442665176888	0.6758094284445687
5163	0.48337322817166933	0.15754492588707952	0.5767458059337001
5164	0.42164972776861986	0.16642143233143872	0.7351994976989836
5165	0.42423365000397495	0.10585521020927993	-0.3459625058086998
5166	0.5946739103014769	0.12015292673564348	-0.09073529658884968
5167	0.5901415940971991	0.17310166606391475	0.8544477293541821
5168	0.5147550905232765	0.05510917260963456	-1.251825307861133
5169	0.4846414300868584	0.0335296042503561	-1.6370401775469314
5170	0.35630089249517066	0.023844316469611507	-1.8099313497989853
5171	0.38175151394093604	0.07945716798480201	-0.8171915047469563
5172	0.5386128551351519	0.11523193956833822	-0.1785793812720323
5173	0.5679759879656041	0.1344668481486275	0.16478118455636268
5174	0.6192284897662756	0.1683504404350914	0.7696340421208102
5175	0.6297242956787211	0.2275200818638711	1.825865813436226
5176	0.6345932658739234	0.08154070587209494	-0.779998463515718
5177	0.6611214763259052	0.05732205349682076	-1.212323376756885
5178	0.5965713155281853	0.17954759070830323	0.9695133312490853
5179	0.6324891524201616	0.17163499851638436	0.8282663832406773
5180	0.5506586289207028	0.1348517991642849	0.17165290936860284
5181	0.5535332286538628	0.0742051691613631	-0.910944447747371
5182	0.47809979898573673	0.07405728170971279	-0.913584372905612
5183	0.48628004105569367	0.10333756518583234	-0.39090475319176515
5184	0.5712043895771494	0.16003173511159915	0.6211376063352536
5185	0.647320113412304	0.12100288006044924	-0.07556285876234044
5186	0.661987141501153	0.09503292627559062	-0.539150090741387
5187	0.6080999384786983	0.16113874010174611	0.640898649555455
5188	0.5584921526324661	0.12849810659528849	0.05823373368165131
5189	0.42287633700464317	0.10181370625372461	-0.41810701739734285
5190	0.3600429849273924	0.07526077335105587	-0.8921009554401006
5191	0.3714489008702335	0.07114249980346016	-0.965615873883103
5192	0.3907180560752102	0.03445760821332123	-1.6204744650308232
5193	0.4468201985747036	0.02749321098057735	-1.744795272925855
5194	0.3718487526772043	0.011168748963357185	-2.0362017275851034
5195	0.2676879851222297	0.03374458073732775	-1.6332026522528404
5196	nan	nan	nan
5197	0.2577123317583572	0.09658399779814426	-0.511462057112255
5198	0.35820494021625726	0.12123212409103523	-0.07147064487287855
5199	0.43554921845748495	0.10886912630748495	-0.29216136958185845
5200	0.4468362610728161	0.16937210103840272	0.7878716106215012
5201	0.5356749718793862	0.20102135147611694	1.3528394394509062
5202	0.46725459004169784	0.21215238095510366	1.5515384124251748
5203	0.44817456847252857	0.19050057852313967	1.1650340990195966
5204	0.45362303888349925	0.1563088218026534	0.5546802267769438
5205	0.4489929636150916	0.13634917967485238	0.19838250973154486
5206	0.4061028446552533	0.13395986468947044	0.15573106993402494
5207	0.48391433121722643	0.21613670221979525	1.6226621611124188
5208	0.4205858903155268	0.24437689719440536	2.126775257627094
5209	0.4611661655277139	0.17324700260104325	0.8570421183743161
5210	0.5101999735641071	0.11519038415501993	-0.17932118309399778
5211	0.5236404154154303	0.07349737075132465	-0.9235792913988914
5212	0.5697422787024577	0.11669369486007064	-0.15248572338034777
5213	0.695595085364711	0.02971346067957332	-1.7051618018466743
5214	0.651906077352909	0.06526549454487279	-1.0705257486840085
5215	0.6254075928775191	0.1880376964433425	1.1210694198552598
5216	0.574899844496317	0.20872328139633145	1.4903258748210986
5217	0.42802437986064024	0.11322235255751406	-0.2144523322786753
5218	0.42754416329078365	0.07918997470254528	-0.8219611472018848
5219	0.4573473695818402	0.12347710651283242	-0.03139567225704876
5220	0.5760367012733884	0.11956302038663323	-0.10126566001306081
5221	0.5283773081597736	0.1540242721820774	0.5138989437721548
5222	0.5540389812082711	0.19154345219309585	1.1836503400019232
5223	0.4098824374706252	0.18295690629540529	1.030372707013133
5224	0.30622038811223723	0.08508918159373403	-0.7166549531203077
5225	0.26038170204344135	0.031858711515121374	-1.6668671285102783
5226	0.30443056725790024	0.04600224145402645	-1.4143922897366876
5227	0.2982624170261233	0.04536653723153592	-1.4257401867450221
5228	0.2692896345414577	0.0733174208505101	-0.9267915603580359
5229	0.3271529216311963	0.15876519957015495	0.5985287980668488
5230	0.3366855653954108	0.13494539857485763	0.17332374374981663
5231	0.299990769611613	0.10380988720539287	-0.38247337670704906
5232	nan	nan	nan
5233	nan	nan	nan
