ID	SN	ssim	z_ssim
494	0.2940899820403593	0.11750884738412326	-0.13160486578737496
495	0.3127593129085852	0.1588420856437259	0.6415119289148247
496	0.367827996333876	0.1743665127753654	0.9318882906268815
497	0.3664022091104026	0.2023246215346144	1.4548302216251003
498	0.391837077256691	0.09740906473812179	-0.5075608805541925
499	0.42252108525496607	0.14629666657389054	0.40685636869595765
500	0.4489845967518197	0.06738190564540844	-1.0692033254545337
501	0.460458819944444	0.12566389438316022	0.020931060794097324
502	0.5419114068768803	0.1490262803142746	0.4579123786917515
503	0.5904873528021074	0.1422237738595111	0.3306750218406715
504	0.5975847464497407	0.2853706518955002	3.008163168879324
505	0.5639874449591613	0.22555599256999806	1.8893609738155774
506	0.6583040937970768	0.04710640467028944	-1.448446060475993
507	0.5865504759552361	0.0801539509271586	-0.8303088394236934
508	0.46700013104892657	0.11165604769308991	-0.2410784499461117
509	0.4661362141691724	0.051850707566974866	-1.3597063342163487
510	0.4903194038005429	0.10673202044575235	-0.3331798270165012
511	0.4570652584130432	0.08875784587669108	-0.6693774446087316
512	0.4429248651052349	0.07780380744032077	-0.8742670550423838
513	0.4188066806770912	0.08842371543956554	-0.6756271812236201
514	0.3753384271400323	0.12317172033325931	-0.025683762878755623
515	0.44995283523479473	0.12311521751343235	-0.026740618832840075
516	0.4626743032528684	0.12182154430182746	-0.05093810562219701
517	0.49954165884529134	0.08976163366244608	-0.6506021144347445
518	0.4713774847850849	0.04570687845782567	-1.4746234727727496
519	0.43731377448299946	0.0776819589342372	-0.8765461681830218
520	0.41261796498075765	0.10171312105342957	-0.4270557383775944
521	0.48300583192020613	0.09298885182734727	-0.5902386716339986
522	0.6039937804751757	0.09565509737814566	-0.5403679307746524
523	0.5724584446563449	0.09129195143613023	-0.6219783137870507
524	0.5557454244517948	0.13394510014428945	0.1758267216204351
525	0.4694987107910382	0.053869993405195535	-1.3219366394000944
526	0.503411852455748	0.053532989712898965	-1.3282401187634758
527	0.576076755136896	0.10840620978094462	-0.3018649833930948
528	0.6498113952474884	0.05737123566894831	-1.25644771788305
529	0.5586914067355165	0.15633901148247872	0.5946932243098031
530	0.49940337706686455	0.15267271496984555	0.5261170486307466
531	0.511004388798264	0.18235504115712692	1.0813095727946334
532	0.5679378538654545	0.11195416577944844	-0.23550230568369798
533	0.6498324337603666	0.08999842381678612	-0.6461730773486438
534	0.5533235033467583	0.1701537178096683	0.8530901446853243
535	0.5395638536224711	0.12025707488476814	-0.08020069505518244
536	0.5410703777951213	0.09713295504634437	-0.512725369205008
537	0.5545316348284202	0.015057382657477842	-2.047906403173162
538	0.5279082142481654	0.023988483782543986	-1.8808547864668856
539	0.4736403253902516	0.0914100389332741	-0.6197695483689416
540	0.34490524626986596	0.12608604576467816	0.02882718354422881
541	0.3726031393684932	0.10402155898679852	-0.3838776035165895
542	0.32607987960252977	0.06859590620838733	-1.0464960742558242
543	0.3315164903432295	0.06528089512479117	-1.1085016380893502
544	0.3114584252392705	0.03370472074256025	-1.6991176109783508
545	0.3276602908381941	0.018416334948434143	-1.9850789418348664
546	0.5026201096212379	0.0491197712998847	-1.410787081388589
547	0.6647367864145294	0.09282508742139038	-0.5933017999527744
548	0.6540966725642383	0.13218218260895664	0.14285226300965445
549	0.9741309069464017	0.15256530685102454	0.5241080354480303
550	1.1095245167741492	0.07789420604473221	-0.8725761960090515
551	0.9654602420927811	0.14371209421904793	0.3585132826279888
552	0.7217109899580396	0.20062328076487929	1.423007524493738
553	0.499793746356951	0.2819538756906363	2.9442541412070136
554	0.4445213397673304	0.21403672884705682	1.6738991174065734
555	0.44840106039257693	0.23858979571143743	2.133151504917941
556	0.5707224105362241	0.15240250678484565	0.5210629446048931
557	0.6628854441129445	0.1493342267947006	0.46367235797020706
558	0.6359094325680619	0.13322629970808866	0.16238193208384488
559	0.5685913483671057	0.1329716205881388	0.15761829116956272
560	0.6243892209654498	0.11675069318397654	-0.14578574707777966
561	0.5569074468238326	0.11767974244189483	-0.12840836232289965
562	0.5636811105610184	0.15376363870966997	0.5465222116547602
563	0.6362454505246301	0.13053464964093575	0.11203601291566148
564	0.7436213702789374	0.09869622172891392	-0.4834852762971621
565	0.8865446047105783	0.10205171634239363	-0.4207224890236234
566	0.9785060545746572	0.11752675835154913	-0.13126985042662984
567	0.9542370313526957	0.09697700655690089	-0.5156423048571325
568	0.7053952746586026	0.14837924354451917	0.44580989133409676
569	0.6514042343719701	0.053431954641902174	-1.3301299273903961
570	0.7298627129263794	0.0534140673138061	-1.330464500589732
571	0.6071652255327606	0.07538901402960414	-0.9194345139730303
572	0.6641496486812355	0.13780550461292615	0.2480335859919455
573	0.6474337063894899	0.22858806691957417	1.9460743527122442
574	0.5950889897322402	0.16369742402625623	0.7323285163769583
575	0.5950469994490002	0.15455383113583618	0.5613023513544037
576	0.5829393547702606	0.14006698923065414	0.29033348342424986
577	0.6465195155214027	0.08852340455449996	-0.6737625480071096
578	0.61039915628335	0.10042365289621719	-0.45117457180441856
579	0.7194549871908038	0.11384271259395115	-0.20017801653163342
580	0.88602452545243	0.07967424970411431	-0.8392814021260258
581	0.8103398782062587	0.09763967558389494	-0.5032474242315129
582	0.6949275524139157	0.11910329647629699	-0.10178152207268792
583	0.564246368640159	0.15348245264551658	0.5412627720902181
584	0.5084021884029062	0.10754660758334905	-0.31794339688564655
585	0.6653747246978341	0.05312625285769259	-1.3358479207897627
586	0.7601162549681937	0.0634057410260032	-1.1435754234366873
587	0.7292962048275088	0.14892740464294887	0.4560629605162567
588	0.6390859164750915	0.1422830337002033	0.3317834464408143
589	0.5164854854184426	0.12689249733616786	0.04391144212848871
590	0.5382760856524385	0.09733096702851732	-0.5090216577268826
591	0.5983296034983013	0.11861483398075265	-0.11091795983533385
592	0.663527144698517	0.1065887610055967	-0.3358594205796365
593	0.6721563156195434	0.07066124871811498	-1.0078649132745798
594	0.7634185640536945	-0.0235686014104092	-2.7703854116463336
595	0.8883685200897898	0.08976585109219665	-0.6505232295975545
596	0.8403697082135114	0.20263846792122975	1.4607005555903458
597	0.8325663221968957	0.16237754111105157	0.7076407906687469
598	0.8672618451637092	0.10598253279102779	-0.3471986050674782
599	0.7973057534513507	0.12139172076489306	-0.05897773206218639
600	0.792139679088678	0.12247527981275595	-0.03871032178349366
601	0.832038567426133	0.16716631681726665	0.7972123577761617
602	0.8638245308074337	0.10937964708475101	-0.28365734325041847
603	1.0500884078014738	0.06271650637755476	-1.1564672002401264
604	0.7844330353484189	0.17978938064471095	1.0333202229354506
605	0.6326187767129945	0.22893552049531565	1.9525732917282954
606	0.610450727119909	0.218908954669433	1.7650315756766595
607	0.6864266337318281	0.15508839653538925	0.5713011200370185
608	0.6174848744268217	0.22666985062225273	1.9101951112645663
609	0.6526212266303585	0.2696711241011114	2.7145116400418474
610	0.7225665408830771	0.13632659760289986	0.22037139702738967
611	0.7686432262447002	0.1442946465655015	0.3694096222761847
612	0.7564937414743522	0.08455410682482184	-0.7480062043766786
613	0.7678379046884309	0.10197084271327062	-0.42223518833188517
614	0.8072676203001232	0.10040454233472706	-0.4515320249502719
615	0.7034689459626177	0.09645756964144467	-0.5253581030872461
616	0.4659488737761241	0.10823096472437778	-0.30514285133001806
617	0.41946719095874596	0.11619587466846411	-0.15616333979530053
618	0.4231951330848927	0.1738706110822038	0.9226127065292474
619	0.4585160386085618	0.20122715818153464	1.4343027385252485
620	0.4641889094013209	0.08238002679657294	-0.788671244272878
621	0.6143168759374008	0.016097223315598288	-2.0284567227112076
622	0.6913955582166406	0.025757337103288445	-1.8477693020670611
623	0.6195009246780585	0.10276746017931479	-0.40733487159203285
624	0.5027064204445263	0.1362155014399786	0.21829340089164176
625	0.4521599971531384	0.1525956260456065	0.5246751402653673
626	0.3965528093588766	0.14500627224356769	0.3827202116812257
627	0.43768585006851013	0.14918292161355662	0.46084227299275693
628	0.51341772602063	0.11956515577280857	-0.09314268335698443
629	0.6065118024761105	0.03632070988411328	-1.6501868902012684
630	0.48355824965841465	0.0817965093295664	-0.7995856360007033
631	0.6076142770110124	0.10548264968447776	-0.356548659438598
632	0.5805347621114738	0.10346992269028436	-0.3941956744773939
633	0.6114591664187589	0.07795513490500411	-0.8714365532628816
634	0.6415623466272121	0.08385477945090454	-0.7610867603779942
635	0.5383420673074113	0.06973687476918614	-1.0251548487984692
636	0.4223727383370241	0.15911424850410538	0.6466025941303594
637	0.4076352683411915	0.18829532930504211	1.1924195831857674
638	0.4499260008738095	0.11178382261712969	-0.2386884862298283
639	0.49925898976722516	0.11517822141221454	-0.17519801640709834
640	0.587158554961382	0.08338596483736621	-0.7698556946930813
641	0.6938739136622266	0.08812859855778522	-0.6811471895102076
642	0.7040981133022671	0.11163978093382645	-0.24138271124552815
643	0.6326730183322408	0.16111952127355328	0.6841101817595234
644	0.6092941476826802	0.1692571250503292	0.8363198419110819
645	0.5277376980046811	0.16755210747578236	0.8044283720517532
646	0.5334294433031389	0.060600456023154795	-1.1960468251692735
647	0.46494587700017204	0.04492332633730989	-1.4892794089975032
648	0.4717504266150142	0.23304000262283864	2.029345502180638
649	0.6042714161828989	0.25991034853136513	2.531941392946906
650	0.6329026515396734	0.09200263323757832	-0.60868537910485
651	0.7102245531565317	0.10467785459838802	-0.3716019343221654
652	0.736953461102411	0.0807690146327128	-0.8188043916572462
653	0.7164880306244942	0.08330317750588799	-0.7714041888118435
654	0.6818525345729861	0.1701380437765996	0.8527969700221149
655	0.720713905668654	0.2987608055991818	3.2586190525180814
656	0.7003426154627024	0.2511405757419891	2.3679073391279117
657	0.6610982879128197	0.15821567256981564	0.629795197096733
658	0.6502257371828515	0.17688024826191234	0.9789064097948574
659	0.5696949001908728	0.12652826345366855	0.037098636173359185
660	0.6304488515038338	0.11215949013687478	-0.23166182001715685
661	0.5978199242214481	0.14292420443835288	0.3437762127182035
662	0.7532608009864458	0.08884485669951893	-0.6677499522737115
663	0.7911406648495081	0.08065724759858826	-0.8208949360910749
664	0.605706311341049	0.08514408872082829	-0.7369708988555376
665	nan	nan	nan
666	nan	nan	nan
667	nan	nan	nan
668	nan	nan	nan
669	nan	nan	nan
670	nan	nan	nan
671	nan	nan	nan
672	nan	nan	nan
673	nan	nan	nan
674	nan	nan	nan
675	nan	nan	nan
676	nan	nan	nan
677	nan	nan	nan
678	nan	nan	nan
679	nan	nan	nan
680	nan	nan	nan
681	nan	nan	nan
682	nan	nan	nan
683	nan	nan	nan
684	nan	nan	nan
685	nan	nan	nan
686	nan	nan	nan
687	nan	nan	nan
688	nan	nan	nan
689	0.4264627804812652	0.17669630025595845	0.9754657577012147
690	0.5175877764432144	0.15493685026607323	0.5684665256302893
691	0.5087168505731571	0.13649716704448261	0.22356181000985093
692	0.5209796785769226	0.1512022963067972	0.4986136297960967
693	0.5956870204832342	0.12690079499237403	0.04406664548636158
694	0.7502555310626771	0.05360456162559535	-1.326901403239011
695	0.7932988640877872	0.029881342619711974	-1.7706319167461608
696	0.6101282251002587	0.11535842468652238	-0.17182740757764484
697	0.607506482889268	0.09523496572661763	-0.5482262755223406
698	0.4989063773261154	0.1161589619370512	-0.1568537733010038
699	0.47579599680582874	0.11634286190931367	-0.15341401965265883
700	0.47790450391579214	0.08074388942935617	-0.8192743455612522
701	0.5022958653580615	0.14452875534369514	0.3737885056114786
702	0.5534517703017331	0.12390037245650873	-0.012054702642985941
703	0.5125235949297612	0.18135294443103214	1.0625658730149539
704	0.5042123293731817	0.17047442841028232	0.859088870215041
705	0.49948549424088123	0.08584955311501613	-0.7237755530714621
706	0.48177033293543026	0.1949703395275898	1.3172721891066588
707	0.5954498467748944	0.16418003140569778	0.7413554372281645
708	0.4666149143093455	0.15423259708554618	0.5552938349698517
709	0.5559424464679442	0.10654038100543045	-0.3367643434027964
710	nan	nan	nan
711	nan	nan	nan
712	nan	nan	nan
713	nan	nan	nan
714	nan	nan	nan
715	nan	nan	nan
716	0.6081264191056458	0.06518139829619211	-1.110362674689638
717	0.6539289902909382	0.044626271177861665	-1.4948356717630755
718	0.6773270479847908	0.05769705573830598	-1.2503534223892065
719	0.7480922076933967	0.1127582538663126	-0.22046225485414048
720	0.6454116792003842	0.1270376762064461	0.04662693763704395
721	0.5415700579180297	0.11007217509027062	-0.2707039659102232
722	0.5303257447904756	0.1400991242443575	0.2909345521969411
723	0.5314930902952991	0.13328516465463974	0.1634829703937894
724	0.5701371614970989	0.10241307353273987	-0.4139634901039543
725	0.5650336839097677	0.10315420266222572	-0.4001010539345498
726	0.5313655218887675	0.1442719376562833	0.3689848639014428
727	0.7613186705549134	0.14469478539555958	0.3768940116624558
728	0.6657752866582115	0.1422634007416795	0.33141622212925437
729	0.6080589787321662	0.1534117005894171	0.5399393915583891
730	0.6562566756168774	0.12217890754385902	-0.04425381143531123
731	0.5366129097428244	0.0938760961731776	-0.5736432260882667
732	0.48752476418044555	0.08486108386312403	-0.7422643580105951
733	0.5001849826020325	0.10106222577424977	-0.43923039715380036
734	0.5665768251571662	0.08173014198070254	-0.8008270028567007
735	0.5683245964464275	0.12316902129542281	-0.025734246982319527
736	0.4789015637466367	0.10917032870033869	-0.287572535121249
737	0.476328555875815	0.06361370761307986	-1.1396855162342556
738	0.45511037442701135	0.0605878651736452	-1.1962823304823171
739	0.5488481537221892	0.08014301295781326	-0.8305134284701096
740	0.5754744521052735	0.13428323624336216	0.18215138206553022
741	0.6617126718916458	0.11111182312606756	-0.25125788834897544
742	0.6938639863838334	0.11933803036879209	-0.097390946298441
743	0.62028319274294	0.13888630401483137	0.2682493785235867
744	0.6371125432482083	0.12705937478468257	0.047032798294522914
745	0.5836680636754906	0.15038317706427345	0.48329242899200203
746	0.6240778681249568	0.15004073807935234	0.47688728529770696
747	0.6012610855902101	0.10371308973162512	-0.38964736102569125
748	0.6750466706132495	0.08318665558979037	-0.7735836708480719
749	0.5916290877651841	0.0819288875616782	-0.7971095697932647
750	0.35512034434588974	0.1370257122874065	0.23344797478353604
751	0.2658658395728615	0.11928471982503777	-0.09838809238344672
752	nan	nan	nan
753	nan	nan	nan
754	nan	nan	nan
755	nan	nan	nan
756	nan	nan	nan
757	0.45450083665834906	0.16333771130565725	0.7256002764114268
758	0.5039487843046658	0.23449317764441593	2.0565263876405893
759	0.6414326410483909	0.1357082206166172	0.20880497606250442
760	0.47888992336567326	0.1484165018440335	0.44650678851199616
761	0.4801659697645235	0.13336147966118972	0.16491040302998958
762	0.4143966900370275	0.15637818379092983	0.5954259220326524
763	0.5260379170896934	0.14285253372713216	0.34243564921855774
764	0.5873726484803363	0.06607325603134077	-1.0936809380882648
765	0.631036389703972	0.0536987316135903	-1.3251400024308155
766	0.5940219657329914	0.27127887614959384	2.7445838086581036
767	0.5487650261820868	0.22445112366836847	1.8686949737691003
768	0.47019081351327	0.17560699763650828	0.9550909168934206
769	0.5150350538896135	0.20881031659630866	1.57614178560226
770	0.5299859921730267	0.10602304690888202	-0.3464408094953305
771	0.6733473727860505	0.09266671833608923	-0.5962640115955918
772	nan	nan	nan
773	nan	nan	nan
774	nan	nan	nan
775	nan	nan	nan
776	0.677318215985807	0.24052200310895622	2.1692924426418942
777	0.729775899120913	0.23896763068868404	2.1402187122995797
778	0.7159683551167454	0.12218404528756299	-0.04415771260270896
779	0.530628144067469	0.15001169704847817	0.4763440878699305
780	0.3720750068453173	0.15357898072608428	0.5430682797975636
781	0.40657362100993305	0.15959831548255687	0.6556568160243977
782	0.44197835751017966	0.14390810229456455	0.3621795120709227
783	0.45316946341464615	0.12347613910128993	-0.01998976763190722
784	0.4439551410606983	0.06020024234722271	-1.2035326145088183
785	0.4376623998393134	0.032649007005575784	-1.7188641891519323
786	0.4595226868315504	0.1317125515879606	0.13406805821629242
787	0.40357063908256763	0.18724562527782013	1.1727854135178897
788	0.3793977506948191	0.14166628011815974	0.3202473904106572
789	0.32343110396761693	0.1475437756648454	0.4301828977471624
790	0.3479049238489334	0.1811788552979556	1.0593096260276917
791	0.3494676233289424	0.14979329177605427	0.47225893046944073
792	0.43261743726792673	0.1439495059042089	0.36295394512589657
793	0.46482332966963286	0.17391200028250298	0.9233868700648893
794	0.5435864476186604	0.11303985389176778	-0.2151950723580438
795	0.6397822614385005	0.10360431404374931	-0.39168195387863647
796	0.6662219297876595	0.11840631666235316	-0.114818168181663
797	0.5774714249831541	0.16095821859368986	0.6810930987511794
798	0.6044154385998977	0.25691039773685526	2.475828868495063
799	0.496175975876984	0.21203538752234619	1.6364650654131787
800	0.4406662876113517	0.10807738636497989	-0.30801545492830334
801	0.46536065032056556	0.06355111248161519	-1.1408563257192996
802	0.449770487776655	0.07466976093024492	-0.9328877703393407
803	0.43754079044745525	0.08875380815832898	-0.6694529680375618
804	0.41588327855056717	0.16435407517792316	0.7446108357642206
805	0.37544640222559683	0.238227453137146	2.1263740749023956
806	0.4178877402855403	0.2061910823719137	1.5271503672328537
807	0.43187811915612995	0.18199213183407859	1.0745215420373895
808	0.48010050361349654	0.18720598320574613	1.172043929109997
809	0.4966059910378097	0.13951771811869407	0.2800596520144298
810	0.48422620648752274	0.09964621307976636	-0.4657161805502248
811	0.4093307920352762	0.040723874797313674	-1.5678279730784896
812	0.38778651274660275	0.11383345030946158	-0.20035126276148887
813	0.3857225052684764	0.1244605056140617	-0.0015777023011806063
814	0.46156178641639123	0.15950186214325107	0.6538527063136106
815	0.5458877454552444	0.1466672714582051	0.41378834093734596
816	0.5109394763902536	0.13172610420501982	0.13432155289277614
817	0.5134326591078685	0.10712713078071583	-0.3257894930242278
818	0.4230306699914802	0.08170365893909753	-0.8013223544212462
819	0.38987117114058895	0.20310051233686188	1.4693428568632345
820	0.3757523985143382	0.23737875086743346	2.1104995389104277
821	0.38522739204212064	0.1705370753202111	0.8602606481894143
822	0.4019523581105606	0.14596430629707646	0.40063974201205305
823	0.46285701552942754	0.13198681526855502	0.1391980181848927
824	0.5114168514617629	0.13141368714608623	0.12847795376086174
825	0.45320615145571735	0.14252358094971476	0.33628275804443725
826	0.48511052671195576	0.11708510500296547	-0.13953074736100365
827	0.42806983166841667	0.1381080148790711	0.25369188370038004
828	0.42845437159107946	0.11285579493017975	-0.21863779981930426
829	0.39419417330606976	0.09242903786504793	-0.6007097015940539
830	0.34029788201272737	0.113478915013772	-0.20698266167804125
831	0.3276918910456	0.22222335520548173	1.8270257195348154
832	0.34901177854233517	0.18953929857985435	1.2156873836036894
833	0.48183921694142084	0.16248791529473544	0.7097052825571297
834	0.5111273887052953	0.14038150219764015	0.2962162854297765
835	0.4999999135058202	0.14937832248851693	0.46449714506405476
836	0.40092706922832505	0.0892911106479931	-0.6594030035033137
837	0.3530742869332134	0.05395023060782035	-1.3204358441195612
838	0.3617997001172292	0.09748420510754302	-0.5061554188965595
839	0.3483339285602776	0.09088844352787583	-0.6295257200344708
840	0.4769988755282681	0.14014232348377345	0.2917425715759472
841	0.5134840155387611	0.144469674807813	0.37268343481485716
842	0.46556576520384413	0.16954706538898887	0.8417430256420918
843	0.38046337372448025	0.20512238144299982	1.5071608703667279
844	0.4183154548742884	0.18545429928629167	1.1392795894607708
845	0.5196599763319325	0.1074155129208621	-0.32039545458864865
846	0.5472872089707915	0.14668780298557743	0.41417237251340444
847	0.5171763072878124	0.1477857973839991	0.43470978854108583
848	0.5743443502189239	0.11638747912894865	-0.1525794776887298
849	0.5908762782668422	0.09249719805721054	-0.5994348005335544
850	0.4416340762549174	0.21987092773661626	1.783024783216303
851	0.4102711510090508	0.24365346317642542	2.2278647798706928
852	0.3589447711685416	0.10809262430028314	-0.3077304372477253
853	0.41805180948767845	0.05780464235604047	-1.2483410704768467
854	0.32647684215932793	0.15630747022340716	0.5941032614097002
855	0.28253187200199237	0.15169905507141712	0.5079052449710568
856	0.3601210223694452	0.13838014157074172	0.2587818723989652
857	0.49197511378057923	0.11184820630391731	-0.23748422274464645
858	0.5012818618624533	0.12549856445538024	0.017838650201179126
859	0.5408257466949441	0.12237666058591135	-0.04055494329790883
860	0.5354374956316168	0.1287157475131547	0.07801439152526882
861	0.540885585366345	0.07418536603211737	-0.9419481258009279
862	0.5064629718069166	0.1075120044668823	-0.3185906302410748
863	0.46471337835142407	0.08480411929973744	-0.743329850638597
864	0.42331132653262676	0.1510036763197254	0.4948985459015246
865	0.402121284876064	0.15288270998922512	0.5300448966078753
866	0.45581658481838466	0.10483005898167064	-0.3687550302348539
867	0.399702115867634	0.11240055223015213	-0.22715287852778548
868	0.27986603291453177	0.13543537709038453	0.20370157934503974
869	0.31635834745574365	0.14376376287101722	0.359479717978304
870	0.3675881416644519	0.08416035810928332	-0.7553710699834648
871	0.38626326572692393	0.0616005942175199	-1.1773397587103043
872	0.4749049205773374	0.06826217572262205	-1.0527383299878517
873	0.5223994707223102	0.08509870881095535	-0.7378197065449928
874	0.5164450693668414	0.09406794026792142	-0.5700548817471013
875	0.5917481099453351	0.03072759848332802	-1.7548031395120238
876	0.44174143008626476	0.07647766536652871	-0.8990718550672561
877	0.4771654759682663	0.1023857139724786	-0.4144752364955824
878	0.45815662611504265	0.17482854126186625	0.9405302939536268
879	0.4613640679452462	0.19695994377006687	1.3544867050613194
880	0.4501959185357662	0.22122051130625364	1.808268044269008
881	0.4345798712795814	0.17042244164213577	0.8581164846665399
882	0.41175624387299475	0.17554949827413321	0.9540154211275765
883	0.5002239790408235	0.1863682987759028	1.15637547610119
884	0.586377548267744	0.11871409849759115	-0.10906126850609792
885	0.5687844014598494	0.15234277041449096	0.5199456067644437
886	0.6418170890217529	0.11244813369449061	-0.22626289190332707
887	0.6556102541218093	0.1306367865620172	0.11394643107722147
888	0.5930550156805163	0.06708758496809472	-1.074708441149322
889	0.4536833798257051	0.04917820880695343	-1.4096940381125795
890	0.37378582248170744	0.1610539091203877	0.6828829404475727
891	0.5671090379543116	0.13015874075590536	0.10500483209045103
892	0.6143438189039745	0.0956549852259754	-0.540370028522858
893	0.657402702534092	0.0874743891009524	-0.6933838382613603
894	0.7062832123623747	0.02652376284117263	-1.833433705951201
895	0.4695328361558217	0.11459571657884982	-0.1860934673475977
896	0.38424016859456356	0.08686645560356124	-0.7047549191803821
897	0.3830240719914842	0.06900008856165664	-1.0389360528640292
898	0.5303743353133656	0.0654915624589123	-1.1045612148135053
899	0.596118383558103	0.03876635864004152	-1.604442298033695
900	0.585038934867257	0.13538592796792934	0.20277665914369275
901	0.5876455425579212	0.288439455579788	3.0655635509414694
902	0.543777269329868	0.27138898682599677	2.746643371779397
903	0.6378550641128935	0.19010965341164834	1.2263555750633084
904	0.7332679017616494	0.06226673627776482	-1.1648799167981303
905	0.612222033811541	0.06828662196412143	-1.0522810757134151
906	0.5013102733663338	0.14323002037270088	0.34949634123673445
907	0.5323513539905579	0.12551710088142537	0.01818536444116286
908	0.5591405089615297	0.13238136286997854	0.14657782653801937
909	0.6144220863677874	0.16922923258154382	0.8357981277417675
910	0.5632901882473074	0.27873807138704354	2.8841041887651535
911	0.46509225951731226	0.20280234196116384	1.4637657345558317
912	0.5068398865758705	0.20739076968584425	1.5495898965280306
913	0.5893310424604554	0.1434014549793141	0.3527029366825936
914	0.611269060394146	0.1273032618744988	0.05159457987968993
915	0.5694127908587284	0.18852182275138984	1.1966560256866337
916	0.5081272756178753	0.13952162223644377	0.28013267651306284
917	0.4155441510821362	0.1411539996969187	0.3106654506949477
918	0.4106321164363957	0.11889766663056514	-0.10562772173962008
919	0.36821476682051363	0.07053568079091724	-1.0102135962590293
920	0.3923941009697626	0.08498742507591149	-0.7399012111200576
921	0.3469648823580366	0.16670453962664855	0.7885750548086327
922	0.3624695589840173	0.1269090269341213	0.04422061968934672
923	0.5153775405658814	0.15520723213663867	0.5735238783546085
924	0.6774728708541484	0.10893885769737063	-0.29190208023835795
925	0.7175696751130053	0.0998969811783125	-0.46102569326384535
926	0.5285262676770344	0.1359648754513078	0.21360557169681177
927	0.5767832965339356	0.15168043782819093	0.5075570190875967
928	0.5941524379769759	0.07277621759233216	-0.9683055168716177
929	0.5748513190164675	0.03897305617752768	-1.6005761277459845
930	0.5824741388307553	0.058931492131215464	-1.2272639295854775
931	0.4968247093791246	0.09118477334681407	-0.6239830243871246
932	0.4826649206118787	0.1629872883871563	0.719045797378352
933	0.5388065239915648	0.11479422187829913	-0.18238052862555118
934	0.546116801908902	0.08914777275740286	-0.6620840644411595
935	0.586134268938599	0.06390765729333688	-1.1341873398470899
936	0.6232429000618136	0.11120566847344733	-0.24950255977519475
937	0.49757745920574	0.1725780377501241	0.898435792416237
938	0.44746734930138926	0.20589810701218048	1.5216704150060028
939	0.4554060545190985	0.13996953662091322	0.28851068287799064
940	0.46656780410592796	0.09392443042834911	-0.5727391589015194
941	0.4555188166018745	0.08744009204162521	-0.6940253469766515
942	0.38525288644132083	0.08619683873791416	-0.7172797555262819
943	0.40417543954136037	0.09130402627295339	-0.6217524602238083
944	0.3625569640640045	0.20265549799303637	1.4610190942551848
945	0.400727265517294	0.1749513656047293	0.9428276596153559
946	0.4380296123023936	0.10338652006849423	-0.3957556772824769
947	0.44915088086536487	0.10094841619707365	-0.4413591462965649
948	0.44142775738169426	0.13206659460018252	0.1406902492257793
949	0.43702895214032317	0.14108580269246834	0.3093898610796894
950	0.35863581199898215	0.1904892469739742	1.2334556758672124
951	0.3274730892961723	0.25485055565952497	2.437300590250415
952	0.33328261139397647	0.2126913334896522	1.6487341946925338
953	0.37753320483597136	0.06189205189914198	-1.1718881938657655
954	0.43447817582466003	0.03186376828872702	-1.733551672286771
955	0.45053166052702864	0.07846230772304424	-0.8619501486172892
956	0.44508142105530984	0.06881578061177143	-1.042383437522314
957	0.38694070956259496	0.05323024882615332	-1.333902730110694
958	0.41979617081905235	0.04050000717280978	-1.5720153009429803
959	0.32911522646973734	0.08676289383648501	-0.7066919883476416
960	0.32608790093262874	0.1074665637282377	-0.319440575701171
961	0.2825793738116268	0.07517951269203532	-0.9233531278878112
962	0.29798517670069263	0.09335968072955328	-0.5833025092540804
963	0.37054320293228427	0.09664933642554925	-0.5217712048015102
964	0.40148474172373255	0.08287132027277593	-0.7794818544845783
965	0.4105573765267819	0.08887844451747971	-0.6671217095505116
966	0.3463332281330801	0.07090043271458607	-1.003391100612374
967	0.40771307972378096	0.0709554019144146	-1.002362930225339
968	0.38544098878428046	0.06096124926704414	-1.189298374575734
969	0.333583236103884	0.0553964254866279	-1.293385518611647
970	0.30290725531380996	0.04904706302556806	-1.4121470519680765
971	0.304586828050644	0.045359260341186106	-1.4811254894410024
972	0.2696629589020147	0.015632543720873852	-2.0371483136429536
973	nan	nan	nan
974	nan	nan	nan
