ID	SN	ssim	z_ssim
494	0.2785198270813901	0.26210423702627605	-0.8405873531885933
495	0.3844920764363978	0.25477631117715627	-0.8934682383366978
496	0.44061281740734237	0.148169866712249	-1.6627777621869826
497	0.44030433232401106	0.14654254014810972	-1.674521121891836
498	0.45593438004668896	0.28565126574864697	-0.6706637285388731
499	0.8715532303529401	0.29224538902569513	-0.623078220327445
500	1.0003448613237864	0.21709874069177443	-1.1653628123977073
501	0.6452748432392008	0.33294899889782636	-0.32934668386273463
502	0.32222740039792086	0.2748458612792346	-0.7486393200624206
503	0.3855415611901442	0.18545521357171207	-1.3937136114874584
504	0.41470323404373277	0.4098115686481997	0.22532059946490487
505	0.8001372394038087	0.4514310075057306	0.5256610793590911
506	1.1980097791124638	0.406696438462058	0.20284072658047353
507	0.9362505143329888	0.47911945061536204	0.7254706039309204
508	0.4329016782073118	0.6143868133760038	1.701607374650521
509	0.7668594894823474	0.44612915557657673	0.4874010548022761
510	0.9428934002293272	0.36968555373877043	-0.0642428090037455
511	0.6885875743526176	0.3886148704855312	0.07235778513815419
512	0.5108109837949728	0.3384833575034984	-0.2894088095145492
513	0.7681424708097245	0.4484246962374412	0.5039664819830872
514	0.8672198499484847	0.4940925540055513	0.833521773796729
515	0.8132217214430149	0.45824692340870976	0.5748471210120472
516	0.6231376338688102	0.5077475789871797	0.9320612271994575
517	0.9533177276129841	0.572372149058892	1.3984148091094513
518	1.113933807825098	0.4542625781648418	0.546094687162476
519	0.9312631978410931	0.5177935791957201	1.0045566910133374
520	0.42874514595467716	0.5523212097205493	1.2537201926389707
521	0.5321916775033982	0.16793734052833123	-1.5201287324261303
522	0.6234312712209098	0.16467625279396716	-1.5436618862120017
523	0.7834589735760147	0.21220279834498643	-1.2006936509273216
524	0.7781483229879049	0.3078721462740238	-0.5103100547781937
525	0.551242583438984	0.25977233592110827	-0.8574151700986031
526	0.5585852929738333	0.2027970202740709	-1.2685690470677435
527	0.41126771900631803	0.24167050158448666	-0.9880443607091879
528	0.6106940764173336	0.2029082677590087	-1.2677662461667605
529	0.6563984996972521	0.3481400407899803	-0.2197227932667992
530	0.44532063829496704	0.5158706432835006	0.99068011048906
531	0.8389756955370755	0.5368534719330487	1.142099567337465
532	0.9865736748905835	0.4214684750751904	0.30944092800533923
533	1.0883031596827242	0.4183447702860895	0.28689917777612944
534	1.1317431055191807	0.4130389407346599	0.24861044930076284
535	0.6577188689036163	0.23104760250913145	-1.0647029292468648
536	0.36909444449752904	0.20362530417876645	-1.2625918596703725
537	0.5988131479747519	0.11905088094208816	-1.872910584740874
538	0.934708947354886	0.09253095872141885	-2.0642876524081633
539	1.3101392606693336	0.286320472829072	-0.6658344953439839
540	1.1953484316848197	0.5579908479165165	1.2946342919960572
541	0.7666054048864201	0.5452975507764974	1.2030350042804563
542	0.4228771781869962	0.515823592036074	0.9903405721718781
543	0.5535253308891482	0.434329305047669	0.4022491914467098
544	0.6326569071605073	0.43299496496156553	0.3926201250103697
545	0.7212556406783519	0.37775246294193965	-0.006029160577674369
546	0.7182874660749793	0.351880109611452	-0.1927331438262268
547	0.7152661739180708	0.5930078891402141	1.5473295530158195
548	0.7494420683443833	0.6319585629978999	1.8284112878913121
549	0.6245497628640106	0.6362074874071271	1.8590730178696946
550	0.6671392464605509	0.409857162984792	0.22564962420210707
551	0.7674656161735794	0.48996435384120024	0.8037312323455411
552	0.8666255768158593	0.5647269441690119	1.34324432703313
553	0.7240653468919076	0.5150621706136912	0.984845887916692
554	0.5395921857653344	0.5634203309109032	1.333815347120166
555	0.7557872865053819	0.3714528361444063	-0.05148947881988178
556	0.9472469137984626	0.21704755004716092	-1.1657322220579853
557	0.8972613843677988	0.37840655508680654	-0.0013090020633605107
558	0.9567470950112615	0.4862995382960386	0.7772846369619432
559	0.8321012060033567	0.4721463342549935	0.6751501485975319
560	0.5823562147872103	0.33461168396685415	-0.31734816477519673
561	0.3549766946843213	0.481514810273974	0.7427563600375653
562	0.38438888082260925	0.3793008116955512	0.005144267523918318
563	0.4567115907690969	0.13141414766836768	-1.7836929123368472
564	0.4790942078457525	0.23427887238342227	-1.0413849516058347
565	1.105688123493496	0.3381163979833235	-0.2920569182208762
566	1.3979672493192101	0.7157310792580156	2.43294317073658
567	0.83583233867346	0.6691505524946271	2.096801739091385
568	0.4841582014304887	0.6064475359196202	1.6443147617100689
569	0.7526648457020818	0.497403397818189	0.8574139849086135
570	1.0681519392514798	0.501062658548534	0.8838204947986651
571	1.039068106307221	0.44998612183754594	0.5152342771991602
572	0.6567048472354411	0.36790057536320453	-0.0771238395181971
573	0.4067398018388467	0.3144307754611173	-0.4629806843788799
574	0.367830858837748	0.2594559004550878	-0.8596986794953888
575	0.6849168516160888	0.381844140814919	0.023497823199058642
576	1.210095138535972	0.4921508355050306	0.8195096515222767
577	1.4775594020413458	0.6091882152139064	1.6640924655205334
578	0.9163437028108539	0.6660789989016432	2.074636330199272
579	0.8853489967059964	0.6762373350155244	2.147942449337816
580	1.0058101745680588	0.5680974296568595	1.3675669334085248
581	0.4202890670229155	0.4451158850083013	0.4800889387071925
582	0.3892270429446322	0.5203493847590471	1.0230002810875214
583	0.555471165952254	0.4626667440406949	0.6067420981211978
584	0.5858845965079934	0.426125564920827	0.34304812304554183
585	0.5781041433510762	0.5273932956529434	1.0738316146248756
586	0.7192497018680225	0.4950859777182713	0.8406906680155561
587	0.5761928590783476	0.525480732059897	1.0600298843966038
588	0.8738729439500038	0.5442529960980586	1.195497131065203
589	1.064821455680721	0.5134262537455664	0.9730405375629427
590	0.8914324108683488	0.39080441360332274	0.08815829684129368
591	0.3198490922918419	0.37094785047431933	-0.055133632673391886
592	0.41741094411627455	0.28163709474636145	-0.6996313955305102
593	0.5579371922779292	0.2320862559580273	-1.0572076413754217
594	0.4933336491744859	0.24790462739137148	-0.9430567206074109
595	0.40725643380422644	0.19793864669553835	-1.3036287761783794
596	0.4090134169903404	0.08386573621518476	-2.1268189396468267
597	0.3727254809425651	0.14021719837739816	-1.72016700840687
598	0.5399421227804294	0.17459858353920604	-1.4720588646552937
599	0.6351150570372888	0.18487275886744853	-1.3979168090844747
600	0.5917998922311828	0.3353594224733473	-0.3119522212439954
601	0.4929509422413932	0.37717464983018845	-0.010198862813847293
602	0.6902715779230283	0.391467682368558	0.09294467706932831
603	1.2640521172316457	0.43567536204721785	0.41196281124329875
604	1.167243303586119	0.4256138614568309	0.33935549123312864
605	0.580392409270816	0.3236657002798421	-0.39633822527852963
606	0.7665111870204399	0.38818385751252793	0.06924744423241642
607	0.911254967432188	0.39282923022105787	0.10277008429835235
608	0.6553009847167303	0.47749023930268897	0.7137136432190696
609	0.5548683182536976	0.4022221649459713	0.17055279834580034
610	0.4713699378359147	0.12673008797345844	-1.8174947312762562
611	0.3203196707506345	0.2341966870649426	-1.0419780297123642
612	0.6543397058341682	0.5036970476257719	0.9028311710933183
613	1.264430991802257	0.4831308081153568	0.7544179677024425
614	1.273773227179148	0.4966847868987483	0.8522282362698385
615	0.7509833802887945	0.6032919939410681	1.6215432631464095
616	0.6157183684984608	0.5735566732929778	1.4069627517698373
617	0.4646320951643474	0.5583108403295927	1.2969434695713427
618	0.4010462768542229	0.4577703573213507	0.5714080528432359
619	0.6550795521150298	0.4507391266100826	0.5206682239546759
620	0.9529039569970672	0.55235485055113	1.253962956680918
621	0.574349649320958	0.5139743893676819	0.9769960766166244
622	0.9760587145973671	0.5931644574929749	1.5484594052073732
623	1.3529846808244563	0.5758211748753448	1.4233041900649908
624	1.0929501502383383	0.38655305244598803	0.05747898243322916
625	0.48240655397522175	0.2531087836520893	-0.9055017022867953
626	0.37762374695009143	0.34690580985523084	-0.22862943692703258
627	0.6013171125005183	0.35308811503377024	-0.18401575266927728
628	0.6229725252583265	0.37327296384850034	-0.03835479841278641
629	0.7469519290863726	0.40917105271056375	0.22069841162743867
630	1.0746593307242844	0.4736462763066882	0.6859742569465549
631	1.297665522991142	0.4836225593844894	0.7579666174731766
632	1.018519529267537	0.5095491521106428	0.9450620112397607
633	0.9425794087353216	0.5130939624740439	0.9706426071080095
634	1.02194722607934	0.44174994235697274	0.45579911503472836
635	0.6674835285870457	0.29128044918569096	-0.6300415649224534
636	0.5675613522052481	0.3962437130993416	0.1274101912869321
637	0.7559813467741663	0.3953010576776023	0.12060765887631551
638	1.233003769019979	0.30078879308902395	-0.5614260177330359
639	1.1537498806314925	0.4939938818221766	0.8328097206859598
640	0.7610136195874088	0.4387332346604114	0.4340294933829995
641	1.104316416179045	0.516032922058072	0.99185117108885
642	1.283279547115883	0.5832562166559152	1.4769580613738726
643	0.8747563668275109	0.5311757100111714	1.1011268443226518
644	0.6865905880264016	0.4715281268969176	0.6706889473008439
645	0.49056118260641135	0.27608976674596486	-0.739662861583496
646	0.45380611625169714	0.14275532439158503	-1.70185100016509
647	0.40366967796656866	0.17302536125073276	-1.483411788915463
648	0.3565664855810751	0.25838416690935834	-0.8674326849572344
649	0.45906871678697697	0.19083072865680534	-1.354922007740422
650	0.5245414855795919	0.13377583036809568	-1.7666501809866682
651	0.834655897520266	0.19461903544869094	-1.3275842561730329
652	0.7584403747071914	0.25194707831749547	-0.9138849757586432
653	0.5751403663057686	0.3018070879298491	-0.5540776447236323
654	0.44078329066942884	0.2415354716048112	-0.9890187844402395
655	0.44950463455006895	0.19900598296628239	-1.2959265029963436
656	0.4667451231085963	0.19896632310480308	-1.296212702478033
657	0.4780243886659855	0.14785361654960005	-1.6650599343695949
658	0.3404424457021114	0.204896498320056	-1.2534184765370606
659	0.380448871183632	0.1696053646201667	-1.5080916850759285
660	0.6206840024286717	0.2561870116151942	-0.8832881287970762
661	0.8619525105719958	0.4184536117921854	0.28768461628925157
662	1.337713804427753	0.5270270142908866	1.0711883997455738
663	1.291656053864272	0.5517943511596887	1.249918196327898
664	0.8892979702122537	0.4167593224221422	0.2754580294719641
665	0.5473352711946499	0.3008019857675853	-0.5613308147336928
666	0.3495175455829582	0.6234830260163257	1.767248837981291
667	0.29064863430069854	0.5950748003714156	1.5622451099795438
668	0.3514427149297528	0.09247390707911976	-2.064699357085046
669	nan	nan	nan
670	nan	nan	nan
671	nan	nan	nan
672	nan	nan	nan
673	nan	nan	nan
674	nan	nan	nan
675	nan	nan	nan
676	nan	nan	nan
677	nan	nan	nan
678	nan	nan	nan
679	nan	nan	nan
680	nan	nan	nan
681	nan	nan	nan
682	nan	nan	nan
683	0.9883811626665397	0.2752530428150388	-0.7457009551727325
684	0.8734145698831624	0.2690452428774574	-0.790498618560809
685	nan	nan	nan
686	nan	nan	nan
687	nan	nan	nan
688	nan	nan	nan
689	0.355399340925597	0.45527903406090053	0.5534297897009457
690	0.7142746523714112	0.32518779393993796	-0.3853542631477098
691	0.7299285227688896	0.4465614624734138	0.4905207331165864
692	0.6204753283607259	0.42760556683763506	0.3537283363819122
693	0.5513766363465797	0.41095734030698144	0.23358888993911453
694	0.7246882125479016	0.30526782253938267	-0.5291037690072458
695	0.628975805351083	0.4088817598439069	0.21861077275515334
696	0.7085685234849541	0.43401368337721863	0.3999715546844133
697	1.201298977117606	0.3648743542103572	-0.09896211360986341
698	1.0711634195028694	0.27924383254359775	-0.7169020156595128
699	0.5800756729549166	0.27400072993510255	-0.7547380844964902
700	0.35491852147991226	0.32934983135985246	-0.3553195401829505
701	0.7017244575576309	0.27045696094883803	-0.7803111654217807
702	1.0759274574434192	0.32317031422980524	-0.3999131049041359
703	0.8120648035804483	0.35768819028520904	-0.15081999495385334
704	0.6751733952144618	0.4021211222711617	0.1698236389367562
705	0.8665423743684404	0.380881997993299	0.016554662870509267
706	0.6761151809967006	0.4785016685499775	0.7210124716955781
707	0.5759843715534667	0.2553543614520772	-0.8892968246478441
708	0.8079102669938871	0.15850033880623926	-1.5882294493934495
709	0.7335697896232315	0.17950497779111646	-1.4366526015095278
710	nan	nan	nan
711	nan	nan	nan
712	nan	nan	nan
713	nan	nan	nan
714	nan	nan	nan
715	0.4245921370214306	0.37445887528352595	-0.029796845223488536
716	0.5610486704921841	0.35164758862736145	-0.19441109686606187
717	0.47601674781325953	0.2997397014299631	-0.5689966313930112
718	0.8151845536283194	0.33266391489004554	-0.3314039501319928
719	1.265826944488178	0.46468331122183726	0.6212943547481169
720	0.9950591893636362	0.3008632918523557	-0.5608884085065593
721	0.639151404214297	0.18967563250685965	-1.3632575870159183
722	0.5063690370021571	0.06920280555448881	-2.2326317942209513
723	0.4334572836396582	0.11324890544597413	-1.9147796765083593
724	0.3502168111120217	0.21779881857660507	-1.1603108046420743
725	0.35490659367058136	0.18880643268981612	-1.3695300379989415
726	0.4178885621250103	0.18344378634166972	-1.4082287764230337
727	0.7964539216364018	0.23688250889105208	-1.0225961966481243
728	0.7772734016633481	0.38111087444014924	0.01820631565032637
729	0.6277032149842401	0.405575877016561	0.1947543618545207
730	0.8303123031511536	0.4389652569184101	0.43570384744029467
731	0.8715540248733659	0.33643864719633765	-0.3041641568175109
732	0.6907161428456287	0.34037690217250366	-0.2757443265181089
733	0.6992003415354036	0.37583758837664033	-0.019847567592912223
734	1.0361866783656162	0.31310716688547113	-0.472532308468826
735	1.2304789140638817	0.2321027206973099	-1.0570888260373676
736	1.171277450613281	0.24791715646105356	-0.9429663064426783
737	0.8276872920636678	0.351490182510135	-0.19554699466006892
738	0.6191301671725473	0.23013050250344144	-1.0713210448049044
739	0.581783564034946	0.0012616075328743918	-2.7229193276076558
740	0.5127444676766844	0.02921480524114485	-2.521199240918888
741	0.42361966189097866	0.11129666616300526	-1.9288677204419225
742	0.3267980798174676	0.3251226651063006	-0.38582425567251416
743	0.3022489231876282	0.41517131655816497	0.26399842174168353
744	0.3526858977566898	0.25020072681261124	-0.9264872612155977
745	0.921763625268571	0.22740464301810062	-1.0909918036720254
746	1.4459407316029615	0.309879010983763	-0.4958278145906445
747	1.2903266120728707	0.25075785189854016	-0.922466851035591
748	1.0433755570260448	0.1797346626340206	-1.4349951150600253
749	1.0762937403697486	0.33744281758640343	-0.29691771080269835
750	0.6054389127400467	0.39199975016066024	0.09678426502156501
751	0.6915773924040273	0.3290673671672467	-0.35735790094630765
752	0.732152837021331	0.1683413977600339	-1.5172129136115204
753	0.5607623185558319	0.5996857821627481	1.5955195731152136
754	0.48466622109480184	0.6142441833518381	1.7005781063306888
755	0.585232660777328	0.10474947108687856	-1.9761145782829417
756	0.6140420728328945	0.11625688260906988	-1.8930730574506767
757	0.4562706282755238	0.22148349572804998	-1.1337208809357902
758	0.3720003378485019	0.3386452291655852	-0.2882406867813513
759	0.7133515117991055	0.46874237723504497	0.6505859998974458
760	0.8316074098654046	0.41011273782401975	0.22749394195288916
761	0.9471115760848208	0.45701373877831464	0.5659480278513044
762	0.7960485820210728	0.641528605886014	1.897472076612255
763	0.8712313870053375	0.6575841124663007	2.0133342478388863
764	1.012274140554873	0.6575212971331515	2.0128809503456813
765	1.191095080851636	0.5682520087830012	1.3686824306425442
766	0.8683143064125676	0.45373296350045134	0.5422728018408953
767	0.61689011184668	0.3603747487677213	-0.13143284591843274
768	0.6405524084880391	0.5761443579485672	1.4256363925638655
769	0.76959788724627	0.5708658657475709	1.3875449400050792
770	0.793851048861284	0.27514957091577086	-0.7464476447181654
771	0.6100507505637084	0.22008239296782817	-1.14383173026335
772	0.3711408781339437	0.16863036836682394	-1.5151276002795524
773	0.41643061326076847	0.16932172076955387	-1.5101385586655438
774	0.4126697929046044	0.1576190153120066	-1.594589389086677
775	0.43688538232394647	0.17806863903888479	-1.4470177261238357
776	0.4689995928303905	0.17663791975767107	-1.4573422986627524
777	0.592873912522623	0.2456052567299032	-0.9596497864169716
778	0.7161306674171533	0.24116827811781874	-0.9916685815332482
779	0.6380551013147148	0.30405063586346515	-0.5378874153129366
780	0.4157815382994322	0.37495875983103066	-0.026189502861108573
781	0.42919509717915	0.3917793780557519	0.09519398255836252
782	0.46949046428228913	0.2722341962055239	-0.7674860119711276
783	0.4284631434289556	0.24347820268172837	-0.9749993550590798
784	0.48378242582520387	0.2642487859869847	-0.8251115351166429
785	0.8320867027547806	0.3082323124374013	-0.5077109693190954
786	0.8280408960171758	0.578350804724466	1.4415588869973652
787	0.5041676938461588	0.5528175358338655	1.2573018560911782
788	0.4464835570561657	0.5524104619791607	1.254364268266101
789	0.5038662323660578	0.49601128331717803	0.847367998014544
790	0.74553570249356	0.4420775733468192	0.45816341526125304
791	0.807277671025691	0.4790674222570488	0.7250951490345342
792	0.4974488693037749	0.45430002578626383	0.5463649223433802
793	0.3702588796017022	0.6042319840469661	1.628326561702346
794	0.6531250619091697	0.2921972530834188	-0.6234255861834075
795	0.8292138817321502	0.30979347804172785	-0.4964450503238206
796	0.6429761493428208	0.48819882593293884	0.7909905632305884
797	0.7494781215810785	0.5213586767436356	1.0302836863261722
798	0.817104725060587	0.5210151631069697	1.027804771345132
799	0.6639491889969044	0.26491058175984566	-0.8203357845186254
800	0.5924045820355397	0.12764883431080754	-1.8108647352110756
801	0.5078671173646794	0.4258401719114933	0.3409886269126138
802	0.5816589475284285	0.45886248418302583	0.5792892236313301
803	0.6466862777740804	0.3997980642801666	0.15305963704269324
804	0.49295615974525103	0.470800165640598	0.6654357233490309
805	0.4006233253374509	0.4678293379159891	0.643997187679525
806	0.4524879222060311	0.4813113937448585	0.7412884349609657
807	0.49371827223423354	0.3421421529478441	-0.26300565729159187
808	0.42932344977829956	0.4771177756151679	0.7110258145091206
809	0.6245469151668668	0.4744524216398873	0.6917916846410099
810	0.7421087849172902	0.5390922730279101	1.1582555418934901
811	0.7180342023651184	0.5269484370266938	1.070621358625264
812	0.9273534358920879	0.5335610452029941	1.118340260358195
813	0.8855815243776991	0.5185468387331889	1.0099924762420298
814	0.5232543846103045	0.4867961293396857	0.780868212244413
815	0.5648012433152038	0.3722103954471568	-0.04602266497562873
816	0.510323715859374	0.3222082471912073	-0.40685571835579726
817	0.5501124771568174	0.2773069513987357	-0.730879229877542
818	0.5944259825974466	0.1598980442098713	-1.5781431165835687
819	0.433886594414569	0.3714696190186618	-0.05136836770819259
820	0.3943302755981675	0.4293590957627218	0.3663824166224388
821	0.6115179334169298	0.22007136010408035	-1.1439113472808686
822	0.6447352201425212	0.2960861026586597	-0.5953622825991784
823	0.49021171899733174	0.29661301587227185	-0.591559891894667
824	0.7456245188517356	0.29335485927896326	-0.615071893537804
825	0.7672173311741579	0.32530214130209145	-0.384529092444631
826	0.42165821973772516	0.3546600072154951	-0.17267242692629353
827	0.5134225417445255	0.4232604735329252	0.32237261789688404
828	0.7907498335920806	0.4867055870825215	0.780214827534915
829	0.858970881015186	0.4777695008535222	0.7157288925952172
830	1.1056942689396942	0.5898912937523145	1.5248391067211937
831	1.1252642873864784	0.3600191850184381	-0.13399871874190467
832	0.6118450431430151	0.4816722028568744	0.7438921601631244
833	0.6587519250505067	0.6112926060161568	1.6792784882248835
834	0.7049126297650292	0.6503909733130123	1.9614260308002183
835	0.8054155303809529	0.5614122645615447	1.3193244354793292
836	0.9661676270306434	0.5955189987732052	1.5654506015677034
837	0.946050207716394	0.560621797778665	1.3136201497074051
838	0.7972946991495795	0.31074286632914416	-0.4895939311911334
839	0.5540161986223101	0.41514912372636503	0.2638382704773712
840	0.6089582381019738	0.4815317201170194	0.7428783874006099
841	0.9002045135090739	0.4076033773487784	0.2093855159373106
842	0.9458743125369395	0.31985577127746606	-0.4238320103065645
843	0.5576888760604048	0.39789041540124714	0.13929337311670548
844	0.4332190137646609	0.42913608397985964	0.36477308531655167
845	0.37072424618920435	0.5043209830201416	0.9073337079105356
846	0.37278183915531005	0.4924914008435182	0.8219672905487625
847	0.8630259997309642	0.4414294992026216	0.4534866847521847
848	1.1695970780323646	0.41084534091732844	0.23278066302977568
849	1.0233315999466288	0.4097898839724584	0.22516411523308294
850	0.5053850613259874	0.37756668316264913	-0.0073698126767512365
851	0.7448448093548552	0.4208112451105146	0.3046981258818585
852	0.7182115996065683	0.35818369416711726	-0.1472442650121024
853	0.5116290295858186	0.5104684119577124	0.951695712971335
854	0.38496751401629825	0.5344072757814382	1.1244469572529094
855	0.5791208384562687	0.4768262287966953	0.7089219103293591
856	0.6145270394185869	0.5211615350659546	1.0288610427800995
857	0.5157481979409586	0.37719246015349756	-0.010070337269136342
858	0.46005886590437134	0.3472436914969022	-0.22619116439879422
859	0.49657416372630026	0.27499197748032955	-0.7475848942661624
860	0.3524230456033964	0.21527037305837182	-1.178556955027042
861	0.3866602001061094	0.12887242797145668	-1.8020348538546056
862	0.396767997925448	0.10323238704862069	-1.9870623892241197
863	0.40827267371433207	0.16421711366577668	-1.546975195326307
864	0.37990702116280745	0.22646187621063707	-1.0977951398811268
865	0.35572875917116037	0.29364041336892593	-0.6130112349905151
866	0.4408698668619377	0.3458871429522401	-0.23598049486762285
867	0.5072867451829037	0.31496602052144296	-0.4591181681438704
868	0.48862513480719977	0.23505261635072888	-1.035801343541065
869	0.3354077581261907	0.3163434431667428	-0.449178202837692
870	0.553591124964182	0.41585804204924015	0.2689540739370704
871	0.8337717631374406	0.5143178553886179	0.9794746479858435
872	0.7887359557583788	0.4804047369910006	0.7347456815738979
873	0.6127725835544195	0.40979468897986826	0.22519878985318795
874	0.7782472253443946	0.4575247504851726	0.5696356677013908
875	0.7352871737209955	0.4883121479660577	0.7918083347994462
876	0.3909281398608047	0.35885046257338127	-0.14243263014597354
877	0.4207154880846787	0.3049326915041905	-0.5315221921936227
878	0.34962154361637565	0.14977373941498287	-1.651203653778716
879	0.3698559079248991	0.06350343960208589	-2.273760419503403
880	0.34554598904736644	0.1336854125735264	-1.767302667530393
881	0.3808309828539052	0.24416253341357425	-0.970060984286891
882	0.321805728183378	0.3500834519053006	-0.20569845648981783
883	0.4156704464002596	0.4243984810133	0.33058487933435676
884	0.4915543874757493	0.35193824397891216	-0.19231362582452818
885	0.6896540868660452	0.45547815786505647	0.5548667369674206
886	0.5690322411964962	0.4227220959432534	0.3184874962305442
887	0.5621863938927449	0.46986752883169874	0.6587054887653635
888	0.8688702980318204	0.4746119455143782	0.692942864914804
889	0.5430627208494114	0.5325673758983761	1.1111695938620252
890	0.5084423379213816	0.5738836012155366	1.4093219784160265
891	0.7544763516528971	0.4684822972647491	0.6487091715395019
892	0.9992907062658517	0.5226583964660503	1.0396629200658252
893	0.8228642199902558	0.5556039385561372	1.2774095162076509
894	0.6627394854470461	0.3961520785192999	0.12674892399212706
895	0.41948190746662883	0.4073432511085263	0.20750835367912127
896	0.5944055213524819	0.42608889322228655	0.3427834871965129
897	0.5386188894140339	0.5131459355374909	0.9710176629772311
898	0.5500330868799048	0.4629205350042557	0.6085735427989978
899	0.8726929133985606	0.5383999114790614	1.153259217926862
900	1.0175413111931164	0.2969002937618911	-0.5894867938039747
901	0.634114670387609	0.3470861891150016	-0.2273277568724802
902	0.3819713898963826	0.4602158790003588	0.5890557956967423
903	0.8388658095701228	0.2812936885057036	-0.7021095355042591
904	1.0555153840646418	0.25530702494529234	-0.8896384214966854
905	0.8087649516198931	0.5173806220097281	1.0015766470045473
906	0.37983190484352813	0.4783673707513575	0.7200433316400301
907	0.5409448983074611	0.5604169967979494	1.3121422339420943
908	1.0331970003543387	0.54173214641077	1.1773057948625925
909	0.8897992904697329	0.532192067267832	1.1084612350446006
910	0.4254885708311001	0.42755559473892063	0.3533677201765715
911	0.34883274164077255	0.2526837088857064	-0.9085691910091531
912	0.38672042310983473	0.22746162867798164	-1.090580575147433
913	0.42509879364611014	0.23054704013532107	-1.0683151630417946
914	0.4746471309800082	0.16784349363735404	-1.5208059645332028
915	0.40750550333358715	0.18414577326788573	-1.4031629923546594
916	0.4476444582548868	0.4028430474046894	0.17503330410772597
917	0.6165387276295646	0.4882181233782359	0.7911298203695682
918	0.5175574850628447	0.4613028039457741	0.5968994276311483
919	0.35885516791513483	0.4611199953858891	0.5955802168942479
920	0.3236893196740349	0.48004007563327733	0.732114157214514
921	0.350083612436246	0.2582131648630306	-0.8686666957480279
922	0.4607005776997817	0.22422659122757843	-1.1139257409401706
923	0.8108733134715955	0.4301081401689923	0.37178778398482526
924	1.3245706678599314	0.496135811210221	0.8482666350020527
925	1.2067410902285844	0.4353856042245129	0.4098718170849632
926	0.5390835105536795	0.5794623126416862	1.449579918285338
927	0.8578447808588482	0.6001455884550715	1.598837696720087
928	1.3334358375499789	0.3890910063967148	0.07579374900468408
929	1.0458880631822494	0.33813331841475497	-0.2919348144483207
930	1.1220953897676729	0.35460963252762284	-0.17303594835631259
931	1.6677972532081489	0.3394681484525189	-0.28230221234881775
932	1.2952475107779247	0.2592619431942804	-0.8610983431715202
933	0.607227142219132	0.23574924486307425	-1.0307742276680714
934	0.4219533058112852	0.4513519851327218	0.5250908261773245
935	0.6563620836501783	0.46579104576253616	0.629288156026595
936	0.9078429513263073	0.3936530402167395	0.10871498639786457
937	0.7073505942973053	0.39134563134998435	0.09206391407741323
938	0.5087196934643474	0.36815096670694364	-0.07531692769035186
939	0.4855057640831555	0.32450345089525245	-0.3902927227736714
940	0.5533205293615591	0.34847983765301027	-0.2172706998289633
941	0.5400749011681917	0.3798701995759779	0.009253170333460816
942	0.578802266824849	0.4202321637299055	0.3005192713724242
943	0.6556264043211182	0.2790236316930837	-0.7184910622908932
944	0.3440976814628286	0.3747717374542891	-0.027539121979564048
945	0.44853308058660957	0.5053994455178465	0.9151162718518072
946	0.5085674306374215	0.4251020461485176	0.3356620523128634
947	0.6968745371829392	0.31575784817006436	-0.45340406188706767
948	0.49932947672744105	0.30597730114890376	-0.5239839223224396
949	0.3830025143812885	0.3506303571198428	-0.20175179648907837
950	0.688674931769788	0.3249207544494362	-0.38728131384636405
951	1.2360226412501587	0.27312828901078645	-0.7610339244472734
952	1.2906273307162264	0.5926288153728163	1.544594023649235
953	0.852060531392327	0.5933725232433373	1.5499608806964427
954	1.0594078648225473	0.6178276875719829	1.7264379306513717
955	1.1646692889786787	0.6212060965318613	1.750817715582208
956	0.8932506784676354	0.5854362600149219	1.4926900194830512
957	0.6675662369712635	0.5222137271886577	1.0364540304740295
958	0.6598066082423094	0.3283277560181973	-0.3626951946133604
959	0.84674071328052	0.34443839220955397	-0.24643518876186016
960	1.037861830870692	0.3359188573502254	-0.30791514280172544
961	0.5641233871254632	0.3112107362605454	-0.48621761753620574
962	0.35548457668344524	0.31672753930598385	-0.4464064302729523
963	0.4143189551307124	0.31945290427636536	-0.42673923999936036
964	0.4943790313835131	0.29127403181996236	-0.6300878748861505
965	0.4273395713558294	0.4790545250062706	0.7250020779457745
966	0.5823332588330223	0.5419565339195833	1.1789250538898448
967	0.634295900468875	0.3496180479705825	-0.20905697464707518
968	0.6799946476842358	0.2531087173965635	-0.9055021804099261
969	0.7442710152272352	0.19410264888241718	-1.3313106828953265
970	0.6042471529134299	0.35693950379866896	-0.15622277944182952
971	0.28227424778943583	0.3495721754743693	-0.2093880066817399
972	0.22412859324325815	0.2793500042698995	-0.7161358432145212
973	0.5411122013264799	0.12687297086677685	-1.8164636381638568
974	0.4833865393887011	0.18859564563058653	-1.3710511514080195
