ID	SN	ssim	z_ssim
5057	nan	nan	nan
5058	nan	nan	nan
5059	nan	nan	nan
5060	nan	nan	nan
5061	nan	nan	nan
5062	nan	nan	nan
5063	0.23122076251442147	0.2576695318456827	-0.9415414017877035
5064	0.3631158961930097	0.3206159519189254	-0.07948130842643646
5065	0.4759983792328602	0.3233955426236567	-0.04141442202306869
5066	0.4353124548928933	0.26478555683651156	-0.844086436742556
5067	0.545246317271427	0.30255954301979165	-0.32676637282318244
5068	0.5989828734140744	0.3027501021683086	-0.3241566384305001
5069	0.591899188266792	0.36135323014671494	0.4784214576319013
5070	0.49061842971374164	0.42216331226515214	1.31122410164771
5071	0.4874692431615547	0.4200939646740104	1.2828840947729605
5072	0.505553226587799	0.28552240608720847	-0.5600923640014246
5073	0.47112310194169693	0.256853652700012	-0.9527149816619843
5074	0.42929070332144725	0.3125926758123334	-0.1893612053524889
5075	0.44458310438203896	0.3379231816552316	0.1575436417604795
5076	0.4378969918373222	0.35266219398915744	0.35939649270661306
5077	0.4542423052228023	0.3575752778299401	0.42668186826170673
5078	0.43143320560239884	0.3188703149131744	-0.10338805321671327
5079	0.5081350656225389	0.24426525892524248	-1.125114808373641
5080	0.6009176826651691	0.26002901561512726	-0.9092279390648823
5081	0.6074532305059926	0.29205521065025486	-0.4706246849026319
5082	0.7476934495671739	0.4297730494987937	1.4154405254324884
5083	0.6777247396398096	0.40020687499604457	1.0105275991291576
5084	nan	nan	nan
5085	nan	nan	nan
5086	nan	nan	nan
5087	nan	nan	nan
5088	nan	nan	nan
5089	nan	nan	nan
5090	nan	nan	nan
5091	nan	nan	nan
5092	nan	nan	nan
5093	nan	nan	nan
5094	nan	nan	nan
5095	0.3794906954269519	0.3494400453228747	0.3152687126541885
5096	0.32306531633612967	0.2325771182415774	-1.2851855421382608
5097	nan	nan	nan
5098	nan	nan	nan
5099	nan	nan	nan
5100	nan	nan	nan
5101	0.44017188688666536	0.2485136321939537	-1.0669327377745936
5102	0.5043842474626353	0.3342589498091545	0.10736147026206723
5103	0.3946428818786581	0.37714401867794667	0.6946785318172545
5104	0.3797037129942905	0.364729556480714	0.5246607225705369
5105	0.4082983959557844	0.4422360257225628	1.5861227411092567
5106	0.4037935150231953	0.39501689363724085	0.939450073044153
5107	0.38560081658809814	0.31544262732521827	-0.15033071776615897
5108	0.35452902587673857	0.2627754492419602	-0.8716151435158537
5109	0.32006659852202307	0.18442467893911213	-1.944639984064517
5110	0.3051450825821345	0.21565716603205676	-1.5169066720203996
5111	nan	nan	nan
5112	nan	nan	nan
5113	nan	nan	nan
5114	nan	nan	nan
5115	nan	nan	nan
5116	nan	nan	nan
5117	nan	nan	nan
5118	nan	nan	nan
5119	nan	nan	nan
5120	nan	nan	nan
5121	nan	nan	nan
5122	nan	nan	nan
5123	nan	nan	nan
5124	nan	nan	nan
5125	nan	nan	nan
5126	nan	nan	nan
5127	nan	nan	nan
5128	nan	nan	nan
5129	nan	nan	nan
5130	nan	nan	nan
5131	nan	nan	nan
5132	nan	nan	nan
5133	nan	nan	nan
5134	nan	nan	nan
5135	nan	nan	nan
5136	nan	nan	nan
5137	nan	nan	nan
5138	nan	nan	nan
5139	nan	nan	nan
5140	nan	nan	nan
5141	nan	nan	nan
5142	nan	nan	nan
5143	nan	nan	nan
5144	nan	nan	nan
5145	nan	nan	nan
5146	nan	nan	nan
5147	nan	nan	nan
5148	nan	nan	nan
5149	nan	nan	nan
5150	0.5709004998814581	0.4463497374127012	1.642460602413135
5151	0.6199664435192501	0.4371802791788498	1.5168835797333928
5152	0.6170341630078245	0.42135514015922604	1.3001560707688138
5153	0.5044935054626818	0.4225245011439425	1.3161706342417605
5154	0.4753813485221335	0.38913397453749615	0.858882666947639
5155	0.47889934701836195	0.23617527035258656	-1.2359083419236114
5156	0.44852487219356374	0.20866271311435355	-1.6126966903920605
5157	0.49825801936828623	0.354627046410108	0.38630542350005415
5158	0.5892882435719561	0.35660749093930494	0.4134278904131812
5159	0.5909341567770531	0.2916819826915879	-0.4757360943921485
5160	0.5977481284821148	0.3587314513336203	0.44251582732347144
5161	0.6515199610311418	0.4427405142310155	1.5930317823254272
5162	0.6658020454752183	0.24908661159515588	-1.0590857041304291
5163	0.4776455004377216	0.3278616408260734	0.01974942222504098
5164	0.5360176403360106	0.38244892665801244	0.7673299941759913
5165	0.6411956972811835	0.32514102927613164	-0.01750973634209531
5166	0.701939221304706	0.3024358652109988	-0.32846015784337307
5167	0.5319980983477034	0.31232573483294607	-0.19301699968272787
5168	0.48404969135956855	0.28984036089799686	-0.5009573643781455
5169	0.3909152983506209	0.2357844051476893	-1.2412612959857063
5170	0.3187659059925571	0.18781846181084716	-1.8981616493815983
5171	0.3466725971697686	0.23682000486363014	-1.2270786119383836
5172	0.5594969414465243	0.3119296414917823	-0.19844155380774547
5173	0.6598703693550474	0.25766988365709853	-0.9415365836807862
5174	0.7973821526105689	0.3970970821822755	0.9679385483101816
5175	0.7113787578080002	0.4409469953790576	1.5684692889038
5176	0.7741402937633491	0.25378472434877725	-0.9947443879079012
5177	0.7963269927284636	0.09957552092544932	-3.106661160070611
5178	0.8573696528790872	0.457045466816581	1.7889401238497302
5179	0.7625488310898225	0.4192792618614724	1.2717266249467023
5180	0.8015779217633974	0.32613883221792583	-0.0038446844430614726
5181	0.7659768091512086	0.24520752709532612	-1.1122103129991863
5182	0.7146361332371469	0.20848528401510028	-1.61512660690978
5183	0.7180310100194652	0.29274797867277247	-0.4611371292088476
5184	0.6679488805467818	0.26381792440394064	-0.8573382992661257
5185	0.6365140498441928	0.2417693275768805	-1.1592969399180348
5186	0.6728487619360354	0.33443029521408907	0.10970806972877324
5187	0.6443612704191775	0.34238658543697553	0.2186705855377761
5188	0.6207988409642734	0.32428988899641376	-0.029166222416178392
5189	0.42416322883316776	0.32120413552719995	-0.07142605102382728
5190	0.25830452419364275	0.25965995682451504	-0.914282251210367
5191	0.2280316144361686	0.28609783503150465	-0.5522117835193964
5192	0.261416255555486	0.2767146855865143	-0.6807153374492174
5193	0.2976004930890539	0.30936347193899527	-0.23358560745976248
5194	0.2859621029951675	0.2604817467688869	-0.9030277221149194
5195	0.30283072889594986	0.25493752840081657	-0.9789565739611839
5196	nan	nan	nan
5197	0.29893423386302004	0.17763488322596593	-2.0376271931793184
5198	0.38870752688787236	0.32318656682215097	-0.04427637507372155
5199	0.4928086677467122	0.2757978297348293	-0.6932718075420793
5200	0.45738453115971095	0.2647895039605497	-0.8440323803226222
5201	0.47914688083918816	0.4005825646688238	1.0156727221403485
5202	0.5016447188001154	0.32682368748190105	0.005534504907412657
5203	0.4338916512040374	0.3142526726018616	-0.1666273153918683
5204	0.4318114287804678	0.42293257185844557	1.3217592201825206
5205	0.4400142528504212	0.3598846556507057	0.45830912295640086
5206	0.4963491810119622	0.3247165601408416	-0.023322900966411292
5207	0.5691194766670467	0.42575004179508924	1.3603448680048984
5208	0.595589478684487	0.5029099495737739	2.417060678467875
5209	0.5411221402312046	0.3980182571839105	0.9805541697702662
5210	0.711136361034008	0.5419730273720931	2.9520350337149965
5211	0.526435924635837	0.34482824034189713	0.25210939354057527
5212	0.49370638532334393	0.254868679038966	-0.979899475674033
5213	0.4565251564568535	0.36696084715500055	0.5552185627900992
5214	0.41591081288932497	0.3798621853874644	0.7319042079502552
5215	0.5268486497673525	0.3769715096634598	0.6923159965537533
5216	0.5571642127083933	0.354211112107235	0.38060914460842454
5217	0.4999496025361355	0.3598430986883778	0.45773999450108127
5218	0.4396852648223576	0.38490542930278665	0.800972144068427
5219	0.5188485958593176	0.3469724251884798	0.2814743071747124
5220	0.5787494183359714	0.3439750090957815	0.24042427138701442
5221	0.5202881066997879	0.27375358318613213	-0.7212680521032919
5222	0.45148109598713515	0.2655285704714837	-0.8339107603055563
5223	0.3879206548865359	0.33962906293196016	0.18090592623938606
5224	0.31213786845646413	0.3003392634048713	-0.3571734150330371
5225	0.24606771370211059	0.3077855930025261	-0.25519488185062783
5226	0.2782054761126804	0.34414513328594143	0.24275414614528723
5227	0.25463503726264364	0.37605901208194564	0.6798192135850516
5228	0.23797022293578257	0.36600263731389093	0.5420957439844309
5229	0.2225865043710129	0.36725424072386653	0.5592366290609675
5230	0.2664467002201833	0.4030645200887165	1.0496634513748568
5231	0.22869357523932818	0.3492908311867319	0.313225204032341
5232	nan	nan	nan
5233	nan	nan	nan
