ID	SN	ssim	z_ssim
5057	nan	nan	nan
5058	nan	nan	nan
5059	nan	nan	nan
5060	nan	nan	nan
5061	nan	nan	nan
5062	nan	nan	nan
5063	0.23844150230603056	0.17841776051915892	-2.0451383877409404
5064	0.4916127332300454	0.2883726731333384	-0.8088990557216474
5065	0.6189031078733798	0.3105031593885813	-0.5600827282380174
5066	0.5581816950066044	0.2916168768565781	-0.7724239938221836
5067	0.4146002772719929	0.3444298982135304	-0.17863938982423716
5068	0.3905623547412878	0.297417643713208	-0.7072051147967182
5069	0.4121071174376918	0.3420145588673839	-0.2057954070397429
5070	0.347218264508631	0.42297240741438624	0.7044256483909243
5071	0.5798549305308178	0.4060147500520135	0.5137682006074742
5072	0.6541862234730196	0.29771302249014137	-0.7038841275556108
5073	0.6041080498441331	0.28482514990939717	-0.8487843835930509
5074	0.48209993248996896	0.34522843150153093	-0.16966136205737586
5075	0.4710244491307389	0.36840640816542153	0.09093205489225288
5076	0.5300618748017611	0.3648816518865891	0.05130269914928197
5077	0.4667367082447887	0.4194476749199739	0.6647965600597034
5078	0.4128734999818338	0.3704286496105246	0.11366841431302811
5079	0.5601699895446489	0.29881572972939435	-0.6914862271029923
5080	0.6691313781454723	0.2893524895146376	-0.7978828353462183
5081	0.5769016861349797	0.2568856957400059	-1.1629117958038058
5082	0.7420650704603128	0.42199197992369675	0.693402557222308
5083	0.787247890805708	0.45167465004457985	1.0271292039938638
5084	nan	nan	nan
5085	nan	nan	nan
5086	nan	nan	nan
5087	nan	nan	nan
5088	nan	nan	nan
5089	nan	nan	nan
5090	nan	nan	nan
5091	nan	nan	nan
5092	nan	nan	nan
5093	nan	nan	nan
5094	nan	nan	nan
5095	0.40467642302910206	0.4359043831378497	0.8498217625796641
5096	0.3482417267328322	0.30174778138530367	-0.6585207370273815
5097	nan	nan	nan
5098	nan	nan	nan
5099	nan	nan	nan
5100	nan	nan	nan
5101	0.47444538812937437	0.26445912789345605	-1.0777625788758916
5102	0.4075392674351991	0.35938070940291267	-0.010545210142037326
5103	0.3031117289570542	0.4246972429770029	0.7238182295232871
5104	0.35171243707642946	0.39826971292474656	0.42668960359859115
5105	0.5783809024589786	0.4755946253510401	1.296065021336899
5106	0.643229289707159	0.449991853836378	1.0082092775359006
5107	0.41104465862864	0.3919750833469662	0.35591815301457613
5108	0.39441252604236293	0.2947354115226748	-0.7373618477039645
5109	0.44398264788855235	0.2377574890930971	-1.377973049964196
5110	0.4161035037323551	0.2726863138759899	-0.9852631110337011
5111	nan	nan	nan
5112	nan	nan	nan
5113	nan	nan	nan
5114	nan	nan	nan
5115	nan	nan	nan
5116	nan	nan	nan
5117	nan	nan	nan
5118	nan	nan	nan
5119	nan	nan	nan
5120	nan	nan	nan
5121	nan	nan	nan
5122	nan	nan	nan
5123	nan	nan	nan
5124	nan	nan	nan
5125	nan	nan	nan
5126	nan	nan	nan
5127	nan	nan	nan
5128	nan	nan	nan
5129	nan	nan	nan
5130	nan	nan	nan
5131	nan	nan	nan
5132	nan	nan	nan
5133	nan	nan	nan
5134	nan	nan	nan
5135	nan	nan	nan
5136	nan	nan	nan
5137	nan	nan	nan
5138	nan	nan	nan
5139	nan	nan	nan
5140	nan	nan	nan
5141	nan	nan	nan
5142	nan	nan	nan
5143	nan	nan	nan
5144	nan	nan	nan
5145	nan	nan	nan
5146	nan	nan	nan
5147	nan	nan	nan
5148	nan	nan	nan
5149	nan	nan	nan
5150	0.4245796364946095	0.5286514301191368	1.8925905182534555
5151	0.45517033548815833	0.5350095359183213	1.9640756413754414
5152	0.5251606265819293	0.429072584992946	0.7730108464109466
5153	0.4750240031347619	0.37005140946670534	0.10942704762628117
5154	0.4273805625350292	0.34655819354262135	-0.15471065091279496
5155	0.4024354319811983	0.26334407244518676	-1.090299312067339
5156	0.49446798500428996	0.2718090314753533	-0.9951265267117327
5157	0.5099362286673494	0.3860657527222087	0.28947867550014234
5158	0.47982892770871133	0.3177920393275393	-0.47813277390969905
5159	0.45115109627551797	0.3305773962747711	-0.33438511628993556
5160	0.5753999344784553	0.414122742460759	0.6049275574847441
5161	0.8977812206447908	0.5223607725888832	1.8218637259867863
5162	0.8640585232710226	0.33597451816299223	-0.27370447729626907
5163	0.5108817148588258	0.45819785124094037	1.1004705190646398
5164	0.41541646401573734	0.46364711440793305	1.1617373901611443
5165	0.41758127499699116	0.35831268325841137	-0.022553185921076416
5166	0.535979131451998	0.3320198877803331	-0.31816697111677056
5167	0.6250733068086126	0.3687970543343005	0.09532414749993273
5168	0.6286808802113963	0.2762819003112601	-0.9448374013743872
5169	0.5232078539766356	0.30023046015706717	-0.6755802038311584
5170	0.28241031803055167	0.19242689679913588	-1.8876315982289946
5171	0.3817500992324609	0.18095390699329028	-2.016624118132227
5172	0.6715459189945463	0.27431335002296636	-0.9669701031844999
5173	0.7794886911862456	0.34015918368366027	-0.22665566442378537
5174	0.850490676340675	0.48668238671349534	1.4207263609207692
5175	0.712655275326847	0.5167069099751724	1.7582965130744515
5176	0.7176079138559465	0.1782948145454528	-2.046520687492678
5177	0.7107758362505927	0.1468561664441432	-2.399990054202361
5178	0.7387193419330558	0.4168381677764663	0.6354574856037123
5179	0.8296509052538167	0.36293300793714073	0.029393807248631717
5180	0.6859515822579302	0.4051392680549361	0.5039250271327287
5181	0.5264851886117381	0.32149686919129367	-0.43647882423958495
5182	0.49965632011339955	0.20254766817423428	-1.7738422699779335
5183	0.44561434363481117	0.34992119258352994	-0.11689995570081751
5184	0.39899752968472535	0.40517895296115647	0.50437121039813
5185	0.42886899804046175	0.2807857851652796	-0.8941995583617519
5186	0.5384547961133849	0.29684798497362186	-0.7136098721919245
5187	0.6746633866145123	0.4102234598675912	0.561087347040972
5188	0.7152002390792106	0.42272122099888176	0.7016015224002541
5189	0.47388374073215694	0.3813769188438699	0.2367614232747108
5190	0.26045567002377334	0.2632939408531909	-1.0908629489647597
5191	0.27948744778845314	0.2887061648788364	-0.8051495587425086
5192	0.3007317749213042	0.31860955815515907	-0.46894128891515297
5193	0.27912166820764694	0.3079021548455253	-0.5893262067005891
5194	0.2581004203293841	0.2734794926394114	-0.9763452849779908
5195	0.2949999297972217	0.23032561163715554	-1.4615307465086034
5196	nan	nan	nan
5197	0.3146278374241822	0.206700457119324	-1.7271518501555019
5198	0.5469356164202763	0.34517247314996513	-0.1702905100737391
5199	0.6619239910794076	0.29733338770885404	-0.7081524175052989
5200	0.6038293881211806	0.35248882225089706	-0.08803171589786475
5201	0.4866175579185068	0.5052672072708918	1.6296782449733913
5202	0.5071873315528181	0.3660610698596568	0.0645630697187433
5203	0.6804658767490763	0.30942844622758964	-0.572165887131687
5204	0.7502188300633708	0.5100312482902184	1.6832410621993068
5205	0.5391083002822498	0.4278628029649766	0.7594090882849258
5206	0.5111705285558685	0.3926592363190814	0.3636101859864404
5207	0.5759064303738151	0.5376556421125447	1.9938262043673576
5208	0.5260405039445295	0.6135135426745472	2.84670779091561
5209	0.5347019178182741	0.48904158259304775	1.4472511488442916
5210	0.6971095282162564	0.5876358775782669	2.555761377951802
5211	0.5481246078540369	0.38489394420051337	0.27630385911701
5212	0.48211754915605265	0.2890881730769075	-0.8008545841171691
5213	0.5589433260959583	0.32204810942566864	-0.43028114882041507
5214	0.43089543826923543	0.3323511375852856	-0.31444268060650526
5215	0.555830821030225	0.4513755145776817	1.0237659797323062
5216	0.6921608883750413	0.4498073453040579	1.006134820839749
5217	0.5310373911039575	0.38271598823150943	0.25181677829201327
5218	0.5825230974289516	0.4060507778702813	0.5141732666925688
5219	0.638204102295474	0.39830034023855915	0.4270339510139911
5220	0.6383357818791161	0.3565538937388395	-0.04232751640931392
5221	0.48373002292953826	0.3977214042040207	0.42052488762060686
5222	0.6595191949896945	0.3539294963164587	-0.0718340044712107
5223	0.6844192537343128	0.39356290226663276	0.3737702357814818
5224	0.4144142490381915	0.3004975521028137	-0.6725772496134053
5225	0.25115252694855716	0.3340936584342569	-0.29485126118606747
5226	0.2823525458813713	0.3580977647764257	-0.024969546175400488
5227	0.24174610382636888	0.37154801256858777	0.12625357747366653
5228	0.2306644402264089	0.37374142493139706	0.15091443681841338
5229	0.20183560647613638	0.44034648667586673	0.8997649891262384
5230	0.23529398695929038	0.4789076633225465	1.3333139968621766
5231	0.21857672251752608	0.33763227880961	-0.2550660293570331
5232	nan	nan	nan
5233	nan	nan	nan
