ID	SN	ssim	z_ssim
494	1.0953230578218756	0.470280700654897	-0.014178270007774767
495	1.3070696149686922	0.47824491114029916	0.035967425728826094
496	1.1340700179505545	0.3177940516341072	-0.9742921594769176
497	1.2097392711701938	0.34763842922761923	-0.7863806168330371
498	1.3251406563994275	0.46238585367056456	-0.06388722678246085
499	1.4372614237067767	0.4899969035749039	0.10996243603206873
500	1.3441789224560425	0.5738353152603123	0.63784093586859
501	0.8785734059643449	0.6446020337349617	1.0834150878089353
502	0.5506374474214268	0.5181537089169997	0.28724838247803886
503	0.8886925938777934	0.15174032394272693	-2.0198295319513067
504	1.262958107460199	0.48043457447973803	0.04975437821913901
505	1.8376539724126328	0.4390150752493434	-0.21103852897194564
506	2.0553610726648244	0.2710302668128439	-1.2687347196575123
507	2.1133374362187665	0.44294808168372624	-0.18627482585910707
508	2.423940754928503	0.35445738868056414	-0.7434458568095106
509	2.609873179940954	0.2863112374145795	-1.1725199217489055
510	1.7091141531812526	0.5448734970248511	0.45548632232890984
511	1.4443410845622409	0.569828045019678	0.612609639610222
512	1.2762974872579063	0.5795618871539211	0.6738976086947325
513	0.8772224508236849	0.7189961832825689	1.551828924263325
514	0.9558277878824005	0.7745269517064022	1.9014717447921428
515	1.0881673313574174	0.7536635493378503	1.7701078350711086
516	1.2286684024190615	0.710665470008836	1.4993755876947876
517	1.5387437630851002	0.7140375661832601	1.520607586656539
518	1.5106449141181033	0.563879223883497	0.5751536010947694
519	1.4517217947142773	0.5804701625823364	0.6796164559504433
520	1.1604269124042197	0.522105843526046	0.31213252384755463
521	1.25280718675177	0.304656036943468	-1.0570140926135856
522	1.5876018389706088	0.34658415585327135	-0.7930187226377682
523	1.4740359553221554	0.4350301862170014	-0.23612890463770764
524	1.489145672093907	0.5441244732240552	0.4507701838387195
525	1.4044788273997346	0.505353303917149	0.20665216825136695
526	1.4564242073528826	0.34723614768470823	-0.7889135343002789
527	1.3055900353819814	0.34682199544130976	-0.7915211942088356
528	1.2479185869196223	0.34856265309891626	-0.7805613521202933
529	1.3510995135380017	0.5580429797213808	0.5384063899889832
530	1.2240880362905022	0.6691408047493119	1.2379205152196215
531	1.3560402695749647	0.7051217203227897	1.4644700329626648
532	1.4732095659963096	0.6131205514522489	0.8851957119172899
533	1.495897255672855	0.6056377106021542	0.838080902332331
534	1.7742193859366069	0.5656279962108748	0.5861645362278891
535	1.2669802354172501	0.46799666982270083	-0.028559396093563096
536	1.2986764743527852	0.3208151237274083	-0.9552703415243797
537	1.5790704801771904	0.21714512778948658	-1.6080160321168575
538	2.2112775087970062	0.30308229806813847	-1.0669229506172486
539	2.5527371676201893	0.44352587594220616	-0.1826368136371553
540	2.3480708972959086	0.6252057318460089	0.9612886002278411
541	2.0130804742134263	0.5411246204112891	0.4318819705400773
542	2.0518549060060365	0.5479369423318666	0.4747749381374562
543	2.021523098001517	0.5072052926760071	0.21831299326089232
544	1.724449584261793	0.4503389777977653	-0.13973893527274517
545	1.4074493810990691	0.5702108952282136	0.6150202100120349
546	1.520734235297877	0.592683326294891	0.7565151758717226
547	1.426400076894261	0.7490204457510563	1.7408730904390253
548	1.1464934819225767	0.7699518524708742	1.8726651813983126
549	1.26055131340713	0.7544676479985037	1.7751707458082424
550	1.4405240533446633	0.5717548780678994	0.6247417127075414
551	1.3064669266587092	0.6566515215656286	1.1592832421785375
552	1.257645605203593	0.6774358218910521	1.2901490953760624
553	1.40034579341766	0.6332400268625236	1.0118755748055088
554	1.5366671457188505	0.6434262720136017	1.0760120452040054
555	1.7987787589946125	0.5900467724645495	0.7399144310255376
556	1.9327676071538742	0.4666779555273821	-0.036862522428278394
557	1.9239445969262778	0.5743709064319843	0.6412132214181875
558	2.2231437086022865	0.636155555469964	1.0302328508629464
559	1.6897558352787008	0.6450618230028048	1.0863100957661551
560	1.227285807451049	0.5367335602125751	0.40423418685964774
561	0.7665988157911992	0.5643935088812697	0.5783917348768285
562	0.7622677473955314	0.45455397297621924	-0.1131997238672448
563	1.046899822702558	0.11327768570585683	-2.2620049186752365
564	1.2439277710222179	0.23982382091192841	-1.4652223619713742
565	2.4178843054100834	0.49750571376044656	0.15724075842174876
566	2.826921890453252	0.6593653501863945	1.1763705384708252
567	2.969226412251238	0.6368465810490719	1.034583810509187
568	2.78888756751802	0.6050099092521074	0.8341280264584227
569	2.306670872817195	0.5700238340412412	0.6138424016927753
570	2.112266987664641	0.6241729132947457	0.9547855821424083
571	1.7405370426324196	0.6269201826358394	0.972083433917859
572	1.1900764207970824	0.5636796393181455	0.573896940826161
573	1.0502974922807695	0.4489054026543734	-0.14876526915578991
574	1.2868637995188583	0.42608788728241453	-0.2924330169387879
575	1.5242851551196146	0.5377472023419912	0.41061646290580056
576	2.22437279187051	0.5963249513012143	0.7794442307841466
577	2.2100366097524766	0.7345984033211096	1.6500664307057047
578	1.545488781148224	0.7357464836390245	1.6572951806751919
579	1.3933560932590763	0.7324410341000063	1.636482814256686
580	1.4924238807474053	0.6874573813708337	1.3532486422050285
581	1.269742001593525	0.541021166657286	0.4312305863908816
582	1.409360199115821	0.5448463481191617	0.4553153825016941
583	1.6172716875817275	0.5931371765288652	0.7593727894147817
584	1.6110061502232296	0.6285365927953934	0.9822609665427335
585	1.3412373401189381	0.702465801214242	1.447747356965794
586	1.3560447485014615	0.7117826192713912	1.5064095839854612
587	1.6213102682257943	0.6864758003267929	1.3470682349360965
588	2.013589698953973	0.6787362030655015	1.2983367894149211
589	1.7609936487768563	0.660013694193059	1.1804527587173186
590	1.4790976559363955	0.5695402582880831	0.6107976249847872
591	0.9544466969095649	0.531050856588934	0.3684537253318285
592	0.9901059907681828	0.4379427581787654	-0.21779024474501943
593	1.1297655310836832	0.35362433543750477	-0.7486910766006516
594	0.9921352351106207	0.37240353300692797	-0.630450112324296
595	0.6662346540136883	0.3401249472528838	-0.8336883545828254
596	0.44980064182117346	0.27596357170203173	-1.2376727573446709
597	0.696755572279469	0.25943886171826747	-1.3417186110423174
598	1.018664140430935	0.3334223488062334	-0.8758904614917783
599	1.222916620237854	0.28822587424507046	-1.160464640673164
600	1.3266164468346369	0.5583950370020099	0.5406230764149179
601	1.670300879054372	0.5536059377415824	0.5104690875410729
602	1.7148270625402124	0.6026943273820488	0.8195482430483804
603	1.990378167466518	0.6406651985027516	1.058627277129975
604	1.9542672346576637	0.6177031551098677	0.9140495260043979
605	1.2403855518505151	0.5332496471448456	0.38229814624553377
606	1.3751060210677175	0.5899906693484377	0.7395611844864645
607	1.9018219689356204	0.474544597704729	0.012668846163373085
608	2.0920447590240703	0.38300050622223414	-0.5637275419505396
609	1.9480048856460304	0.2827702077123836	-1.194815590398805
610	1.7039704002678513	0.07227844838056172	-2.520151697205931
611	1.1296656006747647	0.32864139703532835	-0.9059931506754207
612	1.4025129962014282	0.576507829137881	0.6546680988374801
613	2.2792677941235233	0.5709373742663113	0.6195943981089268
614	2.231676075651622	0.6453919867720284	1.0883889323244156
615	1.9177947847692147	0.6606343396336517	1.18436057826595
616	1.7148760125900795	0.6524572376837687	1.1328744369669996
617	1.3565824457842808	0.649761562746175	1.115901443162639
618	1.4280875696057551	0.5446559888282271	0.4541168080665587
619	1.3765895039479694	0.61016839271719	0.8666077986563643
620	1.5950039682485901	0.6919259152070306	1.3813842293482057
621	1.4246999639813622	0.6228467026020373	0.9464352556409835
622	1.929846208435938	0.6444419663391441	1.0824072426568347
623	2.3356843533993383	0.6339526606420647	1.0163625878931204
624	2.046186256373405	0.49798519404396646	0.16025974849655394
625	1.6044874821739363	0.34874995564406974	-0.7793820241182053
626	1.47929542698607	0.569050516209553	0.6077140227489609
627	1.5441974299525787	0.593554552670953	0.7620007482146168
628	1.6884286315214052	0.5657212327586034	0.5867515889636877
629	2.103711966490036	0.5594645828699121	0.5473573436428457
630	1.804880705841431	0.5954173157685247	0.7737294125550951
631	2.1926681975202724	0.6242391354211136	0.9552025418154313
632	2.1658361667835853	0.5791580772381325	0.6713550680110485
633	1.6514737630903213	0.6476060853301846	1.102329738237526
634	2.224276368466417	0.5886175689908506	0.7309156228361807
635	1.8372455777480718	0.4627066019689317	-0.06186767360673395
636	1.555084250517389	0.6439468882843701	1.0792900430868246
637	1.7727102592685458	0.6983303302114918	1.421708859990915
638	2.236731020791678	0.5772987643536123	0.6596481275230756
639	1.8976482295943038	0.6462818355523862	1.093991758401551
640	1.366164942977689	0.63299288239449	1.0103194593161318
641	1.429302227832735	0.7010042765035048	1.4385450419854853
642	1.7249239470533495	0.629111171052193	0.9858787295959769
643	1.6409845496396795	0.5707654467763137	0.6185118772968538
644	1.3931531581570298	0.4629254545934042	-0.06048969431574605
645	1.2709285086399928	0.26430112608855777	-1.311103946832927
646	0.9662339092104314	0.14279770561562977	-2.076135655269006
647	0.8165329970637848	0.23267945565335169	-1.5102060006062892
648	0.7805561066474586	0.4159061464796102	-0.35654112624883205
649	0.928918560791895	0.33914824524406023	-0.8398380415919225
650	1.1063953560114965	0.29783395893135983	-1.0999684882707035
651	1.4732943144579536	0.4017105033391067	-0.44592229002066225
652	1.8232603006825079	0.2451814416565503	-1.4314887457862737
653	1.7373500490392886	0.21599009277591616	-1.6152885714930816
654	1.450538138041685	0.2143401115176635	-1.6256774805128882
655	0.7066686044977175	0.2997828925698427	-1.087697261458539
656	0.6135451287219905	0.35950442771956087	-0.7116677810687742
657	0.735779744690269	0.3256794818459372	-0.9246424942804229
658	0.7477793586484437	0.3241354349765587	-0.9343644001312067
659	1.0369391250292619	0.2777554933185219	-1.226390137889917
660	1.2699670806869643	0.39154130099219336	-0.5099514524476136
661	1.6025759572166447	0.5125584838685945	0.2520187193030869
662	1.7039892045371783	0.6755180465275569	1.278074052903836
663	1.541290190036723	0.73866651357734	1.6756807988223927
664	1.2724892674184196	0.6492061026446267	1.1124040552800467
665	1.1992814538269432	0.40762742633120086	-0.4086670943421579
666	0.9302483021167658	0.39978504724573233	-0.4580456932870011
667	0.6510026820012744	0.43503227250259635	-0.23611576859078173
668	1.012671597641389	0.23994992502322474	-1.464428362565182
669	nan	nan	nan
670	nan	nan	nan
671	nan	nan	nan
672	nan	nan	nan
673	nan	nan	nan
674	nan	nan	nan
675	nan	nan	nan
676	nan	nan	nan
677	nan	nan	nan
678	nan	nan	nan
679	nan	nan	nan
680	nan	nan	nan
681	nan	nan	nan
682	nan	nan	nan
683	1.7273157230440794	0.4308215132029036	-0.2626283092939036
684	0.9487861209803634	0.5335298685763079	0.38406252686640524
685	0.7636413003203009	0.6512306584904243	1.1251514282470474
686	0.8430556090743169	0.12352548073552785	-2.1974809068512338
687	0.895668397387237	0.560912793226142	0.5564758263875206
688	0.9455320500424292	0.46712229887193313	-0.03406476787378992
689	0.9304952198245836	0.563870320474676	0.5750975418494024
690	1.4717035681819826	0.3356588545609124	-0.8618085713542869
691	1.5255506259056963	0.46305429588108304	-0.05967846060688077
692	1.61430109935227	0.48295850625000375	0.06564601177700002
693	1.4695174330760807	0.5261316789501672	0.3374807135562067
694	1.2285502256402507	0.4672201288367964	-0.03344879323814349
695	1.3009457355428276	0.5354632883964556	0.3962360727828459
696	1.3365939478126683	0.5432695000747092	0.4453869479877017
697	1.7349227849246105	0.6011126411059586	0.809589345189396
698	1.8304050409263428	0.5815698837006822	0.6865407180222156
699	1.4171957907378663	0.5628911293267135	0.5689321822743758
700	1.4132805512353	0.5821816485413087	0.6903926219386977
701	1.4845707407438635	0.45546369125881225	-0.10747179185332482
702	1.6814385902261808	0.542855720298663	0.4427816332751382
703	1.6166202796911113	0.4559436988326415	-0.10444948175835363
704	1.5620239379324925	0.40920171993666643	-0.3987547435467524
705	1.6769728521113303	0.43440079631493	-0.24009178263883668
706	1.158539840765695	0.7187134993344764	1.5500490387019563
707	1.4014408803268201	0.5246539828710715	0.32817657749534734
708	1.7493468546985165	0.39113578364632307	-0.5125047437599413
709	1.597824274821808	0.4000152626384433	-0.45659616968915984
710	nan	nan	nan
711	nan	nan	nan
712	nan	nan	nan
713	nan	nan	nan
714	nan	nan	nan
715	0.9870429819425511	0.5587878984621716	0.5430966814613962
716	1.2046997768539596	0.535921271511114	0.39911970851324946
717	1.0803565080790223	0.5729071213114986	0.6319966740391117
718	1.2350469853283552	0.6371753352940435	1.036653772167116
719	1.8418829108478412	0.5680182774554589	0.6012146552868362
720	1.711895382630972	0.4655151287942709	-0.044184121431702396
721	1.9176433352397637	0.2030074020091237	-1.6970325261797687
722	1.645342263321121	0.08756637228746911	-2.423893118645601
723	1.0622798381826755	0.24774094737914348	-1.4153731251059187
724	0.616635616557403	0.39606588339722837	-0.4814629622157276
725	0.625829092499807	0.3724409566896446	-0.6302144785963463
726	0.8044557125776073	0.3481629316470051	-0.7830781502817267
727	1.2625409778947796	0.45488760070386397	-0.11109907691040823
728	1.3242749071860067	0.5791222287845631	0.6711293525244206
729	1.3834137941013924	0.5768436144360063	0.6567823306779716
730	1.7342613389933148	0.5925703249845811	0.7558036766798035
731	1.748497588987078	0.5865450627976413	0.7178663362600177
732	1.7478985908757891	0.5294438209535208	0.3583352182734058
733	1.8172364347366499	0.5170424012241155	0.2802511669298986
734	1.980699111825895	0.5112623445347488	0.243857733504633
735	2.2146535761066297	0.5451306592425474	0.45710551337706046
736	2.2810996962452856	0.4487167712895214	-0.1499529639116712
737	1.8075290473819092	0.43243333764037006	-0.2524796501179365
738	1.4417418446578198	0.2362644150370333	-1.4876337339878118
739	0.8849150039457387	0.06480124586263875	-2.567231005708885
740	0.7003447374562259	0.07027257897083072	-2.532781413270328
741	0.9437071847868412	0.08090776633559028	-2.4658182320896582
742	1.217955565270785	0.33667115623387467	-0.8554347353313612
743	1.3519564019393868	0.3631789384117492	-0.688531665381086
744	1.1675102923260623	0.2079197793372346	-1.6661023317442576
745	1.619968021042162	0.49036412407605356	0.1122745958566548
746	2.241666121246567	0.5747688670355495	0.6437189326092859
747	2.1672586607156954	0.5292941997572143	0.3573931463631408
748	2.2116519793088205	0.4170386184827706	-0.34941065216043526
749	1.89528948708308	0.45883250137459886	-0.08626048316550726
750	1.6602040693323852	0.5756064570680977	0.6489927177510968
751	1.1275553312786597	0.5419678181225145	0.4371910637578432
752	1.1195657555757994	0.31785456998698747	-0.9739111129292933
753	1.2932926812995398	0.15820036459637363	-1.9791546610827373
754	1.0831748342349024	0.16544247333386378	-1.933555592360582
755	1.0812291474959765	0.25670058166160015	-1.3589598628669555
756	1.1235572532429918	0.19427224630087878	-1.7520323860102396
757	0.9718696729734972	0.37922124715002226	-0.5875231932448257
758	1.0165956034846568	0.5234781900571454	0.3207733391198057
759	1.2159995824423662	0.6284223088635608	0.9815413914782916
760	1.3801244470361091	0.5917537358230095	0.7506621210023099
761	1.7666093376709886	0.6053119187386284	0.8360295929537344
762	1.9305490402862302	0.7006816554277039	1.4365136970913515
763	2.0150107603620215	0.6560870512518063	1.1557291225754514
764	2.373001982963184	0.5928045847478877	0.7572786651718371
765	2.22830637889356	0.43881301841979553	-0.2123107555554321
766	1.925684151421852	0.5188751136652071	0.291790620917474
767	1.5959076172801079	0.5569159109856288	0.5313099369255122
768	1.6431083304641891	0.6473312154011894	1.1005990527098395
769	1.6633504805501746	0.6638969551190159	1.2049032452050619
770	1.4367897116887656	0.4659770172175827	-0.04127589639394059
771	0.9461217233751661	0.45868026186183414	-0.08721904099119265
772	0.8472121154332257	0.26692817172988803	-1.2945630691580121
773	0.7230523685442651	0.18215848269228024	-1.828305245103468
774	0.6489173749838208	0.2424549963469576	-1.448655481545947
775	0.7049909809679025	0.21658141714960144	-1.6115653685241482
776	0.9859440212642374	0.07291085259600048	-2.5161698399423558
777	1.289217890778322	0.1712757877022182	-1.8968268283496854
778	1.3068426135625868	0.35230885511713134	-0.756973840600152
779	1.7042110729721776	0.41664591612395036	-0.3518832554444066
780	2.2253713283544747	0.34549965331673727	-0.7998471627351628
781	1.9035109180539989	0.44362028556028066	-0.18204237480467467
782	1.5745399839424536	0.39356005596185467	-0.4972406040011872
783	1.1504043051778745	0.3514488057987933	-0.7623890379401647
784	1.1489727924793791	0.36880351498391734	-0.6531171938584998
785	1.7995147996006204	0.17940685117781496	-1.845630562780158
786	1.7386583233312738	0.3599639222023988	-0.7087746291899694
787	1.5694926703420036	0.4326312609137889	-0.2512334499746524
788	2.392568397865195	0.4599587706125727	-0.07916906404386952
789	2.31418755898367	0.5158457186656156	0.27271639878410114
790	2.4572815219101414	0.49916298979047197	0.16767559809676016
791	1.8394324623146998	0.5657446938049275	0.586899308626897
792	1.5732864503625752	0.6279888210704657	0.9788119876010437
793	1.1656286726036917	0.7703170865357041	1.8749648338649536
794	1.2933089952890635	0.6124017021880801	0.8806695637764844
795	1.8954670919799492	0.5474446203605192	0.4716750919160534
796	2.272474638915377	0.6187291449397508	0.9205095478650039
797	2.2504753116940948	0.6162331103511736	0.9047935655644046
798	1.9210038274824404	0.5336427427955501	0.3847732258446657
799	1.4671826520044184	0.4697554353979577	-0.01748553967421122
800	1.3263756296068652	0.0886863030041912	-2.416841609262498
801	1.485555984200509	0.22748262752440013	-1.5429272053795022
802	1.5028032490945618	0.3020905408390573	-1.0731674310142993
803	1.5277747022080723	0.3076688600981333	-1.03804421311342
804	1.6963605450889139	0.5808956741158716	0.682295638266403
805	1.6441598185549209	0.5662223309546753	0.5899066936310543
806	2.222139691014516	0.49359059014412976	0.13258965232719538
807	2.325728086031061	0.4003129757512073	-0.4547216547957095
808	2.1022424760372878	0.6033344044437379	0.823578411467745
809	1.9728944178136183	0.6552583015931601	1.1505109997872027
810	2.437760622319467	0.663616298224539	1.2031361227435682
811	2.59504675875406	0.6526954722631177	1.1343744524113266
812	2.51712859072755	0.6620646956816042	1.1933666435008032
813	1.8531665246130737	0.6507292424735628	1.121994322459213
814	1.30677888244135	0.4995585340184896	0.17016609486915169
815	1.399672030801151	0.30173729053908177	-1.075391629143405
816	1.2363551868149598	0.3297973587252172	-0.898714776592945
817	1.0657204664572615	0.2607259103688043	-1.333614863640573
818	1.2123667371100018	0.19694904182259004	-1.7351782641827382
819	0.9950947520618572	0.4909600813810945	0.11602696952198711
820	0.9533885863432423	0.6103020255056164	0.8674492014747787
821	1.1717824764601505	0.24955233012686315	-1.4039679709734194
822	1.5112390279619168	0.3132870914594828	-1.0026696934494241
823	1.415103320106528	0.3532422685208815	-0.7510967150989221
824	1.81983781267322	0.355249762368267	-0.7384567709577409
825	1.8857866890075448	0.38371587293012577	-0.5592233213074792
826	1.7518788173247424	0.43489769345305546	-0.23696312942876666
827	1.6877330463012499	0.6030418516389593	0.821736387834366
828	2.5404423847353486	0.40562293724339504	-0.4212881193751712
829	2.92454623461349	0.33798985010164356	-0.8471317376162623
830	2.9338508541759096	0.4589711171260048	-0.08538770571857217
831	2.7907408309734647	0.5033029222834999	0.1937421863098623
832	1.9121453679272054	0.6870618587205066	1.3507582812939767
833	2.457629353803023	0.64714628347026	1.0994346509957758
834	2.3896310213887726	0.6253655850766618	0.9622950969146787
835	2.577882468112971	0.6116701322217739	0.8760633212609624
836	1.996890275085218	0.6579744587755355	1.1676129575882719
837	1.4891415303742883	0.7554632288416391	1.7814393011324092
838	1.6021772223553716	0.5822929542156762	0.6910934447623559
839	1.6286185860575757	0.5953777373746505	0.7734802119468742
840	1.8175711879552217	0.6171639318293058	0.9106543713169735
841	1.6887309465975155	0.6046346221996031	0.831765076561096
842	1.6452423557881417	0.5996506035013442	0.8003838008343287
843	1.6404155685550301	0.5898542921493637	0.7387025018156951
844	1.5799314144005376	0.6571505667498154	1.1624254203029003
845	2.3149116056934	0.6191716895316663	0.923295976789346
846	2.5924278952623365	0.6420263912433768	1.0671978638987918
847	2.647536223883482	0.6141032716467822	0.8913832917106177
848	2.8019121930885715	0.5644321544317316	0.5786350619484303
849	2.6327046749326324	0.3314775449924465	-0.8881356853582608
850	2.524402562815534	0.3259760777222414	-0.9227750139322901
851	2.024455469620994	0.3530613011827829	-0.7522361542299179
852	1.4071671010985574	0.33062381380874584	-0.8935111013216099
853	1.5795965601425834	0.29602597773201156	-1.1113522249620167
854	1.7333628964085972	0.37911667560964873	-0.5881816154017853
855	1.8156119238300379	0.255237639093092	-1.368171105218598
856	2.053845538825336	0.2469326312326064	-1.4204625907368844
857	2.46899919787492	0.3386828195044343	-0.8427685389174319
858	2.5145931098104906	0.3133312057883021	-1.0023919328710653
859	2.240978762215584	0.40789959555106353	-0.40695341350548014
860	1.9629513560995182	0.4600384811438867	-0.07866717624750837
861	1.1591723173028299	0.27996326783942405	-1.2124891505185882
862	1.1736107789655816	0.034553532524574396	-2.7576821034741537
863	1.3408605170229182	0.1665686205800004	-1.9264649413459103
864	1.5993222459805339	0.3172813417059517	-0.9775203760221163
865	1.7674595254605014	0.44183547918120913	-0.193280194020743
866	1.830248620473338	0.40331281706704236	-0.43583351388611435
867	1.8988682961858094	0.3547748091381659	-0.7414472569838725
868	1.5248513502150631	0.12627209378632334	-2.1801871873289005
869	1.285084585162584	0.22116795635536954	-1.5826867747303248
870	1.5008316911993853	0.4083188264505719	-0.40431377644808947
871	2.33921583797217	0.5555460080772004	0.5226845076302112
872	1.9366985122371592	0.508620996813736	0.2272268045010297
873	1.3188796083978167	0.4409845756522317	-0.19863780599540287
874	1.435917294550961	0.5119381163282728	0.24811264952016804
875	1.6944907357003904	0.4862808974012064	0.08656504902388797
876	1.0075718465348193	0.34950574883333474	-0.7746232629857434
877	0.8332958658703632	0.29924475771281994	-1.0910855630177436
878	0.8490542033053238	0.18978152243060228	-1.7803076900405304
879	0.7878190978103283	0.06563857563077043	-2.561958859290745
880	0.654090060367502	0.08428182565938239	-2.4445738723934594
881	0.666138335002008	0.2335746754294017	-1.504569356699216
882	0.7225110108783168	0.42222613741148834	-0.3167480616495311
883	1.0127977871072136	0.5318116920337432	0.3732442344213302
884	1.134219126414263	0.4238871692715311	-0.3062895738414584
885	1.4146512094233372	0.34850554471528894	-0.780920928205661
886	1.2340900443988374	0.3132214043388194	-1.0030832845232207
887	1.4634411918541141	0.279964963079518	-1.2124784766427397
888	1.7764082148187874	0.35818582685994116	-0.7199701931692213
889	1.4684399516296451	0.4758529889715605	0.020906974787825633
890	1.3392862581207303	0.6081605111994872	0.8539654135955449
891	1.3167666761149612	0.4704518720001193	-0.013100510170553819
892	1.639223261290573	0.6225225226182008	0.9443940952694492
893	1.3284892519484228	0.6824470758318908	1.3217018545399168
894	0.8167064914943274	0.5613631716674964	0.5593115802049115
895	0.8168877522123706	0.5329511913090798	0.38041895488581795
896	1.0959972981390356	0.5103487913278805	0.2381056553501461
897	1.2212007181788034	0.5631142553033245	0.5703370682143665
898	1.224806281016149	0.48177902437477066	0.05821954566957048
899	1.5266825623077773	0.6237841291707051	0.9523376495535985
900	1.7131796883344066	0.47552622683591406	0.01884955620723925
901	1.0511168449052608	0.5203286990378408	0.3009429468080151
902	0.9630783414254998	0.6479533142209514	1.1045160232860267
903	1.259089465056645	0.4214703719887324	-0.3215066479535005
904	1.3400808089655987	0.3231067571356604	-0.9408413467306493
905	1.2325845003564575	0.5114441166828645	0.24500224002533624
906	0.9602936623676374	0.4927004902938231	0.12698524541825157
907	1.0664984779089972	0.60358565337492	0.8251603702168636
908	1.6500888729342007	0.5649273296133073	0.5817528730656937
909	1.458606937518191	0.6713625923126394	1.2519097340312282
910	0.9152480321818834	0.5506912638984713	0.4921171934046767
911	0.9299533594753615	0.1991930997266746	-1.7210488228426586
912	0.8029744926716689	0.3259909737840325	-0.9226812226665244
913	0.909948475894536	0.2465396700110991	-1.422936823918705
914	1.1357327080135742	0.077971734661956	-2.484304603243327
915	0.885243843977731	0.08146172596895553	-2.462330291724947
916	0.9415626585902831	0.3118289536908996	-1.0118506829548426
917	1.099356237040142	0.34999693019431055	-0.7715305984806893
918	1.0955054208238377	0.33450105969655014	-0.8690984877998813
919	0.8187559146980717	0.3324665755506579	-0.8819083731171826
920	0.7136069178848481	0.40256007712469727	-0.4405730506156886
921	0.9596593940235633	0.3179055385433348	-0.9735901955297077
922	1.1120013958496826	0.43265578600428833	-0.2510790306849624
923	1.4047053400914797	0.5853167918669667	0.7101326757189492
924	1.980003406953818	0.6447742073553581	1.084499158351532
925	1.7759815405034178	0.5943663143781013	0.7671119084045555
926	1.5212172764221938	0.5663908597282064	0.5909678148326899
927	1.5708648979348947	0.6062514146880977	0.8419450164742714
928	1.794409602743951	0.5613137430490012	0.5590003588392426
929	1.6047380623417151	0.5640211244383614	0.576047060912554
930	1.68795462966388	0.5597926014573086	0.5494226733211214
931	3.055263268749426	0.5738409860860463	0.6378766415424109
932	2.2267848627001987	0.5196147155125915	0.29644743520850086
933	0.8074987724690317	0.3693093189650737	-0.649932459779972
934	0.9197038367486269	0.543686277824483	0.4480111390821295
935	1.1005047298591821	0.41469775589838814	-0.364149612554914
936	1.527237382071309	0.28956658257659995	-1.152023031528399
937	1.4535825882229865	0.37105718651608777	-0.6389272214626671
938	1.4949499105933304	0.3703325495343698	-0.6434898112725828
939	1.1660489524402764	0.40080148126173215	-0.45164583846195816
940	1.3969969281750634	0.1965368900729609	-1.7377733282223056
941	1.2432484809059592	0.2650276468927626	-1.3065294957607532
942	1.1458124204406297	0.22130638989397214	-1.581815144564443
943	1.2534416368336023	0.11469275023417635	-2.2530951346590014
944	0.6899636260539939	0.3803780317665661	-0.5802396377034055
945	0.7761815651585948	0.622472833370737	0.9440812328847509
946	0.8407328935616701	0.4789996492695393	0.04071954380243285
947	0.9936260091638078	0.4168296846775091	-0.35072617879636947
948	0.9133325667623734	0.4217132383950276	-0.319977468766556
949	0.8352419214082019	0.4870631607903906	0.09149047659411773
950	1.439034984383104	0.518020249044912	0.28640806840660304
951	2.198726125792477	0.414936453495926	-0.3626466817721163
952	2.388645123971262	0.5381437465565251	0.4131132559733081
953	1.6964445164975195	0.5552252507007278	0.5206648972952823
954	1.5438522900724623	0.6085085863037839	0.8561570267260039
955	1.7063316875085128	0.6810914029758173	1.313166023061877
956	1.2188996707580906	0.6744145671229196	1.2711261272333667
957	0.9128970443809107	0.6669964207620179	1.2244186587372519
958	0.8869561854000707	0.5456506694038901	0.46037969496460435
959	1.2838212341634943	0.5380295101388497	0.41239398007605643
960	1.6746892322032068	0.4710458837043665	-0.009360386747176356
961	1.3664235203361337	0.3776593713765688	-0.5973573566509188
962	1.3426738367808446	0.36426564364528824	-0.6816893562662901
963	1.327946208670291	0.4060362835175906	-0.4186855341549966
964	1.2098873798596665	0.3862984217898341	-0.5429626122791065
965	1.3342206602202686	0.5842270701475984	0.7032713736630621
966	1.2426986517315948	0.6039129149221425	0.827220933282517
967	1.087689922456767	0.5489634832565672	0.48123842990045723
968	1.2248189693086147	0.44212313700818956	-0.19146899102774678
969	1.087895743821905	0.4704902085257533	-0.012859128836702203
970	1.2135221854803897	0.6161588277920885	0.9043258543439086
971	1.1367827595435478	0.5586657273242562	0.5423274455502
972	0.9865515739166439	0.5037190173726449	0.19636207911354983
973	1.2835062314643804	0.4027517097372789	-0.43936645886358167
974	0.9141514799073684	0.48437514125943326	0.07456568413911015
