ID	SN	ssim	z_ssim
5057	0.4167300348700397	0.11581240989144549	-2.0229743934974147
5058	0.43312214594202275	0.1399844189616577	-1.802622306427673
5059	0.43171912924566785	0.11874279552772479	-1.9962609916863476
5060	0.93715572295238	0.2274755735104317	-1.0050527519498242
5061	1.0583942900727388	0.27808096179760644	-0.5437339226517134
5062	0.8001553736405191	0.19663603311313266	-1.2861860690471933
5063	0.6410582082898408	0.23030326811246238	-0.9792754818295201
5064	1.4501394458128558	0.27126596977070266	-0.6058594047384497
5065	1.8282572897309723	0.21598244851464896	-1.1098241043193322
5066	1.330817288680696	0.2180972271268729	-1.0905457779071408
5067	0.4275323207478513	0.2710809072782216	-0.6075464348209755
5068	0.3960204367912021	0.20108069595735678	-1.245668512926753
5069	0.418718353637346	0.1837317062335011	-1.4038219408482302
5070	0.40296589131279775	0.2998439528859915	-0.34534244872514247
5071	1.099868194005896	0.39441405690554043	0.5167588244698216
5072	1.4082405399096904	0.3762101232809414	0.3508117260963296
5073	1.2218395892824685	0.3537825198469053	0.1463616445864531
5074	0.6380670349380062	0.49108927006667186	1.3980502771616539
5075	0.6376894629402892	0.4695468153146032	1.2016692129548907
5076	1.1932311195039151	0.4700996882252814	1.206709203606822
5077	1.0993390934559508	0.5810611148676453	2.2182338093547163
5078	0.7184656896311323	0.5433961952317616	1.8748803203264166
5079	0.9290013120266931	0.45021164560994054	1.025409764023919
5080	0.984333425544626	0.37421474694841694	0.33262187112464814
5081	0.5167592415945528	0.29496726088015623	-0.38979838361912594
5082	0.718252035761383	0.36114680366886726	0.21349447186736756
5083	0.9191190749464124	0.36715877702656297	0.26829963402529744
5084	0.6598210741314994	0.31407369873110264	-0.2156240547623402
5085	0.7343987573492695	0.3462315119180398	0.0775266399423369
5086	nan	nan	nan
5087	nan	nan	nan
5088	nan	nan	nan
5089	nan	nan	nan
5090	nan	nan	nan
5091	nan	nan	nan
5092	nan	nan	nan
5093	nan	nan	nan
5094	0.5675231022514099	0.33828768786455105	0.0051107226548420415
5095	0.5547283980324133	0.4299397798770948	0.8406113920700184
5096	0.48849801255115743	0.3939132852610053	0.5121937890729645
5097	0.9386489493620923	0.22953385933452905	-0.9862894139166265
5098	0.6709557889918798	0.39218774868520606	0.49646379390838824
5099	0.9856567559103416	0.5182385399972805	1.645543080687103
5100	1.040266034548951	0.622150291000054	2.592802828026402
5101	1.494156358717205	0.216749680776353	-1.1028300133588886
5102	0.7377834139220976	0.37276623598972813	0.31941724208602146
5103	0.57168691334897	0.4044605735340887	0.6083428918285239
5104	0.7069192407927063	0.39065403086696027	0.4824824189533794
5105	0.8369975444305537	0.28703090311666135	-0.46214623819085565
5106	0.8959877357363182	0.38005703115770617	0.38588014663795345
5107	0.4070965118971898	0.409720138668987	0.6562890989968099
5108	0.3601268970757809	0.4049084603672847	0.6124258291706006
5109	0.5364856566910324	0.20564437421006193	-1.2040660120846687
5110	0.722266551085543	0.1769046495127485	-1.466057404710239
5111	0.984396362850744	0.37813953418041096	0.36840024003732225
5112	nan	nan	nan
5113	nan	nan	nan
5114	nan	nan	nan
5115	0.5504174887446055	0.27244873186430557	-0.5950773429298782
5116	1.2344151948990867	0.38674949219328186	0.44688863594219325
5117	1.3769382428781645	0.48473657033398426	1.3401390526308743
5118	nan	nan	nan
5119	nan	nan	nan
5120	nan	nan	nan
5121	nan	nan	nan
5122	nan	nan	nan
5123	nan	nan	nan
5124	nan	nan	nan
5125	nan	nan	nan
5126	nan	nan	nan
5127	nan	nan	nan
5128	nan	nan	nan
5129	nan	nan	nan
5130	nan	nan	nan
5131	nan	nan	nan
5132	nan	nan	nan
5133	nan	nan	nan
5134	nan	nan	nan
5135	nan	nan	nan
5136	nan	nan	nan
5137	nan	nan	nan
5138	nan	nan	nan
5139	nan	nan	nan
5140	nan	nan	nan
5141	nan	nan	nan
5142	nan	nan	nan
5143	nan	nan	nan
5144	nan	nan	nan
5145	nan	nan	nan
5146	nan	nan	nan
5147	nan	nan	nan
5148	nan	nan	nan
5149	nan	nan	nan
5150	0.5707787464531981	0.6551367539841699	2.893507496078014
5151	0.6490730215984946	0.6506786218633265	2.852867154002721
5152	0.686553080287309	0.39839615754716784	0.5530596625489235
5153	0.6039766192997418	0.3803427113006258	0.3884844074399361
5154	0.9240093869617678	0.35531517779276395	0.1603333577424839
5155	0.9284360089914611	0.272579574168183	-0.5938845842041695
5156	1.0740367391598802	0.20906876044699507	-1.172849299727441
5157	1.1050020450625302	0.3129419483092004	-0.22594109406113547
5158	0.568100398442441	0.29442459868911763	-0.39474529332869374
5159	0.2883875868269628	0.32068498791558686	-0.15535552822856624
5160	0.565151775621835	0.3742111189830454	0.3325887985844584
5161	0.8943550100232245	0.40506569481985577	0.6138591787809979
5162	0.9417366077019038	0.1573705905272868	-1.6441299287560087
5163	0.6928652231012222	0.46829464802107484	1.1902544531933839
5164	0.3625455963240449	0.4844591304989869	1.3376099104937698
5165	0.5234679354474255	0.2964252763830161	-0.3765071111352378
5166	0.719891292046227	0.2217720056699281	-1.057046488744653
5167	0.8010475307680981	0.3163319047376002	-0.19503824391311414
5168	1.2793971517509632	0.3029597162892509	-0.3169391427885336
5169	1.5812300001034543	0.13792413407204163	-1.821403867946472
5170	1.2336705081310664	0.16359650054891078	-1.5873745195060642
5171	1.69200053005094	0.37016096103109924	0.2956675499169969
5172	2.348068099661366	0.3498197931509595	0.11023741943817225
5173	2.186515903553822	0.3945783281944242	0.5182563218952952
5174	0.962263191200365	0.41282610880409354	0.6846031294797137
5175	0.3059273551059581	0.33055393671863836	-0.06539016955191836
5176	0.3289788247411121	0.2830343978487959	-0.4985783888739612
5177	0.3242267982338116	0.28593221157992654	-0.4721619126208194
5178	0.37525396275718537	0.312934553196514	-0.22600850792441177
5179	0.43212690245654917	0.28479454878806915	-0.4825328490969394
5180	0.4453807049678652	0.2443606319765448	-0.8511285223793622
5181	0.41901187445889376	0.24159116372139605	-0.8763750009953024
5182	0.3877816315625152	0.24646470845529167	-0.8319477566391418
5183	0.3489563136458548	0.3281511907028022	-0.08729360743952295
5184	0.30764931856760236	0.3519267867967531	0.1294447780795127
5185	0.3771678771910561	0.21288750858197172	-1.1380375834529854
5186	0.4786437103731987	0.2526728773244706	-0.7753540757733353
5187	1.9538957924231368	0.3595011393632175	0.1984925924905731
5188	3.183075618048507	0.4098106941708722	0.6571146031482475
5189	3.260613486345964	0.46887552272265753	1.1955497082318858
5190	1.4809834324146982	0.40524485347279554	0.6154923894494704
5191	1.3798720414103685	0.36278048376231375	0.2283871031397447
5192	1.113062920021726	0.39882731899982293	0.5569901312857424
5193	0.603687912353925	0.40639708882574455	0.6259961694240831
5194	0.7562730312874966	0.39850290826989054	0.5540328023686143
5195	0.7533558520161643	0.3223966784357165	-0.13975175373748094
5196	0.8123156239468924	0.31781451636700275	-0.18152275308635787
5197	0.7344263373479835	0.3070908285619645	-0.27927991435751104
5198	0.9174594789645956	0.29355701026142955	-0.40265423131573985
5199	0.9420110052098077	0.35658517102894915	0.1719106188358833
5200	0.8784163267204644	0.4796146109642819	1.2934472599163338
5201	0.5043273373541965	0.45069306286428723	1.029798364757873
5202	0.559083569302657	0.22716500515414806	-1.007883893758771
5203	1.7177963937781828	0.33273232038302486	-0.04553201934636814
5204	2.49695260391272	0.40569032099908214	0.6195532723845183
5205	1.7723044245149548	0.3589251192803753	0.19324159216703038
5206	1.4078076421385999	0.4119180025472095	0.6763248308739068
5207	1.0081424922121145	0.54005653359001	1.8444359575624794
5208	0.600015184983045	0.6463521761966503	2.8134272659290085
5209	0.7610600076955711	0.44463021918583995	0.9745294686457255
5210	0.9979570192616661	0.36563772747622997	0.2544337430280364
5211	0.7777385237184825	0.38486395552059494	0.4297000795476356
5212	0.587238227040076	0.274114351948577	-0.5798935466319208
5213	0.46766299613098455	0.2307652086506049	-0.9750644308826932
5214	0.4876396185179378	0.42020362530224514	0.7518565858654508
5215	0.5521982880163088	0.3709670329507491	0.30301570328344785
5216	1.0649290935430293	0.3112704076739932	-0.24117886211425466
5217	1.0879158633364452	0.41385520105130025	0.6939843366355034
5218	1.2564250463405875	0.37079986398339215	0.3014917906147324
5219	1.3117353260539282	0.2994560392991752	-0.3488786698232483
5220	1.016172022766561	0.4521753454290858	1.043310855830986
5221	0.4545231333003708	0.39755874160597937	0.5454257770141978
5222	1.1094781091665495	0.2337718480072282	-0.9476558999917128
5223	1.563469900723896	0.21812051576117525	-1.0903334786663694
5224	0.9315674802309988	0.14680880900974158	-1.7404111519594914
5225	0.883930814219401	0.23225126929688017	-0.9615174988106505
5226	1.0307182863535147	0.22546210155351748	-1.0234075666726599
5227	0.7205858360001318	0.184053321704099	-1.4008900935212534
5228	0.6532050351507189	0.3492592603818562	0.10512760150023706
5229	0.608479478024859	0.3390413016428071	0.011980667490659439
5230	0.5565762294855436	0.2619232789940964	-0.6910273941055141
5231	0.7292498090068088	0.1510472470888317	-1.701773541244944
5232	0.6408837149021864	0.3049754082544429	-0.29856409046542637
5233	0.6193144234860576	0.28026812054044126	-0.5237957788120109
