ID	SN	ssim	z_ssim
494	0.47514290838375045	0.21785010710239927	-0.8959054352246251
495	0.6859037393371159	0.164221627336315	-1.3427780195512402
496	0.5994952622769852	0.11067193831183905	-1.788994060517367
497	0.5813562923734935	0.18041219980470646	-1.2078660661966893
498	0.6409759146222794	0.22966459810260254	-0.7974582640798767
499	1.7591823065560463	0.18439953364374867	-1.1746406198480757
500	1.9721641711382014	0.2203649765812757	-0.8749496626916066
501	0.966904652488154	0.37374087854643306	0.4030930113418501
502	0.2717340464636417	0.3307366955044112	0.044750009700461404
503	0.4432025601344119	0.19067126480746152	-1.1223798672488086
504	0.6089283294764326	0.32503802305789536	-0.0027355892669722716
505	0.7617890440076752	0.2958553403119686	-0.24590751793505622
506	0.9204995370364776	0.2777261359642826	-0.3969736013663317
507	0.8138346243710408	0.3724468538888122	0.3923102305236047
508	0.7158345128159275	0.21478635243497562	-0.9214349294774191
509	1.0654914730703184	0.0859096885836496	-1.9953316367090221
510	1.6136660141170405	0.24112050986415756	-0.7019990432137776
511	1.2000418115416236	0.2956576946393923	-0.24755444943246926
512	1.0385285361657295	0.2766541263442681	-0.4059063869199848
513	1.5877719142285525	0.4526059386269425	1.0602556488988293
514	1.7797695223047219	0.4652667126307324	1.1657546826832421
515	1.5411796594847096	0.4478070778016134	1.020267953029166
516	1.050735234964655	0.4498874712510036	1.0376033464842889
517	1.2666910100905273	0.4834512771333138	1.3172820683105662
518	1.2964946597669251	0.3510215093422284	0.2137782428673912
519	0.809588855620936	0.34974266787268415	0.20312197972265986
520	0.4476785542176917	0.3686140818839897	0.36037270892313367
521	0.9083729924926979	0.2242506299799475	-0.8425714937851652
522	1.1426946983026463	0.1423517603274723	-1.5250141006735995
523	1.095820182687729	0.22189965013091578	-0.8621616154037349
524	1.0281298971206652	0.28771673170721646	-0.31372448899020955
525	0.9154205804150228	0.22025079522289157	-0.875901107127951
526	0.8170495747281078	0.20001752547485357	-1.044499836406147
527	0.6208799545728059	0.2592659429541597	-0.5507977297694415
528	0.9617830327217995	0.15084281321829762	-1.454260300350944
529	0.9350786735165438	0.3806918823698018	0.4610139715436232
530	0.6155631232066555	0.5414606358704273	1.8006594112271128
531	1.67064352673399	0.5045625404077644	1.493196896010373
532	1.9626907094283916	0.35711903952527446	0.2645874226687279
533	1.9594976066458978	0.33644077320404325	0.0922806492776516
534	2.1891170738279437	0.34742678875025085	0.1838243435982751
535	1.040176908847197	0.2952149376240119	-0.2512438318754319
536	0.3124430064026982	0.2901066115236537	-0.2938102237628605
537	0.43250641512087357	0.2299017212430058	-0.7954823768084521
538	1.552607288636662	0.09572083104460065	-1.9135778632318459
539	2.4065702749531632	0.14510568564763776	-1.5020663361605517
540	2.0808736319173007	0.44044703519484224	0.9589385758999294
541	1.0137018200675048	0.44907563755813495	1.0308385412547163
542	0.9034310068805987	0.37933615964690687	0.44971707632203783
543	1.2395356505358515	0.3171166772988862	-0.06874216387272415
544	1.055563714263567	0.3298355384157655	0.03724089516199514
545	1.352984629894463	0.321960454935458	-0.028380187553432586
546	1.7715544033637152	0.3151796755911111	-0.08488271014168532
547	1.5492291590584606	0.5362349248080033	1.7571148800825542
548	1.3235497553642432	0.5936173911944136	2.2352684872886126
549	1.0914074934960396	0.5944203516684001	2.2419593542251284
550	1.078014028993806	0.3234956586486621	-0.015587722546412297
551	1.1948673376412506	0.45152130678558966	1.051217685561021
552	1.1792643669436058	0.5197151115111642	1.6194594460155918
553	1.055922756061421	0.443448292961825	0.98394729925759
554	0.910368948834742	0.4516419848783525	1.0522232656449568
555	1.1498573080915728	0.29089714838709924	-0.28722287963686155
556	1.2401450071937725	0.2010827794032324	-1.0356233443255385
557	0.782712708646283	0.4750885283188526	1.2475973934681512
558	1.5061305114427415	0.5325345827655887	1.72628086392922
559	1.938529845670304	0.47755354910148273	1.2681377893987733
560	1.5314073433348776	0.3175343603195414	-0.06526171669831853
561	0.44948221503528274	0.4050827687605101	0.6642570707881748
562	0.3189440960913711	0.3576969683887761	0.2694031580003355
563	0.3356278696006906	0.20326084942414857	-1.0174740366566182
564	0.7467247312157118	0.24421425968051655	-0.6762196069566518
565	2.0147716241844966	0.26261360255800603	-0.5229025273482328
566	2.2081848366356764	0.631252499009457	2.5488723403919664
567	1.189935088274523	0.5774692442554782	2.1007100551614424
568	0.9311238889392608	0.5097214990717398	1.5361851962691258
569	1.200416577905977	0.44636953348695085	1.0082892591377992
570	1.702942331851453	0.5003788603513026	1.4583353461961428
571	1.954216393512441	0.43678859288467126	0.9284536996385319
572	1.3314731104183037	0.3562134613777042	0.2570414685622616
573	0.5152412250911401	0.3786807576357922	0.4442557768081011
574	0.44877950405811456	0.4182337379591743	0.7738407773903411
575	1.5974189412113895	0.3710054110566357	0.380299051269906
576	2.851627587869788	0.3977755891369027	0.6033681875533137
577	3.0821761800007645	0.5498943499132616	1.8709354214036404
578	1.819999029064133	0.6024004551036187	2.308455541714394
579	1.4804389637316322	0.6287864466056774	2.52832334822272
580	1.6973911574755192	0.5076336663385747	1.5187878131402224
581	0.7192562309513445	0.3581663749774422	0.27331460461027285
582	0.666711252748479	0.42804458920812494	0.8555921242714294
583	0.8879548412972267	0.3332578958733766	0.06575853594246968
584	0.9035457309406207	0.34432370843552407	0.15796715865357025
585	0.9336093752814969	0.5036091372684155	1.4852524283199913
586	1.3059959409847186	0.49267758849103055	1.3941625918347913
587	1.221269502344347	0.45449120480687505	1.0759650960740004
588	1.7372113658796935	0.4428222728876153	0.9787308320069306
589	2.042662182224925	0.3997040345856169	0.6194374366753969
590	1.6459533968399245	0.3482649914947355	0.19080887547856165
591	0.40292691698398303	0.4060999867175443	0.6727332912454029
592	0.55762138555678	0.34636047092362054	0.1749389863220993
593	0.6645505276120527	0.20607626587364958	-0.9940138820851688
594	0.5220492816241252	0.24515528211131482	-0.6683783045853308
595	0.33348734637801036	0.30738361455863183	-0.14984531874718382
596	0.35984292091263226	0.24134491693697174	-0.700129115723626
597	0.33124213988652496	0.24277017998671924	-0.6882527585126075
598	0.6207896585244119	0.2737135190622156	-0.43040972509686765
599	0.904962527332138	0.14817943055388966	-1.4764535957694616
600	1.1029813332410359	0.3065589410866005	-0.15671711461534335
601	0.8801483365106211	0.3433952204843114	0.15023030293652792
602	1.0532359493375976	0.3794460556347158	0.45063281184714504
603	2.356656462047628	0.4301852187035666	0.8734294494927709
604	2.4022828576705417	0.35193397498259016	0.2213815887126628
605	0.7520345040020661	0.40163460376792803	0.6355243823334445
606	0.8172975293776564	0.5075125922378246	1.5177789332216944
607	1.6306229154469565	0.4019146951915974	0.6378583134627398
608	1.4264539676402428	0.2815732616561411	-0.36491647411512484
609	0.8309779634637425	0.34167520278675856	0.1358978296509611
610	0.6887309845076861	0.08573842265313075	-1.9967587524749713
611	0.5535506417121276	0.20129261726667771	-1.0338748183793176
612	1.1408551284416413	0.3458687055470081	0.17084122957628659
613	2.2975719246490685	0.3302554385408595	0.040739816908020046
614	2.4872048506421227	0.3831536851188413	0.4815275524126708
615	1.2374553036405538	0.5471924501028529	1.8484211723304733
616	1.0939250664975353	0.5191271804850413	1.6145603651877305
617	0.8136705098703808	0.5189075854894564	1.6127305355224064
618	0.6229734320575194	0.3904646149048077	0.5424476848038075
619	1.0798549971673561	0.37506760797090266	0.4141483127265043
620	1.7429220052773786	0.4932556150379531	1.3989791411376868
621	0.9574993083967861	0.4483874671389982	1.0251041908685385
622	1.2978220197065924	0.5547469919673741	1.911371262676633
623	2.082147759961365	0.5259177065249844	1.671144104530005
624	1.4841264872485578	0.36046968396908813	0.29250749700791434
625	0.6140628332554771	0.2413757360383152	-0.6998723079318697
626	0.4341022242233552	0.3344159946897427	0.0754086810376211
627	0.9318841801928065	0.3461414689331109	0.17311409801837338
628	1.4724765113339544	0.348223238973069	0.19046096225520268
629	1.6846289031752457	0.3862921904473746	0.5076799250550055
630	1.4761771948434115	0.48087832712982825	1.2958423254273843
631	1.4054604329122202	0.46863294913422754	1.1938046817198138
632	0.8835030134753521	0.4655607542589361	1.168204857345439
633	1.3025944758651065	0.46152409825135954	1.1345684218169403
634	1.7583337654779263	0.36539658448313095	0.33356211528226715
635	1.232377063248874	0.24082768452445358	-0.7044390828509369
636	0.6160145742274288	0.4450124693778931	0.9969811864839284
637	1.0148361185282808	0.4789608862216308	1.2798647743635247
638	2.299436898376746	0.31549978246346055	-0.08221534037973324
639	2.154903326669061	0.39675932834958605	0.5948999429497216
640	1.157344153692651	0.33109067072127424	0.0476995958277787
641	2.3457589896221114	0.4280909454041584	0.8559783987511717
642	2.9588139211429554	0.42031039047354024	0.7911449985782398
643	1.7212675038814134	0.39617233727319057	0.5900086944856657
644	1.073963962714931	0.3537340616666661	0.2363812566509225
645	0.44838396332964237	0.23881641089664768	-0.7211985182808779
646	0.35484511558818055	0.15469064173452862	-1.422197316641657
647	0.3680981918676834	0.13828254501362666	-1.5589218446822155
648	0.41286570148524104	0.3269733349666707	0.013390876333483672
649	0.542259910912382	0.24637641667291404	-0.6582028985374141
650	0.5997650544702057	0.141763718780478	-1.5299141024439824
651	1.3244727749687797	0.18306202522730136	-1.1857857398519136
652	1.1453509682618213	0.15815233854744812	-1.393351870943924
653	0.978621922247757	0.13226770569015664	-1.609041982424555
654	0.6263161839049141	0.11220196017989525	-1.7762447745178986
655	0.3393745059996986	0.30105926115450515	-0.2025445591922626
656	0.3300087909910314	0.24623693466107807	-0.6593651669322687
657	0.28381216768655465	0.21397392362945605	-0.9282046936304862
658	0.29186504036397537	0.1824299022823105	-1.1910530607842302
659	0.4122994130417321	0.1862986828011171	-1.1588154893264442
660	0.9035018336595454	0.2641432480473947	-0.5101563776171909
661	1.9089593858898979	0.30504551017296244	-0.16932815237973908
662	2.985677777936147	0.4251039118721991	0.831088202353304
663	2.628352339238189	0.4853182904913031	1.3328394193280868
664	1.2797645960251438	0.36039750211157606	0.29190602381030356
665	0.7156820061594314	0.26041472110452146	-0.5412252514312664
666	0.4994620972069159	0.4493333876093973	1.0329863073674295
667	0.454385260828605	0.4359988129251272	0.921872662601677
668	0.5192971210059644	0.08884935441037278	-1.9708361434417452
669	nan	nan	nan
670	nan	nan	nan
671	nan	nan	nan
672	nan	nan	nan
673	nan	nan	nan
674	nan	nan	nan
675	nan	nan	nan
676	nan	nan	nan
677	nan	nan	nan
678	nan	nan	nan
679	nan	nan	nan
680	nan	nan	nan
681	nan	nan	nan
682	nan	nan	nan
683	1.5743790343769264	0.24373048864121596	-0.6802507489076743
684	1.346127964105457	0.2277441588084923	-0.8134607999366578
685	nan	nan	nan
686	nan	nan	nan
687	nan	nan	nan
688	nan	nan	nan
689	0.5938994632627672	0.36175183977843356	0.3031913777095621
690	0.6603835404277106	0.2526022063653941	-0.6063249646208154
691	0.5108169022416487	0.43123260324286655	0.8821570404649977
692	0.8097464564675011	0.3277877593416004	0.020177269062699243
693	1.010143765916101	0.31487420357702417	-0.08742813132404766
694	0.9989351391684762	0.2035874627173557	-1.0147524505320904
695	0.8599601211654333	0.356037056687449	0.2555715328086188
696	1.2604440045436482	0.31147205523676397	-0.1157773746310725
697	2.133639784775621	0.25670051360520235	-0.5721748049368965
698	1.8118667377238327	0.2864947626702071	-0.3239068485110701
699	0.6962525383344135	0.39935268107782396	0.6165096965879565
700	0.41741600413850966	0.43634575290782424	0.9247636258986098
701	1.2930253305230501	0.23333293672109923	-0.7668909243793496
702	2.0901575235101832	0.19394858094022524	-1.0950708192151621
703	1.5261672139692535	0.19985259471153288	-1.0458741628230352
704	1.3281042229234234	0.1938967273813273	-1.095502901831942
705	1.644611544001004	0.21530860849295394	-0.9170831015806196
706	0.9527131262790358	0.7445177665831613	3.4926832232638847
707	0.6260171237885334	0.3603063192214229	0.2911462198041703
708	0.9699129935786398	0.21519922251034354	-0.9179945873611494
709	0.8186197529714069	0.19940055011399693	-1.0496409363436139
710	nan	nan	nan
711	nan	nan	nan
712	nan	nan	nan
713	nan	nan	nan
714	nan	nan	nan
715	1.0561530373062302	0.32824174718777765	0.02396023518366682
716	1.1222017076369133	0.31439857076608907	-0.09139145947245286
717	0.9068336145815377	0.2722777587353959	-0.44237355346787627
718	1.5954383006301982	0.27923042041277546	-0.38443877878712673
719	2.3584543394669772	0.35142069754463445	0.21710457739001726
720	1.507718882130399	0.20762361852511313	-0.9811201830424178
721	0.5281570305612305	0.16039825659661255	-1.3746372027826494
722	0.2867322633997865	0.2035894758437669	-1.014735675657884
723	0.2965032050753215	0.20190310879956905	-1.0287877465435578
724	0.30003891985296444	0.21284302801481322	-0.9376281613126464
725	0.31269530302678156	0.22807959214707774	-0.8106657186004574
726	0.3567073576850445	0.2960960530830853	-0.24390171917703568
727	1.0766186073795883	0.2722638314262219	-0.4424896062195195
728	1.3530946761361065	0.29308794118230663	-0.26896755630141245
729	1.0515333891678296	0.3048341426659939	-0.17108942445930753
730	1.6193236415694374	0.3279263264112605	0.02133191347536318
731	1.4802883502187385	0.2513489865278101	-0.6167677291741509
732	0.9747819867154552	0.2507772481007803	-0.6215318811613053
733	1.0283504872662912	0.33826491857504754	0.10748079218089385
734	1.3077806248293797	0.2879093706962933	-0.3121192769225485
735	1.2687349072034653	0.2890940766091123	-0.3022474216091473
736	1.369451979424498	0.25123802712135	-0.6176923258984373
737	1.1571005991838217	0.24357534970567543	-0.6815434824954446
738	0.38391061806911503	0.22282771488398836	-0.8544282860899648
739	0.36214448036391794	0.22937315995597174	-0.7998867445873296
740	0.38068539329787965	0.1667014770093182	-1.3221140582204312
741	0.4634896078079993	0.17618066608959027	-1.2431263684686746
742	0.5284746676067715	0.24199632075052221	-0.6947011321807174
743	0.5873510510916169	0.177630873174858	-1.2310421589063478
744	0.6395894756075416	0.1522012849983441	-1.4429404979300657
745	1.4650693947772138	0.23516242887244304	-0.7516462281052385
746	3.3988089006260656	0.27102534415035995	-0.45280960805500076
747	2.932860681735004	0.16721998490901452	-1.3177934627804389
748	1.7121361242389224	0.11409988908348193	-1.7604298120629993
749	1.527189978474034	0.18628805016411154	-1.15890408840659
750	0.6753828854842854	0.3306491960122645	0.044020898520106974
751	1.036626433250151	0.30979250501281796	-0.12977264267437355
752	1.009974829955936	0.129486204138664	-1.6322195327121185
753	0.8184317704257911	0.19366218149634962	-1.0974573134844876
754	0.84512172548822	0.19017765769573647	-1.126492970708401
755	1.1216463958853196	0.05041916250453191	-2.291065231568753
756	1.0839172872239846	0.06038272643643073	-2.2080413684502824
757	0.7329861958856536	0.2231993534749651	-0.8513315155249652
758	0.5264831850021323	0.3205316250207196	-0.04028626655002829
759	1.1890579230396434	0.45410181267074334	1.072720389698794
760	1.4165808137451348	0.3193402605568268	-0.05021360588869354
761	1.537270050421863	0.3796109677884086	0.45200698319470156
762	1.1552709353490729	0.5809142507440208	2.1294164245993206
763	0.9657903210045844	0.5624792046525857	1.9758018391217398
764	1.5090436188232297	0.498690188454097	1.444264069552175
765	1.5045539806542791	0.3395998747212139	0.1186046447607563
766	0.7242531586038987	0.4414577905696027	0.9673609452904351
767	1.2209046476320895	0.3015432970945162	-0.19851120989048918
768	1.2357413248186304	0.45095809981088975	1.046524624012517
769	1.2897372745782485	0.4748505748658022	1.2456145874110356
770	1.1286214923276692	0.3291685866296676	0.031683354288660065
771	0.8092679143281788	0.37733501776470046	0.4330420661705968
772	0.3477437363514933	0.3097610140445758	-0.1300350489633959
773	0.4094163274759219	0.2474526420458921	-0.6492349841785079
774	0.4375541892198173	0.20471661447250097	-1.0053435139909166
775	0.4412206878531309	0.2550977214031216	-0.5855304677602038
776	0.46283550192476014	0.20701884093834044	-0.9861596420075559
777	0.8109991947959098	0.20410795068768833	-1.0104153556633195
778	1.2681130596170411	0.11922444017104018	-1.7177282214529448
779	1.2720573979031047	0.1796577186286844	-1.214152967381011
780	0.8309258857671236	0.1728829425117877	-1.2706054665903301
781	0.6507362555075278	0.2776103340428878	-0.39793854954516095
782	0.6497277800486251	0.2383618002346927	-0.7249866741685027
783	0.5853326764153776	0.2093821569361931	-0.9664667263749044
784	0.705907950579144	0.22967202670370648	-0.7973963634220969
785	1.094973035204967	0.07168558817047352	-2.1138574748286616
786	0.7300584553938415	0.3342629742825475	0.0741336006117671
787	0.7749604640783274	0.3409797262549902	0.1301025992725233
788	0.8778690739334403	0.3118784086825725	-0.11239133394391282
789	0.9142376104174927	0.35230706143352597	0.22449042392921445
790	1.2657691018467891	0.28475883913837674	-0.3383718610985241
791	1.0727346246847564	0.3984429547881636	0.6089291770605788
792	0.41471236978731624	0.48011472346692013	1.2894794088626522
793	0.5534091640264239	0.5884404879689971	2.1921306595291594
794	1.580323997093897	0.2539472067639929	-0.5951174158209278
795	1.6465772468623154	0.28420338991081645	-0.34300027929841986
796	1.2832179925844014	0.38594156424758563	0.5047582454415659
797	1.295515304690326	0.40244881472049515	0.6423089966679871
798	0.7710467086820562	0.41181873807080044	0.7203862026741373
799	0.6167310086282076	0.30033716422344536	-0.20856161063814527
800	0.3855406387940121	0.22297370367695168	-0.8532117983304982
801	0.45470035560407013	0.2343813185106927	-0.7581550235721655
802	0.47061163558227476	0.23265953909441947	-0.7725021768151141
803	0.6260366037553518	0.20686979681478523	-0.9874015890655804
804	0.6385777150307866	0.4361181795647387	0.922867314677556
805	0.741741362246663	0.39396625584302136	0.5716259748144261
806	1.1967172760522524	0.31781673340273897	-0.06290877307613943
807	1.4159139706334463	0.1543030941529791	-1.4254266528091553
808	0.9925587226395308	0.43959552481013253	0.9518431548129266
809	1.0449462589343668	0.5154888924426559	1.5842434293522014
810	1.1195262525540424	0.5513130128623401	1.8827567816418638
811	1.2911138024087314	0.4426028728275032	0.9769026266896936
812	1.9452890021110512	0.4270543359376216	0.8473405937403035
813	1.4841525154714634	0.4700237087235276	1.2053935303047143
814	0.5755251151415094	0.42493007408317207	0.8296396559396267
815	0.6219028290145378	0.2969173867805404	-0.23705775280735264
816	0.7879663184002362	0.20003658046486134	-1.0443410559845088
817	0.6484113496192385	0.1454803682570489	-1.4989442005583473
818	0.5436428038177483	0.17576165058944515	-1.2466179188583089
819	0.49516724486143565	0.3700446376548197	0.3722931690428787
820	0.49092354950956163	0.46015413519751047	1.1231528655122343
821	0.695116955613096	0.20926323013954778	-0.967457713350377
822	0.8201103803905485	0.16169158752461504	-1.363860202638194
823	0.7017337988504679	0.1865071607663667	-1.157078295068606
824	0.9131564631411163	0.2044540707569923	-1.0075312244977186
825	0.9724757368930548	0.1849276121572918	-1.1702402748988305
826	0.7129678539935048	0.26644672075764586	-0.4909621209937399
827	0.7777432377763628	0.43668667952978624	0.9276044813785045
828	1.441534981368534	0.2287701593237496	-0.8049113966387588
829	1.1913773432697914	0.21940548077461489	-0.8829448990407123
830	1.6306369853738152	0.34491220768487146	0.16287097434212272
831	1.5118532115521572	0.31250192646976627	-0.10719571761929891
832	0.7520886435375783	0.47986143646374596	1.2873688322030399
833	0.8581746431928741	0.5719353696146424	2.0545976747084405
834	1.0328194649529336	0.5403844717296936	1.7916920071010425
835	1.0702577268239903	0.4538586548833718	1.0706942172375231
836	1.2421249600771915	0.5634060100176578	1.9835246742732118
837	1.4080271626684981	0.5705543576552097	2.043090050662607
838	1.1508088567740387	0.3407528133781015	0.12821179154956475
839	0.643623903029621	0.3950267176536777	0.5804625353877388
840	0.9496312746535176	0.4497022055480069	1.0360595741482774
841	1.7570142250288432	0.39996450181943655	0.6216078443844554
842	1.7176000606307467	0.3344353986424333	0.07557036927720633
843	0.6572751321822871	0.45890191144463355	1.1127184010813187
844	0.6646454068547714	0.477930743352277	1.2712808538746037
845	0.8547865799534301	0.4583007106328057	1.1077087464789022
846	0.7700399665120281	0.4225190788674167	0.8095494414199698
847	1.251783709644351	0.37487860689971375	0.4125734145102751
848	1.7023652586168307	0.3723324799248003	0.39135718115318396
849	1.7359128880219319	0.1788693251386151	-1.2207224513177226
850	1.0861135215043136	0.25984098480586815	-0.5460060511783318
851	0.8207267737265472	0.3387181125426929	0.11125714311245609
852	0.7971003302389191	0.16942480900282836	-1.2994212201756563
853	0.8731892914224713	0.25064346263378423	-0.6226466816860011
854	0.8287184311954853	0.35858282755291393	0.27678479879556883
855	0.8428182819209666	0.2251279419521935	-0.8352610745823783
856	0.8743734986291003	0.2544759215983663	-0.5907117685708323
857	1.0989029444821257	0.22449976038728348	-0.8404955529894131
858	1.1147850201048006	0.26420552029904487	-0.509637478663722
859	1.041974342026559	0.22427821717253227	-0.8423416166732566
860	0.7701214102152957	0.2933527277218943	-0.26676115690772173
861	0.5265532691524442	0.28916129859949713	-0.3016872777322767
862	0.4883004436315339	0.1316461639615472	-1.6142211327518066
863	0.447328249516018	0.246098489178244	-0.6605187981926037
864	0.5661493743872694	0.2620610291656698	-0.5275069819391603
865	0.6864418898652022	0.29383476107284645	-0.26274449467505795
866	0.873784093642456	0.30001322135029795	-0.21126094482641591
867	1.107421297652067	0.15721357800784194	-1.401174325546916
868	1.066673331784732	0.1116345954849702	-1.7809724812994954
869	0.7427715410097596	0.24275584450310272	-0.6883722124788437
870	1.1192098774271628	0.3660240990276217	0.3387910355765257
871	1.7288922642442133	0.413368432240964	0.7332994130011403
872	1.5001405476000336	0.40284153847697035	0.6455814645945069
873	1.1782653655044306	0.29789536917808146	-0.22890847236305606
874	1.4429395193082148	0.4011473099109487	0.6314638856319783
875	1.0781989234736158	0.5058130775954933	1.503617306719654
876	0.5692679184793247	0.39705999911402423	0.5974053565307518
877	0.5097269183990993	0.31609003516701295	-0.07729691359991908
878	0.3273663375046786	0.2281577899218693	-0.8100141162827689
879	0.33661492236867785	0.18372298452504793	-1.1802781328713126
880	0.32199079827428606	0.19098076512287343	-1.1198008792483787
881	0.3549308514509285	0.22291693625403192	-0.8536848269357536
882	0.34707133858691835	0.32658110477719055	0.010122521176141323
883	0.6013169894439416	0.40444058138571715	0.6589058855029053
884	0.7555769821527092	0.2961616301986064	-0.24335528162718467
885	0.9402384431387858	0.2935791346559936	-0.2648745650783108
886	0.8232311138697088	0.26366913094721295	-0.5141070757305028
887	0.8946409925741533	0.29471516132801867	-0.25540834159022946
888	1.27792975366774	0.371937005837936	0.38806179541780417
889	1.2083012312475387	0.40125450974727395	0.6323571548073679
890	0.8924907937987808	0.48726176212341854	1.3490338778433577
891	1.338847867367767	0.29232999791391034	-0.2752833062275443
892	1.5827826925847177	0.5233086033222716	1.6494031061639003
893	1.3304956318439753	0.5652482975096778	1.9988759908912193
894	1.0731386932008886	0.38844741187704235	0.5256388411807766
895	0.8215289433876114	0.36964756632507856	0.3689844738858019
896	1.131183259440349	0.3936002064412356	0.568575777552063
897	0.8755861351085505	0.49092218096802054	1.3795352240672276
898	0.6762089385783089	0.44723208524922836	1.0154766852368735
899	1.6076337660875677	0.4971867727429647	1.431736485942098
900	1.9057744342277154	0.2903304111400611	-0.29194535805360494
901	1.188562509572288	0.33462687045512024	0.07716585555864322
902	0.5760627756388043	0.5489745718183152	1.8632711427202153
903	0.9836662586585124	0.3159900136532241	-0.07813036762565394
904	1.326026338865362	0.15502012813447658	-1.419451789643923
905	1.089490060195508	0.3290801850855224	0.03094672653670937
906	0.7591845387078251	0.3242114441634827	-0.009623262538845066
907	1.1246435783074347	0.44921971498285396	1.0320391020650943
908	2.0178676270396965	0.45622752134649824	1.090433383496184
909	1.5598433526295805	0.5093565406517392	1.533144089882579
910	0.7446149631517878	0.412656356753196	0.7273658677124718
911	0.5449236208627967	0.1390880792146052	-1.5522095315283677
912	0.6332945671612474	0.21644190798916957	-0.9076396029601307
913	0.5777605771668015	0.2364163614826394	-0.741197524197651
914	0.52765993386716	0.22334505207029476	-0.8501174459091249
915	0.4042193484135471	0.20151078514989876	-1.0320568804810721
916	0.44677384264389597	0.3298113521791525	0.03703935735768764
917	0.5579508627503956	0.28709126191519385	-0.3189363708783129
918	0.5659300367846563	0.23261863169035052	-0.7728430478868679
919	0.48728331821351917	0.19103518851029663	-1.1193473828992058
920	0.43784854395254763	0.35982733549119866	0.2871549692912091
921	0.6007727977841674	0.15657401282812938	-1.4065036607425077
922	0.6413492804062885	0.18824918804842564	-1.1425624214712815
923	1.0451417286964781	0.35482080491279805	0.2454368137917685
924	1.8358628330260043	0.446177907039883	1.006692484327101
925	1.617034636864599	0.3815430021552434	0.46810613786552485
926	0.7132003746246214	0.4141981947044668	0.7402136141506053
927	1.5306095865216134	0.42719194400273364	0.8484872470101523
928	2.2059223413627485	0.30035818812099413	-0.20838642380698366
929	1.8553723224920162	0.20959752595841497	-0.9646721106788421
930	2.247777130694517	0.21231923420963264	-0.9419928028687053
931	3.243803668509569	0.30021853424780093	-0.20955012427914463
932	2.230705253549502	0.2695708942044251	-0.46492917230423125
933	0.7702824681534084	0.27728120148316027	-0.40068112808165907
934	0.33802920637295253	0.38031237671446233	0.457851646717191
935	0.46660762462107624	0.35277689177559646	0.2284054015693018
936	1.0332019734345477	0.3009118267424229	-0.20377309293092624
937	1.039545631774529	0.32093400351819834	-0.03693334810389491
938	0.8798255702458876	0.3353235583935919	0.08297118028334119
939	0.7375549372684662	0.3106950506900405	-0.12225195737782114
940	0.8082523549584835	0.24401665921757862	-0.6778661617335607
941	0.88309027824064	0.2276872683688964	-0.8139348536088219
942	0.7444051395775039	0.30461099854793167	-0.1729488280663219
943	0.6934386231448123	0.22696279214222842	-0.8199717311243965
944	0.4601186999140397	0.2861115538104191	-0.32710003120536374
945	0.6174551218719696	0.4657627597320023	1.1698881179597798
946	0.8112884754503799	0.35976823215985765	0.2866624761507383
947	1.0757775206750173	0.29197456082976603	-0.2782450737258939
948	0.7888582334789274	0.3038031403263359	-0.17968050669731536
949	0.5036696420895204	0.43494468218288057	0.9130888572232557
950	0.7525808223283414	0.3836914939501932	0.48600897764396916
951	1.5180575936729555	0.270725550570711	-0.455307712276612
952	1.485845460773653	0.4657053176851148	1.169409467883298
953	1.0257367531396842	0.460720322322088	1.1278707598973818
954	1.821419606938722	0.4903040293032934	1.3743843222865453
955	1.7544004865022038	0.5873669889700185	2.183185463356566
956	1.3450549282372992	0.5715892286576727	2.051713369491193
957	1.282350271464923	0.5100448444625147	1.5388795517876104
958	1.1212475857813333	0.2678063843541504	-0.4796323874671697
959	1.2106440758184862	0.2522335583047259	-0.6093968158516606
960	1.4064914269542994	0.2821375910825037	-0.3602140594602591
961	0.49886932517795507	0.2588395390828049	-0.5543508455913022
962	0.5519972629769085	0.16686553034258092	-1.3207470432067243
963	0.5813859170400161	0.23403904873265918	-0.761007071232548
964	0.6392326245876042	0.23167682506726864	-0.7806908847345326
965	0.6225476091398033	0.37615336162680174	0.42319562386174436
966	0.9200063455276026	0.46538257398272553	1.1667201260822455
967	1.1073548265627537	0.2631050226262213	-0.5188076479701266
968	0.9570725171477054	0.22255810520745198	-0.8566748754663333
969	1.0337164981941345	0.21812419895531476	-0.8936214970039359
970	0.8427930463872627	0.28892455018072233	-0.3036600425429631
971	0.5477105719258126	0.29567745623818054	-0.24738978101823397
972	0.5256520741402576	0.20948974051940203	-0.9655702595336032
973	0.8531116451959855	0.12223848012853836	-1.6926129873283575
974	0.5680024899158491	0.17444779528614007	-1.257565943441144
