ID	SN	ssim	z_ssim
5057	0.49802239647856583	0.2976109321667862	-1.4560210786329018
5058	0.6734765944478985	0.3051073097684024	-1.3881067251324049
5059	0.6279839804778871	0.24674197898849382	-1.9168746070898917
5060	1.1696263834669844	0.45522670200686055	-0.02808165521539265
5061	1.2151422429272307	0.5104561485966621	0.4722762988086839
5062	0.8780864300916323	0.43424289450539905	-0.21818703626415237
5063	0.8153284177890014	0.45535654915670565	-0.02690528901504134
5064	1.4670264822633827	0.4821862319328396	0.21616151700760483
5065	2.1983001418340957	0.4322185063710209	-0.2365272291795584
5066	1.7467353055894466	0.4260191438041113	-0.29269111568870004
5067	0.7954400076973118	0.44377918620542606	-0.13179183047037576
5068	0.6678150766755028	0.3061660163027419	-1.378515243266428
5069	0.6514941443500095	0.30160380867960607	-1.4198471235059595
5070	0.6971383999275095	0.43755213396108095	-0.1882065750127717
5071	1.007600826462626	0.4919137491370458	0.3042891537406039
5072	1.0492226344801756	0.5163137961576293	0.525344376255994
5073	0.9318641750574658	0.4985694810499088	0.3645875743854313
5074	0.9089210559788389	0.6070536522886338	1.3474132464976218
5075	0.9931247649235069	0.5746965439206041	1.0542700495105222
5076	1.4740860170433774	0.6222846372307237	1.485400225074424
5077	1.2429485689528696	0.7006843294238175	2.1956718646439115
5078	0.979206779488338	0.6197574475716425	1.4625048399976859
5079	1.0933116567116172	0.5670287524155905	0.9848027507011174
5080	1.1401464407361095	0.5260136607442945	0.6132214907044046
5081	0.8061591758236893	0.4068964861459076	-0.4659351811675032
5082	0.9756988858335169	0.4608504014477008	0.022866940506816882
5083	1.0175879502861724	0.478300768129346	0.18096068051199435
5084	0.8082254589252964	0.5036552738449643	0.410662938790663
5085	0.7904869521375312	0.5288273338788068	0.6387123080094083
5086	nan	nan	nan
5087	0.8248234808879775	0.4717534344084642	0.12164430659963621
5088	1.0180123800448702	0.5167672768672158	0.5294527404357644
5089	0.9459029409921103	0.33609144761939497	-1.1074021231568105
5090	nan	nan	nan
5091	nan	nan	nan
5092	nan	nan	nan
5093	nan	nan	nan
5094	0.827669089740478	0.3922695693476417	-0.5984495302106491
5095	0.6913829844491537	0.5352734288051134	0.6971114966293311
5096	0.6480565366110652	0.5079683646960977	0.4497379150405894
5097	0.9715178754584332	0.3036479090519958	-1.4013283451494578
5098	0.8139879944845886	0.6407577860884554	1.6527599858101696
5099	0.7760768298116484	0.7033261518355178	2.219605779220876
5100	0.8205996608972653	0.6849193923365611	2.052847481034127
5101	1.151075760365648	0.43155147866782206	-0.242570248573339
5102	0.8627351682381198	0.4658063088204892	0.06776559197798938
5103	0.7811934949073702	0.48495829280140834	0.24127534287895405
5104	0.8755756546129727	0.5134375804142794	0.49928694650546457
5105	1.0309238086665846	0.366946384880262	-0.8278680297943853
5106	1.043975102964186	0.4331110609115737	-0.2284410217061637
5107	0.9013874553062038	0.5653977027258266	0.9700260557299863
5108	0.9909178732175163	0.5367471336849049	0.7104627069712418
5109	1.225685747250469	0.2964115786372111	-1.4668867692248577
5110	1.3982144147242856	0.21572639505447505	-2.197864098716507
5111	1.5084728350927992	0.5046019859191444	0.4192397930909576
5112	1.2821063790373493	0.46222507948337066	0.03532100499307278
5113	nan	nan	nan
5114	nan	nan	nan
5115	0.8621449440201249	0.3133643849048297	-1.3133007388951872
5116	1.336970143047218	0.6730638832244169	1.9454410402757358
5117	1.308746447194253	0.6223794961152151	1.4862596107879489
5118	nan	nan	nan
5119	nan	nan	nan
5120	nan	nan	nan
5121	nan	nan	nan
5122	nan	nan	nan
5123	nan	nan	nan
5124	nan	nan	nan
5125	nan	nan	nan
5126	nan	nan	nan
5127	nan	nan	nan
5128	nan	nan	nan
5129	nan	nan	nan
5130	nan	nan	nan
5131	nan	nan	nan
5132	nan	nan	nan
5133	nan	nan	nan
5134	nan	nan	nan
5135	nan	nan	nan
5136	nan	nan	nan
5137	nan	nan	nan
5138	nan	nan	nan
5139	nan	nan	nan
5140	nan	nan	nan
5141	nan	nan	nan
5142	nan	nan	nan
5143	nan	nan	nan
5144	nan	nan	nan
5145	nan	nan	nan
5146	nan	nan	nan
5147	nan	nan	nan
5148	nan	nan	nan
5149	nan	nan	nan
5150	0.7250995982917798	0.749712123945834	2.6398451901444946
5151	0.8857654958231654	0.7240840066487088	2.4076641141413444
5152	0.9068799397676907	0.513478700405168	0.4996594781128022
5153	1.044553410379916	0.480351498138541	0.19953952087730867
5154	1.3253776810251328	0.48749511943641616	0.26425803532260206
5155	1.300762132545994	0.3849713330038562	-0.6645687986524038
5156	1.4833976417360493	0.37216977011417823	-0.7805461297917785
5157	1.3938486849996727	0.40043320736537846	-0.5244900490250777
5158	1.1261469443753453	0.3286271689505985	-1.1750256724334063
5159	1.0424465234083145	0.3654928602215936	-0.8410364149447292
5160	1.021173323940542	0.46276403248298403	0.040203715881062786
5161	1.0366091345183621	0.5003175969277458	0.3804248448641301
5162	1.1801814882072537	0.18252216793782586	-2.4986818720400805
5163	1.0670003451641528	0.4623032411235329	0.03602911997103378
5164	0.9195458559826372	0.5817276247335077	1.1179689896112912
5165	1.0449282281663894	0.41398995594542376	-0.4016710203806221
5166	1.2048810395257503	0.2817686795704394	-1.5995459115922896
5167	1.5749710764742713	0.39132874491694597	-0.6069730446817445
5168	1.9427069123442189	0.41062938575951774	-0.43211651868631656
5169	1.7573073017820866	0.33239916570870354	-1.1408528045702075
5170	1.2217551063114584	0.37835528711806643	-0.7245076788611813
5171	1.4091096548673958	0.5258789232669927	0.612000819981886
5172	1.9397839629453215	0.4767044047640443	0.16649823055710283
5173	1.6126963281082305	0.48840960587084203	0.27254293748196207
5174	0.7277262526705492	0.48557665360028707	0.24687745847633874
5175	0.3350408435629532	0.42076223425960513	-0.3403167333001658
5176	0.2615051519053951	0.3497370861528933	-0.9837777850626083
5177	0.2639819288285264	0.3334828698166298	-1.1310348541164075
5178	0.31324041657029644	0.3736905317530239	-0.7667686029622478
5179	0.4009590218226927	0.3252797485710815	-1.205352038453212
5180	0.42196125615587077	0.34912779847318365	-0.9892977016226248
5181	0.39795630406571164	0.36659101645019	-0.8310875337288753
5182	0.3822540479563441	0.31252135255253877	-1.3209382940222794
5183	0.29855383496245713	0.39362583064097656	-0.5861623144633089
5184	0.2981179887595531	0.4100792765785863	-0.43710030036903125
5185	0.4159066915543731	0.2415011396432742	-1.9643546347573644
5186	0.7066187711078814	0.2992408466943296	-1.441254667803315
5187	1.9115560331824966	0.4447163978530272	-0.12330104645140591
5188	2.715195267931041	0.6193038523121938	1.4583954380393704
5189	2.523964844352337	0.6956386276853839	2.1499597100896675
5190	1.3168485765421634	0.6443360280786937	1.6851775085591538
5191	1.4174346406504748	0.6047041722559384	1.3261278436053723
5192	1.2205066009283407	0.5746873319574171	1.0541865925987222
5193	0.9375189296196231	0.4863444254881027	0.25383318218289436
5194	1.0271028112489375	0.5376995757257494	0.7190914726082217
5195	0.9224130661717002	0.49398645155604337	0.323067055850923
5196	0.9423955300947143	0.46805583100632	0.08814541448089872
5197	0.9446637728886935	0.4440617844303513	-0.12923159714621002
5198	1.0367747941122616	0.41015377025898714	-0.4364254157229849
5199	0.9326315251481637	0.4150660101905837	-0.3919223747980214
5200	0.9316998853906953	0.6026019057165357	1.3070821017155188
5201	0.6552863425935703	0.5645242603167298	0.9621129969586489
5202	0.7081625580437096	0.3809943536284853	-0.700598731710324
5203	1.3019200021531254	0.4774607929852058	0.17335082253759448
5204	1.905851378863562	0.5407246502976156	0.7464975071968196
5205	1.312408550130922	0.4670010295914961	0.07858931152475501
5206	1.2903805510036594	0.4777949429259545	0.17637809496225
5207	0.9385057673511329	0.563622817516491	0.953946265205076
5208	0.6414230320507395	0.6636837612903748	1.860460673655869
5209	0.747116622602733	0.45835153898435627	0.00022818913867429373
5210	0.9385702594521764	0.34991102655815093	-0.9822019505998217
5211	0.7691916138566487	0.3899590170042394	-0.6193822629210973
5212	0.6595893300833342	0.3851356830516387	-0.6630798492109408
5213	0.7639759203411345	0.3483709228854666	-0.9961547089602791
5214	0.944632634448816	0.4718364510701929	0.12239640624171665
5215	1.0993829020188322	0.407677812255215	-0.45885666132677
5216	1.3163707914228586	0.3853376689900325	-0.661249932796478
5217	1.4012444141019502	0.5115148875451174	0.48186807433432394
5218	1.3740479703308892	0.44517073426750486	-0.11918492990808603
5219	1.7791542165588257	0.4155385131564708	-0.38764167615120165
5220	1.4871396971920732	0.5633353592195267	0.9513420014614146
5221	0.8668859176470076	0.5207131698609252	0.5652010426013514
5222	1.5246230856125116	0.412461137934116	-0.4155215349058639
5223	2.0227830701567022	0.38780346564553086	-0.6389107451752791
5224	1.654649592816095	0.3500716346371261	-0.980746901984314
5225	1.1089585626638416	0.4336096272075154	-0.22392419911991654
5226	1.2988253945565975	0.4012948543540573	-0.5166838523135943
5227	1.1950601792657407	0.3550519800489629	-0.9356268510971845
5228	1.0772960273651402	0.45717903091090945	-0.010394291746638355
5229	0.9585620437402449	0.4557114215069223	-0.023690279376923737
5230	0.8603943498740114	0.3434645515024714	-1.0406045830484814
5231	1.1421145325075612	0.342231291120369	-1.0517774569349574
5232	0.865599045728533	0.5598706672325034	0.9199531989114595
5233	0.8640296855010852	0.5475229338342487	0.8080873917837382
