ID	SN	ssim	z_ssim
494	0.21934453376126747	0.35352162016140015	-1.5718457300605955
495	0.29033960832616895	0.3078792066343139	-1.9605593057547608
496	0.3375805446770884	0.3779716419636957	-1.3636171403316482
497	0.3223962262062339	0.30743595402331547	-1.9643342662365224
498	0.3320615896494498	0.2614396341206242	-2.3560618852752784
499	0.4052949061964211	0.29995035847725704	-2.028085334290404
500	0.49010749930748415	0.42526957367123963	-0.9608043454721663
501	0.7284895301573769	0.5387914913161747	0.0060049688782677964
502	0.75485863235883	0.42545793744348764	-0.9592001455672179
503	0.6645080577722102	0.3182901732339672	-1.8718943176295786
504	0.5925648814519983	0.6151852936663178	0.6566127211342904
505	0.5002549444458514	0.6172255496615761	0.6739885595696887
506	0.5948383431378217	0.5480112424810206	0.084524971773621
507	0.5651642147901442	0.5414137575101632	0.028337496672450002
508	0.45176051356159264	0.6186146685619911	0.6858189894947898
509	0.4332594232106243	0.5044290524315727	-0.2866427124385656
510	0.47133982320530954	0.5294536169123976	-0.07352103048022697
511	0.4118895651895492	0.3911742976612708	-1.251176734396108
512	0.3114626424856238	0.3621854025163107	-1.4980606350586685
513	0.3149121063846149	0.4147352950941171	-1.0505195199478037
514	0.3760050155256477	0.48386337069572377	-0.46179032331996467
515	0.44486695099756884	0.5023554557861176	-0.30430249649279656
516	0.4671445078981773	0.6220035080485534	0.7146800380783289
517	0.5817428703896699	0.6658373389249805	1.087990821177862
518	0.6582097872284384	0.5879201527661637	0.42440917202060024
519	0.7482261789461583	0.6020412912819733	0.5446718360906205
520	0.6969140937159463	0.5810991410690778	0.3663180317470359
521	0.5242557309606407	0.40786749926040766	-1.1090090972808346
522	0.5365481387305411	0.5079936052112937	-0.25628520174440267
523	0.43494991381667364	0.5672435425798097	0.2483168390855246
524	0.44492235264957714	0.6319536817757373	0.7994206840999614
525	0.4382240208859004	0.612885352964832	0.6370252781208194
526	0.44062677441073006	0.5560648857793409	0.1531138180229019
527	0.48350668018616916	0.5184680642103399	-0.16707948065419506
528	0.4724790975839578	0.5335422225709003	-0.03870042389296026
529	0.4804607457366645	0.6947222172414442	1.3339888626096608
530	0.42341870521326996	0.6725066270170701	1.144789807499481
531	0.41977060590847914	0.656852890460111	1.0114747735252356
532	0.46701475452306035	0.6138127610898972	0.644923548623276
533	0.47848186217298616	0.5881118186082869	0.42604149400081087
534	0.46545216818349244	0.5192871282793886	-0.16010392221196657
535	0.3470612421778981	0.49422367221076	-0.3735568243445105
536	0.3160567399569308	0.43284551276068295	-0.896283866708459
537	0.3262266662454638	0.2308623072246389	-2.6164736635843777
538	0.40386546602149165	0.22344110489208308	-2.679676326890641
539	0.40459775813366106	0.27878609290853357	-2.2083307838715758
540	0.37317786684037846	0.4113760382806918	-1.0791286277209198
541	0.28856194757246395	0.3814467515803488	-1.3340213722591125
542	0.28517873562195695	0.30979381646325277	-1.94425353278716
543	0.31494632619927376	0.3112911042987129	-1.9315018822194334
544	0.325924949188322	0.23431351006194887	-2.587081497577633
545	0.3669230215737457	0.2668968640034577	-2.309585391654222
546	0.48465601479896014	0.4622624437340282	-0.6457545992802244
547	0.519281477734454	0.6099317365506717	0.6118708064604653
548	0.45510984398287346	0.5754067613688444	0.31783888490758394
549	0.49711779176307175	0.6384128737294981	0.8544303868395267
550	0.5606326166519568	0.7028371226686282	1.403099447726916
551	0.4516555840843449	0.6893464078638449	1.288205786651665
552	0.4699490640968061	0.6683932180099673	1.1097579632151153
553	0.4940817106496981	0.579656229643926	0.35402947783110755
554	0.44393522083294157	0.5158535578122437	-0.1893459221533087
555	0.5091235620838526	0.5231725059980171	-0.12701410620050063
556	0.5444635070746765	0.44652646471905033	-0.7797700510777157
557	0.5878081218131591	0.5676306015974518	0.25161322687761756
558	0.6661704162877744	0.6305616789172721	0.7875656929485974
559	0.5749351948766365	0.6380578331205156	0.8514066837973481
560	0.595331809876585	0.6837406560894035	1.240464406467992
561	0.5638983648403983	0.6314391615107507	0.7950387727040764
562	0.6049943498708267	0.4810797742623054	-0.48549681996001315
563	0.5692385846203464	0.30572718127747045	-1.9788870278623285
564	0.5615725968958261	0.33269218201661094	-1.749239622172732
565	0.6238020159171126	0.5384241676024435	0.0028766567850222243
566	0.6410661112303206	0.7632520049795696	1.9176227411608116
567	0.6161394838422227	0.6960000184660822	1.34487125564439
568	0.5246282413486661	0.5894706095635017	0.43761363600660136
569	0.6588979492503051	0.6113320904254849	0.6237969190354014
570	0.6989091707999014	0.6540502514962858	0.9876061011912945
571	0.670242576573481	0.5699540583661322	0.2714009444572016
572	0.5802766041890278	0.7449231525120388	1.7615250848263888
573	0.5764904021850651	0.7331145930984031	1.6609574986984703
574	0.55260488178135	0.5334459310631182	-0.03952049043647812
575	0.6671835970779199	0.6925374615081371	1.3153823922789856
576	0.6490830331879845	0.7277675445120448	1.6154193639944348
577	0.606605691552126	0.7012655698402035	1.3897153194102416
578	0.4988683868990883	0.6821739680618013	1.227121709223354
579	0.4270428607811549	0.684353629979056	1.2456847980739834
580	0.4864746952482548	0.6806955934648813	1.214531133235448
581	0.48630697993497934	0.588868944108569	0.4324895526752117
582	0.5830942793945944	0.6073276739414106	0.5896933094800167
583	0.6402094726299352	0.6664455692260529	1.0931708140157752
584	0.6171303858848279	0.5883870261151167	0.4283852984969124
585	0.5594304656931891	0.5973019528349923	0.504309264267868
586	0.6511418338987488	0.6835019063762636	1.2384310947406119
587	0.6350093184311301	0.6990558384942768	1.3708961442960923
588	0.5274447093502548	0.6792708314237378	1.2023971485328744
589	0.4623171458608506	0.597731358925091	0.5079663008662514
590	0.4125701045207585	0.4451983051597296	-0.791081320826621
591	0.4425290351570568	0.5757985376563931	0.32117544732479425
592	0.6544113725111913	0.6869720978333169	1.26798497731113
593	0.7394916025560192	0.7503830815329222	1.808024565654335
594	0.9174301146797293	0.7284757512712235	1.6214508062521444
595	0.9249019001849778	0.5994408797615527	0.5225254336051535
596	0.8751248884674524	0.3447410520695502	-1.6466254306910977
597	0.6789228004088181	0.33159880849630663	-1.7585513368215329
598	0.5137012127424858	0.4238965430120711	-0.972497759904477
599	0.5661128969713037	0.5613112464679058	0.19779444433165583
600	0.7068184034330777	0.6573212046562177	1.0154631709750976
601	0.5986964073057169	0.5830324351168891	0.3827829288486539
602	0.6168139961907514	0.6307966654885419	0.789566955881465
603	0.7567823606241859	0.7019963166111891	1.3959387236591914
604	0.6024210400275427	0.7509571970009166	1.812914019545571
605	0.523376413187559	0.7848018263203955	2.1011517761447256
606	0.5420162040619373	0.793666163087936	2.176644892629968
607	0.5877058414338072	0.681997800864117	1.2256213814352264
608	0.5809478050307011	0.6939250570259309	1.327199848317298
609	0.47376201713938715	0.6456375396285521	0.9159592477782761
610	0.641408322411338	0.449325753030783	-0.7559299145694492
611	0.6220135092159094	0.4528437594239072	-0.725968816136854
612	0.5988192691356383	0.6660788912580653	1.090048001415601
613	0.6122207410856665	0.6861112435464896	1.2606535125149982
614	0.4821647636353413	0.597913696336958	0.5095191772781789
615	0.46048037453508217	0.5853585986652975	0.4025936987154723
616	0.4366883202104618	0.5628795306903127	0.211150735567981
617	0.3975367547270631	0.5229081736219426	-0.12926529265484252
618	0.3860222614461143	0.48905672451641524	-0.417561129956035
619	0.5034586478246561	0.5554284941530356	0.1476939892827733
620	0.6032670102224206	0.587114769137097	0.41755012303375677
621	0.6588327291531246	0.5318952975666856	-0.052726459280166796
622	0.6969169509646115	0.6174199281740071	0.6756439840042525
623	0.5613032818412745	0.598463348174081	0.5142002866780606
624	0.4909979818485668	0.5302964080933692	-0.06634340010963805
625	0.4530273018541117	0.530649434657654	-0.06333684967740154
626	0.5269256915250131	0.4690867159001746	-0.5876356912247004
627	0.533193444762826	0.5264115532470409	-0.09942876307960705
628	0.4870390881312589	0.5634506325830607	0.2160145243482137
629	0.5045356316904536	0.4986455627719671	-0.335897797168942
630	0.4265165908886027	0.41651309175591256	-1.03537891620095
631	0.4884714559338003	0.526750216230426	-0.096544540071796
632	0.39515988305488625	0.517185946363369	-0.17799863619932385
633	0.4365609938853093	0.49296028902074723	-0.38431642619970896
634	0.5744064862543408	0.631530319104271	0.7958151162711825
635	0.521949802614783	0.5053566376177604	-0.27874293399521055
636	0.44206303263904656	0.479528999523186	-0.49870399169692314
637	0.41158392413829353	0.5072015461532886	-0.2630307720332172
638	0.46105195467131843	0.4442675096282123	-0.799008440173224
639	0.4301228051247466	0.46584871488343554	-0.6152121241092373
640	0.476449907952698	0.4123158902989308	-1.0711243788129112
641	0.5269824053842851	0.5140037902521092	-0.20509946599419845
642	0.6334067510780372	0.5527545733874376	0.1249215453737397
643	0.6154123916127054	0.5568220585446257	0.15956227922965763
644	0.6205559908854151	0.6540397243222935	0.9875164465230094
645	0.6617646498473819	0.5146501410346486	-0.19959482010853544
646	0.6681831505253837	0.38624145520143766	-1.2931872829785103
647	0.6200354926110322	0.3759296313562166	-1.381007921920522
648	0.5439311713494319	0.6253370380054484	0.7430700430998486
649	0.6384748081562721	0.6370841620726274	0.8431144151523107
650	0.662359181845088	0.6570488700030434	1.0131438331346918
651	0.77286005553558	0.7321651805058156	1.6528718271672147
652	0.8396001920223699	0.7167107369067747	1.5212540714983132
653	0.8588878204431958	0.5094469367835313	-0.24390790465474627
654	0.701509103801118	0.4209115710727371	-0.9979192708681051
655	0.6702130600429206	0.6456157639553557	0.9157737952761578
656	0.5834378490752731	0.5588030698519901	0.17643356033137247
657	0.6190161897977685	0.4375317762584746	-0.8563733076449991
658	0.7981228912652096	0.5004309207331707	-0.320692797622157
659	0.7733848305035309	0.4475757689589321	-0.770833652417872
660	0.7357682204836806	0.5354580027419511	-0.022384683707766303
661	0.7493729755005755	0.6652750835673715	1.0832023739065602
662	0.6702141857448812	0.7091096147902347	1.456519121505916
663	0.56696453245195	0.6641024989893528	1.0732160583526074
664	0.42326770421340043	0.4763443248165261	-0.5258262711073644
665	nan	nan	nan
666	nan	nan	nan
667	nan	nan	nan
668	nan	nan	nan
669	nan	nan	nan
670	nan	nan	nan
671	nan	nan	nan
672	nan	nan	nan
673	nan	nan	nan
674	nan	nan	nan
675	nan	nan	nan
676	nan	nan	nan
677	nan	nan	nan
678	nan	nan	nan
679	nan	nan	nan
680	nan	nan	nan
681	nan	nan	nan
682	nan	nan	nan
683	0.3516537544883418	0.38931956971976034	-1.2669725233207354
684	nan	nan	nan
685	nan	nan	nan
686	nan	nan	nan
687	nan	nan	nan
688	nan	nan	nan
689	0.35818654802398736	0.42158592599121886	-0.9921761277826843
690	0.4032542713656777	0.4620262891000386	-0.6477658100182445
691	0.3455470042991253	0.506478724311141	-0.26918668363250803
692	0.3727906750188349	0.5050627338699322	-0.2812459650117546
693	0.49558602053934214	0.6674452644378946	1.1016847174308242
694	0.6120886716646765	0.7028500645637958	1.4032096673660222
695	0.5421954473595344	0.6740531197421568	1.1579605114675502
696	0.6451022400797674	0.6714863112436766	1.1361002890896457
697	0.708942779538074	0.642505529437946	0.8892854856736813
698	0.6233587754408012	0.6326815707980993	0.8056197503352065
699	0.6819617717503688	0.5223635005489752	-0.13390400041406006
700	0.6481899969625536	0.59642613411968	0.496850354929367
701	0.6424101798772719	0.5863504365008524	0.4110406847921071
702	0.557195633098507	0.576681207788772	0.32869270675087203
703	0.43416731756579086	0.41167178058482023	-1.0766099386412205
704	0.45846547257098746	0.5204315335820177	-0.15035759543272406
705	0.506577318799447	0.5658703677168726	0.23662219654194272
706	0.49031915175985374	0.5518793569351051	0.1174677652073903
707	0.5366547947381133	0.6147936808648904	0.653277551046492
708	0.41186504284285397	0.4012832009398464	-1.1650842682860576
709	0.45844382167746967	0.47075459280288945	-0.5734312190118701
710	nan	nan	nan
711	nan	nan	nan
712	nan	nan	nan
713	nan	nan	nan
714	nan	nan	nan
715	0.36372799971435427	0.3795704417789092	-1.3500009630753338
716	0.38839266790906596	0.4455712032673377	-0.787905534412699
717	0.3959636038344972	0.43912029406599856	-0.8428446970983624
718	0.41778519114046114	0.4802646399450719	-0.4924389106742745
719	0.49878594249626435	0.5434483471009985	0.04566507717943613
720	0.5265502679464651	0.4407689030099842	-0.8288043204395394
721	0.6207836841538854	0.3802653221651595	-1.3440830148612497
722	0.7682144956730684	0.34521270047555	-1.6426086374455378
723	0.9109365216842513	0.34340383669206936	-1.6580138243076037
724	1.0211175463668503	0.4035037198888505	-1.1461732205595434
725	0.951799585685647	0.3770394839940653	-1.3715558628812745
726	0.779399643626038	0.4625102556993257	-0.643644108890109
727	0.7156236197047785	0.633740720843381	0.8146400007883021
728	0.6312049115179039	0.7337614914871757	1.6664668082721497
729	0.5186477735917892	0.6093949048636809	0.6072988798581989
730	0.5339577327459203	0.5668228781177823	0.24473425055512
731	0.4915182130365227	0.49334780205820566	-0.3810161717482396
732	0.4066853477555095	0.39673144669911486	-1.2038492793770208
733	0.34507486040961155	0.4491287735386986	-0.7576074902450014
734	0.3543041213972832	0.4905062765761348	-0.40521602108149973
735	0.541847603445509	0.5880290493160807	0.4253365893946588
736	0.5858083234105407	0.5011982538746276	-0.3141578055804388
737	0.5458000383358536	0.3880543540394348	-1.2777477315781125
738	0.7213780607875543	0.3733754528356834	-1.4027605811020636
739	0.8813186479289946	0.45551748804712255	-0.7031980086082578
740	0.8152064405547631	0.4275586455465907	-0.9413094668071585
741	0.7646425727521631	0.5420497705446539	0.033754101135714254
742	0.5809451604130698	0.4773420898137608	-0.5173288063633623
743	0.49154388789364184	0.4069524100876397	-1.1168024534366074
744	0.3901258467471237	0.39815904816485503	-1.1916911127173027
745	0.3982045310222897	0.5236319928801019	-0.12310088656294288
746	0.4302334739666396	0.5495380615137117	0.09752812475726044
747	0.454666039628068	0.4977432689262594	-0.34358218193276974
748	0.5004047607739969	0.4458865402135608	-0.7852199675803903
749	0.40487786835474987	0.3861345980203018	-1.2940973320700917
750	0.2942127088811541	0.47863774557890265	-0.5062943551497304
751	0.2736964371518468	0.46254757343913677	-0.643326292390984
752	nan	nan	nan
753	nan	nan	nan
754	nan	nan	nan
755	nan	nan	nan
756	0.25083835626577977	0.272842013303438	-2.2589535327351142
757	0.28850717867134285	0.3624332719423186	-1.4959496553044622
758	0.36777386588477146	0.4895218266922286	-0.41360008767424905
759	0.391875459388642	0.5380840594590631	-1.9873926650829753e-05
760	0.38412504202335535	0.557721954942778	0.1672262461334339
761	0.3097312069110634	0.5166293911395665	-0.18273853828594655
762	0.3005517600875072	0.594002480807193	0.4762093135703082
763	0.35521126115326923	0.6285436509953546	0.7703791598807589
764	0.4220957106059352	0.5109312724530398	-0.23126656119724792
765	0.4224961669416289	0.4840214397008695	-0.4604441287730842
766	0.3827614023874753	0.7664163261272694	1.9445716795038095
767	0.4253677039105898	0.7893577554157167	2.139952342381225
768	0.5181054120968809	0.7908870185520168	2.1529763105711566
769	0.5086182164589088	0.8017853971115064	2.2457923422346395
770	0.560695573863687	0.6626516034379386	1.060859507632206
771	0.5443061796620209	0.5778231885946086	0.33841838530525914
772	nan	nan	nan
773	nan	nan	nan
774	nan	nan	nan
775	nan	nan	nan
776	0.4735903374086842	0.36057741137164534	-1.5117550902643841
777	0.5917386781539858	0.4697725399831859	-0.5817948710093913
778	0.668865023191136	0.5093159725507146	-0.2450232614313111
779	0.5948294513660385	0.5369614502215626	-0.009580574535902405
780	0.42786200122419626	0.3796605227154599	-1.3492337888563866
781	0.4539641657326803	0.33724768637597574	-1.7104426731996416
782	0.49193034040261596	0.3736396757101157	-1.4005103272183637
783	0.3986231629092852	0.34469708776903735	-1.646999852618744
784	0.4411524474384555	0.5230820864140786	-0.12778416450963587
785	0.4827578574228179	0.5817109609150922	0.37152859494137247
786	0.4546324056481964	0.689815841139749	1.2922037147436625
787	0.4173383117625819	0.68253682735745	1.2302120001038257
788	0.3954548072772518	0.6376347214641337	0.8478032537383203
789	0.4495836579518707	0.626514625665287	0.753098967395834
790	0.5271835352952116	0.5373790380376332	-0.006024188258152435
791	0.554093234488937	0.606480178220246	0.5824756128969055
792	0.573741807252644	0.5524711685834629	0.12250792860352801
793	0.43086760686879344	0.5505125494044292	0.10582735004355427
794	0.4610122768435554	0.4142560824422161	-1.0546007340870993
795	0.5236602183338823	0.5622703277971894	0.20596245965069965
796	0.43227631323211735	0.6716013123379667	1.137079695810627
797	0.4481503181302567	0.6772497133168706	1.1851842979075595
798	0.4316247719456578	0.702436592124945	1.3996883296948381
799	0.4793885042607427	0.6504400742531573	0.9568600297936155
800	0.5144889901293276	0.5349644020932132	-0.026588433209795124
801	0.5148586592669508	0.6313124148567496	0.7939593349338802
802	0.5492168029875877	0.7315400183513759	1.6475476342146074
803	0.48745967201870116	0.6771897747169895	1.1846738308730316
804	0.4404612014343258	0.5770746712842295	0.33204363827279215
805	0.35065246122915567	0.4501862195702171	-0.74860175202366
806	0.453835949294197	0.5015488206474511	-0.3111722039600747
807	0.424130758854073	0.5604068328084234	0.19009200617563238
808	0.3921902637726552	0.5077873805928628	-0.25804151353056326
809	0.43804499296933075	0.5965091619009611	0.4975574609575042
810	0.40719896746107187	0.5349281052019519	-0.02689755565312036
811	0.467396623848107	0.45639161972506	-0.6957534669221143
812	0.5471633690654414	0.5382567706847925	0.0014510210792836207
813	0.507817911500795	0.5913681726808113	0.4537742306692182
814	0.5028395259630147	0.6900305510291314	1.2940322913326103
815	0.5168073824309798	0.6322282929025026	0.8017594095257541
816	0.47467270463330974	0.5786479847851351	0.34544276135514174
817	0.5161709983671298	0.6424266131665809	0.8886133953162204
818	0.5413117862751844	0.5906487238761013	0.44764704554037427
819	0.47023911781027405	0.7912544949114313	2.156105922671233
820	0.4714006379939022	0.8211525632002068	2.410732795634061
821	0.5762531546564233	0.5914177735896746	0.45419665676705134
822	0.5585191308797122	0.6146681717097366	0.6522086524341693
823	0.40758509302416457	0.5111031986443487	-0.22980235193628273
824	0.5164412077769494	0.5438353013943068	0.048960573086829384
825	0.49872600951716334	0.5586632289670501	0.17524260555460525
826	0.5355084959073131	0.5432575786833015	0.044040398113581465
827	0.5934652146897657	0.5560820141345164	0.1532596916450777
828	0.4783819303689079	0.4201422386127976	-1.0044712901039676
829	0.4168938973020319	0.4399355316613724	-0.8359017268159076
830	0.4019083476894403	0.5073299388859449	-0.26193731543556464
831	0.3990035992662261	0.47516547265406783	-0.5358659645388263
832	0.35990000353823187	0.5010818937679725	-0.315148786329062
833	0.38957461711602576	0.522239468893315	-0.13496031590321225
834	0.4817731739641663	0.6437324212725983	0.8997343089322202
835	0.5428450726907796	0.5612257228965206	0.19706608290923622
836	0.49399651553698876	0.45327838492631967	-0.7222673284179725
837	0.4255246163698931	0.4497821121531573	-0.7520433324947855
838	0.4265765865614891	0.3809025244245682	-1.3386562823649906
839	0.3632666993696549	0.317307859626528	-1.8802601906256267
840	0.41727190520466934	0.47450175420494267	-0.5415185221420853
841	0.48392693199279235	0.5734730204191263	0.3013701817662595
842	0.47918977103047694	0.5614687976704511	0.19913622901313358
843	0.33486570194076776	0.6841350112952362	1.2438229322405585
844	0.3504812904266838	0.7004121037436497	1.3824467761302444
845	0.39524580542607646	0.5885240037171678	0.42955186812740975
846	0.3739210600543196	0.6030465363892237	0.553233005185162
847	0.4368251368063523	0.6079342896915065	0.5948595519959223
848	0.5072075773078584	0.605089135134351	0.5706287956478132
849	0.43115168338338195	0.4990808897369607	-0.3321903354445893
850	0.3509505715150953	0.5188619079178507	-0.1637253110566489
851	0.404240202803315	0.6323751186147052	0.8030098505779181
852	0.425963843803843	0.5817543191101862	0.371897854972738
853	0.4230343632174183	0.6563430757446369	1.007132936937742
854	0.43081861003964195	0.6817642926833091	1.2236327092134602
855	0.44938610467371853	0.5084747425896947	-0.25218759567351856
856	0.4383309327918614	0.5348555926132175	-0.027515109052943736
857	0.4935004895137057	0.5194996266395584	-0.1582941801096624
858	0.5634441501700944	0.6131504725518159	0.6392831688561962
859	0.48633779797882953	0.6174654546642554	0.6760317103194418
860	0.3312311711106066	0.5935619448174321	0.4724574891909881
861	0.34427532439583985	0.45799412484945334	-0.6821057334033445
862	0.3494665677953612	0.21697924217025796	-2.7347087752241372
863	0.3377862202186284	0.5290464722908625	-0.07698847730066304
864	0.40824761189612546	0.6137034751092787	0.6439928146629813
865	0.43283203037940565	0.6565709564946585	1.009073683150038
866	0.504519067215645	0.6639098368276325	1.0715752512174013
867	0.3587844455375344	0.5683528524703438	0.2577642758177328
868	0.3310752315580517	0.6095075496493496	0.6082582190788257
869	0.35762212069863947	0.6501730108729614	0.9545855847450138
870	0.44936237647504046	0.6145881577292868	0.6515272134382288
871	0.46993399960157034	0.5936607630607189	0.47329907467526683
872	0.5047759756770852	0.4672637839675846	-0.6031606894666012
873	0.519764786329275	0.4368559795679715	-0.862128729580604
874	0.5675740721315831	0.5707357423266158	0.2780581552368647
875	0.6035986710722151	0.6462812507140945	0.9214414126867262
876	0.41295545099565917	0.5358395257067458	-0.01913544370500527
877	0.3025272603169695	0.436770949234366	-0.8628528903438961
878	0.3306358466171867	0.39951655033176925	-1.1801299466759703
879	0.31165916585518155	0.3760910530720956	-1.3796331740155545
880	0.3457908758955997	0.3326711683259199	-1.749418585251496
881	0.34624527927618615	0.4595343306112416	-0.668988572352819
882	0.36342962242761556	0.4721637432965745	-0.5614301900398493
883	0.5511896888456931	0.5991834566778441	0.5203330901333255
884	0.6163796144803331	0.5590484307206136	0.17852317595876385
885	0.549799368343408	0.520371600691421	-0.15086801384413656
886	0.4744986258402304	0.5302854930934752	-0.0664363576968829
887	0.632898447874718	0.6373208867376121	0.8451304805588125
888	0.5758887631849909	0.6543739982717962	0.9903632903275223
889	0.5212722339480002	0.5637027056856845	0.218161304710717
890	0.49871731746656633	0.6918010408061983	1.309110666001935
891	0.44379361727557154	0.5807976527036013	0.3637504063407893
892	0.48567939577071956	0.634605708687232	0.8220066690192839
893	0.4913581761591982	0.6482464186390342	0.9381777636355969
894	0.53780659637417	0.5477290848926301	0.08212197691386298
895	0.3720901292713053	0.39797845561792417	-1.1932291289884964
896	0.38713355787958986	0.424936291347437	-0.9636427440972544
897	0.3623280678126781	0.45365626119011326	-0.7190491455411623
898	0.3765436578037621	0.40061943705347014	-1.1707372128556266
899	0.44428595343102023	0.5196108503318047	-0.15734694362995055
900	0.41206363227747667	0.46792368987840033	-0.5975406013425877
901	0.3840733977393708	0.6983444303665207	1.3648374375856367
902	0.2908629103442979	0.7295904689995134	1.6309442988299654
903	0.3563243167715669	0.470573026601136	-0.5749775274135264
904	0.4970037273316039	0.5014843686572998	-0.31172110927897145
905	0.47586025059783416	0.5548840283565062	0.1430570467931625
906	0.35561507901475886	0.5041392841230781	-0.2891105239895682
907	0.4047770329122267	0.6071248205347408	0.5879657086159308
908	0.5013724525435436	0.6422184285495927	0.8868403912040257
909	0.49711589749832624	0.7767091908420917	2.0322308530280253
910	0.4455706954641566	0.7520491831850564	1.8222139189471163
911	0.3602902798872856	0.4732283771007108	-0.5523632371591671
912	0.43010558897022455	0.4942520410876842	-0.3733152208284938
913	0.4440282842560748	0.47972110718385325	-0.4970679069694604
914	0.48340826860820885	0.35954860241456843	-1.520516940865782
915	0.49608577313094976	0.43590126576316607	-0.8702595488811713
916	0.5536611315267043	0.6833831236751702	1.23741948196853
917	0.44870741030531675	0.7144084647884873	1.501646772975649
918	0.40335864718783443	0.5718548077286584	0.28758867477447503
919	0.4130930236904481	0.5190679095983233	-0.16197089792141925
920	0.3473495378523202	0.5156004330108099	-0.19150165930782656
921	0.330305067370674	0.4214740364185309	-0.9931290352326075
922	0.32546923010933226	0.5212655875852054	-0.14325437522924547
923	0.38567276470419515	0.5759139878098094	0.32215867845743923
924	0.46427337710243566	0.6728267555765794	1.1475161821022362
925	0.43081675998337415	0.58018927084708	0.35856912278102576
926	0.33423496643592415	0.583139003734749	0.3836905203913436
927	0.3635173752555189	0.6129858734807754	0.6378813610087186
928	0.46276645504239383	0.5105116289428181	-0.2348404547924745
929	0.4255308122560445	0.4204920350233633	-1.0014922492731122
930	0.365511094534005	0.4085492031753963	-1.1032033664729606
931	0.3584731448496603	0.43705670220341636	-0.8604192754278296
932	0.29736459072842425	0.5140798397762413	-0.20445179028709146
933	0.3054060206657397	0.5966939749399112	0.4991314210453627
934	0.37525944796236355	0.3992864474003104	-1.182089618094573
935	0.43997511890129326	0.5418564167968617	0.0321074041083198
936	0.5799924085530536	0.7159492863190057	1.514769178220037
937	0.5349791187373906	0.7250571428607667	1.5923362306537656
938	0.4755603182152204	0.6169970422797414	0.6720424766480932
939	0.46982105883772435	0.5101801537415941	-0.23766346305967015
940	0.4616102272667171	0.4125481039748504	-1.0691467312409169
941	0.5033940405219647	0.40916771329048346	-1.0979358256077987
942	0.4314309615285228	0.38457336076461845	-1.3073936078203536
943	0.42634603072210103	0.38085927905623096	-1.3390245815073791
944	0.39873412691366494	0.6034995601291286	0.5570911814778837
945	0.4310191256022569	0.6817318702021078	1.223356583180091
946	0.49876267877729075	0.5368169298501655	-0.010811382155071885
947	0.5639422658723503	0.5285747156850762	-0.08100619202961207
948	0.4233395979990472	0.5174244095860844	-0.17596776436739858
949	0.378252165644699	0.47194007175300484	-0.5633350885490047
950	0.33349839375426144	0.3779710930590608	-1.363621815077501
951	0.3023626743345118	0.3426993582542153	-1.6640135143199466
952	0.2869515968385843	0.41271621259043234	-1.0677150343603594
953	0.3146935589432414	0.4418637853741036	-0.8194797557236803
954	0.3669774656712539	0.5383888269144731	0.0025756778462044366
955	0.3693580994749506	0.5660479478988514	0.23813455800960318
956	0.33744060767880735	0.5064984851239294	-0.26901839068732863
957	0.3331980401390198	0.41643137022816334	-1.0360748975220018
958	0.3730311547420336	0.4834212746470274	-0.4655554339398719
959	0.33423475390105334	0.48150338752780897	-0.48188911794733036
960	0.3409927384669543	0.4812560947173453	-0.48399518695574817
961	0.2894081466960725	0.43109421317564467	-0.9111988081238149
962	0.30915517337581877	0.4364183154311603	-0.865856095826739
963	0.3303095276988044	0.4342632346340769	-0.884209839588492
964	0.3754348101034683	0.43250268882734777	-0.8992035264429552
965	0.3595474471607444	0.6572479533968824	1.0148393266877347
966	0.3672960123944517	0.637984903629823	0.8507855798523551
967	0.39842283080235846	0.5300492484136758	-0.06844833530996468
968	0.34003521698077854	0.501720703832283	-0.30970836096373444
969	0.2816682851241905	0.4212935508421083	-0.9946661404895591
970	0.21433839278893796	0.3447336267185473	-1.6466886686865514
971	0.27301624586042134	0.30930927418084175	-1.9483801367201272
972	nan	nan	nan
973	0.2827050023035324	0.21590241131230312	-2.743879604303214
974	nan	nan	nan
