ID	SN	ssim	z_ssim
2502	0.3672533586989683	0.3840250439494429	-0.5384841756857968
2503	0.372380460668125	0.19109481773169443	-1.8157577427568046
2504	0.4431099746219778	0.29011523449500487	-1.1602038494576516
2505	0.5212987244742463	0.49689781615888273	0.20877772936390412
2506	0.5417304592299385	0.46485151599135266	-0.0033813134613090465
2507	0.5522702921371129	0.49615308176046563	0.20384729632479548
2508	0.6241072585949284	0.5022629135789193	0.24429677297731556
2509	0.616304613973209	0.48757879888329736	0.14708218963158057
2510	0.5286919981730266	0.548357676385794	0.549462133884422
2511	0.47849154536856836	0.5545006375274526	0.5901309396159266
2512	0.5144646834553025	0.5092493670779179	0.2905498280676577
2513	0.5649494140726921	0.33007803565375865	-0.8956344733321021
2514	0.5003184087344003	0.29516612707567086	-1.1267649647899973
2515	0.4174454583058327	0.5124264284921872	0.3115832174175849
2516	0.25244770201060185	0.5062803437700905	0.2708937323617125
2517	0.1879532587617544	0.8478470889399193	2.5321991978075746
2518	0.24345543096644381	0.8707844593352991	2.6840535623542143
2519	0.327211794244388	0.2000049410136658	-1.7567692412113736
2520	0.2894010337574043	0.03216237566684924	-2.867952679647394
2521	0.3098634067399817	0.1835739564915409	-1.8655487861406186
2522	0.31112555995171554	0.3127969610203599	-1.0100419473321038
2523	0.3272456276796099	0.2468417196761218	-1.446691445082158
2524	0.44015924922186855	0.38640775882910816	-0.5227096711235707
2525	0.41758291409226134	0.5842532493929105	0.787104868647564
2526	0.414576673798045	0.6079086486797997	0.943712865331053
2527	0.4063693267863649	0.3175259707770616	-0.9787340528716543
2528	0.34031243933667393	0.22420139055778007	-1.5965792801796408
2529	0.2265222364393039	0.4090342427855859	-0.37291349641351057
2530	0.23580856203451828	0.4337481003634084	-0.2092980918014663
2531	0.21619973981553037	0.14031985107256273	-2.1519078839452797
2532	nan	nan	nan
2533	nan	nan	nan
2534	nan	nan	nan
2535	nan	nan	nan
2536	nan	nan	nan
2537	nan	nan	nan
2538	nan	nan	nan
2539	nan	nan	nan
2540	nan	nan	nan
2541	nan	nan	nan
2542	nan	nan	nan
2543	nan	nan	nan
2544	nan	nan	nan
2545	nan	nan	nan
2546	nan	nan	nan
2547	nan	nan	nan
2548	0.47403529847530484	0.5604155630445898	0.629290060311231
2549	0.431091485829552	0.44266052292329006	-0.15029436813684874
2550	0.467985622200369	0.3767906884294571	-0.5863784391281834
2551	0.46972315712017604	0.3947996370642368	-0.4671521545128206
2552	0.5254352181992623	0.5568349572718359	0.6055850494516118
2553	0.470600791963858	0.6211470823006568	1.0313564744473391
2554	0.42713011551712043	0.5623891490745508	0.6423559718473774
2555	0.41452246006169297	0.5110217850283714	0.30228392822551114
2556	0.46514077789096747	0.4681044515923973	0.01815439268516673
2557	0.5534303413090769	0.394788626918958	-0.4672250459814616
2558	0.604076744171619	0.49681726258156345	0.20824443317149305
2559	0.6615111857177344	0.7265681859749434	1.7292854188867945
2560	0.6465398332576103	0.6340110438672715	1.116520932080379
2561	0.6061352742597843	0.5625477657189369	0.6434060760801025
2562	0.5439246098165291	0.5251052119113472	0.3955217232773858
2563	0.5286579558693302	0.485112407551906	0.13075371422677923
2564	0.5759987332570345	0.4465243694133413	-0.12471419293199268
2565	0.61414020858891	0.5695602854332089	0.6898316997120097
2566	0.6857013556088538	0.6095276222584686	0.9544311037240681
2567	0.670990429420062	0.5262777086836181	0.40328411056141605
2568	0.5378698053248723	0.3364122236810267	-0.8536996708146579
2569	0.4293352857157149	0.2546514263521882	-1.3949881319234452
2570	0.4347264231461102	0.36265238530259536	-0.6799795363808058
2571	0.5250290326059528	0.42433481649178606	-0.271617713274304
2572	0.49160019247066084	0.4991112536916332	0.22343155167246365
2573	0.45571025546366656	0.5562120923512497	0.6014614400280548
2574	0.48091931512994873	0.6306535842061091	1.0942932357687087
2575	0.452071960336161	0.6336523095514779	1.1141459705818768
2576	0.4156748339483076	0.6775283429815249	1.4046224751025944
2577	0.44640382223027936	0.6348704394341078	1.1222104669070223
2578	0.5335664739495211	0.41480827066226544	-0.33468717321369135
2579	0.580484030900723	0.4700325284758531	0.030919015869401614
2580	0.5652619070149419	0.5414898007538183	0.5039941106584857
2581	0.5131866502642177	0.4922867274174533	0.17825051815232698
2582	0.4725053586173433	0.5172972077697661	0.3438296815629545
2583	0.43834884947800284	0.4807676909069158	0.10198999049177382
2584	0.45369315087999473	0.6153264139258849	0.9928213729055447
2585	0.43193721356944903	0.49102099739122596	0.16987089025657365
2586	0.3644487012947859	0.39661391128770657	-0.45514094945446565
2587	0.32356459448165736	0.34568550264732484	-0.7923069365815056
2588	0.33323332472134126	0.4278595294266909	-0.24828273486513497
