ID	SN	ssim	z_ssim
245	0.4568727576495047	0.3268218433858596	-1.324067781617936
246	0.5583361021409745	0.3746740747351161	-0.9974964481034726
247	0.6227923084207241	0.459010049709208	-0.4219389237423951
248	0.5380940940760367	0.6810615769703803	1.0934692677239155
249	0.4816688316856088	0.5992754449871904	0.5353133483102388
250	0.4293331465583907	0.6376746930376728	0.7973720504483476
251	0.48520245081669494	0.6586076453031625	0.9402306370384129
252	0.5067716082760092	0.729553821347928	1.4244084207155985
253	0.5352461658270766	0.4230185084291552	-0.6675660407995043
254	0.6043474736215131	0.5630092869913229	0.28781208777935036
255	0.5850074402805006	0.6332911779469043	0.7674564053820849
256	0.6513192219165268	0.5804548201024109	0.40687050681893083
257	0.5763930102635442	0.535923287184571	0.10296154210880047
258	0.6790990368390086	0.5011055867009805	-0.13465460569096185
259	0.6248775467371799	0.42288967904321345	-0.6684452471223148
260	0.5644396748073642	0.46270503084654535	-0.3967222330404725
261	0.5179320919209853	0.597485703207066	0.5230991141292682
262	0.5086503605563079	0.6087448796607295	0.5999382533934542
263	0.5412256007596301	0.568388689288081	0.32452424376516176
264	0.6512741684383531	0.44992486171972745	-0.483941506971993
265	0.748062786991149	0.35915968462211567	-1.1033756291783774
266	0.7024010693343732	0.27625024267316933	-1.6691976662029495
267	0.6232409813535127	0.3315690111995996	-1.2916703598125663
268	0.5773090826229647	0.3608286906385251	-1.0919853657558765
269	0.5637847078653395	0.38315112966713427	-0.9396441169714251
270	0.5705301247606819	0.4801168699835011	-0.2778937611894243
271	0.6790381895230684	0.6372476454682441	0.794457630570943
272	0.578348307051929	0.6784572760245993	1.075696010160872
273	0.6140470127284889	0.5872027225828721	0.4529221004298108
274	0.6388087054629495	0.5277740360085988	0.04734633360874997
275	0.6865522033340072	0.5306167455821947	0.06674662968831757
276	0.7273899700464612	0.5375657664287348	0.11417077147830422
277	0.6537768409163962	0.722630676490061	1.3771608716547004
278	0.6076394206588008	0.679931075618865	1.0857540719327379
279	0.7231462098085231	0.6208369644073161	0.6824616411084561
280	0.7893105791899668	0.6191903196764488	0.6712239840458404
281	0.8166393618452803	0.5738638351987669	0.36188980960866063
282	0.7139865352485816	0.7013106081979115	1.2316603811557372
283	0.6911500013021064	0.7925162248594864	1.8541003179642903
284	0.597321650553229	0.7346195061395286	1.4589795868015174
285	0.6052396375481962	0.7039633826450744	1.249764449958718
286	0.6396456663082428	0.6466199097858839	0.8584193888831646
287	0.5361116102416914	0.5943331512344483	0.5015842741177919
288	0.511936015240758	0.5245145113814027	0.025101450264491506
289	0.5849534667082592	0.5477917396928158	0.183958733944679
290	0.6290320841505347	0.56369805439817	0.2925126353649719
291	0.6588278455887888	0.5620790480117503	0.28146359836766766
292	0.6606429615477629	0.6257212416516221	0.7157947770553583
293	0.9125894367691236	0.5399815892369728	0.13065774510055334
294	1.0223960900991893	0.5709604876791263	0.3420756850754757
295	0.9543146575695423	0.4787364224519411	-0.2873147344338687
296	0.816247902721146	0.46691451736486766	-0.36799425971638144
297	0.7595049099695451	0.5476263215620122	0.18282982484178412
298	0.7725126106564045	0.5680524968849773	0.32222987214855575
299	0.769955640242014	0.7350582806043927	1.4619740378033301
300	0.7106231881670128	0.7455832836356782	1.5338027525415001
301	0.7001598684922665	0.6927870910175529	1.1734909647390375
302	0.7154277397154256	0.6810360754026134	1.0932952302598822
303	0.6613948987869338	0.6927881325757559	1.1734980729352846
304	0.6224892654822815	0.6585381639427655	0.939756456004855
305	0.5645215674159266	0.5255937499400477	0.032466799075595625
306	0.554010068840952	0.46540528848109297	-0.3782941114736706
307	0.653925747833981	0.4679356437095054	-0.3610255023010539
308	0.6363450461430317	0.5168775354004396	-0.027017695693783848
309	0.625412404457208	0.6101993805316414	0.6098646095030529
310	0.5425984674846621	0.594461304429631	0.502458865723343
311	0.6788639185434338	0.644848711664534	0.8463317073665836
312	0.6700223914770033	0.4799602002644805	-0.2789629660649185
313	0.5481003804840882	0.4652527868018511	-0.37933487123238935
314	0.5528108579249812	0.5271148957763311	0.04284797901680551
315	0.5339615414750516	0.5324395608531381	0.07918657652042631
316	0.5831514335792463	0.5588758093169466	0.25960284281601564
317	0.604142491498707	0.5395548562507737	0.12774547212125334
318	0.6607839015804419	0.6099056836306058	0.607860251797762
319	0.7320115370024145	0.564667977229288	0.29913195035683676
320	0.9227907697524808	0.6118592164727474	0.621192291022144
321	0.888782235132371	0.6671115580666802	0.9982662615634914
322	0.8331996325629889	0.6267765338948835	0.7229967023451953
323	0.7576144699961006	0.49917145005021063	-0.14785427407488821
324	0.8358122744996809	0.5780119948487115	0.3901992528742425
325	0.896344284940931	0.5768679370592449	0.3823915401012097
326	0.8230640514766889	0.615980698766043	0.6493196725595713
327	0.8181453952200433	0.6798715021826511	1.085347508310565
328	0.6885923063666936	0.13744946030333283	-2.6164545717489567
329	0.46471577874096043	0.06348696600117086	-3.1212174576846454
330	0.42962105038719134	0.3054760912942692	-1.4697435532353893
331	0.35417519125844427	0.029152507886317295	-3.355535679759329
332	nan	nan	nan
333	nan	nan	nan
334	nan	nan	nan
335	nan	nan	nan
336	nan	nan	nan
337	0.11122937805313401	0.16331734105637583	-2.4399171758006353
338	0.27861713230687046	0.22292297939602368	-2.0331337876763094
339	0.2946350712003078	0.030976587837248194	-3.343087102018727
340	0.3773934106205056	0.032550584793237636	-3.3323452354354632
341	0.4384006245719103	0.02198417935047401	-3.404456504201855
342	0.4505120460681662	0.024776381140181908	-3.385400902483911
343	0.5963235085215315	0.4528618528521861	-0.46389777894504325
344	0.6000836762842365	0.5097523015176373	-0.07564441727184323
345	0.639691648915556	0.5440204022687202	0.15822094373107698
346	0.6382231481686753	0.7072692801072749	1.2723258083792517
347	0.596173725529902	0.6332725920120258	0.7673295642010839
348	0.5985429393694041	0.544880316633831	0.1640894972552135
349	0.5843161148366656	0.5121109112376696	-0.05954789889030074
350	0.5540663311905363	0.5843997601403866	0.4337930617868164
351	0.5332502684753079	0.1463542901255164	-2.5556828570816736
352	0.3901149537831518	0.22418472120482502	-2.02452293101544
353	0.32373477644887233	0.06422934668461722	-3.1161510220570365
354	0.28810047668926186	0.06919241879446146	-3.082280144324906
355	0.3236135792256567	0.07866068726123923	-3.0176631981118724
356	0.5148980885730261	0.4047780455282271	-0.7920495209950366
357	0.7203393445988646	0.43738068372876066	-0.5695502407518956
358	0.8568666231189189	0.3570255059343175	-1.1179405002487675
359	0.9929978034516196	0.4461677147916063	-0.5095824530246659
360	0.9332674629007669	0.5678627165005675	0.320934700921132
361	0.6958405306726388	0.5829134474498134	0.42364960340057545
362	0.6269857910710569	0.5691765491787384	0.3299010558355681
363	0.5829313962225049	0.5023851634739108	-0.12592203290830337
364	0.6474073074989635	0.45713090659299704	-0.4347632844048383
365	0.7930392736552837	0.633051745059559	0.7658223767254717
366	0.8769058502180792	0.49424642307306976	-0.18146550979304432
367	0.8778609514511713	0.3006714144776799	-1.5025334497743303
368	0.8249936149041248	0.4236911581874027	-0.6629754893801612
369	0.7543331471001443	0.5900613027913786	0.4724307069112204
370	0.6349890019103714	0.5785797116806441	0.3940736812474921
371	0.6028697613975433	0.5047129190983841	-0.1100360807395996
372	0.46230759851037545	0.2536486131495185	-1.823444272578876
373	0.38420786078216596	0.4615926940290945	-0.4043134635337985
374	0.28170390072069273	0.472732657511748	-0.3282879026089555
375	0.23269961884511128	0.4172532918992521	-0.706911216501522
376	0.3130854722300076	0.3503001857560814	-1.1638379791539473
377	0.42590493533508295	0.5128757970873539	-0.054327874977630815
378	0.4986524131767478	0.5222378258140467	0.009564029735487253
379	0.5010533450890623	0.6082958509531734	0.5968738215022303
380	0.5130922621890358	0.6448218118473775	0.8461481274391199
381	0.557989119251602	0.6461004149052441	0.854874055026395
382	nan	nan	nan
383	nan	nan	nan
384	nan	nan	nan
385	nan	nan	nan
386	0.743120993179855	0.45810153836102924	-0.4281391312169912
387	0.7000770766033056	0.626569060921037	0.7215807866433184
388	0.7035902935899763	0.5512600273734173	0.20762833724068933
389	0.8080817336462434	0.5931027781408859	0.4931874957324253
390	0.7883781577722886	0.5126985467299406	-0.05553753404585423
391	0.6163040525841066	0.5156601533260508	-0.0353258158424159
392	0.541219669585482	0.5300138987916994	0.0626324541373367
393	0.4683860446024133	0.5318403076413508	0.07509692563125717
394	0.5240562300061968	0.5950981800293711	0.506805273571536
395	0.5811023883943846	0.5865677558454663	0.4485887197634321
396	0.5075373973309497	0.6280074214018768	0.7313969913856633
397	0.5329522281716584	0.6182572027981889	0.6648558541871911
398	0.5714371316191172	0.5336807493444062	0.08765716544192959
399	0.5435972161180025	0.5958373410862338	0.5118497366031508
400	0.5853218876364027	0.591930533591281	0.48518742018787153
401	0.5706128711569959	0.4679282740269309	-0.36107579728204187
402	0.5255687175769245	0.5045063876598614	-0.11144557085927105
403	0.5050989278801371	0.5367817250009718	0.10882001880960705
404	0.5637634504213488	0.575818871096413	0.3752321065540853
405	0.5721678139854496	0.5652137296301791	0.30285648073509497
406	0.5565843565046059	0.7085012902506824	1.2807337589406251
407	0.5916548730039931	0.743506165017764	1.5196272924261907
408	0.6441865720411291	0.7666302674972232	1.6774395567681633
409	0.6668156644583221	0.5099475422984484	-0.07431198113776766
410	0.5828342489243359	0.4742425819409359	-0.3179833040470408
411	0.5127461037563134	0.5572259109585102	0.2483429811149942
412	0.47715434341666857	0.47363354095766	-0.32213975235603787
413	0.4325232853879454	0.5569568343193059	0.2465066463317491
414	0.4809795493680593	0.6017466296841409	0.5521781435159947
415	0.5142242484503542	0.5845503831181853	0.4348210001991052
416	0.45823538603630076	0.4678891118598441	-0.36134306258541926
417	0.5272491243997929	0.5033596354971176	-0.11927167159560949
418	0.5691730182687865	0.5444704127923089	0.1612920761033858
419	0.5848220983595624	0.5008942230988618	-0.1360970732928702
420	0.6483655765948779	0.465604753183275	-0.3769328488544791
421	0.5270315944872443	0.5774634814195244	0.38645587964023786
422	0.5408998814167472	0.5742889085586276	0.3647907563368913
423	0.5038141359592305	0.559066316519805	0.26090297427336606
424	0.5480933009939408	0.5072257424132947	-0.09288711949582429
425	0.577954383474282	0.5275000983364521	0.04547682432213207
426	0.7018963408228198	0.6197503987075764	0.6750462876440546
427	0.6084952599285035	0.5953428502071361	0.508475044530402
428	0.5884507796719931	0.49285720865010796	-0.1909463133805078
429	0.5822575546146942	0.41091954414687637	-0.7501363784493715
430	0.6090190612189678	0.48181912725671705	-0.2662765719377582
431	0.6172281694286991	0.5583845007725319	0.25624986883773837
432	0.5458387202102142	0.6167317557970772	0.6544453206067874
433	0.5375647730002072	0.4921062189325315	-0.19607150204171347
434	0.5130893169054479	0.46303399538637907	-0.3944771885478056
435	0.49491014774152603	0.5263672475763366	0.03774559480634195
436	0.5539066122617996	0.38387947958922564	-0.9346734353832147
437	0.5482806220603631	0.40638220865250113	-0.7811017830129698
438	0.5201237925822765	0.5560414955209421	0.24025984438394735
439	0.5816765283975031	0.5006779318599102	-0.13757316994166363
440	0.5809801191357876	0.3937778416905527	-0.8671212811806996
441	0.5565867668202042	0.6101879389427715	0.6097865254758421
442	0.5298053489892302	0.613167835570247	0.6301230654433784
443	0.5766901997134084	0.7149304065774507	1.3246097712592217
444	0.5560246262007724	0.488445053720403	-0.2210574132903463
445	0.5670193662358708	0.39097713394553496	-0.886234932462688
446	0.5691161498761784	0.4332779511531168	-0.597549663359846
447	0.5669474704341403	0.7295655261396609	1.4244883009915423
448	0.5178110945404109	0.7131664571051604	1.312571558720844
449	0.5526990574678279	0.7473811820760581	1.546072652494819
450	0.5743886324544882	0.5004221248607067	-0.13931894501832592
451	0.5993158241150442	0.6037427375484947	0.5658007393431974
452	0.5580211083035365	0.6454941319719123	0.8507364292471472
453	0.6299374213428963	0.645084439297407	0.8479404492213092
454	0.630714548231883	0.5032676906477558	-0.11989915648438554
455	0.564715110800754	0.5153349468083878	-0.03754521341586777
456	0.5714164771686118	0.5781040622794488	0.39082757432930043
457	0.5772813867479253	0.5491519992770669	0.19324193294772027
458	0.5332230111559748	0.5850326901410213	0.43811254258218363
459	0.4470033218783254	0.6300271899901957	0.7451810616929336
460	0.4857280683599	0.6048249023705004	0.5731860586698021
461	0.4986777719134733	0.5436398626017027	0.15562392070813763
462	0.49924089614667516	0.5766046472454336	0.38059469796505996
463	0.5339622684866909	0.7648392608984879	1.665216690732653
464	0.4243165641024541	0.6662577956431827	0.9924396924509422
465	0.4852708406721028	0.5391972086262181	0.12530467765073147
466	0.5051645982349866	0.5358585865196694	0.10251998730936021
467	0.5567768835622898	0.45592247531402214	-0.4430103191429907
468	0.5082606075512897	0.587639964906617	0.4559060952135053
469	0.46265504795167856	0.6131809395774217	0.6302124947756531
470	0.5582048809137834	0.6668322229002824	0.9963599166509166
471	0.5267660528087865	0.4997409951584201	-0.14396736848574082
472	0.501015626097827	0.466590034854089	-0.3702087162476494
473	0.5087628180245111	0.4860172300258836	-0.237626287909179
474	0.5633457214340944	0.5520642923689534	0.2131171072454617
475	0.5527107901628445	0.5363223323251356	0.10568485719802787
476	0.5000526656472324	0.5030074906924729	-0.12167491163688729
477	0.4911253724239901	0.4513651399250509	-0.4741122145673954
478	0.3992001121776992	0.4072640374440375	-0.7750836727542942
479	0.4215628954532791	0.5517043425434262	0.2106606012225184
480	0.4037910570562614	0.5510866629269147	0.20644519787849033
481	0.3751589853071248	0.5453373099185514	0.1672082840325545
482	0.41133188664252	0.42775119784845517	-0.6352674279408881
483	0.38198299531764995	0.34395082903401514	-1.2071696657486712
