ID	SN	ssim	z_ssim
494	0.3888906284874847	0.17838073875380384	-0.9915997190800911
495	0.5687541169597268	0.15110194574186045	-1.2690380161528532
496	0.5097128636782449	0.09022569725844438	-1.888178412284846
497	0.4933983571142245	0.13744263464764994	-1.4079597055217945
498	0.564337476621797	0.1289494039037102	-1.4943399010536493
499	1.032425466929872	0.11768413814983539	-1.608913010848454
500	1.0844776124825963	0.22183430759367784	-0.5496562600938238
501	0.5995953239579495	0.32043004443978185	0.4531092697901725
502	0.2818524015962734	0.2546625531932284	-0.21577739122165446
503	0.362137255146998	0.1569361527553929	-1.209701356429832
504	0.5072688731687934	0.23689844654738518	-0.3964468033427798
505	0.6052799463336804	0.25890071569579154	-0.17267326315726592
506	0.6071181452716163	0.21451867619608872	-0.6240597102783876
507	0.6014896722137169	0.26617064977142724	-0.09873457646784627
508	0.6396223812103847	0.1787284349086355	-0.9880634838422268
509	0.8358900196309077	0.09540848155801226	-1.8354670313400214
510	0.9635820130925026	0.22962804306770224	-0.47039026409458007
511	0.6839852226831842	0.2234623907566785	-0.5330978801083905
512	0.7004525889505482	0.21695043323841906	-0.5993275847615643
513	0.8549430758930667	0.371307946636994	0.9705617295837178
514	1.0117561873924714	0.4145550464135359	1.4104053000117198
515	0.9106070147244856	0.3980653608047701	1.2426973558751075
516	0.7595483176249007	0.3918593990951264	1.1795797741086238
517	0.9459512231730496	0.4342504694250534	1.6107171179888091
518	0.9598377545608759	0.2997941929811043	0.24323284729467107
519	0.7288909638220156	0.31289279842255824	0.37645189353743924
520	0.42947137043903366	0.3221519212272504	0.4706215755390096
521	0.6048284252400045	0.20307639969237787	-0.7404331035746131
522	0.7818505314495903	0.13790360495379483	-1.4032714182987507
523	0.7640922382119709	0.18446379562915716	-0.929732137924434
524	0.7398643377665155	0.25509530439252737	-0.21137610573453128
525	0.699738089658959	0.19884505602746977	-0.7834678808174237
526	0.6246186360221762	0.1960398930911163	-0.811997721845683
527	0.4753678565445794	0.2200964670854338	-0.5673309244743262
528	0.7195188739072484	0.15333888365749226	-1.2462872937987275
529	0.6898501637318174	0.34259847964886503	0.6785727978312812
530	0.5609844642838069	0.46518169897843	1.9253024315654865
531	1.0032411903720713	0.46294964646994896	1.9026013961252883
532	1.2182450443898702	0.29569476325880434	0.20153969757846418
533	1.2895180748122568	0.2914870348718427	0.15874509894236444
534	1.3655598693248874	0.2887430529656959	0.1308374980852986
535	0.7622938250859801	0.24493346209411304	-0.3147268742659569
536	0.3615629277540047	0.2051906516002724	-0.7189301562612083
537	0.465164909248288	0.17639857399326558	-1.0117592772922377
538	1.0471569044399385	0.07345186665687473	-2.0587762461204173
539	1.4699936358044061	0.12154605387065182	-1.5696354914746042
540	1.2184134406281344	0.3714099512245738	0.9715991647466065
541	0.6843730727152755	0.35450685425406203	0.7996866304676398
542	0.6919045346135875	0.3228688017163802	0.477912591018389
543	0.8199229947189562	0.25370107412893017	-0.22555609052676007
544	0.6538511409076009	0.2404259246786146	-0.36057067329328624
545	0.7996250320298249	0.2644967914468151	-0.11575851161476189
546	1.0117330539742033	0.2874032064469903	0.1172106218402315
547	0.9137146926973618	0.47513899634615897	2.0265728808826653
548	0.6941825167027309	0.5251282193708855	2.534987050890057
549	0.6798564727776872	0.5206019971030951	2.4889532180295344
550	0.765933836131347	0.28644581006026326	0.1074734453074989
551	0.7918266651939558	0.37500581103409525	1.0081707689825132
552	0.745043361695779	0.42123102396406376	1.4783031663910535
553	0.744770308204955	0.3617093835979678	0.8729397789817591
554	0.6994422379642163	0.3643923926508554	0.9002272569261841
555	0.8631719545384811	0.2464103147647496	-0.2997065803039267
556	0.9150113787854903	0.1475559686701971	-1.305102289223535
557	0.6837547494270553	0.3605180511528952	0.8608233614898358
558	1.030817978549252	0.4624940244148722	1.8979675031589116
559	1.226392383402191	0.421497555035495	1.4810139141335394
560	1.0057000660094166	0.27033566309952406	-0.05637441029309596
561	0.38967993499762443	0.3221364030724902	0.4704637485256041
562	0.3257737396007943	0.2599794217823631	-0.16170230928957063
563	0.326223950317594	0.16439047893067624	-1.1338873144012847
564	0.538342330681152	0.15227744471706947	-1.2570826325788813
565	1.2418671681060416	0.2191740299531903	-0.5767125487644577
566	1.292545752511312	0.516258767926085	2.4447805119226764
567	0.9300307009923928	0.4583964739036839	1.8562934659133492
568	0.7852842918429107	0.40247718225650225	1.2875676780342198
569	0.92068231931994	0.35227471877939026	0.7769847512218279
570	1.1114638933794307	0.38932829540512426	1.1538372459417314
571	1.3091845164699363	0.3686514302341535	0.9435436944885708
572	1.037023750877443	0.2765485679920001	0.006813786944549691
573	0.5280711881773108	0.3199709451275009	0.4484400114644565
574	0.4471428089530947	0.33032246448418173	0.55371988587737
575	1.0197723298866115	0.3134858304382529	0.38248331114715234
576	1.5905388735573256	0.36211775972565174	0.8770931583992503
577	1.579180131250575	0.4991363639183762	2.270637520786275
578	1.0378654805780203	0.49603661433278184	2.239111593447673
579	0.8872339601148209	0.5186299867124807	2.4688969345883174
580	0.9736304021456884	0.4109876586778496	1.3741232703063093
581	0.5578100392173124	0.2956555666544855	0.20114104947301129
582	0.5458308325154774	0.33433611558348464	0.5945406262065803
583	0.6865289163603854	0.296601272482072	0.21075932745996312
584	0.6569975593328666	0.3207125279333255	0.455982261251547
585	0.618728013785757	0.4316386014597004	1.5841531787350023
586	0.7814798419462954	0.42841656078643403	1.5513834928805432
587	0.8455924891338864	0.40036659465038604	1.2661019984124204
588	1.1430179129403109	0.42255655784669033	1.4917844763209742
589	1.2785094768498002	0.37528963640849783	1.01105740801034
590	1.0397710987982045	0.3090437841594983	0.3373055881241248
591	0.39338765936239656	0.330460801258761	0.55512683665943
592	0.48917425851015833	0.2636049613313108	-0.12482884798981302
593	0.6031315313361486	0.1533900338238265	-1.2457670722831882
594	0.4987973121581992	0.20852513692000382	-0.685016854880338
595	0.31341863157350214	0.2411500889549516	-0.3532055782342818
596	0.3284752291087686	0.19662973158106592	-0.8059987839114443
597	0.36696343357118044	0.22158913814350417	-0.5521497499898272
598	0.5825263416173685	0.220606322967665	-0.5621454476954664
599	0.8145682555199149	0.14897145262915504	-1.2907061442425178
600	0.9391357303572133	0.25625774964487447	-0.19955348472962486
601	0.7082505914244881	0.3118543784069203	0.3658906681687538
602	0.8499250226670998	0.32903255856980346	0.5406009293270377
603	1.3678270439735905	0.38886528701950135	1.1491282304812092
604	1.3638250596958386	0.36750662406172696	0.9319004713145345
605	0.6534166896242126	0.3233886316273601	0.48319950841266657
606	0.606846630756216	0.41313010103134606	1.3959129278571543
607	0.9996442033570687	0.3408495455312444	0.6607853061679706
608	0.981241563695699	0.22376681009488342	-0.5300017906754523
609	0.661605539304374	0.2817153847184236	0.059362770077285236
610	0.5620992922092457	0.09236994714777463	-1.866370371235017
611	0.48379945939783114	0.1744543805739468	-1.031532648907313
612	0.7721895840008537	0.31297280424544144	0.37726559080208366
613	1.2752375508619387	0.29787756722358005	0.22373985190955584
614	1.2828802458948423	0.33314475838715796	0.5824239569826326
615	0.7832993712646149	0.4280909337271605	1.54807171083923
616	0.7272368892542346	0.4241550773074513	1.5080421793959238
617	0.6652419434068865	0.42797460996146003	1.5468886428255204
618	0.5672086670690925	0.33771136855258455	0.6288685539681521
619	0.816455313547573	0.34051057269622154	0.6573377912408439
620	1.0278841709030562	0.4117031233739071	1.3813998864968777
621	0.7160869709741963	0.3653818850764273	0.910290865436901
622	0.8236028062072223	0.43363994762707214	1.6045078209761605
623	1.1461217163260615	0.43792227214984586	1.6480610977868717
624	0.9196506289858735	0.2976769843581974	0.2216998287835555
625	0.5372405989519001	0.21475107257181114	-0.6216961286236538
626	0.45173618202593174	0.2976895817647062	0.22182795039831366
627	0.7178670818707988	0.2853997253033584	0.09683426587524196
628	0.9809121952705948	0.2804076273888658	0.046062256145525754
629	1.0447665236352224	0.33443034007998157	0.5954989341434161
630	0.8016969930709837	0.39216477938933414	1.1826856369210832
631	0.7310164821372073	0.39650793230671566	1.2268575674312552
632	0.5676677728134394	0.3677754431742123	0.934634489522594
633	0.752211680235037	0.40171271880626885	1.2797927212128435
634	0.9942036377934914	0.32386563850531735	0.4880508951970641
635	0.7968013772269701	0.19598085313940605	-0.8125981862304004
636	0.43033041677568845	0.3733554027565219	0.9913853319654038
637	0.6597691551941555	0.4076900662794999	1.3405851874799297
638	1.026527466012803	0.29671213055302686	0.21188680675895621
639	1.0028221273412032	0.3465830624933872	0.7190979001862706
640	0.7248494235578369	0.26666125193863105	-0.09374491912671541
641	1.1781849310810157	0.36723709826569984	0.9291592657987989
642	1.4505653662796931	0.3525535043494116	0.7798201330424718
643	1.0917990244316125	0.3160403807642347	0.40846430275175727
644	0.7674487024237231	0.2686833823750465	-0.0731788909856433
645	0.39554452242619675	0.20034374147543452	-0.7682255371276195
646	0.3342712727968112	0.14875455006640534	-1.2929121464514002
647	0.3717485640997127	0.15133003328631411	-1.2667182573611417
648	0.3581538714970766	0.2944489439722639	0.18886912299817196
649	0.4933642383898714	0.20562264708004815	-0.7145365568010106
650	0.569053100453853	0.11499619281276786	-1.6362506931503866
651	0.9868102159447136	0.14043385318470467	-1.3775375905576317
652	0.8852249848166863	0.18859270049541282	-0.8877392119776051
653	0.7538496651587869	0.13381760390210173	-1.4448279920490235
654	0.5183732831300512	0.1206558266515782	-1.5786895256307147
655	0.3219554020982436	0.22086292273916988	-0.5595357059959561
656	0.3561253076193111	0.23795644371840882	-0.3856864689941125
657	0.33941783933620157	0.22892526699631577	-0.477537830938303
658	0.3332645390621466	0.20820180088251433	-0.6883053361406366
659	0.40026546629872456	0.2135464196397414	-0.6339480218027547
660	0.6877589781766891	0.26773092314737507	-0.08286585426296686
661	1.102645090253501	0.26238179089223823	-0.13726907302093713
662	1.430103569255669	0.38505811200419265	1.1104074501137364
663	1.2950859851473797	0.4341352495587502	1.6095452771569179
664	0.7952817216952422	0.32237008445938775	0.4728403993550625
665	0.4641548834427308	0.23232175402114866	-0.4429939427322963
666	0.30842339507361255	0.2172628032751065	-0.5961506329441882
667	0.25038838012391607	0.21528300288614452	-0.6162861443730523
668	0.31751140715999054	0.09082238398562817	-1.882109824521329
669	nan	nan	nan
670	nan	nan	nan
671	nan	nan	nan
672	nan	nan	nan
673	nan	nan	nan
674	nan	nan	nan
675	nan	nan	nan
676	nan	nan	nan
677	nan	nan	nan
678	nan	nan	nan
679	nan	nan	nan
680	nan	nan	nan
681	nan	nan	nan
682	nan	nan	nan
683	0.8831291232508082	0.24481214426223047	-0.3159607343076136
684	0.8731652401141652	0.24619388263944164	-0.301907797940315
685	nan	nan	nan
686	nan	nan	nan
687	nan	nan	nan
688	nan	nan	nan
689	0.4178505436279628	0.3154401814834848	0.4023599906481154
690	0.4702149997015391	0.21841162573626402	-0.584466562203854
691	0.3662513047372947	0.3511757502490384	0.7658077186652964
692	0.5277849067140721	0.27694332044656667	0.0108286071278432
693	0.6746443419149628	0.27591214737741526	0.0003410866511343445
694	0.7011821346994855	0.18442328334299396	-0.9301441671399026
695	0.6484554957016018	0.2935308730613585	0.17953190525535925
696	0.8255652600444466	0.29710367150857286	0.21586896447001636
697	1.3604989655371622	0.2635216461990503	-0.12567620250453174
698	1.169628071579069	0.26250280777233537	-0.13603827380205277
699	0.6601577130990384	0.34238759146362485	0.6764279647017442
700	0.49428446604493637	0.3553177752869151	0.8079340829966699
701	0.9019223417212459	0.22964963925559048	-0.470170620593918
702	1.3585657080847187	0.21607596080227448	-0.6082213852832663
703	1.0847970999744663	0.1977429765959515	-0.7946765527181737
704	0.8013182863309711	0.17030923837051784	-1.073690716294688
705	0.9684649033821568	0.18309020706384177	-0.9437021868291956
706	0.5877788588999127	0.6141644169980701	3.440527520979946
707	0.5044200650502882	0.30832449347326435	0.32999005979405277
708	0.6580638369704839	0.20298943672588501	-0.7413175582981637
709	0.569790357027836	0.16746357601625583	-1.1026324556621467
710	nan	nan	nan
711	nan	nan	nan
712	nan	nan	nan
713	nan	nan	nan
714	nan	nan	nan
715	0.6249346859518214	0.2169094790522702	-0.5997441083100279
716	0.6377600524944164	0.2561056249653287	-0.20110066506188676
717	0.5867548349862918	0.23241795608641028	-0.4420155219807117
718	0.9234192096055575	0.2566939314683539	-0.19511730816318945
719	1.2872845972474551	0.29140087368099016	0.15786879865835182
720	0.9890603311792944	0.20211188786338935	-0.7502426475388182
721	0.5064366687551312	0.17637128498799393	-1.0120368194528482
722	0.4182697641558524	0.12419375228685789	-1.54270713949683
723	0.36507112576580697	0.18185914564525418	-0.9562226668744593
724	0.3491478219417323	0.17513300529487574	-1.0246307127826622
725	0.3402988697121206	0.20236259580405455	-0.7476928285607454
726	0.32543298026894396	0.24371188751402711	-0.3271508686522932
727	0.8519012938218776	0.24995249222440785	-0.2636809510942017
728	1.016999038375975	0.2736909964315453	-0.022249074713186594
729	0.7690680282276184	0.2934440311575673	0.1786486817970544
730	0.9763760548104219	0.2942919130752023	0.18727204410067447
731	0.9330819801425971	0.24274421911344418	-0.3369925164506877
732	0.6404905379546497	0.20796205996230874	-0.6907436153053846
733	0.6498007907573811	0.2530444888671116	-0.23223387487162672
734	0.7588154819513026	0.21857553795090642	-0.582799497034222
735	0.7793580597478615	0.2066689825465686	-0.703894827532741
736	0.8999898447848719	0.1989697306590892	-0.7821998805261525
737	0.7526386725934714	0.1951518404010492	-0.8210296400077232
738	0.32612148533534857	0.2023844115580334	-0.7474709519685295
739	0.29307361305877544	0.16158664772998163	-1.1624036110446005
740	0.32907437320274835	0.14973206128162483	-1.2829703925475056
741	0.3475854588323985	0.17955726242438697	-0.9796339138668815
742	0.42049860796338223	0.24985439902549494	-0.2646786055743285
743	0.44939740358012153	0.19455001564442975	-0.8271504839739361
744	0.47890647673354053	0.11595154317630152	-1.6265343256464952
745	0.915523864728194	0.1646153043874629	-1.1316007325923978
746	1.5570575241673492	0.22064145510202932	-0.5617881371822666
747	1.4186080738120919	0.14959756018549866	-1.2843383326556814
748	0.9910642157646149	0.11096250953379654	-1.6772751702729154
749	0.8853730283136545	0.16540300302882183	-1.1235894628280256
750	0.5015296066958179	0.27208362516150963	-0.03859680489784453
751	0.5975871742387397	0.2392396730181277	-0.37263541678985973
752	0.5475034529764107	0.11599954788210527	-1.6260460949603415
753	0.5200363557436427	0.06513498354118401	-2.1433629024127314
754	0.5774043918064459	0.06809385909296357	-2.113269730989182
755	0.6994292401656254	0.10641636158417207	-1.7235116567931374
756	0.6683989500617254	0.06404783073679438	-2.154419763417384
757	0.532000040724232	0.19985717941384662	-0.7731741046734071
758	0.4432183543379745	0.28286498785066505	0.0710547806137828
759	0.8851522474894066	0.3533462526665867	0.7878827604112146
760	1.10480386695632	0.26988345164973504	-0.06097361578181902
761	1.0664981016483768	0.3340793961355226	0.5919296673405902
762	0.9141145873578654	0.46567212537599445	1.9302903012458
763	0.9102439450935474	0.4514586567294696	1.785732566046063
764	1.1362376112135535	0.3969649407095638	1.2315055602137297
765	1.0955961772201	0.2696598421633112	-0.06324783059387425
766	0.6421001191828245	0.3512427682648651	0.7664893237559621
767	0.9383816230591541	0.26110040091495024	-0.15030141844139747
768	0.963511724209011	0.37650240712056826	1.0233918628723726
769	0.9828274829519483	0.3856918346864876	1.1168527111527902
770	0.8068742103599559	0.2803092814983169	0.045062031671295966
771	0.5676545185021614	0.29623323333232476	0.2070161942899112
772	0.27266829727468184	0.21486685282229923	-0.6205185884181172
773	0.2964435502014678	0.16513692058209847	-1.1262956478438935
774	0.39505883299379074	0.1808478163738807	-0.9665083664912588
775	0.38421375799216745	0.19943020702072223	-0.7775166169536846
776	0.40010563143098155	0.14563302509126103	-1.3246595398567815
777	0.5946101957344456	0.1486737158040922	-1.2937342693390028
778	0.8939104762281923	0.1214371822515086	-1.570742767614037
779	0.965411845756326	0.15125230282211935	-1.267508813145902
780	0.699227165674531	0.16448475990760758	-1.1329284320315722
781	0.5360683660849636	0.25872189211735963	-0.17449198398757845
782	0.5353558393118295	0.23156855216810665	-0.45065436375490286
783	0.47218873824310054	0.18195927862364084	-0.955204266867089
784	0.5655877387130553	0.19938815106268998	-0.7779443460461383
785	0.7757688468247386	0.0861396547224829	-1.9297354079498552
786	0.6077735487739321	0.2669325553832089	-0.09098563407987684
787	0.6891577495900172	0.2681611774780319	-0.07848996311729353
788	0.8742531770464729	0.25295577463548535	-0.23313614079437972
789	0.9152959402769966	0.27904811366294346	0.032235355050532134
790	1.1430067283409509	0.2498742713979809	-0.26447649409604984
791	0.9443311155789115	0.3469170598546093	0.7224948121788093
792	0.4427035419519627	0.3963861231760944	1.225618710647794
793	0.561052507795246	0.4910277565032626	2.188169127412135
794	1.227058887930448	0.2512204758376147	-0.25078495477170115
795	1.3451891426707159	0.22969068123211545	-0.4697532041755816
796	1.1199256588744608	0.3153674390190212	0.40162016519261157
797	1.0676037494020028	0.34681584202874993	0.7214653787567538
798	0.6395798859827058	0.34268959561935497	0.6794994905803993
799	0.5298360042843215	0.23789563378709688	-0.38630493491307416
800	0.3559748923423639	0.1658342240180875	-1.1192037403046162
801	0.3770059513493004	0.19087949272179344	-0.8644814475754743
802	0.4285417310461847	0.17326711927258348	-1.0436076609317237
803	0.532854614821909	0.19121980183240378	-0.8610203420901715
804	0.5724787163461729	0.3782104248838114	1.040763215754325
805	0.6382638076051524	0.3428249017450517	0.680875618222131
806	1.0005198330297969	0.27997125312030274	0.04162412232107443
807	1.150505677797196	0.1372012433728776	-1.410414769577295
808	0.8725562528554133	0.3582339725373047	0.8375931957998696
809	0.9473483344540464	0.42620048875290656	1.5288449864699682
810	1.0719165478048291	0.4421712855113628	1.6912755842468317
811	1.1933977526736237	0.35154591955475956	0.7695725165345759
812	1.5103070894362558	0.3572270692816619	0.8273525108677963
813	1.1387027061990074	0.39414972314645724	1.2028734588500203
814	0.4884826704030768	0.33831027267074576	0.6349596936523662
815	0.5219153862361107	0.2533414669523695	-0.22921346651976907
816	0.6166681125673054	0.1716211692734439	-1.0603477551370748
817	0.540261593135386	0.151817960683235	-1.2617558037057468
818	0.43548854945051546	0.1292461122061375	-1.4913222365214711
819	0.3864955633774687	0.2962838453956675	0.20753094304213776
820	0.3837640131964518	0.3898811694722467	1.1594602381177779
821	0.5878561503482408	0.18561925728599385	-0.9179805434068433
822	0.686221784971481	0.1523057124077997	-1.2567951367217538
823	0.6047663650570513	0.1607184422259688	-1.1712336738863494
824	0.75003463096162	0.18962984512998468	-0.8771909578408554
825	0.8394544128048698	0.17694448918872088	-1.0062070601502642
826	0.6507355349036201	0.233921791296354	-0.4267208027626667
827	0.6893156744092943	0.38068769888422094	1.0659582703799213
828	1.1382562012345714	0.18996875265585247	-0.8737441071388931
829	1.006401459780544	0.20527073302624493	-0.718115690077193
830	1.1397164659630723	0.28458215637154016	0.08851920105239824
831	1.0368312328698799	0.26112532668846267	-0.15004791147158827
832	0.5935182542829069	0.37091525765666883	0.9665678959147223
833	0.657371817297141	0.44668519077862917	1.737184147354805
834	0.7137600981144593	0.4327313715346028	1.5952671700520027
835	0.8189491681219714	0.37463917848899486	1.0044419416506158
836	0.9178911543450698	0.4946437685683893	2.2249456896707396
837	1.076143426572889	0.4964565467499415	2.243382505824603
838	0.985314177713174	0.28808979873048135	0.12419359186502898
839	0.6793650263167472	0.3182420125586428	0.43085594506358565
840	0.9000391444562047	0.3528444654139409	0.7827793454321895
841	1.2852289394117877	0.3058437305134143	0.3047595207918085
842	1.2305146640764968	0.2900397658223026	0.14402568447506334
843	0.6208775735560138	0.389331838032216	1.1538732761439132
844	0.6096702929950899	0.3954627255569121	1.2162273177487455
845	0.7835419098521217	0.38206976865152736	1.0800145771420777
846	0.7542663447139243	0.3651927412291859	0.9083671825651007
847	1.0664368387193766	0.33358780148477374	0.5869299159698409
848	1.2708587580496211	0.31363198387985697	0.383969761149988
849	1.3022628647226537	0.1780912069497695	-0.9945443952109054
850	0.9700036139704025	0.21000676098740595	-0.6699480335442147
851	0.7918679461735385	0.25980004441500404	-0.16352666241662087
852	0.7150948486648566	0.16552557482236263	-1.1223428493999965
853	0.7005375893323509	0.21179480223457509	-0.6517628037764142
854	0.7005465247802749	0.29711317436730544	0.2159656130623106
855	0.6975058187204296	0.18358432688203943	-0.9386767533046756
856	0.7791617318653862	0.21416632768007487	-0.627643262241856
857	1.0521447000871569	0.20494492850336998	-0.7214292770077237
858	1.0478965495307455	0.2196929004450695	-0.5714353891186754
859	0.9289294581089373	0.20562221260205724	-0.7145409756487896
860	0.6497243259779748	0.27710348383501543	0.012457544952371337
861	0.39395270640558905	0.26348057735457836	-0.12609389218266542
862	0.37309131307508947	0.14558611334017602	-1.325136654673703
863	0.35419513303851125	0.21772250269261645	-0.5914752712629195
864	0.5286647478214443	0.2346024097829799	-0.4197985890927637
865	0.6460221491236596	0.21157846263532112	-0.6539630803788336
866	0.7839661188265994	0.23757253376058068	-0.38959101582954186
867	0.9425107394990826	0.14514290060065954	-1.3296443389997126
868	0.8760046438401698	0.11853618567594768	-1.600247282325709
869	0.6180245218905905	0.19566170640268998	-0.8158440603096556
870	0.7620565418362805	0.3439178418633881	0.6919913389617176
871	1.0215393863460465	0.3821868696946571	1.0812055504368687
872	0.8432480216353738	0.31684060343220205	0.41660294782240553
873	0.6868163515543122	0.23791133504219072	-0.38614524568220415
874	0.7936530494252153	0.33545838654078164	0.6059546555263664
875	0.6970531067423736	0.38704222078598904	1.130586779946537
876	0.47840450453806244	0.282509303657092	0.06743730322329099
877	0.40127987506354046	0.24160510080779027	-0.3485778913148418
878	0.300988127534394	0.19776632658962073	-0.7944390721787152
879	0.3349639477772562	0.21771885769390728	-0.5915123426331323
880	0.31263885622463083	0.1988494162640617	-0.7834235351378195
881	0.3129388202855039	0.19820942281578005	-0.7899325728489545
882	0.30481588580771385	0.2553652906902481	-0.20863021669758505
883	0.40870753567643986	0.3410777913856711	0.6631066750473906
884	0.4835693832872806	0.22924507896888996	-0.47428519109402484
885	0.5978338839126256	0.22657302096115578	-0.5014612917015859
886	0.6073469895295494	0.2134932595117518	-0.6344886855841453
887	0.6287593066603064	0.26255177457039913	-0.1355402581801017
888	0.8809909357592067	0.31459784502755817	0.3937930283271553
889	0.8570130341665856	0.3241361539320004	0.4908021657271788
890	0.7102535987931534	0.389847127791063	1.1591140180319783
891	0.9103940693854833	0.28343706258225776	0.07687305267816441
892	0.8501201933661732	0.44790034060955114	1.7495427989869226
893	0.7002422774986756	0.47440426325173346	2.0191002959178115
894	0.5676201454781092	0.3202762528202079	0.4515451358851284
895	0.448216758512628	0.30205530491995547	0.2662294309606381
896	0.5613275125104523	0.3227146876810979	0.4763451779922695
897	0.4801971472058883	0.39062952693321507	1.1670713893692959
898	0.4445221181732457	0.3433418294278192	0.686133018575365
899	0.8316180882893488	0.4319402522888729	1.5872211111145456
900	0.9600016317805111	0.26019969658949504	-0.1594620097516857
901	0.6277647526455961	0.2864358939504	0.10737259375468822
902	0.3832413062229296	0.48726289683432605	2.149878714239882
903	0.5365859005121417	0.25465060823867536	-0.2158988770897555
904	0.7320143932162518	0.14704866819439327	-1.310261776303832
905	0.6725438849804294	0.29956704384712	0.24092263258368415
906	0.5309358459344239	0.2729286119438699	-0.030002887496719487
907	0.6860311414611933	0.36773152697666195	0.934187840909624
908	0.9606737908484841	0.39032005488007593	1.1639239114227113
909	0.8654884830272539	0.47662648345813907	2.0417013321702555
910	0.5302093489128106	0.3715885334065706	0.9734154304603803
911	0.43575573504365595	0.11069728741022054	-1.679972605393257
912	0.4693623127233325	0.18497007868710158	-0.9245829984675895
913	0.4428274769963025	0.22496167335941245	-0.5178494630706131
914	0.3987730005033771	0.19711233163248398	-0.801090511893176
915	0.3266728632960358	0.15663864623770052	-1.2127271391908394
916	0.3198828060968749	0.3184085978310787	0.432550196502122
917	0.38465580828676244	0.273461502338088	-0.02458313877713445
918	0.4126241850158543	0.20143273486452345	-0.7571499565013048
919	0.43023232685458856	0.199234605562906	-0.7795059767958785
920	0.38466408281976283	0.2910183122098984	0.1539779665742899
921	0.48199092190352283	0.1369855598686282	-1.4126083733815191
922	0.5154019433728465	0.1813615138303017	-0.9612838190760689
923	0.7004267596559284	0.32041340041228233	0.45293999211561137
924	1.0460268372770245	0.3938359021102431	1.1996817496774501
925	0.911689311375437	0.3469161468435286	0.7224855264219461
926	0.5139928063488581	0.34316282947334503	0.6843125039168287
927	0.7683142693171348	0.35520273897078364	0.8067641089573103
928	0.995535529509231	0.2831536898571196	0.07399101730860894
929	0.8515798765553769	0.22474157239091846	-0.5200879945868829
930	1.0635644559758777	0.22002257864109465	-0.568082405090123
931	1.4169598387926725	0.2988555942669344	0.23368685203087877
932	1.0714196486151006	0.23007064311665568	-0.46588881112295477
933	0.48749149770145833	0.22963045114670474	-0.47036577278598807
934	0.3320244747071503	0.33287932923343755	0.5797244162672712
935	0.3959874661848373	0.28867359203451787	0.13013104738380724
936	0.658864421492612	0.25224552862183885	-0.24035968050313913
937	0.7143214291971789	0.2821597759350782	0.06388244007620186
938	0.6401833676135952	0.2617676706346408	-0.14351496807909173
939	0.5549900723454558	0.23272725398978353	-0.4388698152200614
940	0.6340783209463079	0.19952233862033342	-0.7765795947734317
941	0.6408907217525461	0.19940922847409148	-0.7777299787490451
942	0.5240631727899203	0.20149526504120055	-0.756513994868935
943	0.5412138326264534	0.16513838422997293	-1.126280761848988
944	0.40079329973875555	0.25622530590444353	-0.19988345299808483
945	0.4817596900714943	0.4156064663482042	1.421098740738918
946	0.5615476388414189	0.29996339518231063	0.24495371414325517
947	0.6133801904344484	0.27383315910344486	-0.02080321273601433
948	0.5349390897126619	0.2607766934148757	-0.1535936776528311
949	0.44484455664561007	0.3534694370413953	0.7891356040820434
950	0.5044898000934757	0.3003786337571718	0.24917688791190237
951	0.7873891958974695	0.24288094044560243	-0.33560199548625586
952	0.7667363910780014	0.40046675159277545	1.2671206421450945
953	0.6115776302028877	0.39057867421413284	1.1665541930337573
954	0.8601940982158618	0.4098044632882311	1.362089610537845
955	0.7282497947094404	0.4961010311673291	2.239766743287763
956	0.585276302741739	0.47620803872272033	2.037445550224082
957	0.5833625247146171	0.45617336551639803	1.833683396438988
958	0.5451083684383592	0.25355233290239926	-0.22706885953289546
959	0.5920172136073194	0.23356220785733683	-0.4303779373335697
960	0.5911583801192772	0.23292220603414132	-0.4368870602215613
961	0.354768176477627	0.22387833089673442	-0.5288675710880906
962	0.3873609608776494	0.1573624084127702	-1.2053661336929387
963	0.37873222454070476	0.22069666222349382	-0.5612266545038103
964	0.4070210379782695	0.22645538936274132	-0.5026576609959226
965	0.4717868825573679	0.33433019207245995	0.5944803812825963
966	0.5248006771457178	0.38546856775596927	1.114581980297193
967	0.5980998000100914	0.2729211386006718	-0.030078894950913596
968	0.5634661770891822	0.19003294199837495	-0.873091271000877
969	0.5216996536548794	0.19397940277324238	-0.8329538882228231
970	0.48442054564431636	0.26512997099840907	-0.10931877447321697
971	0.36037197682932187	0.2487713710486399	-0.27569351512143603
972	0.35726419192409387	0.19854129768541412	-0.7865572476051942
973	0.41792152632653584	0.10702190909819148	-1.7173529506138487
974	0.3578013176173585	0.13495578150422594	-1.433252184587108
