ID	SN	ssim	z_ssim
5057	nan	nan	nan
5058	nan	nan	nan
5059	nan	nan	nan
5060	nan	nan	nan
5061	nan	nan	nan
5062	nan	nan	nan
5063	0.32626375247674383	0.08280989155360499	-0.9491187126978411
5064	0.43185837118724263	0.13750983455273696	-0.08986431912290509
5065	0.5132206951546716	0.1233066764357385	-0.3129747164201035
5066	0.48610366046417947	0.11537850964599392	-0.4375143735672972
5067	0.542571392130207	0.12446732018036233	-0.2947427369652234
5068	0.7005188257766208	0.09916045084205133	-0.6922758507916058
5069	0.8631230227450609	0.1475656040447011	0.06809679825676192
5070	0.6658274152171783	0.2106226945870452	1.0586294958031108
5071	0.6573417263839185	0.2951297569801244	2.386109209091237
5072	0.6742542524279861	0.1955204008422649	0.8213950209249987
5073	0.6048504347704565	0.18355122841510607	0.6333772016805543
5074	0.5322769867582442	0.20478102394488734	0.9668655763202055
5075	0.4743482633560417	0.24209622229686795	1.5530316008728884
5076	0.5141683647614973	0.1524032069311856	0.14408831317750975
5077	0.45862083692175853	0.1223939754147256	-0.3273118860646516
5078	0.470103452698869	0.08148849419237392	-0.9698758913353791
5079	0.5511877643085042	0.12894434169252147	-0.22441541679757174
5080	0.6757843910224125	0.08738749187181839	-0.8772114497320039
5081	0.6214839461795951	0.16808502415694068	0.3904262362477954
5082	0.6802117399744476	0.2625586278114444	1.8744654247032138
5083	0.580104895872905	0.1494478626593517	0.09766426936927242
5084	nan	nan	nan
5085	nan	nan	nan
5086	nan	nan	nan
5087	nan	nan	nan
5088	nan	nan	nan
5089	nan	nan	nan
5090	nan	nan	nan
5091	nan	nan	nan
5092	nan	nan	nan
5093	nan	nan	nan
5094	nan	nan	nan
5095	0.5096274224195539	0.1470222032111904	0.05956078289612864
5096	0.3972025131896743	0.11412656085397481	-0.45718061892499934
5097	nan	nan	nan
5098	nan	nan	nan
5099	nan	nan	nan
5100	nan	nan	nan
5101	0.4396390144265445	0.10040669665011832	-0.6726991907926566
5102	0.48542711234333047	0.03883436429114249	-1.639908555214586
5103	0.4539048914634483	0.05884094657637999	-1.3256350334070475
5104	0.48373493489611613	0.10631715050177977	-0.5798547898370177
5105	0.6809501848577714	0.11707327528522866	-0.4108921370209922
5106	0.6820279783184913	0.2830376275737148	2.196159919376273
5107	0.6103473959945792	0.22572717482701182	1.2958983172544072
5108	0.5870285002753464	0.2151875668677007	1.130336820312095
5109	0.5477151892445007	0.1416300274678996	-0.025142243182423786
5110	0.44851146997355423	0.04874500945710386	-1.484227124209262
5111	nan	nan	nan
5112	nan	nan	nan
5113	nan	nan	nan
5114	nan	nan	nan
5115	nan	nan	nan
5116	nan	nan	nan
5117	nan	nan	nan
5118	nan	nan	nan
5119	nan	nan	nan
5120	nan	nan	nan
5121	nan	nan	nan
5122	nan	nan	nan
5123	nan	nan	nan
5124	nan	nan	nan
5125	nan	nan	nan
5126	nan	nan	nan
5127	nan	nan	nan
5128	nan	nan	nan
5129	nan	nan	nan
5130	nan	nan	nan
5131	nan	nan	nan
5132	nan	nan	nan
5133	nan	nan	nan
5134	nan	nan	nan
5135	nan	nan	nan
5136	nan	nan	nan
5137	nan	nan	nan
5138	nan	nan	nan
5139	nan	nan	nan
5140	nan	nan	nan
5141	nan	nan	nan
5142	nan	nan	nan
5143	nan	nan	nan
5144	nan	nan	nan
5145	nan	nan	nan
5146	nan	nan	nan
5147	nan	nan	nan
5148	nan	nan	nan
5149	nan	nan	nan
5150	0.5679040223219414	0.15195107909246783	0.13698606022119608
5151	0.6763540935842417	0.15458788875768095	0.17840640118738663
5152	0.6822319349402365	0.13474082586819247	-0.1333613092034938
5153	0.5500836379916213	0.1552842694426593	0.1893455014928086
5154	0.4711074995948706	0.12730995465652467	-0.25008919568075005
5155	0.49561285197840066	0.133041572780838	-0.16005403685639594
5156	0.4762191154021356	0.10481447367712146	-0.603459598049183
5157	0.5216893613996532	0.17968680416497826	0.5726728693997594
5158	0.6533321698150124	0.08711078316087291	-0.8815581302326424
5159	0.7124766727813225	0.1008021503116853	-0.6664872044993233
5160	0.7460405753082955	0.16685203670603282	0.37105784523444185
5161	0.8345165317174252	0.23080292959554619	1.3756308424901518
5162	0.8000542469903155	0.16149096130863252	0.2868433591320376
5163	0.5258553231056426	0.14470749869731672	0.023200232695825027
5164	0.47866572644476313	0.14393127099096015	0.0110068549602748
5165	0.4859253881589363	0.10354307729484621	-0.6234313359989396
5166	0.5442353182890782	0.050418004508607644	-1.4579468710752401
5167	0.6085249830621515	0.13842330249886242	-0.07551510223047382
5168	0.5742135934281711	0.11702309419560805	-0.4116804069782675
5169	0.5499941669923554	0.06349356723523863	-1.2525493129552867
5170	0.3941092382039155	0.02889086280535486	-1.7961061099235096
5171	0.40305156928397484	0.06713500136631782	-1.1953478223414267
5172	0.622882169725014	0.11968400454210387	-0.36988148031079693
5173	0.6291052185994973	0.26071436179963053	1.8454947606278025
5174	0.7027038141447853	0.27809318511884723	2.1184901144334995
5175	0.7140680158968112	0.2604997090445488	1.8421228864944075
5176	0.6596437561232179	0.12733807898971847	-0.24964740441849007
5177	0.6517266883779782	0.1496528748404448	0.10088470448642442
5178	0.7782886911103236	0.2362553073094956	1.461279551597864
5179	0.8310863355767197	0.22306010533281412	1.2540026395770936
5180	0.8871106844848552	0.22950082932332405	1.3551767922948939
5181	0.8400020105590843	0.17682407113808923	0.5277036099066461
5182	0.7360349765226752	0.14551232282880555	0.035842817552776025
5183	0.7913054213597948	0.21170024045347013	1.07555613172335
5184	0.7929120867788998	0.2052518490041951	0.9742615346820231
5185	0.8218494556997489	0.15620841021663237	0.20386237256762313
5186	0.8283752971934389	0.10649932255658599	-0.5769931389851821
5187	0.7460567026089409	0.18302115283723008	0.625050506180635
5188	0.6845876401506625	0.14074886375946344	-0.03898400875692485
5189	0.5067609068701648	0.10129500421594584	-0.6587452058900533
5190	0.37211680505080214	0.06151586517813638	-1.2836160579750078
5191	0.36736309787542676	0.060624252584581644	-1.297621959926145
5192	0.34922492840923663	0.18456904795907106	0.6493656262943099
5193	0.3996453675347546	0.07079261442479104	-1.1378921849463377
5194	0.35798702318831976	0.026506212735407875	-1.8335654003248403
5195	0.3167065023119421	0.021149453053257043	-1.9177120929875038
5196	nan	nan	nan
5197	0.3211366496294837	0.17143633294421073	0.4430702911005359
5198	0.5133827758983363	0.15790429859893404	0.23050224573035247
5199	0.6099351113734778	0.10602925554220695	-0.5843771895935393
5200	0.5254747313300647	0.1199211851422031	-0.3661557273843408
5201	0.513036574825722	0.1813457772359263	0.5987328581653276
5202	0.4716347329272027	0.18512868130682902	0.6581566302055885
5203	0.5446915755851568	0.21704775788196412	1.1595576423871712
5204	0.6122016081722789	0.14868006594993766	0.08560333000144046
5205	0.5677784951163825	0.12665514286456553	-0.26037531077257925
5206	0.551024754780652	0.11006328334172422	-0.5210086389061347
5207	0.5880358922706471	0.27831295179986126	2.121942320704093
5208	0.5327619671744961	0.20293015116142066	0.9377911297313443
5209	0.5472481733016678	0.2083586147908071	1.0230641842935049
5210	0.6751040196912321	0.1615954912493773	0.2884853683539943
5211	0.6515611767659444	0.10272502989879545	-0.6362816385892057
5212	0.6415220155932342	0.09997532932323189	-0.679475327120216
5213	0.7865855095786928	0.04125267541226139	-1.601920499982325
5214	0.760485127080759	0.09630236920842837	-0.7371720438447746
5215	0.770164077007754	0.19733116240640303	0.8498393801764699
5216	0.8097465154009902	0.22285832551740936	1.2508329800963875
5217	0.651701798022069	0.16088594387241892	0.2773394389860105
5218	0.5746285337592434	0.11749463788438805	-0.40427316002093205
5219	0.6414179578781061	0.18987304874765706	0.732683555550466
5220	0.6613375006940183	0.21936092648010408	1.1958940656456538
5221	0.5664204505228628	0.18502760617681951	0.6565688908994761
5222	0.6717938997923325	0.2435132594334947	1.5752911375149048
5223	0.5641140730685751	0.11994890941893233	-0.3657202204115336
5224	0.41784105453891296	0.06455706040804092	-1.235843423859903
5225	0.3093679742660408	0.07039870554589096	-1.144079905011575
5226	0.33622378072005005	0.02165508214213413	-1.9097694153115177
5227	0.350574277997938	0.04776439894949737	-1.4996310504447974
5228	0.348344919104273	0.13528773972222963	-0.1247701095381507
5229	0.34493648291893964	0.10608033623531382	-0.5835747882093253
5230	0.3133685850133554	0.0700246279870436	-1.1499561046628703
5231	0.28819453924902505	0.04594382925524839	-1.5282294807688954
5232	nan	nan	nan
5233	nan	nan	nan
