ID	SN	ssim	z_ssim
245	0.7373194011633839	0.11492386991227924	1.335676628624761
246	0.8625248281369997	0.113403080174128	1.3035857084587046
247	0.9649452383188806	0.038303147530112894	-0.2811343106841468
248	1.1338061415139509	0.03113982849777388	-0.4322909718740326
249	1.1778779283573277	0.050913985182205544	-0.015026923076199537
250	1.0335440955978132	0.029780247748999934	-0.46098014314714425
251	0.9701893824601171	0.030700857703448346	-0.44155390702051506
252	0.7644019347364761	0.032753042377889355	-0.39824976516488325
253	0.6342123196431672	0.05632992504359943	0.099257444680935
254	0.7669122619095231	0.04081125049337206	-0.22820961639994952
255	0.8751734811027129	0.016220675520298253	-0.7471072381432734
256	1.2167599580604573	0.041900790187631355	-0.20521871208945028
257	1.2308720562086166	0.053005106607022325	0.0290988419903789
258	1.2020239253618614	0.048672493004692605	-0.06232573415895403
259	0.9696441187641831	0.0743037330458283	0.47853146475732955
260	0.8465797250686904	0.06469586229454469	0.27579113484160644
261	0.7417933962469553	0.042107827060060325	-0.20084992686038577
262	0.8533104226054092	0.057826558533215194	0.1308386321575756
263	0.9047024716192218	0.039391309835160065	-0.25817247132992327
264	0.9972592170966627	0.04022520744764487	-0.24057599429066703
265	0.9756726686717717	0.024937295426179253	-0.5631736235875016
266	0.9651681058764063	0.008636986936754926	-0.9071343206475071
267	0.6916712659791728	0.04702480095562657	-0.09709448139491496
268	0.6240359036323363	0.06971414482719046	0.38168434288075387
269	0.6997146422686665	0.05393383025604405	0.0486962891123693
270	0.8142146749297011	0.033268933547897804	-0.3873636959497923
271	1.1229899899546034	0.019463323257775347	-0.678682559136351
272	1.108532699010439	0.05779720650796811	0.13021926086956223
273	1.0526759165876984	0.0655191891547607	0.2931645533221131
274	1.0017646374478693	0.0813337883696307	0.6268760639478494
275	1.1029915980539855	0.08989918646345602	0.8076186738720771
276	1.3505248025683705	0.08048802482810002	0.609029198197942
277	1.3642556323118908	0.029623752505174628	-0.46428242501424216
278	1.2492964026939304	0.043786545509611086	-0.16542647653430156
279	1.4142400941905249	-0.014982189916639879	-1.4055340006135728
280	1.2710390545280945	0.008546831511054493	-0.9090367339108991
281	1.4235192315772858	0.053419173550413875	0.03783626892747445
282	1.174511896852982	0.07382916864955164	0.468517451792539
283	1.195375506663419	0.03667505013450315	-0.3154895816557874
284	1.294923954693425	0.038685783669696196	-0.27306012034739263
285	1.32196631894888	0.0756386089617487	0.5066993273978735
286	1.3784329369078907	0.04364140398444553	-0.16848917808996156
287	0.8842579643634728	0.06157391416656169	0.20991339670045944
288	0.7999873635830516	0.03962541013306707	-0.2532326076640122
289	0.8353498284152452	0.031218364107347032	-0.4306337539735039
290	1.0165631849991708	0.04723485059702748	-0.09266212226991215
291	1.121565721494529	0.04902224782112737	-0.05494538853303848
292	1.152135697922834	0.04885231811542186	-0.05853115748112876
293	1.3757079199152387	0.013517728169547626	-0.8041434381319962
294	1.8937626354488974	0.013494547114352752	-0.8046325927948412
295	2.003096005038453	0.01988435889454604	-0.6697980824281519
296	1.9119496028244323	0.038588255043964424	-0.2751181190724946
297	1.6073599223188466	0.03288822681249251	-0.39539717299535887
298	1.424866437452311	0.025806724940453534	-0.5448273706949046
299	1.333526072363355	0.010695575583578355	-0.8636950454717888
300	1.2166828849122526	0.03429508049199827	-0.36571047273577845
301	1.2400492197937891	0.03693373039774594	-0.3100310442472235
302	1.4339731648562988	0.042137783714629125	-0.20021779699647826
303	1.3335314320887612	0.06397990594154367	0.2606833933898085
304	1.265197606513784	0.04597793904736288	-0.11918482109158797
305	0.8971640331101188	0.05002965791358222	-0.033687540692252466
306	0.7834897128332508	0.03909904006487592	-0.2643397971803344
307	1.0323147623882671	0.010158624006014135	-0.8750255205377232
308	1.191931917060101	0.026683016106271336	-0.5263363267727744
309	1.195207870145515	0.007266353897615924	-0.9360567116477511
310	1.3330373448566268	0.02720508642489309	-0.51531986835274
311	1.1918939508065252	0.04429189273116266	-0.1547629002777546
312	1.0606238441319922	0.029604800608203127	-0.46468233816295074
313	0.9323735080411346	0.0585903305498916	0.14695535506631002
314	0.8958728290987807	0.030076174699934354	-0.4547356453581432
315	1.057733403822573	0.062438122422704335	0.2281494732986843
316	1.0969828718918326	0.028105377834090815	-0.49632238368147163
317	1.2829435990483984	0.032033263553729915	-0.41343816643026665
318	1.3591834945269183	0.03726871511658542	-0.3029623695978305
319	1.3430976873982154	0.04691286599228431	-0.09945647522107905
320	1.3178195152791417	0.04847921110290881	-0.0664042690964843
321	1.2663715364681938	0.058333523841173504	0.14153635243837376
322	1.4080969415696813	0.027541547813830024	-0.5082200337730687
323	1.4295236476334567	0.02136621906305348	-0.6385286339489422
324	1.6326343113529591	0.05634938089792273	0.09966799207758581
325	1.6184386231483432	0.07676793318205832	0.5305297442440619
326	1.430225414145649	0.046722339309176915	-0.1034768709560842
327	1.3911271570738004	0.047907110442667	-0.07847644196443536
328	1.2615272160841406	0.00860188335531581	-0.9078750583058732
329	0.8746337883958373	0.005757134759152607	-0.9679034749908464
330	0.5906779671220924	0.002353793269790257	-1.0397190306150732
331	0.42235737367949866	0.04970467613216371	-0.04054513851876223
332	nan	nan	nan
333	nan	nan	nan
334	nan	nan	nan
335	nan	nan	nan
336	nan	nan	nan
337	0.3065872918276837	0.1396906053682822	1.8582914979614085
338	0.5800397702851069	0.18073241941335122	2.7243346760219986
339	0.7156156615524528	0.00664163279434317	-0.9492392539468252
340	0.7507641484325924	0.009359245529560824	-0.8918935925839693
341	0.9383145787633663	0.014420102208545452	-0.7851020068815433
342	1.0419911836367672	0.007505417423223316	-0.9310121165124571
343	1.4859857601230757	0.014979571854337837	-0.773296367161564
344	1.6375271167914007	0.025363691326907765	-0.5541760373557278
345	1.9920562722973563	-0.012095284726874156	-1.3446160172476618
346	1.726655338817845	-0.0068322911113753906	-1.2335590422349612
347	1.5511278622931366	0.03806082506318774	-0.2862476743171697
348	1.0923263214529069	0.0750299636772748	0.4938560087302693
349	1.1006475544813497	0.29228559728184855	5.0782722621604215
350	1.0001136671482314	0.2480975030704049	4.14583790384245
351	1.0760818795174094	0.18568180090797667	2.828773969917067
352	0.8370033320899402	0.08807664046844584	0.7691602489119392
353	0.6292859682977322	0.051656625190138916	0.0006438830903917305
354	0.4138947525553784	0.040114568390051446	-0.24291064258254366
355	0.5771469324005326	0.02221471801002242	-0.6206240470852354
356	0.8469976083937106	0.05866391077363032	0.14850800697246389
357	0.9763792017813722	0.05815991840299013	0.13787302008060257
358	1.1786554914551703	0.047218999091939454	-0.09299661254922585
359	1.6270543930151278	0.04874995642546204	-0.06069114103319855
360	1.7752890754144082	0.04991680299558427	-0.03606894692676699
361	1.5347699543283015	0.01609582686529964	-0.7497417300259386
362	1.1506869414661227	0.05635335912992404	0.09975193867608895
363	0.8213262064172465	0.0611930293892091	0.2018761627056095
364	0.9733843669393827	0.02573275400100509	-0.5463882672823145
365	1.3180035873835474	0.027334931080750514	-0.5125799534384172
366	1.3130665987141317	0.03341222215064322	-0.38434009380673817
367	1.2644360510179888	0.0283462358939525	-0.49123992121051313
368	1.2653018124884163	0.024364795152333224	-0.575254228895486
369	1.4016162645245698	0.04829306980822233	-0.0703321266283557
370	1.2113137549479507	0.0709012044559699	0.4067330625188928
371	1.1017539866668333	-0.0038734694954668525	-1.1711235155610695
372	0.7664977133333396	0.11545357165471945	1.3468541214115906
373	0.5493806269116807	0.2867180801516577	4.960789389107041
374	0.37632037150336195	0.3148942294844542	5.555347950453495
375	0.43161923513021105	0.260286163160859	4.403036718432991
376	0.6149069585946403	0.06816997580871112	0.3491000852073964
377	0.7246052440875022	0.06828559958920054	0.3515399185491798
378	0.7042768246127991	0.06965264178665147	0.38038653746137624
379	0.7301558526275209	0.03783209198214753	-0.2910742817428094
380	0.8274668650687349	0.030111774751673166	-0.45398443143974415
381	1.0480006854427613	0.031341566308099464	-0.42803400471859704
382	1.1132515981555116	0.1677843266221543	2.4511107045280083
383	1.1060267359743745	0.1758515661671832	2.6213414298580524
384	0.9591777372432351	0.17546437196904935	2.613171057722205
385	0.923552784109937	0.23187121121836896	3.8034390676641974
386	1.050186448004972	0.05412183216479245	0.05266340836190173
387	1.3208989150369013	0.03287239911890092	-0.39573116081676407
388	1.3819538322699583	0.043403342048469094	-0.17351263819778925
389	1.2094005084441901	0.03784841503866562	-0.2907298410285888
390	1.1008123875593347	0.039654265112084544	-0.25262372478900763
391	0.9820082580523335	0.05216149741483188	0.011297436208376923
392	0.9201844318863971	0.06790226290615192	0.34345094570577517
393	0.9074346017622507	0.05782813207501321	0.13087183622448326
394	1.0224544252630823	0.03726003455109841	-0.3031455424106473
395	1.117847862361306	0.026460808548831958	-0.53102523596725
396	1.0820045137049035	0.041557770416023807	-0.2124569382754176
397	1.1434187417767403	0.038584208699009324	-0.275203502955395
398	0.9555570194083697	0.04229074641137545	-0.19699005711467293
399	1.0436213479314569	0.061008702731837366	0.19798659671380903
400	0.9380596951505028	0.04854030615076234	-0.06511507292818791
401	0.8627687324640155	0.05260973224493826	0.020755856256684264
402	0.8066529363987128	0.029046897886254017	-0.4764549134646877
403	1.0380651827207104	0.03383553555891762	-0.3754075527398389
404	0.9236553353696055	0.03165379275528527	-0.4214455633719638
405	0.9442033356707921	0.044449347964056404	-0.15144036121679041
406	0.9429558348429461	0.04142528020959964	-0.2152526782324158
407	1.1385012799500074	0.03160394564810472	-0.4224974113013065
408	1.0561643525312792	0.02039140946528058	-0.6590985629762544
409	1.1011389190957301	0.006663830690138651	-0.9487708454062117
410	0.9548474161593754	0.02488858182452911	-0.5642015528681502
411	0.9339396183009785	0.03445605660388487	-0.36231363790345306
412	0.7385957255516594	0.029502070917769203	-0.4668500870710979
413	0.8410383235728444	0.04265958937567163	-0.1892069232440898
414	0.8044747863893289	0.06431922102045255	0.267843445062462
415	0.7514131895519136	0.055515742655070914	0.08207698812246285
416	0.7323926528600555	0.07764726583538818	0.5490849680659421
417	0.7334340473512317	0.04942704590459386	-0.046403548294369164
418	0.7178165921458537	0.05482878923648266	0.06758125162406033
419	0.7583358604791616	0.0702413518879022	0.39280919418126886
420	0.7504768831370964	0.043504991011860915	-0.1713676942339151
421	0.7407271112706835	0.03619523899326634	-0.32561430872485153
422	0.8264839018841856	0.04636667235541218	-0.11098197145264825
423	0.7765896832465076	0.05611513856773866	0.09472513131986783
424	0.7035938752470017	0.02451364099686009	-0.5721133607044845
425	0.9480643596601647	0.0019051937778947657	-1.0491851455682502
426	1.092857983309051	-0.0009162604980247984	-1.108722017529776
427	1.2288895373065183	0.018098118174801506	-0.7074904122069973
428	1.1554330705391365	0.019124694214960318	-0.6858281344294191
429	0.9296465938749253	0.014405566314705848	-0.7854087358112876
430	0.8002566778783118	0.017185358986099	-0.7267509855266823
431	0.819857494578761	0.05411537152907387	0.05252707936133982
432	0.7403756697795026	0.04539737672164337	-0.1314355476573348
433	0.8756344313472831	0.0504431726113371	-0.02496176695756478
434	0.9381197494792787	0.0235974938197583	-0.5914454256068106
435	1.0598538324421138	0.017844519816753134	-0.7128417138749494
436	1.1109060627942258	0.0349064483370498	-0.35280970399999456
437	1.212621531330452	0.031959778649711966	-0.4149888069488679
438	0.9776942694422232	0.014738947785032677	-0.7783738920845628
439	0.8126898024592757	0.013129453912219615	-0.812336601119534
440	0.9153571463869554	0.02924944356776047	-0.47218089902854044
441	0.9640481188777871	0.05149020865095648	-0.002867752830894226
442	0.989294130289051	0.06106338846441603	0.19914054681905996
443	1.011816103846582	0.025143016250702085	-0.5588326089221324
444	0.9205167741239464	0.04407527131461224	-0.1593339336102311
445	0.7942343580909552	0.05502772338904607	0.07177905744038243
446	0.7713294698426258	0.0772126946473509	0.5399148711406918
447	0.8734842966832445	0.057713801273587134	0.12845928665958048
448	1.0352556437530211	0.056628662160622956	0.10556124114440528
449	1.0057407865564143	0.04477013693421205	-0.1446712379296155
450	0.9969317075724535	0.04280665963169622	-0.18610352260527172
451	0.8821234862414832	0.04539604125456765	-0.13146372799432443
452	0.9295499879287854	0.050322570855342336	-0.027506642969300006
453	0.8521284958110846	0.046767946853872616	-0.10251448408623405
454	0.8960731327125027	0.05904794763536484	0.15661175462513227
455	0.8995865417901651	0.03966167414020948	-0.25246738330135776
456	1.0457392442066054	0.020380274622554213	-0.6593335246807092
457	1.0571589467302371	0.03741639025262979	-0.29984620509301707
458	1.1667235413132904	0.019979052464762212	-0.6677999075813514
459	0.9623855885229841	0.012436596747324155	-0.8269569154255534
460	1.0364298560165601	0.027407759458613002	-0.5110431665959115
461	0.8305444306647419	0.06337072279985383	0.2478287251368249
462	0.7748270536215428	0.03811622321821734	-0.28507869104104444
463	0.9188499775690908	0.01989740555263259	-0.6695227785826654
464	0.9690975403285605	0.02469429994873119	-0.5683011887412341
465	1.0756421052704213	0.010305921354676544	-0.8719173279072656
466	0.9798498462018779	0.018893683574298954	-0.6907028017427227
467	0.8251669411112182	0.040816275965923604	-0.22810357147184235
468	0.7864006273112036	0.058915823448295414	0.1538237382196531
469	0.8348772775633319	0.029677639504977177	-0.46314532935580216
470	1.046606960513171	0.027887627654495983	-0.5009172355891501
471	0.9859528465689297	0.03165312201704534	-0.42145971694413087
472	0.7164794028382266	0.05562788038271723	0.08444326057632327
473	0.6122405747430881	0.10019627143497142	1.024902446555672
474	0.6512699726361569	0.1048224735430769	1.122522175831153
475	0.635455875483331	0.09510945729923528	0.9175631199976698
476	0.6911717466062849	0.06797561088364017	0.34499869687141516
477	0.73044915247823	0.09456179685200412	0.9060066718909335
478	0.6720566137928443	0.08990005595794348	0.8076370214960004
479	0.6131031087431602	0.07500088795767754	0.4932424679014756
480	0.7644550647203345	0.059664642624601166	0.16962493400813367
481	0.6923741054967424	0.05704231992967833	0.11429003389583607
482	0.6738082072519134	0.08230556530737385	0.6473819993483869
483	0.7163160148236508	0.1115572653273876	1.2646362761985455
