ID	SN	ssim	z_ssim
5057	0.09397330067938249	0.05222456902302701	-2.3314573034886905
5058	0.10359886580107185	0.12364554832126104	-1.6536154811205048
5059	0.11079184743913573	0.12512989329566065	-1.6395278683160277
5060	0.15966699129310552	0.25175972703968114	-0.4377101655258674
5061	0.1774174388144404	0.21607603703882694	-0.7763767267613066
5062	0.17513747294026374	0.1580394373763303	-1.3271901553339989
5063	0.19084344160948066	0.1954600819979948	-0.9720385151048302
5064	0.21110203493172033	0.2193625178557073	-0.7451854133967846
5065	0.21412027704992695	0.13650382562008384	-1.5315802163791121
5066	0.16949734025025923	0.20240921429827052	-0.9060857299627061
5067	0.11656301509017211	0.26123609340270726	-0.34777192177651245
5068	0.11611497076138315	0.2418776373080201	-0.5314990463047772
5069	0.11498861543102336	0.2150690436240161	-0.7859338941106631
5070	0.11788336018197425	0.29767818578900673	-0.0019075195132714385
5071	0.1642452768428928	0.29640937931841776	-0.013949500716934907
5072	0.21622329900391224	0.23640838113500162	-0.583406631551357
5073	0.20088029152236367	0.19504691296332555	-0.9759598174190542
5074	0.17514284999643975	0.3886078740711481	0.8610874466459478
5075	0.19425272116455147	0.44671174689231075	1.4125393509286441
5076	0.20766123296424277	0.519540662562845	2.103743607776947
5077	0.2195669704933739	0.5024446093255762	1.9414884833650594
5078	0.23394428160366737	0.47236648782731244	1.6560232196550875
5079	0.2328141542026449	0.3780129119601756	0.7605328407613845
5080	0.220858020784233	0.35196947983990934	0.5133599839540299
5081	0.1677962885295073	0.34300670703470654	0.4282961510096264
5082	0.21510799378146214	0.4073628639459238	1.039087197421266
5083	0.2423921045436764	0.39638389507556615	0.9348880623781707
5084	0.19885662268026125	0.3379533359258002	0.38033564535399306
5085	0.1687953219223801	0.35436912969642403	0.5361345671054779
5086	nan	nan	nan
5087	nan	nan	nan
5088	nan	nan	nan
5089	nan	nan	nan
5090	nan	nan	nan
5091	nan	nan	nan
5092	nan	nan	nan
5093	nan	nan	nan
5094	0.17430349296153702	0.24576746108577077	-0.4945815290135124
5095	0.2046548212795295	0.421515438769577	1.1734063737183122
5096	0.1805597683583874	0.37949580047799203	0.7746066306360411
5097	0.20443432564283506	0.19147538958104585	-1.0098564111351098
5098	0.16517924564529077	0.38931892731213524	0.8678359066839838
5099	0.16935424097031457	0.6365247922471498	3.2140159175732648
5100	0.17190863458259514	0.6106630868027254	2.968567791262971
5101	0.2599969289429788	0.21468384356640188	-0.7895897486172115
5102	0.24154970064866293	0.3336578402510775	0.33956797954013757
5103	0.23492513026612358	0.3848021491825599	0.8249680946115746
5104	0.23108380050641686	0.35846401941245404	0.5749983230324308
5105	0.22655045369520846	0.24785541351902896	-0.47476520198629657
5106	0.21936020513247761	0.25414000176262064	-0.41511946778148434
5107	0.14885383922891104	0.3306310324740056	0.31084116957858154
5108	0.1801769015894834	0.37312324859141416	0.7141260515908224
5109	0.2043806904399519	0.2191907256056254	-0.7468158583025871
5110	0.19944244163482985	0.16977494172397697	-1.2158108977043673
5111	0.225711707694658	0.5349351516361069	2.2498495367403852
5112	nan	nan	nan
5113	nan	nan	nan
5114	nan	nan	nan
5115	0.17981432768056013	0.3844707821929845	0.8218231586796751
5116	0.2592187581890099	0.6138072835071795	2.9984087153860024
5117	0.2710657870685555	0.375074530582516	0.7326452675662802
5118	nan	nan	nan
5119	nan	nan	nan
5120	nan	nan	nan
5121	nan	nan	nan
5122	nan	nan	nan
5123	nan	nan	nan
5124	nan	nan	nan
5125	nan	nan	nan
5126	nan	nan	nan
5127	nan	nan	nan
5128	nan	nan	nan
5129	nan	nan	nan
5130	nan	nan	nan
5131	nan	nan	nan
5132	nan	nan	nan
5133	nan	nan	nan
5134	nan	nan	nan
5135	nan	nan	nan
5136	nan	nan	nan
5137	nan	nan	nan
5138	nan	nan	nan
5139	nan	nan	nan
5140	nan	nan	nan
5141	nan	nan	nan
5142	nan	nan	nan
5143	nan	nan	nan
5144	nan	nan	nan
5145	nan	nan	nan
5146	nan	nan	nan
5147	nan	nan	nan
5148	nan	nan	nan
5149	nan	nan	nan
5150	0.1966550718425991	0.5485798887876956	2.379348930160162
5151	0.18517447647238006	0.5614674572903835	2.501662191691887
5152	0.18609941425120946	0.34713842769656744	0.4675094618668934
5153	0.18608987670985627	0.32875843742349226	0.2930687551694025
5154	0.22418315748013617	0.3212966149998385	0.22225013353280026
5155	0.22672488588657813	0.28765213667341905	-0.09706268919085854
5156	0.24103206576286162	0.3198899872602208	0.20890011901627134
5157	0.20410019503278828	0.31853490369404247	0.19603929964660197
5158	0.20314183673993047	0.23339359130027268	-0.612019381694371
5159	0.1521940298778804	0.2403496892977709	-0.5460004865528356
5160	0.1854118467461636	0.27799438467839127	-0.18872242666034292
5161	0.22835321175646903	0.3272686849623383	0.27892982102052477
5162	0.21976499702376942	0.18740892801252837	-1.048450361362032
5163	0.1941077683174511	0.2834570581747699	-0.13687731624361638
5164	0.1277749395823337	0.3348869199534966	0.3512329221593735
5165	0.140363320987667	0.2768310574773494	-0.19976332581508494
5166	0.18824173203014716	0.2291604511934029	-0.652195243641022
5167	0.22312611077018793	0.29384541701486094	-0.038283539502220236
5168	0.2410827321944077	0.29378805472113156	-0.03882795323189452
5169	0.25926938514315745	0.2372561587172363	-0.5753605489163761
5170	0.23365970665004418	0.2163392914790463	-0.773878233023778
5171	0.2755191433145865	0.29793698244359096	0.0005486662978141711
5172	0.2910573304816599	0.268231076268962	-0.28138397834469264
5173	0.2903100454330716	0.24325092335871298	-0.518465470899049
5174	0.22315954574931754	0.274582380808438	-0.22110505349998377
5175	0.13797720250843018	0.24278099433416778	-0.5229254706009756
5176	0.12863736671286363	0.2265117179054155	-0.6773338264011305
5177	0.12600678059058337	0.2000813225946422	-0.9281792712466216
5178	0.1438533924532284	0.20949755449194232	-0.8388117513410919
5179	0.15429498813780015	0.22836739167138134	-0.6597220084226808
5180	0.1498210543630933	0.2905233368538017	-0.0698127189191323
5181	0.15120766177317604	0.29507642625252734	-0.026600284060881163
5182	0.14025257414463227	0.1773064024623375	-1.1443313531483188
5183	0.12883206846685272	0.24639824345300038	-0.48859490332562844
5184	0.1332436268916669	0.2403986077570656	-0.545536211518783
5185	0.13958252247648162	0.18435434422530203	-1.077440787722106
5186	0.1496987370235241	0.16770934154495812	-1.2354150840847242
5187	0.21625426987054866	0.2554167937554864	-0.4030016976286092
5188	0.28015985327551934	0.4060867522526107	1.0269758838515
5189	0.3073632085401638	0.45388971363145436	1.4806639566560769
5190	0.253379984246896	0.3649021645695324	0.6361014343146477
5191	0.22665922225281693	0.3198395414397258	0.20842134811126348
5192	0.21111798638717022	0.3754025796568136	0.735758713846813
5193	0.21606331342142812	0.33525722977835215	0.3547474565299086
5194	0.2341655608035725	0.38460647296792205	0.8231109719113893
5195	0.2351119612686886	0.2920518266278209	-0.05530613690258002
5196	0.21218971168490497	0.21839528480561127	-0.7543652233038162
5197	0.17253425013601606	0.17611745675071933	-1.1556153923169057
5198	0.21214738335051636	0.17277297449964377	-1.1873571853617844
5199	0.21561796545258313	0.20530309062948715	-0.8786205450081708
5200	0.20229798838219915	0.3710196573602573	0.6941612999498388
5201	0.14797649854537845	0.2977031215055143	-0.0016708597574737205
5202	0.14688041818569444	0.18172613367758764	-1.102384593376057
5203	0.22285523309160649	0.2386069665311463	-0.5625403098319117
5204	0.27799084695782966	0.3382635801824251	0.3832801097726585
5205	0.2581677993665336	0.3121659511487698	0.13559288120928364
5206	0.2600639729915284	0.34982403728124695	0.49299802997301057
5207	0.23419532463051113	0.4216445812478133	1.1746320384130977
5208	0.1744288785762989	0.4749066779628512	1.6801316416839331
5209	0.17822828552991177	0.3179626304511663	0.1906079720219284
5210	0.2036056614088921	0.29460720635997284	-0.03105355353696083
5211	0.18475214176106153	0.3050392680747044	0.0679549981974433
5212	0.1543332718174467	0.21467881834201163	-0.7896374419881504
5213	0.1482430391156951	0.22215832671748942	-0.7186509666209984
5214	0.14567122317606768	0.28192276191229665	-0.1514390064476218
5215	0.17366808830287384	0.29846823741993606	0.005590697992790271
5216	0.20343560655094758	0.3488753009450395	0.48399376857249965
5217	0.22708604381430036	0.4462869469411559	1.408507661978674
5218	0.22931208596187289	0.41058017463465973	1.069622031328694
5219	0.22226611358969448	0.3487939017563876	0.483221225617793
5220	0.19760932999159558	0.27068806458131167	-0.25806520770412217
5221	0.13954756043923744	0.21137158614959733	-0.8210257023890586
5222	0.1584726993300058	0.14154286395405985	-1.4837557401419192
5223	0.17773690674157464	0.1989247677883207	-0.9391558949962352
5224	0.14918083349384248	0.16293028377156535	-1.2807721383025386
5225	0.1664994443873765	0.2196196462348501	-0.7427450608447291
5226	0.16992852106310502	0.3002483959434366	0.022485816339392242
5227	0.15929772921388002	0.2289894964354791	-0.6538177400810342
5228	0.15888580279040437	0.3133365182338545	0.14670249261414475
5229	0.15519608020985373	0.29250617072363044	-0.05099405055327723
5230	0.14569627751564687	0.2687967074746691	-0.27601568892844386
5231	0.16393873296618713	0.15507912289326625	-1.355285891120594
5232	0.1563524406626425	0.24044187363318725	-0.5451255839888215
5233	0.13484589427614307	0.22531476158819036	-0.6886938925796555
