ID	SN	ssim	z_ssim
494	0.12694891501679983	0.23032374245481307	-0.9331117165217679
495	0.1301792608901642	0.22305539083754664	-0.9987892138578695
496	0.1386620401065609	0.1594211898292306	-1.573793738581239
497	0.1495477107858104	0.1581485380986039	-1.5852935373044403
498	0.1597632303985287	0.18145847589723746	-1.3746627838282872
499	0.2301479530796867	0.2561710749320291	-0.6995528300907708
500	0.23927391236345005	0.21549920249580642	-1.067067630453291
501	0.18593979924851034	0.27246204561018456	-0.5523461125765377
502	0.14361504677991344	0.21388020423788157	-1.0816970484246802
503	0.16578202400150233	0.16287461588599528	-1.5425882613854496
504	0.19240563806308386	0.32355558025953945	-0.09066020873922964
505	0.298132845224039	0.3800044412184436	0.4194169188514576
506	0.365389525208236	0.31545076682809164	-0.16389605237797034
507	0.30064108911603926	0.31963237707521897	-0.12611063550106807
508	0.21594432209913936	0.4735917215842209	1.2650802384843063
509	0.23125107416746377	0.3586324970921298	0.22629805540946193
510	0.2604070975587009	0.3294630052747718	-0.03728017002736299
511	0.23230924781769338	0.3302484140859668	-0.030183143380706403
512	0.21673666634029773	0.2802801316709309	-0.48170116397384566
513	0.23375144020557218	0.4139303539439879	0.7259746034526796
514	0.25677471678923725	0.4369350802508229	0.933847437665278
515	0.26628288631992364	0.42174608311245276	0.7965982549587682
516	0.2414235584351524	0.4055951525509553	0.6506569528885129
517	0.3217880459624988	0.4207834387034838	0.7878997110612109
518	0.33290695016413857	0.38176099254273876	0.43528927905044146
519	0.30043252455006836	0.4084648776457227	0.6765880542154207
520	0.18621690624371795	0.4108212464534454	0.6978804206612649
521	0.254510500978925	0.18578180462819144	-1.3355967856264679
522	0.25494730781078906	0.19372144919535828	-1.2638534231189442
523	0.2519022389939726	0.20919279226323376	-1.1240529364841965
524	0.22323794706167965	0.28409892967063194	-0.44719415211483476
525	0.19119896259916852	0.24210897434255274	-0.8266192713745608
526	0.22916735181029435	0.21546080717570815	-1.0674145741162093
527	0.21830620253844565	0.2200505078856111	-1.0259416140805304
528	0.22677105949082396	0.2162980661320419	-1.0598490247633676
529	0.21033251234117153	0.3097907232833819	-0.2150407292462172
530	0.19566745480002917	0.36054904405598676	0.24361615100271952
531	0.27964527089132146	0.371284398779533	0.34062180900953243
532	0.3116278827292414	0.33632213061636845	0.02469952083961878
533	0.30751627490523037	0.35738907066435543	0.21506233922537032
534	0.2993751771119503	0.3268166600003607	-0.06119279064104573
535	0.2151721894443272	0.2514024319370962	-0.742642729161217
536	0.13886363158502088	0.24727966492905534	-0.779896433088354
537	0.17756223553932798	0.14111476665284176	-1.739212271243395
538	0.2704061150777282	0.1184785779011994	-1.9437549660276923
539	0.3305843365638604	0.29788894731493687	-0.32258627748379803
540	0.3277691760332817	0.5180299917599898	1.6666285571094959
541	0.30808003735338296	0.456352473889538	1.1093048021592053
542	0.2730861859810531	0.4158946584102585	0.7437242402540015
543	0.31322824250047054	0.321491897332127	-0.10930783850520163
544	0.27315283275834323	0.33716541552386925	0.03231952124444067
545	0.24821024212520476	0.31551558864041146	-0.1633103164876149
546	0.2724098268976043	0.2952160253763198	-0.3467390472928559
547	0.2421085635506798	0.48668249293364235	1.3833696589337383
548	0.27446375743619233	0.5155031612403173	1.6437958828714565
549	0.26893080671048736	0.5286123304972703	1.7622515485146444
550	0.25635934148639655	0.3316621315423619	-0.01740866171476427
551	0.2535325981388012	0.39312044795637596	0.5379343686050532
552	0.28992537099591104	0.5059951293295283	1.5578804272942997
553	0.2646244591471667	0.4135859052552297	0.7228621332490367
554	0.24918384016292142	0.48024821273265506	1.3252289080437856
555	0.251300037135932	0.30116621538423427	-0.29297258015252864
556	0.2841157861380769	0.19144450045934344	-1.2844281424526651
557	0.29982534298397295	0.31872410412994473	-0.13431787382481564
558	0.32298941799009695	0.43634258425031436	0.9284935890151097
559	0.3118143430219519	0.40300965039011255	0.6272941162753473
560	0.2543386738684596	0.25926117549212513	-0.6716303956804885
561	0.1667652817104341	0.4154943826691835	0.7401073116431579
562	0.15833208051341338	0.3151511416117309	-0.16660349354009202
563	0.16623717985247452	0.15271928983653302	-1.634352726656551
564	0.21380533692317308	0.18466072867470612	-1.3457269316108322
565	0.34790518545230703	0.2518807873009664	-0.7383202658585802
566	0.41907261124423445	0.6688985978447608	3.02989123288528
567	0.32845918062976454	0.5974810726601831	2.38455587116194
568	0.269782102429832	0.5254043298089369	1.7332637576430923
569	0.2885757627583112	0.44338923258073315	0.9921677549498037
570	0.32381534961826364	0.4719269981971296	1.2500376440174528
571	0.3094219476413276	0.41270136635635685	0.7148693579633181
572	0.23390629235501195	0.34217013510142996	0.07754263014609818
573	0.17717835925065217	0.3350543499138991	0.013243737177283093
574	0.164190569643129	0.2525430824371201	-0.7323357057642235
575	0.26161488380725023	0.31484146238988603	-0.1694017836254873
576	0.340337754126444	0.4590715058943318	1.1338742267901485
577	0.3431828750030698	0.570518910330057	2.1409232790889687
578	0.3032741740418083	0.5585929016649686	2.033158761963661
579	0.3189038393378745	0.5425527821397961	1.888218758664609
580	0.33805417913871255	0.4856667918978581	1.3741916904500007
581	0.21809778874857425	0.33704267809950433	0.03121045452804557
582	0.23414454853118596	0.3859932312355121	0.4735321792439389
583	0.240097639084098	0.4295803485143366	0.867389401584122
584	0.22542301560934697	0.3632179219556965	0.2677323785022487
585	0.22887930051289437	0.4276605561605652	0.8500419803474885
586	0.27030709065140107	0.44344088690491307	0.9926345081996967
587	0.25406756265143265	0.45862294089860617	1.1298209520088551
588	0.3038887094735762	0.4946927088414782	1.455750710601454
589	0.30068005893728483	0.46077042497809384	1.149225816734279
590	0.27290488975061244	0.3284571162100364	-0.046369476633365735
591	0.17708564933905438	0.3129691951310434	-0.18631976370958162
592	0.20121717281477758	0.23281911066766267	-0.9105633385975779
593	0.22755082933421533	0.22450293003803828	-0.9857091157846907
594	0.23429390528592595	0.18258492277784738	-1.364484105649762
595	0.19359894677694306	0.265582123797908	-0.6145137222756839
596	0.172398902143311	0.24699410763203428	-0.7824767552304271
597	0.17867929335234817	0.1710388170340883	-1.4688157848473735
598	0.2503516995869506	0.19021455757887593	-1.295542020056435
599	0.27967427245214016	0.16456905949434994	-1.5272771122509583
600	0.29689857840150524	0.2754177467485489	-0.5256381237692701
601	0.27451810422671036	0.2994510453209655	-0.30847101545025046
602	0.3351223549192061	0.33439955091959317	0.007326912913849417
603	0.4237328853012899	0.40235053047561226	0.6213382477774712
604	0.40088851200874687	0.34023922198391554	0.06009472065991791
605	0.22502034367803725	0.2913178255448109	-0.38196354144656686
606	0.3084430847447058	0.4257563422273601	0.8328353271596668
607	0.381719424640399	0.38154312404707635	0.43332059917679633
608	0.3368486974834662	0.47935042358446456	1.3171164022799493
609	0.22936069441480988	0.4458670894543128	1.0145578987930335
610	0.22116474331080574	0.18090396413626036	-1.3796734033775526
611	0.16023169888742175	0.1737722783580362	-1.4441159755542394
612	0.21657837659148005	0.4052813507963321	0.647821411215712
613	0.3471978989802206	0.4585081269739183	1.1287834827682475
614	0.36117237721032325	0.442633869268436	0.9853422222095697
615	0.32315106188574816	0.5373467890603512	1.8411769237876665
616	0.2935429130249364	0.5001795577323735	1.5053303845620953
617	0.25604426199574376	0.42858678377121084	0.8584114586878445
618	0.21342992286215665	0.35895499437162504	0.22921217064910335
619	0.25942553471127106	0.3404457019112054	0.061960492376619325
620	0.3480451551033801	0.4480537449208145	1.0343167197937917
621	0.28981180705804804	0.4033729266659761	0.6305767142971074
622	0.3232773039521038	0.5231421274112268	1.712822287585923
623	0.3477284571486275	0.5213312342767549	1.6964588897650599
624	0.29015591782871597	0.32629149217975806	-0.06593825563158065
625	0.18405678715152426	0.2168091772209511	-1.055230577700275
626	0.16494257488128	0.33042697534197346	-0.028569647359428282
627	0.2316871903088127	0.29391470341140025	-0.3584979129043352
628	0.26107713792016407	0.33918353927658457	0.050555474094879746
629	0.28557227188711004	0.40934438832568243	0.6845353940500684
630	0.3070453552495353	0.45033073713484073	1.054891831998844
631	0.3457788656077541	0.4355671423407169	0.9214866242129527
632	0.3014126403203232	0.4151521897478941	0.7370152247629597
633	0.32629400918363116	0.41133654286085297	0.702536686649335
634	0.31434391822792235	0.36565473051164055	0.28975160595148347
635	0.2553019018737163	0.24578284020466667	-0.7934218797130208
636	0.19561689547005287	0.3422567217147385	0.07832503479083258
637	0.2367011699920012	0.3739320583479683	0.3645463057055536
638	0.37954616080868087	0.23532080841639041	-0.8879577664018851
639	0.3384514903372991	0.39111802948478347	0.5198403301271463
640	0.28740965361395526	0.31814187140232963	-0.13957898259204848
641	0.34216955837788293	0.3995128978876076	0.5956971373093449
642	0.3910566729123653	0.4830224879331284	1.350297515299364
643	0.3434212330548695	0.38699778307201116	0.4826094025319416
644	0.27443240670094193	0.35517880279156183	0.195090154337861
645	0.1926585626280631	0.24175535928147326	-0.8298145697661358
646	0.15550186428720467	0.16251352617603174	-1.5458511013955403
647	0.15736571248546094	0.22097860257871066	-1.017555264610467
648	0.16126641859944651	0.2519806394802144	-0.7374179923333173
649	0.19128215433938928	0.24514494875945267	-0.7991859257993769
650	0.19380591272122444	0.22277914265454962	-1.0012854179847843
651	0.26404576646828365	0.2744841511055483	-0.5340741803313257
652	0.2416951950628257	0.28409017548983334	-0.4472732557020517
653	0.2384886769561436	0.28887201994431555	-0.4040640670223463
654	0.1719526872006113	0.25172025251233865	-0.7397708730536704
655	0.17079847912121537	0.2192091071946729	-1.0335445885302543
656	0.1816404367823441	0.21996224335772507	-1.026739180516548
657	0.18095505750646373	0.21843678549509554	-1.0405233588261364
658	0.1660255477144142	0.1843015711015697	-1.3489723126538835
659	0.16612160012274643	0.22422305330674308	-0.9882381078095689
660	0.2245670954745348	0.2529845098000494	-0.7283469272929125
661	0.2761663767143766	0.3530618558970008	0.1759612264392832
662	0.3100649565714527	0.46286183310281437	1.1681239739469447
663	0.299668453246743	0.4614819662708287	1.1556553696534175
664	0.2218227133179043	0.29371837123357314	-0.36027198861850385
665	0.17109524490309858	0.2562125185294655	-0.6991783419119434
666	0.11747664290879892	0.5812436494971179	2.2378330139457336
667	0.12499220634815827	0.5635893786757127	2.078307390269353
668	0.14138566823053442	0.0816014714002984	-2.276979910487238
669	nan	nan	nan
670	nan	nan	nan
671	nan	nan	nan
672	nan	nan	nan
673	nan	nan	nan
674	nan	nan	nan
675	nan	nan	nan
676	nan	nan	nan
677	nan	nan	nan
678	nan	nan	nan
679	nan	nan	nan
680	nan	nan	nan
681	nan	nan	nan
682	nan	nan	nan
683	0.1980471424684937	0.18844038228084775	-1.311573632111803
684	0.18925378401448406	0.21240684750730804	-1.0950104360870896
685	nan	nan	nan
686	nan	nan	nan
687	nan	nan	nan
688	nan	nan	nan
689	0.23853742843755807	0.3460325991058429	0.1124442120615894
690	0.2732571321348365	0.2394676887223309	-0.8504861724851107
691	0.21363211984098596	0.34149465123236655	0.07143889544157428
692	0.2107259631148042	0.30406136470998735	-0.26681174312339273
693	0.18634544322059948	0.29401107243584845	-0.35762711348793874
694	0.20230660421814897	0.22760705164757075	-0.9576599858751393
695	0.22364341949378896	0.3069922224301327	-0.24032824174048464
696	0.23705423182822422	0.32470934140037633	-0.08023471637947643
697	0.3105103774215423	0.330707612669322	-0.02603378251827769
698	0.28094411104528744	0.2915603954549917	-0.3797716573071327
699	0.19876444042494812	0.3084800811216175	-0.22688381301824828
700	0.15858873044161087	0.35171100432851493	0.16375480674985363
701	0.2794792016955773	0.2597996271935146	-0.6667648963147702
702	0.3314654078941345	0.29759632377335593	-0.32523045086514724
703	0.2727957669913973	0.29938045506827193	-0.3091088755012451
704	0.2481845629753958	0.3416678461517232	0.07300390074864412
705	0.2528801496817762	0.31966507660875476	-0.12581515949223174
706	0.2074377369478736	0.5846945973245277	2.2690160976319036
707	0.17182995066700132	0.26248062631380586	-0.6425391403451876
708	0.220203474980174	0.14465990157214417	-1.7071781042851693
709	0.2136062237436517	0.13231558172627333	-1.8187225199222983
710	nan	nan	nan
711	nan	nan	nan
712	nan	nan	nan
713	nan	nan	nan
714	nan	nan	nan
715	0.17126440756125869	0.20770209010955948	-1.1375230589937186
716	0.19343524555158226	0.25009693050733617	-0.7544393608034805
717	0.19892912700383375	0.21907656559333172	-1.0347422466964236
718	0.23729934135713793	0.2696936234932554	-0.5773618308279619
719	0.3161866452183043	0.36421940382577356	0.27678186128977456
720	0.26534959453404827	0.2850248153341648	-0.4388277636402106
721	0.22122253242973702	0.2079892753304533	-1.1349280267809931
722	0.19245331900670642	0.14803804290384948	-1.6766529068267815
723	0.16906881632455353	0.25437423121535774	-0.7157892760732038
724	0.1517056891451414	0.20915709976227723	-1.1243754572234137
725	0.14702304796361543	0.22036214213402405	-1.0231256581942798
726	0.15466424545857924	0.2249330991585416	-0.9818220678330184
727	0.2617019364255448	0.2399249096099852	-0.8463546822639182
728	0.288712953876237	0.37318360310805604	0.3577831949461962
729	0.2557736924387446	0.38248512354426056	0.4418325937423802
730	0.27966801045531114	0.407812754737744	0.6706954113155039
731	0.26381764200901237	0.26850573040086345	-0.5880957426582326
732	0.25145361829980356	0.27950521427761854	-0.4887033891983475
733	0.22598672182323742	0.3042150469125021	-0.26542305653009524
734	0.2579116143382427	0.33005458127834353	-0.03193463455459006
735	0.25125531017169317	0.3080036790166246	-0.23118862649304703
736	0.2502766802829535	0.26983804368767744	-0.5760568365962708
737	0.2328651740766856	0.21180434149373364	-1.1004547361409718
738	0.14991862317356489	0.20545074517404344	-1.1578664200184856
739	0.15101176850183973	0.189163445699478	-1.3050399641975945
740	0.16004323786377062	0.15197766586489864	-1.6410541094440454
741	0.20325330982627235	0.149497420123533	-1.663465839317494
742	0.18982309019620933	0.33726900793060766	0.033255591811175426
743	0.20604736883425379	0.40548639729342495	0.6496742303246006
744	0.20619194756099987	0.24681521622047636	-0.7840932345677964
745	0.28975296477058526	0.25509337740671617	-0.7092910045868589
746	0.3542634641405318	0.3022855552176186	-0.2828581219099404
747	0.3132088014177769	0.26362413055446254	-0.6322063302839436
748	0.2772022414572002	0.20595418493920423	-1.1533172917461703
749	0.25015182644343525	0.27739175338385613	-0.5078008172713497
750	0.19895443806880667	0.2920666802824295	-0.3751968207889923
751	0.17616184002697724	0.25224322715075465	-0.7350452258601828
752	0.1694974756924885	0.14982463500597032	-1.6605090953814194
753	0.14234996211451384	0.7795388637185521	4.029646906500363
754	0.14708865548299838	0.7809779729359979	4.042650830467198
755	0.17550667684570562	0.12926570500966497	-1.8462814879632277
756	0.1921581346211949	0.15949942502098213	-1.57308679815397
757	0.1688996303187966	0.224700163641817	-0.9839268947022661
758	0.1657220105305001	0.2689981908359086	-0.5836458246281282
759	0.22414123303473077	0.40181973382467556	0.6165419201555258
760	0.24251225979470134	0.3743722259388147	0.3685237007598295
761	0.28399444716225686	0.4017973361742165	0.6163395329148113
762	0.3281787172556758	0.5218136634172434	1.7008181640899327
763	0.3437288520499724	0.5503393440795422	1.9585788523948295
764	0.3732894336605303	0.5244504945834515	1.7246448143420994
765	0.3474524799347114	0.4892614400246999	1.4066732633301615
766	0.20962295479779297	0.35310871111417613	0.17638461451449763
767	0.22419754135710424	0.3000791531054165	-0.30279537542726825
768	0.24732263086401873	0.525971783489237	1.7383913215721316
769	0.31327903870607354	0.5487632175764812	1.9443368275648474
770	0.30512369808062906	0.2636415851269896	-0.6320486091525215
771	0.2547205226789202	0.26541677061500446	-0.616007868927019
772	0.16111060951425193	0.19428827447382604	-1.2587315374869714
773	0.17050803708175727	0.16639712307446783	-1.5107585606954448
774	0.16461216258836003	0.207816170456802	-1.1364922184267428
775	0.18169825401621054	0.2051422757268886	-1.160653778467911
776	0.20750032371190266	0.20070366512558402	-1.2007614743106183
777	0.27874022765995454	0.2471605130535398	-0.7809731004537815
778	0.29544923182693084	0.23556955237062538	-0.8857100930294481
779	0.2535105023954615	0.2582363070183627	-0.6808912019815329
780	0.18174620789298843	0.33084455804218194	-0.02479633146543763
781	0.20066963117113226	0.3796412832947474	0.41613539027082547
782	0.19299931706001444	0.2504452604727592	-0.7512918190249829
783	0.1774746923126906	0.2772206916060871	-0.5093465473137772
784	0.20307866858471102	0.2693257272063402	-0.5806861756968087
785	0.366221194594215	0.2824196652392695	-0.4623681408023684
786	0.36426693456091924	0.5613759637311122	2.058306768149979
787	0.30904871583560545	0.5145292748663932	1.634995755538993
788	0.2349495181472389	0.5201429070975576	1.6857210554862752
789	0.25994365320967844	0.44720553008300823	1.0266521720828465
790	0.2600698344363122	0.396568338406196	0.5690898255445992
791	0.2967699212457113	0.44905485357619557	1.0433628301788125
792	0.21847323229347915	0.3554256368537194	0.19732056974887424
793	0.1812352922259163	0.47532096153264597	1.2807058105653772
794	0.2682327633260108	0.17572925906908232	-1.4264325168823717
795	0.30561521135531344	0.2861967585368772	-0.4282379764880097
796	0.3367157116508648	0.4320247540863779	0.8894772763733271
797	0.2915461202155703	0.4305543289631554	0.8761903789860339
798	0.3037443923235001	0.45396430558348166	1.0877250925058404
799	0.22639936251788545	0.24508968392451103	-0.7996853039583858
800	0.17640028978560082	0.16493275716539174	-1.5239907064634
801	0.20236931888738355	0.33863670976056526	0.04561427202144911
802	0.2379654518042787	0.3903433325188911	0.5128400967051948
803	0.26563516052553937	0.40104279133888865	0.6095213960081586
804	0.246120486069442	0.3999075314406168	0.5992630825870787
805	0.2475295624000539	0.3804519264764952	0.4234604370232819
806	0.273422891130774	0.40383235868280615	0.6347281844860008
807	0.2830403861128945	0.28130155519647493	-0.4724714865434658
808	0.2320582999363618	0.4196359965395457	0.7775313175610467
809	0.27887519913581854	0.43048425261345324	0.8755571626099918
810	0.2617327655231794	0.44566595537999	1.0127404326980864
811	0.2903529315063886	0.37749961255415765	0.39678305541325704
812	0.3303037191569153	0.4018019028655031	0.6163807979595705
813	0.32264394438419736	0.42311113869951505	0.8089330234735352
814	0.2673765985654852	0.40462526352364353	0.6418929459496825
815	0.2894929674651989	0.31770126670890997	-0.1435603273455962
816	0.29311714632377717	0.3039938066463271	-0.26742220403388844
817	0.28337846771766645	0.29449711600208894	-0.35323517887773687
818	0.26559727220783685	0.18762308460331303	-1.3189588095035478
819	0.21928138455877952	0.36291793412361173	0.26502166071091243
820	0.22005076912105154	0.44810522702625766	1.0347819168592538
821	0.27408154237865145	0.2195804124436402	-1.0301894399650695
822	0.2941888797944465	0.2794603104687581	-0.48910914416757706
823	0.23528464655046755	0.28041742099272365	-0.48046060496664267
824	0.26971398311191486	0.266662984020571	-0.6047469693538787
825	0.2571138060998819	0.28140249429605535	-0.4715593915055685
826	0.1834555473413478	0.29667215484974396	-0.3335813267190951
827	0.2538332825984575	0.3399845394254408	0.05779338551041319
828	0.3124249560867025	0.4522423237808753	1.0721651057015658
829	0.30908925467069304	0.4465592277661969	1.0208121245829627
830	0.3574402238677493	0.5543212943414275	1.9945601231820316
831	0.3659529082694526	0.28831598199799274	-0.4090884773235257
832	0.2817439161947719	0.3624348342585275	0.26065632565657004
833	0.31184181024049	0.46830230219064145	1.217284555718206
834	0.3250547603694776	0.5251366614304611	1.7308450814232268
835	0.2913431063624627	0.5045339061207263	1.544676679256635
836	0.28189048300541086	0.5030712093492429	1.531459615970316
837	0.29580843819583424	0.48457625587835695	1.3643375061332206
838	0.2636323882419349	0.27919715389342914	-0.4914870513169899
839	0.2115251803302907	0.348365093273344	0.13352084505064382
840	0.24689162971674306	0.40492064330623495	0.6445620249796788
841	0.3149232816123277	0.3440206812613672	0.09426433637187934
842	0.3114979628056452	0.23776243789934953	-0.8658949766103388
843	0.21891447672119446	0.3567095510322566	0.2089221369928613
844	0.20628722893366905	0.42200350864125763	0.7989243758418254
845	0.18422268147472048	0.46320853385795113	1.1712567940306382
846	0.21040621037736543	0.44822582295824553	1.0358716328525008
847	0.3340035199735935	0.348262863113576	0.13259708387350438
848	0.4002930696486032	0.34774348362618035	0.12790392279708915
849	0.3450739822509422	0.35599233331132996	0.20244129134366853
850	0.22918116256725532	0.31957630983682567	-0.12661726425186637
851	0.2625438613091072	0.3475590557095976	0.12623741508834113
852	0.25822240760435916	0.3224316921395862	-0.100815765719846
853	0.31330697660438867	0.4768446030528795	1.294473576237114
854	0.2839533037631969	0.469234502501648	1.2257080039313335
855	0.3666226819015572	0.40551592877569964	0.649941079529284
856	0.3306292706696645	0.4686979212701399	1.22085940630443
857	0.2729257848526077	0.3281490440924127	-0.04915324477640581
858	0.274369489726975	0.34115466808242156	0.06836677625958715
859	0.263431987036239	0.27348021453530524	-0.543145844016544
860	0.18838743222881457	0.2697836579205626	-0.5765482714171074
861	0.1787602652572754	0.21640838020661832	-1.0588522165844791
862	0.19501506416347866	0.1803106478608014	-1.3850346641080258
863	0.18422948433110364	0.2170010849131632	-1.053496482047267
864	0.19263372964865624	0.23682988701643037	-0.8743215926236869
865	0.20827790544338803	0.29519143820922733	-0.34696121920833967
866	0.2672867265977505	0.25181749601092673	-0.7388921718080812
867	0.25089737679655516	0.2720525506212926	-0.5560463471631817
868	0.2385939365338568	0.23871717704879214	-0.8572678653688808
869	0.2139505940039528	0.2548112164548251	-0.7118406370402691
870	0.3123888821371722	0.3051210243502403	-0.2572365606247147
871	0.3652244988179636	0.4127202232917862	0.7150397509756053
872	0.3108618528223283	0.41431329116593374	0.7294348596013357
873	0.3020255236256147	0.35875338720253347	0.22739042962607753
874	0.36455842084011536	0.39569034819255255	0.5611562247841868
875	0.38718182116712496	0.4100467950310694	0.6908824059932333
876	0.24655425345253282	0.299277701584562	-0.3100373654819171
877	0.2220908932689193	0.24106788237315055	-0.8360266746824329
878	0.20984510434300532	0.1583087274199772	-1.5838460517834079
879	0.19250402552660317	0.14186869345598846	-1.732399718932682
880	0.17583448254232312	0.18718265595910366	-1.3229385634601518
881	0.1872887167098444	0.23162250220479347	-0.9213760033214132
882	0.19427644054210508	0.22045972010726778	-1.0222439346047727
883	0.2576506986425895	0.3425913903214359	0.08134913126858548
884	0.25551471052940805	0.2807238212103129	-0.4776919442669188
885	0.2679887733409446	0.3735472814644531	0.3610694262048387
886	0.24759161627923007	0.31996262461945124	-0.1231264881525766
887	0.2867848562354417	0.382764050364743	0.4443530022853135
888	0.30060479450592487	0.42439373204615816	0.8205226555583868
889	0.22117878653373868	0.43659932494146914	0.9308135216418321
890	0.20584792071656527	0.4771006439668911	1.2967871856128605
891	0.2770732036850862	0.3514741899146742	0.16161492980757336
892	0.342176804679734	0.434973824659825	0.9161253507828572
893	0.34249307262452516	0.45924240523411886	1.1354184890279495
894	0.30320161669331486	0.337730869233719	0.03742901325554832
895	0.2703162234286491	0.33293532984522645	-0.005903924114278755
896	0.27458963507411194	0.3317264851252212	-0.016827156789112587
897	0.26894987525905667	0.37731995546289726	0.39515965732329184
898	0.20789990336948044	0.36374297401032024	0.272476797420693
899	0.2544139892597249	0.42321075050440793	0.8098331249538977
900	0.2896352338652515	0.3236342497580623	-0.08994934387581359
901	0.22079812116161013	0.2781848629242083	-0.5006342061239234
902	0.13783788226965638	0.34892572966930424	0.13858680736797735
903	0.25165106801676473	0.24175426994807253	-0.8298244130834782
904	0.28713742386110225	0.19252257667062844	-1.2746865461151156
905	0.2653483870737914	0.40971638563860313	0.687896796169133
906	0.21084079838258504	0.4259675041123066	0.8347434054787063
907	0.25175379655655317	0.49732024590076335	1.4794933784440163
908	0.38157168462347685	0.4599391287427702	1.1417141470798722
909	0.2966686864297325	0.49927119738972603	1.497122356507601
910	0.20318959192234978	0.4052505998495481	0.6475435428169555
911	0.17447195380782649	0.22880648859701117	-0.9468217626850893
912	0.23613583315285594	0.25125186478394945	-0.7440032678803689
913	0.2518593352149929	0.2479548434268916	-0.773795457746477
914	0.26840601230238925	0.20234652452218327	-1.1859164448836688
915	0.1991691664051961	0.19562876091367917	-1.2466187780583564
916	0.24722948732644773	0.3697693806249144	0.32693196486691617
917	0.3057572662333816	0.42523122933123325	0.8280903584717743
918	0.313212054717874	0.38704964373522616	0.48307802028043634
919	0.22593178437556355	0.3932023871660687	0.5386747788809585
920	0.2101566808149408	0.39388033798798167	0.5448008051995562
921	0.1800398654862737	0.24984586801412179	-0.7567079847085364
922	0.1848427641659379	0.3193926870742443	-0.12827649651460352
923	0.2531962386607767	0.3623687955526652	0.2600595938036355
924	0.34123165198923106	0.43942221333806974	0.9563214022329992
925	0.3356061943350273	0.35965561935875734	0.23554308282135925
926	0.23027621115094057	0.5229282955742565	1.7108900833334995
927	0.24270590444082032	0.5418900433191114	1.8822301893958016
928	0.30032631228288464	0.3066009606432584	-0.2438637194276273
929	0.26075915029233004	0.2614438374867363	-0.6519076600610199
930	0.23408883548358198	0.25337684346692757	-0.7248017639989349
931	0.31047920186984274	0.2763260293073042	-0.5174307985772186
932	0.2664192824253579	0.22415967310540225	-0.9888108171698089
933	0.16995514045484342	0.25147830684097616	-0.7419571165134174
934	0.17928481223579784	0.31741313463337745	-0.14616391542439497
935	0.2531375517887016	0.3814143804443727	0.43215726007752625
936	0.3077475876384926	0.36822932552592613	0.3130158845797477
937	0.2835072338342712	0.3750134772562405	0.37431810696218726
938	0.25856268602752136	0.3599057349706378	0.23780315061912163
939	0.2297176168095437	0.2871534558010429	-0.4195931715408422
940	0.23923557041986585	0.2992983665842127	-0.3098506346341297
941	0.27227097906407743	0.33926112886033627	0.05125658074856118
942	0.2755987039290569	0.36107158744179846	0.2483379013577956
943	0.2502258103788632	0.2821483932356384	-0.46481937971237314
944	0.17968557737136892	0.342238453050734	0.07815995745353974
945	0.22625754788374713	0.35740498622207023	0.21520615367663226
946	0.2619119833378425	0.30286967647201063	-0.2775799482401142
947	0.3223993217784928	0.22361885057031478	-0.993697739608059
948	0.24439526817139956	0.2466790203304923	-0.7853239132240638
949	0.20059797682495698	0.3098802524919083	-0.21423173503898496
950	0.24865377149823992	0.3002919972472387	-0.30087209607953763
951	0.33525475328969806	0.24772759180357962	-0.7758489244292448
952	0.41105016004637035	0.5141571900248509	1.63163356250321
953	0.31255813215151584	0.47753710680701184	1.3007311041969916
954	0.3691026282353228	0.5081911115056514	1.577723525305661
955	0.31919676495877003	0.5716836341932912	2.151447831622054
956	0.34433749902017763	0.5071394463782113	1.568220581964032
957	0.282621034507611	0.41782503352657496	0.7611672883116065
958	0.24920144650415188	0.2278289184168083	-0.955655177231739
959	0.2393320096550919	0.22390174972230403	-0.9911414367102985
960	0.25857767467142956	0.26362285887394965	-0.6322178213066535
961	0.2066633287533815	0.2730524957015972	-0.5470107509501504
962	0.19959404781856896	0.2934205785672114	-0.3629628706893744
963	0.15953357604366872	0.26061912614279065	-0.6593598280280139
964	0.18339269652063625	0.23077155247804626	-0.9290652637417305
965	0.2107955076616053	0.385480298356446	0.46889727031652334
966	0.2528406492927426	0.46566746242555385	1.1934758999507131
967	0.2580702061296485	0.2290034748871	-0.9450417763520365
968	0.2121076328815574	0.18353204460349815	-1.35592582525048
969	0.1947563837544044	0.11686574256706908	-1.958328695249773
970	0.1894955251631518	0.25706446336647615	-0.6914800895832656
971	0.17006745654147337	0.23783822750186945	-0.8652101347535165
972	0.15307875825887113	0.20322664867216503	-1.1779635616771729
973	0.18573759263548958	0.1340545615326316	-1.8030089375842737
974	0.1606429383664576	0.1540832968631816	-1.6220274330306454
