ID	SN	ssim	z_ssim
5057	0.3604537205196017	0.05672392790883948	-2.103169946767381
5058	0.44188816520721447	0.08925984876740166	-1.8061573016332486
5059	0.4515186519673854	0.08110239151542717	-1.880624779179376
5060	0.8713762602759476	0.16130552244522198	-1.1484695662056317
5061	0.9993357509546505	0.23053140888055904	-0.5165229945596149
5062	0.7458125997252337	0.14160424406875538	-1.3283178277180558
5063	0.581917866824118	0.16651825348324228	-1.1008837904501019
5064	1.3711870975751232	0.21430932978142864	-0.6646104774297943
5065	2.027874627783957	0.19331967825440693	-0.8562199895006289
5066	1.5974894181809502	0.22158888781628588	-0.5981571320107606
5067	0.35664891441775315	0.2809145709552399	-0.05658715001797804
5068	0.3397791913878814	0.1820081115925782	-0.9594805779882198
5069	0.3770072519548394	0.1654008447796525	-1.111084347434238
5070	0.3832022286259194	0.3072207224825748	0.18355541986342377
5071	1.0792030055166317	0.36954407480441265	0.7524904073563069
5072	1.269144915822996	0.354373544993234	0.6140022666059085
5073	1.1073050102951112	0.31704240462604083	0.2732152086789547
5074	0.6928997526261506	0.4214821791633249	1.2266209483652157
5075	0.6027898215746732	0.4480738681168326	1.4693701211640835
5076	1.1046093522758	0.414085892727889	1.1591020172764583
5077	0.9222692854227863	0.4590196008833655	1.5692910994591776
5078	0.6858688124910465	0.44675538838206097	1.4573340347941104
5079	0.8830170513155379	0.39358743458003775	0.9719764921643453
5080	1.0278310069644443	0.3669387955406778	0.7287074356433255
5081	0.4925047379961547	0.2701221715507806	-0.15510838469878266
5082	0.7505949316476557	0.3168971212576924	0.2718889515333605
5083	0.8754785048540223	0.28331022383165905	-0.03471780749217125
5084	0.63651073546907	0.29460371180012157	0.06837774492465322
5085	0.6391621690800956	0.31742044160170907	0.2766662178755235
5086	0.48506128876733284	0.3104507041349617	0.2130411503728055
5087	0.7024705814131129	0.29608349378293186	0.08188632096425386
5088	0.8543461340061688	0.25735067645162635	-0.2716963109544234
5089	0.6367315895006308	0.18016940244747787	-0.9762657143054806
5090	nan	nan	nan
5091	nan	nan	nan
5092	nan	nan	nan
5093	nan	nan	nan
5094	0.5371558103112455	0.2870532584053199	-0.0005485394888357467
5095	0.6016663081805276	0.3990506276395867	1.0218486758516883
5096	0.5550958285713337	0.4344911965799764	1.3453771590872752
5097	0.9811215576559086	0.19396352429768102	-0.8503424728566931
5098	0.6700654893518437	0.4440448496292589	1.4325901743634177
5099	0.9673257861314328	0.6243908168194827	3.0789254045016965
5100	0.8966737072550455	0.6309796626618602	3.1390734034021355
5101	1.3453277593394026	0.1988213368046809	-0.8059966635420627
5102	0.7364796147947044	0.35631248473705635	0.6317023841028696
5103	0.6242901411539404	0.3878058111159214	0.9191974334214955
5104	0.7230402610732384	0.33177809459201874	0.4077338004132291
5105	0.8302452047253152	0.20467999577282786	-0.75251436609511
5106	0.7664431288307518	0.28101400156913303	-0.05567947170857703
5107	0.33432742939686166	0.3588644536163718	0.6549986980581578
5108	0.3856097924514219	0.3673279337748684	0.732259785575642
5109	0.5769499757154618	0.16032001781372146	-1.1574660024419485
5110	0.6932922730146762	0.06932225633348921	-1.9881628176948676
5111	0.910398292446586	0.3514816685132266	0.5876030174049399
5112	0.6943309280778098	0.2875311795166909	0.003814288109338034
5113	nan	nan	nan
5114	nan	nan	nan
5115	0.5687785495908985	0.19158352161975215	-0.8720689484610233
5116	1.2869463031877062	0.3139723886088112	0.24518976621966862
5117	1.283141598431161	0.385850539108371	0.9013482225925226
5118	nan	nan	nan
5119	nan	nan	nan
5120	nan	nan	nan
5121	nan	nan	nan
5122	nan	nan	nan
5123	nan	nan	nan
5124	nan	nan	nan
5125	nan	nan	nan
5126	nan	nan	nan
5127	nan	nan	nan
5128	nan	nan	nan
5129	nan	nan	nan
5130	nan	nan	nan
5131	nan	nan	nan
5132	nan	nan	nan
5133	nan	nan	nan
5134	nan	nan	nan
5135	nan	nan	nan
5136	nan	nan	nan
5137	nan	nan	nan
5138	nan	nan	nan
5139	nan	nan	nan
5140	nan	nan	nan
5141	nan	nan	nan
5142	nan	nan	nan
5143	nan	nan	nan
5144	nan	nan	nan
5145	nan	nan	nan
5146	nan	nan	nan
5147	nan	nan	nan
5148	nan	nan	nan
5149	nan	nan	nan
5150	0.5656226655817546	0.6083799274717397	2.932765822395644
5151	0.6648204687770487	0.5966910336787624	2.826060704712445
5152	0.7211601088443453	0.31903354305151504	0.29139183546475156
5153	0.6545581116060898	0.32439795309018066	0.3403622525644991
5154	0.7647500858147999	0.31640020040003486	0.26735267979245003
5155	0.7688033991367561	0.24633238164919247	-0.3722796907322647
5156	0.9944086174185258	0.1734775378102828	-1.0373541471613719
5157	1.0054206760512596	0.27221093421257214	-0.13604056959273345
5158	0.5028647641166502	0.2577668100761983	-0.26789752655546156
5159	0.24321413266440278	0.2837698056111795	-0.030522395271192295
5160	0.4771718475495063	0.29203836405337813	0.04495929848628718
5161	0.8342621147582241	0.2898589017598482	0.02506350812014239
5162	0.8997490716782243	0.11994968481239562	-1.525997123530968
5163	0.6464732262974106	0.3720533742481737	0.7753972022328055
5164	0.32455276287744317	0.47000800246709395	1.6696015911882103
5165	0.502261460584187	0.2684737481666958	-0.17015644778377595
5166	0.6677899186606253	0.1460206042669356	-1.2880019310194868
5167	0.7542334902963358	0.24753840892836104	-0.36127015595232276
5168	0.960177736287598	0.20810119702598895	-0.7212830375534999
5169	1.2153908539862948	0.05952611672491809	-2.077589434814243
5170	1.0187489136561045	0.06943815385611651	-1.9871048169113743
5171	1.4121435514945195	0.2769588213449966	-0.09269824274942866
5172	2.07706880788815	0.26434936236787765	-0.2078069799751294
5173	1.7688491683059777	0.33730523707783766	0.45818976312849086
5174	0.852453810444264	0.38751740470939827	0.916564640268124
5175	0.3069461938837872	0.3210377737789682	0.3096879787461338
5176	0.34848821557430454	0.2591684518556724	-0.2551022737558913
5177	0.3620662214702018	0.29432019251249014	0.06578956511157764
5178	0.4537817019514246	0.30200442694863083	0.1359371046765541
5179	0.5243865797308825	0.23458476749731372	-0.47952085253717036
5180	0.5246357726386601	0.2390101165040955	-0.4391228991532854
5181	0.49102685804536705	0.2261939812714915	-0.5561183345177872
5182	0.41123204877107766	0.19930012623070192	-0.8016259093069836
5183	0.36415419625960554	0.2804426503365943	-0.060895200552234775
5184	0.3114742897969694	0.2942351761596619	0.06501347114629702
5185	0.389187901082407	0.19993993330636028	-0.7957852634330613
5186	0.5076086553193558	0.2513217881286812	-0.3267325914949505
5187	2.1706275570109983	0.3265244635180972	0.3597746580054412
5188	3.3020629650601223	0.36920516214393007	0.7493965546819976
5189	3.0835941395719413	0.38576136207451994	0.9005341467646255
5190	1.3700320761823144	0.2996897535765149	0.11480700469068642
5191	1.1636184535439582	0.27129917182969876	-0.1443638304664074
5192	0.9227344402678697	0.2969746398719626	0.09002138061892172
5193	0.6077557716358449	0.29819073641989446	0.1011228353467561
5194	0.6731654457066211	0.30190777030552635	0.135054749283478
5195	0.7061416710520961	0.24062098418561434	-0.42441767310085954
5196	0.7171082835533032	0.20916712872271986	-0.7115524018615014
5197	0.715462614854713	0.2507080974575534	-0.3323348269539738
5198	0.8662846349011261	0.20322237229598009	-0.7658206624298651
5199	0.8841451156451092	0.2660405736386542	-0.19236831649922512
5200	0.79369248798233	0.41388593392369394	1.157276641144951
5201	0.4386780942308895	0.41203717076590296	1.1403997241488388
5202	0.5189325809743359	0.2085881097375617	-0.7168381277861589
5203	1.432011373306087	0.24511052756449958	-0.3834337046370863
5204	1.8363853807917099	0.26839366938460363	-0.17088746784593137
5205	1.2184187742838404	0.24216215222602466	-0.4103487184132594
5206	1.1049884040522986	0.27719146714530707	-0.09057447484287583
5207	0.9655648384094663	0.4353364763427077	1.3530935160116284
5208	0.6075406489563224	0.5658234010573733	2.5442774641592663
5209	0.6687590060009136	0.3733235387291741	0.7869922301988905
5210	0.8889868857774904	0.24706268559807926	-0.36561292053222333
5211	0.7876164815239091	0.2821584252996503	-0.04523230100045943
5212	0.6085358257482567	0.2554204661889343	-0.28931673910457173
5213	0.49242164584355935	0.22271913881246927	-0.5878393408069634
5214	0.5196858225751516	0.3621329756363733	0.6848362543719919
5215	0.5687256832503915	0.3083491996754568	0.19385701844083797
5216	0.9537932867651651	0.26433210571752874	-0.20796451181166678
5217	1.00949067999132	0.37819694081423894	0.8314803530456235
5218	1.011711562605922	0.3433323779013159	0.5132100911640529
5219	1.2249627229834739	0.2907069602097827	0.03280523101584207
5220	0.9906462835443477	0.4359590625658318	1.358776956838707
5221	0.4305568899894851	0.3633777394652843	0.6961994058561414
5222	0.9091202513821105	0.1672985394681644	-1.0937607461892596
5223	1.2752110947097446	0.1700750516346285	-1.0684146302334978
5224	0.9120613799149538	0.0921743506725909	-1.7795515103334794
5225	0.801883614689585	0.1661259524650621	-1.1044650126815252
5226	0.9147888467590771	0.1844736059442522	-0.9369736693275651
5227	0.6888947311472978	0.1629978130663064	-1.1330210495987414
5228	0.6113227868788164	0.33324467854501894	0.42112189479314366
5229	0.5247253136406891	0.31933451534769686	0.2941393396214544
5230	0.46569532951883047	0.2529951743870732	-0.31145664829676334
5231	0.6456408824026713	0.10263140205747315	-1.6840915875721392
5232	0.5987033187250631	0.23208330370151528	-0.50235611765621
5233	0.6196899035802969	0.23149279577156978	-0.5077467234118679
