ID	SN	ssim	z_ssim
494	0.6169599277539506	0.3369554189770678	-0.32335052498378625
495	0.7841553001362496	0.33672455590134964	-0.32502973904560406
496	0.6786775514511934	0.1891360736289682	-1.3985346900784323
497	0.7964273151887156	0.2532054843577348	-0.9325170946121938
498	0.8791649025123636	0.32501548982189626	-0.41019722782745704
499	0.8566844706879172	0.3589438959588871	-0.16341433929897975
500	0.744035359464703	0.4288229042348586	0.34486015612590604
501	0.5643385259632395	0.48765946809905825	0.7728159263696187
502	0.49739381949999645	0.3969977461769923	0.1133755293006931
503	0.6536225403127428	0.1531165384776197	-1.6605276906400317
504	0.7909804904104274	0.40287012165102254	0.156089053070528
505	1.076565500593217	0.3524922157767898	-0.2103415148571628
506	1.287055093412826	0.2760111508855748	-0.7666369693321112
507	1.4291786889556208	0.3616164818738983	-0.14397492121125818
508	1.6654485204099074	0.26260023891621814	-0.8641830662585642
509	1.689839891479248	0.23268040690667252	-1.0818090442602923
510	1.1287154020792134	0.4465224619124886	0.4736003024129349
511	0.9253521307866365	0.45959615933992115	0.5686936233859924
512	0.7294595178048638	0.44803308137564285	0.4845879990668633
513	0.5461106950803166	0.590176617599334	1.5184883925395152
514	0.6189038906599484	0.663664703061321	2.0530140030120974
515	0.6960974051917498	0.642856592318237	1.901663372119946
516	0.7283509445047187	0.5841602850923826	1.474727777660689
517	0.8798466231915318	0.6028843955022447	1.6109201479540296
518	0.8396375397995228	0.486104842852862	0.7615081476520879
519	0.955259674467756	0.5116641623016168	0.9474173429416617
520	0.7971850483686235	0.4428387269825593	0.44680615408452107
521	0.7800096115764594	0.28404364685677186	-0.7082115145712359
522	0.8876153559224557	0.2796344870816799	-0.7402821394301631
523	0.8558934501268183	0.34315419672126535	-0.2782628697935451
524	1.0074388132761758	0.36608600814330017	-0.11146521242436805
525	1.096301191156821	0.3106241770174113	-0.5148744039160669
526	1.0672389541300698	0.2615294192238976	-0.8719718193080604
527	0.9110209515655369	0.28595759628441236	-0.6942901424223807
528	0.8411232351791728	0.2569132506994555	-0.9055481505331826
529	0.9214681236718146	0.4321611799676076	0.36914155987667446
530	0.8807707722794745	0.5760971983047618	1.4160798164251795
531	0.8849304410565884	0.599591976387462	1.5869722885670658
532	0.9043691143021132	0.47448208137217546	0.6769684071378953
533	0.857761580389394	0.4842151078880559	0.7477629027005527
534	0.828414651420356	0.45982826388475584	0.5703818674427164
535	0.7964422575065783	0.3334855902998401	-0.3485887970148328
536	0.9643745618714413	0.24111133434196103	-1.0204855439150733
537	1.1524832343106335	0.18150687534981166	-1.454026704082416
538	1.1637920448864987	0.15423247890024058	-1.6524107458060149
539	1.0774566706680526	0.34708723297760846	-0.24965539427263145
540	1.0147004869390965	0.5592580104099634	1.2935976870739452
541	1.1632268136420394	0.471585202338359	0.6558975624658439
542	1.2125025510820355	0.4306915226494776	0.3584518069701941
543	1.2668994804506846	0.3965845487486821	0.11037008146211177
544	1.159527749949791	0.36296168051035793	-0.13419043549714307
545	0.9566410547835562	0.47451243827601863	0.6771892122174782
546	1.056768220811203	0.472057880361411	0.6593356505210775
547	0.921374578603662	0.6498056883165779	1.9522085694453974
548	0.7527852443893488	0.6849177569400261	2.2076009884738137
549	0.8625526125392722	0.6584864712090431	2.0153494275287813
550	1.0578114303358293	0.45226547133393735	0.5153728645589113
551	0.9440239575930518	0.5729142788221651	1.3929284175443344
552	0.9761116870725914	0.594187490779639	1.5476620255407392
553	0.9679237290187386	0.5314568020970063	1.0913818074257313
554	1.0337954400868163	0.514628731623057	0.9689805421510191
555	1.048849418187067	0.43258921092798613	0.3722549014334612
556	1.1388645382547948	0.3039424893246746	-0.563474570466802
557	1.0584216447462267	0.4358022730413573	0.3956255468495055
558	1.126206017441003	0.5286534016147407	1.070990891745158
559	0.9107444812004601	0.5359742546727546	1.1242401147370826
560	0.7785304436042749	0.40296198483428264	0.15675723246047085
561	0.5011993440685121	0.4499608161595669	0.4986096408844235
562	0.5774877306284039	0.3690485030708923	-0.08991710160152952
563	0.7543458230934258	0.11337872179336551	-1.9495661189575821
564	0.813974287608503	0.20178468136365474	-1.3065333169509639
565	1.0218731342174192	0.41068623608228966	0.2129406271948494
566	1.1058049159282168	0.6268336443778206	1.7851182753797172
567	1.4682789192474552	0.5800317811490568	1.444698541264455
568	1.5416908008083212	0.5091146643593447	0.9288732220079832
569	1.1371776937790277	0.4964593149442539	0.8368228123487959
570	0.9068708547847234	0.5652915164493616	1.3374832159828127
571	0.6900106530305828	0.5245830063437984	1.0413843167012267
572	0.7350267616661924	0.40256309169960625	0.15385582885217422
573	0.7226765808873508	0.34988483262056835	-0.22930667178775282
574	0.8689058752839769	0.3363244001094266	-0.32794032676356066
575	0.9208646043284078	0.3844161571075194	0.02186162557334832
576	0.9037882714040351	0.5069685218023514	0.9132629614708322
577	0.9610968736297297	0.6845778468709405	2.205128606236046
578	1.0232981042894085	0.6363153836098906	1.8540849986179444
579	1.0179476908202032	0.6487465252313545	1.9445046023171213
580	0.9901328146015146	0.5941463845073938	1.547363033464296
581	0.8755092932125423	0.4295527312154389	0.35016865218865695
582	1.0629783804430397	0.46071716609676017	0.5768474188927921
583	1.1216154157329339	0.5086440951728874	0.9254504728632832
584	1.0948151677921842	0.542634602111509	1.172685060040512
585	0.9253162375994863	0.5962241496633828	1.5624759416512723
586	0.9054749528622043	0.6133716041992483	1.6872002904516712
587	0.9667730681224447	0.572796939125371	1.3920749312592147
588	0.949611324046935	0.5824148541733761	1.4620321478636351
589	0.7479232701107961	0.5479106930109826	1.211061426647705
590	0.7376665592248617	0.42820446081574004	0.3403618235857545
591	0.6285069561860508	0.42373104927466776	0.3078238547455726
592	0.5653331038788455	0.3440381944852977	-0.2718329915145659
593	0.5017895036067914	0.23906214700975317	-1.035390587403894
594	0.450397658657417	0.2742644886586021	-0.7793415552155595
595	0.467324926739198	0.25737367634482056	-0.9021991818177939
596	0.4337788424053694	0.1438686109116439	-1.7277937528422702
597	0.5393371555959311	0.18470393985147732	-1.4307724194765525
598	0.6285302552402342	0.2538565879328152	-0.927781203974102
599	0.7317918200320156	0.21548498744298913	-1.206882272503691
600	0.8390271487825381	0.37991936502538737	-0.010846404820411788
601	1.0287521304673914	0.3940806319343962	0.09215750107830172
602	1.028474280724562	0.4789190374104457	0.7092412119073598
603	0.9019842987617401	0.5451692219632729	1.1911209631540964
604	0.8373301631911159	0.4830168960531532	0.7390475455307413
605	0.7289482690567104	0.3453771806414847	-0.2620936931228503
606	0.7620732693480438	0.4218770049923843	0.29433821084016154
607	0.9425438692132707	0.31761400984170024	-0.4640329017321927
608	1.0993716081506544	0.2548924812968145	-0.9202464923362181
609	1.119960318554518	0.23615930271720637	-1.0565048211987458
610	0.9509464937439941	0.08503339785258815	-2.155739697820572
611	0.6438235101893386	0.26305325870899265	-0.860887965021858
612	0.8447322978906296	0.4782118036248484	0.7040970505291347
613	0.9901005825259493	0.5298656346329114	1.079808233903403
614	1.0797135162590892	0.5797332519221639	1.4425271482250837
615	1.1788346097282232	0.5769499497422484	1.4222824202872668
616	1.0290293981502265	0.5667187548254197	1.3478644289298687
617	0.8028658990870818	0.5365413069941164	1.1283646471199895
618	0.7265445287726834	0.4232857337879874	0.3045847918298045
619	0.7264972607638114	0.4645816213602739	0.6049560612106297
620	0.8476728585206535	0.5758033506971745	1.4139424757822154
621	0.9874840639279574	0.4874263430004612	0.7711202591759413
622	1.1074712247363991	0.5554623234036898	1.2659892400524115
623	1.098896939168751	0.5773022042091411	1.4248445911857712
624	1.1024904607349646	0.41364010331043	0.23442598326924863
625	1.0674714324770793	0.2489789808630924	-0.9632591441081879
626	1.0371239184794783	0.42613518379667453	0.32531065502013695
627	1.0789882678274128	0.4522785928500207	0.5154683056953987
628	1.165124100961432	0.33985360331741915	-0.30227018598666133
629	1.411123732734607	0.3687644002600363	-0.09198356213666393
630	1.3203891995969625	0.4843039610504596	0.7484091882933488
631	1.4153930886164732	0.5100667615619106	0.9357984308392024
632	1.4942742036528358	0.4834308844434331	0.742058746539065
633	1.0983569091288843	0.5490909534931583	1.2196462122056029
634	1.3572556340129835	0.478555412092568	0.706596333573682
635	1.2476182386940493	0.32633116428794795	-0.40062749019273197
636	1.0432300522773632	0.5280021829083013	1.0662541636834264
637	1.0218606723612822	0.5951206861241413	1.5544497491298683
638	1.0571471177326917	0.4575410539658285	0.5537455342125361
639	0.9899121695495174	0.5624575139553446	1.316869712396863
640	0.935110066920455	0.49043083138344074	0.7929738151227842
641	0.8606691762229783	0.5691184421096152	1.3653188816137856
642	0.9542102965010479	0.5358639898004485	1.1234380881526016
643	0.92825785173731	0.46645382220014	0.6185737693134532
644	0.8784608250064002	0.36234382743756754	-0.13868447407277684
645	0.7863122363010089	0.23414681590047917	-1.071142918483721
646	0.614608983263974	0.15505570941748636	-1.646422866382784
647	0.4920980815674224	0.1719007004970068	-1.5238985267761496
648	0.47248818240056395	0.3077956369399641	-0.5354481758702391
649	0.6018647187012647	0.2889277869142631	-0.6726860558597756
650	0.6985334480627778	0.21262307294706423	-1.2276987978416098
651	0.8923590531809363	0.27746141705694494	-0.7560882605757736
652	1.038827671817904	0.22353132432615064	-1.1483561439822898
653	0.9994557504155803	0.18443589121707363	-1.4327221077701071
654	0.9173708888023819	0.16151399815903408	-1.5994476225662926
655	0.5378428835275675	0.2273692343705567	-1.120440581935349
656	0.5074324912642985	0.24479359750099697	-0.9937021007129436
657	0.5332243772609532	0.1708005884171496	-1.5319003420007156
658	0.44562039487008415	0.2339996406862204	-1.0722134174735034
659	0.6130107702019789	0.2030650353020035	-1.2972204879908074
660	0.6336585835287877	0.2843147385408512	-0.7062396922409139
661	0.7944217952523621	0.40384302828180846	0.16316562211548793
662	0.8433384309303442	0.5822174736089475	1.4605964734133705
663	0.9136118683517305	0.6525664644511725	1.9722894511209126
664	0.8409648598544173	0.5791153650818981	1.4380328640371132
665	0.6124442319091693	0.4107001473900623	0.21304181298888505
666	0.42203636104679254	0.3819324366363862	0.0037959460454408864
667	0.3173069018399928	0.36717950862339754	-0.10351148757221557
668	0.43237207313722853	0.20625361799843275	-1.2740278969519134
669	nan	nan	nan
670	nan	nan	nan
671	nan	nan	nan
672	nan	nan	nan
673	nan	nan	nan
674	nan	nan	nan
675	nan	nan	nan
676	nan	nan	nan
677	nan	nan	nan
678	nan	nan	nan
679	nan	nan	nan
680	nan	nan	nan
681	nan	nan	nan
682	nan	nan	nan
683	0.5707815383698075	0.38807047834507696	0.04844182939943336
684	0.5873669300972596	0.42963173088716183	0.35074326707336057
685	0.5351720173226948	0.4960023821060829	0.833499249042814
686	0.5216223634408559	0.12121096352167662	-1.8925972407390863
687	0.5804669628613897	0.4959703987061582	0.8332666134221927
688	0.6429898218313713	0.3668167789599079	-0.10614985124157005
689	0.616715391544956	0.42010402037614136	0.28144216546902495
690	1.0408517035248694	0.2341537752459441	-1.0710922987355025
691	1.1697488349471212	0.38223752017843543	0.006015012789850114
692	1.2813628065193956	0.369467888099176	-0.08686664741079728
693	1.1282084410154036	0.3977655011556865	0.11895989982960226
694	1.0281540485923772	0.3962709525758291	0.10808909693676565
695	1.034589132111077	0.42996704100032523	0.3531821909044761
696	0.9329525674711752	0.43865665677961846	0.41638729619465975
697	0.9065327130784039	0.5013923860978878	0.8727041780603143
698	0.9245467627137615	0.42852177175282746	0.3426698279553066
699	0.9474243241664229	0.39135669279933955	0.07234455834203381
700	0.9878774888275718	0.4559727534890337	0.5423382868404869
701	0.9814546591899653	0.3201884843705374	-0.44530711019031605
702	1.0317505995036202	0.3955982373852772	0.10319601126657311
703	0.9940798861118639	0.3249049084863862	-0.41100155625020474
704	0.9933016981620668	0.28584297969630007	-0.6951238218051795
705	0.9655319938333333	0.3020573427005606	-0.5771864414966452
706	0.7146699270071363	0.4916009723364333	0.8014849949052655
707	0.8696450972201507	0.37440542284975464	-0.05095281511824393
708	0.8445549530086245	0.2562058676263819	-0.9106933977742228
709	0.7644695798811799	0.3190443333542588	-0.4536292486241099
710	nan	nan	nan
711	nan	nan	nan
712	nan	nan	nan
713	nan	nan	nan
714	nan	nan	nan
715	0.5281626028951998	0.44017004060179254	0.4273950997908682
716	0.5904540280317498	0.4796466789176171	0.7145338116312585
717	0.6652673259740336	0.48602060302103495	0.7608954177483166
718	0.7935475531919247	0.5291090056383172	1.074304789736989
719	1.0044777012057255	0.48606866135964677	0.761244976627464
720	1.0415832549898985	0.3654928600111097	-0.11577955624577273
721	1.2530266979965554	0.1990881326282202	-1.3261470318806146
722	1.1839252542716527	0.11307762481781883	-1.951756188866925
723	0.7569625371807858	0.1834729725849159	-1.4397260277450774
724	0.47859114923473045	0.22010728128076884	-1.173261387976758
725	0.48295815142261433	0.2367978066597783	-1.051860575705795
726	0.5751635686490382	0.24170290753214357	-1.0161826556491231
727	0.7642251671282501	0.2857439785276127	-0.6958439203054663
728	0.9083949353432962	0.4203991546003216	0.2835888644932213
729	0.8981186230263194	0.4624202533425352	0.5892350562085972
730	1.0543725144596465	0.48803470830534523	0.7755452871779522
731	0.961513979958626	0.4529603077771817	0.5204268521770253
732	1.0084949408814037	0.39488519871751443	0.09800962728636163
733	1.1081950143402302	0.401541433545949	0.14642465895783255
734	1.2383190488961415	0.38988954189653596	0.06167303618920616
735	1.2833609577178422	0.4302569072004744	0.3552905722375323
736	1.4196021038608604	0.33401451615741434	-0.34474158266522437
737	1.3037089858304187	0.2904851238820779	-0.6613585530652805
738	1.0150825038377447	0.12497914363708407	-1.865188868839118
739	0.6871518875816952	0.022862492355933184	-2.6079482566001113
740	0.5389167521161693	0.04313603475930517	-2.4604858814208086
741	0.5448042281670038	0.1577907248555815	-1.6265293586459966
742	0.6372540813640645	0.28734227831955905	-0.6842184688239434
743	0.6433959745504683	0.27137320441777857	-0.8003717053978685
744	0.5751290688837947	0.12645475992284297	-1.8544557725690216
745	0.7040426747705077	0.34864550016010465	-0.23832112543480719
746	0.8902982303994585	0.4776255442958152	0.6998328133568547
747	1.2650494404581267	0.40542339188944015	0.17466061231461272
748	1.3243186672407454	0.31646941932162664	-0.4723582369567706
749	1.144829159829266	0.34207872314104776	-0.2860854735312667
750	1.088968112684792	0.4547788126390854	0.5336539952621343
751	0.7605132243691564	0.46919946084690156	0.6385445464070612
752	0.6743983043253405	0.27070645544678423	-0.805221394956553
753	0.7136752798352951	0.15590658539191984	-1.6402339039569527
754	0.6785950203714414	0.1688424904351375	-1.546142834679907
755	0.6316692014665777	0.22140053677309834	-1.1638547178044614
756	0.6297370941641685	0.13719228919752535	-1.7763548892158192
757	0.5751329975847939	0.2573908697803754	-0.902074123019782
758	0.6728883125788485	0.43784231215108177	0.41046404949463783
759	0.8312420922903974	0.5371660681648733	1.132908932688174
760	0.9247821366349698	0.441329027612438	0.4358251498527315
761	0.9131254922464607	0.5072988559740579	0.9156656921132394
762	1.0590561927966269	0.6213450367250706	1.745196139188698
763	1.1796851862938502	0.5432611837179027	1.1772425867955354
764	1.464081683648946	0.473687656626171	0.6711900504197549
765	1.3252062347804883	0.36205246929680845	-0.14080370723930108
766	1.3278514140626543	0.44122437468810605	0.4350639425370885
767	1.0023626965220969	0.4358973364624347	0.39631700360559824
768	0.9375111046159315	0.5315527648517946	1.0920798056082037
769	0.8752383655975717	0.5397896385290762	1.1519918294833114
770	0.7181186855330677	0.3721937027503811	-0.06704006285207754
771	0.5134598978930777	0.31460414011744975	-0.48592559959857196
772	0.5152545432650087	0.20443739617646264	-1.2872384340347494
773	0.4150729234524239	0.18648870342115653	-1.4177906982814144
774	0.35893736731334186	0.18463131810745223	-1.4313006436344493
775	0.4431237355989593	0.18220575382626028	-1.4489433161846175
776	0.602093195831975	0.12829588805060532	-1.841064076074772
777	0.7794411876179163	0.14554371839617364	-1.7156096301352144
778	0.7952467210073197	0.25749817569436284	-0.9012936188221168
779	0.9955103328140626	0.3239356176356978	-0.4180518254255763
780	1.1390931479203614	0.26734967358695194	-0.8296374055461645
781	1.0072995984993196	0.3217403700286786	-0.43401925824007476
782	0.8943908684464233	0.24658940158496517	-0.9806400748316354
783	0.6703286777198302	0.16441932086082947	-1.5783153617238144
784	0.7701759962780449	0.21178741784417796	-1.2337770491827182
785	1.0401645829751025	0.08563679864443982	-2.1513507798810654
786	1.0583302196514963	0.328864635696527	-0.3821999404372543
787	0.9469509925647728	0.39153062765182384	0.07360969720940458
788	1.2396537960535345	0.38165671434347004	0.0017904423503126328
789	1.1821246009880637	0.4072172448455681	0.18770844640151815
790	1.2167236430531232	0.39723632314139656	0.11511085138373815
791	0.9156404325051344	0.43664322213136036	0.401742304727798
792	0.7921192446034437	0.48393075252547085	0.7456946051959791
793	0.7401616277182825	0.6159935418526793	1.706271311502372
794	1.0181125449912178	0.40609074445291715	0.179514692185526
795	1.1479773265263298	0.40368185504905557	0.1619933066294131
796	1.3725883734679434	0.5068781457367355	0.9126055988338584
797	1.3147029450708971	0.47834840691501146	0.7050906531874154
798	1.0103986803707823	0.45095451221390603	0.5058374246364519
799	0.8343164661045337	0.367311413636133	-0.10255205847546368
800	0.8431604193633174	0.13793620249078997	-1.7709439344369438
801	0.8929169778509153	0.22216697629303023	-1.1582799154442365
802	0.8800562947720101	0.23072972379218287	-1.095997603889465
803	0.7733590678505337	0.24992414374395594	-0.9563843730114372
804	0.9272391510562139	0.47376652752936377	0.6717637286889954
805	0.9540137322469207	0.4415907373673864	0.43772873144219615
806	1.191892385467623	0.34829418860719213	-0.24087643791990065
807	1.26443243164796	0.2652742748578748	-0.8447331012043106
808	1.0475985795180593	0.47428226850502014	0.6755150410020784
809	0.8801925455863144	0.5574343583503907	1.2803331051447167
810	1.1540244262601598	0.5657227466422787	1.3406198275937176
811	1.3778216191580501	0.5077097726822176	0.9186545508228064
812	1.394539466097294	0.5056253431006154	0.9034931680273682
813	1.060368097528309	0.5264897627896901	1.0552533697164936
814	0.7678469513090552	0.4128842643595673	0.22892828559364634
815	0.8312760007412632	0.23606517162660975	-1.0571894965219535
816	0.7149762719121933	0.23307335512038638	-1.0789508818452684
817	0.5663459971851945	0.2170629005881134	-1.1954051060777602
818	0.5556769740149395	0.15896452789256593	-1.6179915421962372
819	0.5199137618606173	0.38574509114462335	0.03152780850620232
820	0.5118404208547321	0.49098555988796344	0.7970087085434315
821	0.5713771317823751	0.1819284861783053	-1.4509600602303458
822	0.7517397993301259	0.2179148344916697	-1.1892084486601944
823	0.7810607257316584	0.22673924366971493	-1.1250229052037062
824	0.8517562244026561	0.28684011034347523	-0.6878710560738158
825	0.8710963811830001	0.28524459652028955	-0.6994762434316619
826	0.8964366209166775	0.30489498903322476	-0.55654643395342
827	0.8525842026513009	0.46783684967097655	0.6286334082127639
828	1.2135795871466093	0.2971594443857969	-0.6128119727684586
829	1.60615239815371	0.24461836747383586	-0.9949766602099367
830	1.7542286905854774	0.37686888134170604	-0.033034513858847016
831	1.605986258863692	0.3929542514327342	0.08396461890576619
832	1.1212687664874605	0.579933721479525	1.4439852908866595
833	1.2730506574054365	0.5464730614504778	1.200604617456357
834	1.2468753412897409	0.5255095490789736	1.048123651629263
835	1.2639067278929461	0.5193048051696448	1.0029926007233907
836	1.130356140530642	0.5806167693897242	1.44895353300218
837	0.9592431905266864	0.6475906644680876	1.936097291441862
838	0.916592751528375	0.413058506425508	0.23019565901998396
839	0.8653323940617422	0.4682446223302843	0.6315993982542822
840	0.982483630254369	0.4934903353696381	0.8152275345615819
841	0.9779853187021592	0.4208776504534569	0.2870692693288871
842	0.9078726806153091	0.4304913449116069	0.356995786897475
843	0.8394671907984943	0.4612194290529503	0.5805006969934194
844	0.8164097026289054	0.5238180175364187	1.0358200662965693
845	1.2325530334315187	0.49633473323967997	0.8359166503325663
846	1.391476677402505	0.4801649714856553	0.7183036832994669
847	1.367689671950112	0.47600558804969173	0.6880498407027917
848	1.4353530622608182	0.4309830913481277	0.36057257165825035
849	1.4962295001755113	0.25910610869419765	-0.8895980988894293
850	1.408593353056301	0.21839291901240643	-1.1857310357068187
851	1.076765335313886	0.2761885744229431	-0.7653464550395184
852	0.7464575707985693	0.23632127978633513	-1.0553266588991794
853	0.9403459874723815	0.27478659284177703	-0.7755439592449006
854	1.026013228224315	0.32749378636794785	-0.3921709999582394
855	1.1297859786789035	0.21519069140423563	-1.2090228748718905
856	1.1728316525871492	0.22568558094577096	-1.1326868647041846
857	1.3386197997459233	0.22056828293619507	-1.1699082295736445
858	1.2370643185222716	0.24173682083264586	-1.0159359826334884
859	1.07398550213021	0.2575565816233858	-0.9008687953331125
860	0.8917842876287707	0.2748943399718317	-0.774760245802006
861	0.5309283304534278	0.1817310031751384	-1.4523964797827418
862	0.5060151486332835	0.058967782939602226	-2.345331502207884
863	0.6265175378236941	0.17067978051067628	-1.5327790547818638
864	0.830445459255565	0.251454457133627	-0.9452534298975168
865	1.0117508375480988	0.30291386773535534	-0.5709563898599683
866	1.1302875974699427	0.32309787906941373	-0.42414523112181035
867	1.1704253371485478	0.2988922674026399	-0.600208048267009
868	0.9372369718514298	0.14506530852326427	-1.7190894095819829
869	0.7422451082895956	0.22379798429261216	-1.146416556354372
870	0.6943520500335609	0.3678247517712459	-0.09881822355072596
871	0.7078315197995463	0.4746597303627903	0.67826056129542
872	0.8402514369555897	0.40511296865866764	0.1724027066161525
873	0.8269888514975758	0.32172467042718234	-0.43413345143236187
874	0.8094501056485555	0.41830080296365824	0.26832621773187904
875	0.7396502381675808	0.43482176333480205	0.3884936757961787
876	0.5611248934271472	0.31354563740190977	-0.493624763437907
877	0.5000000290288295	0.25267211809975226	-0.9363966068196669
878	0.4803605553341363	0.17449112209538803	-1.505056742049395
879	0.49196619264465796	0.11020841481636974	-1.9726257790590924
880	0.4296478100786441	0.10268514231827047	-2.027347327450474
881	0.48860372567273985	0.1762329568433621	-1.4923872694927205
882	0.5578918471255843	0.3327392695622958	-0.3540172626679563
883	0.7686569643969989	0.4143168905357888	0.23934868743987345
884	0.7780827441634441	0.30334179964933383	-0.5678437687306783
885	0.8756003876553737	0.2888179548103068	-0.6734849346446512
886	0.864146581151489	0.25551807933202964	-0.9156961197202819
887	0.9413601281529793	0.28257147787346265	-0.7189195364168887
888	0.9631280576720975	0.3719503933485009	-0.06880980696442099
889	0.9035473386869655	0.4117349762718747	0.22056878197042942
890	0.9355839862316381	0.49307580724670774	0.8122124077342268
891	0.8180241419719081	0.34359022191941196	-0.2750913810582547
892	0.7111778826223721	0.5576548101694844	1.2819365915117933
893	0.6792446984181137	0.6169059586861322	1.712907899758017
894	0.557822436026449	0.4545395695686374	0.5319138281659498
895	0.5543215499554958	0.40639133654337145	0.1817010897443034
896	0.6680825512235031	0.4216028885973981	0.29234438786260775
897	0.7220330655327125	0.49678288854962577	0.839176369090095
898	0.7967175807939404	0.43767386169331224	0.4092388021200791
899	0.7370717080710605	0.5556072005920357	1.267043024037357
900	0.6915242716413408	0.3607009075118231	-0.15063447618189937
901	0.7218487708360389	0.4166442457272317	0.25627702278392106
902	0.7307833577798876	0.5828893169570155	1.4654832176183716
903	0.810735218957205	0.3532918465055994	-0.204525291713199
904	0.7823661670721702	0.22722592008892079	-1.1214829979052205
905	0.7837266924660555	0.4322795489005242	0.37000253245107867
906	0.6957867063550367	0.37570078118945194	-0.041530849598872696
907	0.7334105668783473	0.49050413545251415	0.793507002264962
908	0.7190794471194047	0.4951360563914636	0.8271979108250084
909	0.6423671253575691	0.6124476068464625	1.6804794697095338
910	0.6110802241279147	0.47915479885065926	0.7109560548912776
911	0.6154304694988093	0.14412050516513608	-1.7259615656410934
912	0.5523715322375968	0.23695407811573532	-1.050723913961653
913	0.5927585828465585	0.24018957795065604	-1.0271900647183017
914	0.663662448064342	0.1336327038983232	-1.8022460182760456
915	0.5487758750115731	0.12021507484245136	-1.8998409728472114
916	0.5363848145989752	0.31543464747105	-0.47988479111384463
917	0.6064107099472972	0.30577145199511574	-0.5501713610852648
918	0.6373428400829415	0.25448972388219454	-0.9231760033116192
919	0.596706158501474	0.2664146780791934	-0.8364382228682089
920	0.5513935259202702	0.3451844250694227	-0.26349572706047036
921	0.5928661502261694	0.2914253691879591	-0.6545195506207266
922	0.6950794758142129	0.40013780196103094	0.1362151532251648
923	0.8924573487168049	0.5428075320317993	1.1739428893965367
924	1.042457584200377	0.5950900854652849	1.554227171064958
925	1.094919576955582	0.5173384986189469	0.9886904019005389
926	1.0670023981694783	0.49412476151172124	0.819842119616627
927	1.045284769514954	0.549005295851597	1.219023169669396
928	1.0089397625035827	0.4932811909043466	0.8137062937742608
929	0.989989690035113	0.4500006218360502	0.49889917290024294
930	0.8773156030762024	0.45212257780198173	0.5143335089692127
931	0.8054880705855618	0.5283589193691376	1.0688489349760466
932	0.7504911608510162	0.4136199530262254	0.2342794174293856
933	0.6428650827757835	0.27668987067022577	-0.7617002084279504
934	0.8169720490370835	0.44469870219087687	0.4603349373891844
935	0.9598248840183963	0.34038559761906073	-0.2984006528907149
936	1.079354602235602	0.21534263100761955	-1.2079177214481323
937	1.0601460665978981	0.3052601895590682	-0.5538900981298075
938	1.0585556553809976	0.30195198067738366	-0.5779528065394305
939	0.8405439567138362	0.32914255854908636	-0.38017843067149226
940	0.9708243328818079	0.19022539899822916	-1.3906113334642685
941	0.8889547353381282	0.23299848794352498	-1.079495438465088
942	0.7846255534498657	0.20301106786929873	-1.2976130274716065
943	0.8833373485299794	0.12580313444584085	-1.8591954593319082
944	0.5532113121442707	0.3172483363664361	-0.46669267761790806
945	0.587492921774438	0.5465533461084954	1.201188578864096
946	0.594270551093369	0.41082423339365803	0.21394436945645603
947	0.584294542559915	0.38272977211252224	0.009595474356101752
948	0.6175813797145895	0.3336554500878749	-0.34735329868441284
949	0.6761160411497719	0.4129198883079116	0.2291874012396243
950	0.7470431427065938	0.4204507750101111	0.2839643325828047
951	0.9861405125905708	0.31495956955659676	-0.4833403351064352
952	1.0158189384923826	0.48291373022452017	0.7382971548084452
953	0.9714997247470856	0.47772777732517396	0.7005764192364324
954	0.915640541477317	0.5360309159452258	1.1246522482287555
955	0.898276052050614	0.6339573908610799	1.8369338168226328
956	0.7745295758217122	0.6097935925958117	1.6611751351549768
957	0.6293430895596216	0.5772380160167763	1.4243777096158778
958	0.5852486490494675	0.4360801960910342	0.39764705804902895
959	0.8380942702503407	0.45577175562297245	0.5408763014535406
960	0.9930451451444148	0.4127836756628387	0.22819663999167558
961	0.9955366935805756	0.3068194722319251	-0.5425484429843718
962	0.9375753500712571	0.2515634934211343	-0.9444603395921005
963	0.9189842509598286	0.31882379080057976	-0.4552333949615655
964	0.8387706187338929	0.31079118755980745	-0.513659629962324
965	0.8990277960244433	0.50822152783944	0.9223768717420018
966	0.8270507027431125	0.5370031079613318	1.1317236194263958
967	0.7047128386460599	0.46885749284285116	0.6360571954987063
968	0.8722217496246387	0.3448406918826513	-0.2659959172660474
969	0.739729076407921	0.3933780878695786	0.08704745102366056
970	0.8245715425236279	0.5374447143850578	1.1349357039669963
971	0.7711344812857541	0.44065514148266494	0.43092354719644427
972	0.6390729220339313	0.38200623242379417	0.004332709767975863
973	0.73775769205916	0.3120118219946135	-0.5047811789545606
974	0.5934228166643394	0.3728112980182836	-0.06254789945545014
