ID	SN	ssim	z_ssim
494	0.5612183415830643	0.6879974633883181	-0.19525720553317996
495	0.6286581062209126	0.6548081747072836	-0.3962727408650064
496	0.7017961893252326	0.40409111556737776	-1.9147754223831088
497	0.7686466476378462	0.490700781513708	-1.3902119545598042
498	0.7494242789906892	0.6879548005000372	-0.195515599239927
499	0.8947395380837097	0.7043878448637964	-0.09598658427190482
500	1.0299862283983927	0.6788272683903612	-0.25079776484817656
501	0.6938759319793621	0.7276096029006052	0.04465921769078319
502	0.43320773991032085	0.6050681500493524	-0.6975301067616657
503	0.510639188505772	0.3427258007030123	-2.2864429726224533
504	0.636986883847793	0.7697657274637268	0.2999836396153002
505	0.8930903618120126	0.8357309530359418	0.6995111877685302
506	1.196654938661147	0.8489796330021696	0.7797536576040817
507	1.3886901040691038	0.8947985230464643	1.057262127251612
508	1.4437931280559815	0.8963175168226643	1.0664621239741396
509	1.6092861817921096	0.8801132513248522	0.9683187399743773
510	1.605834283785959	0.8453778990498635	0.757939255810067
511	1.5933118819700303	0.835088975687668	0.6956229628181745
512	1.5635081209025596	0.792217072551773	0.435963328579592
513	1.3242321389245542	0.8610102062047242	0.852618494687564
514	1.404850513403	0.8899754482799931	1.0280505052296658
515	1.1874088473409676	0.8636690283260912	0.8687220200512782
516	1.1624193829587548	0.864656643709213	0.8747036497525991
517	1.0686257857243429	0.8913460926000423	1.0363520028722366
518	1.0034760955649196	0.8833364970289711	0.987840775138985
519	0.9613678157826543	0.8867544123374071	1.0085418537926147
520	0.968709434962893	0.8686187016926918	0.8987004040735147
521	0.8278261965100253	0.52087623858942	-1.2074501088254315
522	0.8971165008759934	0.6141811559310877	-0.6423359212699509
523	0.899723128387906	0.6288352306022781	-0.5535814832604021
524	0.9800011185603421	0.7230513910635785	0.017051774778053107
525	0.946324211384765	0.6372273352427622	-0.5027535362356864
526	0.8404997285868623	0.5365860709785554	-1.1123013276019322
527	0.7549815048726074	0.5411851850473678	-1.0844461546429907
528	0.6968020375233297	0.5619667902230798	-0.9585794773062892
529	0.7077701292887264	0.7084080752363624	-0.07163750079906668
530	0.6885245997709526	0.8168500680552144	0.5851564862136173
531	1.0522004906655387	0.8504914627341722	0.7889102642981785
532	1.2233507106179642	0.806223567139018	0.5207956078922327
533	1.2080089796983233	0.7770556907762391	0.3441363146514305
534	1.1572591001963557	0.7629186984329227	0.25851365755912714
535	0.6689750622322735	0.5492826210484985	-1.035402909148169
536	0.4698873199597604	0.4355994790727544	-1.7239406437793015
537	0.5851637109395394	0.384185181679952	-2.0353384749726438
538	1.313060855180577	0.48308407365791983	-1.4363436032917727
539	1.7056603650073203	0.7330528025600132	0.07762671223305563
540	1.566024283846159	0.9008979498139573	1.09420415239316
541	1.6876950979522116	0.8990410064884714	1.0829573173000442
542	1.6321289667078338	0.8694394460799413	0.9036713564177815
543	1.8425108185597048	0.8425327504215872	0.7407072180852455
544	1.6697818650040501	0.8537445889797473	0.8086132751111207
545	1.6105962623447723	0.815808935884822	0.5788507246592208
546	1.5197285965425658	0.7672942029239305	0.2850145080612151
547	1.332903176521452	0.9099621238565575	1.1491025810707018
548	1.3356764765496911	0.9214309043779593	1.2185648427741347
549	1.1990410710297525	0.9164579798671888	1.1884456349687407
550	1.3439590619186448	0.832084978926578	0.6774288393204131
551	1.4129712728756652	0.8742581484394198	0.9328564963496545
552	1.3169550996726078	0.8940875107622313	1.0529557826259048
553	1.3185292577952876	0.8807343200524755	0.9720803289605373
554	1.1015588545271824	0.8807322517532046	0.9720678020188129
555	0.9833873234557234	0.8173984284818743	0.5884777072792198
556	1.2078940527246513	0.739211574108175	0.11492816727893027
557	1.0507818436431728	0.7770810983119306	0.34429019891926066
558	1.331412354173068	0.8264131407438209	0.6430765638143124
559	1.0711951945982228	0.7969913043436248	0.46487912634375766
560	0.896770696195103	0.6846874816515672	-0.21530456952298904
561	0.6693198664402473	0.7931974948482301	0.44190139235274556
562	0.5184785369005924	0.7497158923918584	0.17854902952106458
563	0.481631469240771	0.27623143321692817	-2.689175342250019
564	0.745975766477284	0.5203033569423374	-1.2109198460673714
565	1.4929761814428215	0.7337545325697762	0.08187683747456254
566	1.396168281875262	0.9176726842443775	1.195802660694635
567	1.4400005957926527	0.9224512569787766	1.2247447499800919
568	1.5771692059745615	0.8786890287068022	0.9596927379304526
569	1.5767057652407817	0.8752856450529034	0.9390796722602928
570	1.3927052610456052	0.858612792611742	0.838098226373392
571	1.143888254114138	0.7923459744647441	0.4367440409139298
572	0.8124807713054913	0.6829181901601316	-0.22602052911245205
573	0.5307736802177014	0.584461253971087	-0.8223386341907848
574	0.48185983550775824	0.5248733926219772	-1.1832407904100781
575	0.7288159360890603	0.7111798622331426	-0.054849787981890656
576	1.1959830741297077	0.8152066744263287	0.5752030445099944
577	1.4579413541367137	0.8994331376406021	1.0853323140715438
578	1.3265916044966533	0.9314784283654242	1.2794190669339236
579	1.3678022536953451	0.9266784427029086	1.250347287276078
580	1.3503606974801772	0.9056213859970276	1.1228122994996135
581	1.1800630489230004	0.8068016943090889	0.5242971153725083
582	1.2214052346099327	0.84716068195024	0.7687369279911038
583	1.398031601762479	0.8630957430719626	0.865249838307222
584	1.2944816245013138	0.8537052348208763	0.8083749211834727
585	1.305807729763053	0.8723558359951642	0.9213348768890676
586	1.4374234753026058	0.8732247889257365	0.9265978109698744
587	1.2113677027097267	0.8506180827918244	0.7896771562589346
588	1.2949296484361228	0.8794048642217409	0.9640282951226489
589	1.3431799274289171	0.8293867268001056	0.6610865006558
590	0.942267091998858	0.732952114207517	0.07701687924527456
591	0.5555856840949313	0.6625019004143077	-0.34967462282286116
592	0.4682780575342052	0.550840619037546	-1.0259666779946743
593	0.6276953019776306	0.47663932173038365	-1.4753771382145864
594	0.6158267714715975	0.4510163306424709	-1.6305663415699039
595	0.4239754117829715	0.3666878460411007	-2.1413135178283893
596	0.4206397773350699	0.3054792415343376	-2.5120319300271983
597	0.4290388059876538	0.2904011251763933	-2.6033546353920687
598	0.66714708507281	0.4064301905632715	-1.9006084898826978
599	0.8548726191827313	0.4405206723528725	-1.6941347533553948
600	0.9869935029356022	0.718374151591453	-0.011276575534007597
601	0.9810073557484423	0.7305612200484898	0.0625360967880947
602	0.9501133941034715	0.782430127094379	0.3766873344693103
603	1.14813080714643	0.8438874950715092	0.7489124171679731
604	1.208233236255125	0.7686326627234121	0.29312107568604884
605	0.7556467230273404	0.6410611025772539	-0.4795337920439138
606	0.7834795606859819	0.7463557447236792	0.1581978286018652
607	1.0921525938814802	0.7612076833861903	0.2481506573488735
608	0.9309700269136485	0.7786771317826857	0.353956797249061
609	0.834059246417529	0.7959793673293292	0.4587501893060997
610	0.6879064144067893	0.503324249523381	-1.3137561677517364
611	0.47504414908382253	0.5571966096606826	-0.9874707382367376
612	0.8251833263712757	0.8469985195576202	0.7677547689434534
613	1.4529499339845882	0.8479973810851105	0.7738045124797035
614	1.6037940543453528	0.8845605084116104	0.995254170035697
615	1.7257151959395685	0.9071462859330832	1.1320480676993958
616	1.395921234301689	0.8795183256319631	0.9647154899081263
617	1.09932638667743	0.8563902882945471	0.8246373203747194
618	1.0465729751292248	0.8022163463033982	0.496525318486324
619	1.235072519013786	0.8232550025583952	0.6239488613770503
620	1.3972606472963225	0.8898914646709453	1.0275418468400843
621	1.2902462028455355	0.8647603772462046	0.8753319263231101
622	1.3824433679764416	0.9066799227855596	1.1292234745404572
623	1.3722943746411869	0.8824901272578092	0.9827146190988886
624	0.909471379417814	0.7888428214802282	0.4155267084396084
625	0.4864503041591675	0.5606297088910099	-0.9666776960518392
626	0.43488045715146484	0.7404738753578002	0.12257347007170889
627	0.6926207845564456	0.7555080458592934	0.21363001125496564
628	0.7482989657115084	0.7040673351274357	-0.09792779599393901
629	0.8894011444519714	0.7579155702566025	0.22821151705945913
630	1.0268606277138355	0.8409282605088684	0.7309894021404891
631	1.2046503460522182	0.8790120860963041	0.9616493798674861
632	1.2603125081711735	0.8654576875595501	0.8795552830595759
633	1.1292388845793457	0.8724714534602491	0.9220351301201962
634	1.0766978465102002	0.8115671773510474	0.5531599251181549
635	0.8958403766095419	0.6490543494403095	-0.4311215825308271
636	0.7978249544200497	0.7922065056108647	0.4358993284347286
637	0.9520361518776846	0.8237991292308182	0.6272444401222476
638	1.3226733354297096	0.7218393339635444	0.009710782653828152
639	1.4815862474062609	0.8744749127260719	0.9341693593501528
640	1.5053933842825955	0.8578724586266617	0.8336142907950954
641	1.4558189825897703	0.8959954049138144	1.0645112084719577
642	1.4295570158029924	0.9113690798585742	1.157624005457098
643	1.0024326455577455	0.8757846688475572	0.9421020791636073
644	0.7060795779863056	0.8098601390475817	0.5428210106056791
645	0.5550993477488443	0.6624998771850202	-0.3496868767919722
646	0.49583564502756344	0.3626358650277884	-2.165854903465582
647	0.3709148708144271	0.3760700533842732	-2.0844888763060263
648	0.46102949062584997	0.4481877595742532	-1.6476979750003846
649	0.5479746233212822	0.40018104746679106	-1.9384572927593327
650	0.6182401101175415	0.4204482806783978	-1.8157059806453695
651	0.7409426086556107	0.5763168665645924	-0.8716662473915406
652	0.8970674084552153	0.6782673157262654	-0.254189195909428
653	0.7426560129665041	0.6501236913154466	-0.42464496498264054
654	0.7730554567460532	0.5923881029127029	-0.7743285729084532
655	0.5987998819016807	0.4539949147153589	-1.6125261335468684
656	0.5059878734058014	0.4508488139144943	-1.6315809298931088
657	0.41624036144979015	0.3399961193492117	-2.302975666766425
658	0.3772913727554469	0.38863401454414837	-2.0083935009964686
659	0.4617793622950886	0.37875140858625045	-2.0682488762108076
660	0.7647232649619471	0.6050823901953661	-0.6974438593400455
661	1.0576684405672558	0.7897216895759054	0.42084969509462405
662	1.452212626969021	0.8706564987544978	0.9110426049327522
663	1.5906093991521413	0.9014240135074842	1.097390330198573
664	1.4203191006165652	0.8367335427780948	0.7055835117545587
665	1.2864978993997096	0.7669909165232611	0.2831776118633087
666	0.9421656131868575	0.7232156213629584	0.01804645839013093
667	0.5004526461208694	0.7109045503150778	-0.05651725284155904
668	0.7885325612434371	0.40054263022362885	-1.9362673165856632
669	nan	nan	nan
670	nan	nan	nan
671	nan	nan	nan
672	nan	nan	nan
673	nan	nan	nan
674	nan	nan	nan
675	nan	nan	nan
676	nan	nan	nan
677	nan	nan	nan
678	nan	nan	nan
679	nan	nan	nan
680	nan	nan	nan
681	nan	nan	nan
682	nan	nan	nan
683	1.112776264235269	0.7313000440127846	0.06701088671583334
684	1.0243056044669963	0.8051467817101058	0.5142739074270466
685	1.0673406605903892	0.8360881780775491	0.701674770834824
686	1.1101210177796754	0.9379301878665329	1.3184950441991028
687	0.8340339441354727	0.8764495973796944	0.9461293111458745
688	0.89966315403726	0.8244877979325621	0.6314154577381336
689	0.9712539974852772	0.810050816848954	0.5439758771858914
690	1.1588454446784189	0.762586584900321	0.2565021658339365
691	1.087185529125085	0.8089012220335464	0.5370131965615882
692	0.8985415492531224	0.7946384503171369	0.4506287392312924
693	1.0850367887494514	0.7746847397591677	0.32977632060267315
694	1.4606791594323907	0.7204178902240082	0.001101611273477785
695	1.4948079927808344	0.8010450300553422	0.4894310789890976
696	1.4515230905420184	0.7947945442247871	0.45157414365709686
697	1.3513749622625977	0.7997133065703348	0.48136531078823513
698	1.0950964190903039	0.6968229437071551	-0.14180445853696982
699	0.5172083938076981	0.6371040503441259	-0.503500228342766
700	0.5127188851934308	0.7080950150314956	-0.07353359339921765
701	0.7875245113176832	0.5737514024001077	-0.8872043373263572
702	1.0314980554648343	0.7185681863382567	-0.010101377147667786
703	0.8728432260480332	0.758858457121429	0.2339222422790311
704	0.7426838746205593	0.7830349798173563	0.3803507089716891
705	0.6905336248291973	0.741219043171742	0.12708668240569793
706	0.4813706879672868	0.741936352050701	0.13143116323166384
707	0.5509817989056771	0.6491281130702065	-0.43067482286404846
708	1.0178683789565666	0.5803702942627573	-0.8471160997066616
709	1.2153930883565294	0.6893840159304188	-0.18685935753484875
710	1.2470129032775508	0.7475243112480782	0.16527541401595536
711	nan	nan	nan
712	nan	nan	nan
713	nan	nan	nan
714	nan	nan	nan
715	0.813238608652439	0.7713122755348253	0.3093505227508796
716	1.0263889565880933	0.77888660041426	0.3552254731015568
717	1.057663468332089	0.7376068499089967	0.10520893234570079
718	1.0513575993521735	0.7763956300279389	0.3401385650778784
719	1.2194290017852483	0.7968838266413962	0.46422817271660005
720	0.9415254848490038	0.669292155245133	-0.3085485015921328
721	0.8349353804735022	0.5088376804870777	-1.280363307563206
722	0.4544953943358182	0.1929419819085288	-3.193629469096648
723	0.42104791558736465	0.40773121295966647	-1.8927286670879575
724	0.41461292057209276	0.475689030516534	-1.481132708902134
725	0.41148373735815946	0.43965515102344915	-1.6993769034673545
726	0.49088450579084353	0.4490600556431142	-1.6424147927383275
727	0.797118631818702	0.5764481723039274	-0.8708709759490508
728	0.9611727405787454	0.7381079772045693	0.10824407939440756
729	0.9760646319531758	0.804684029849123	0.5114711865264807
730	1.1448660875659789	0.8228830349453925	0.6216959878800484
731	1.2870608526940222	0.8070421236546004	0.5257533090879553
732	1.3723869318991206	0.7939949695156802	0.44673140840797504
733	1.3676063057520236	0.8013547034442573	0.4913066588681673
734	1.4965603335871893	0.8039086077859288	0.5067747351309986
735	1.5290121305790074	0.825864718427644	0.6397549679062562
736	1.5010856423914134	0.836751541973567	0.7056925263811805
737	1.3454354256830796	0.7964151052599933	0.4613892965867229
738	1.04864395482803	0.7226830156778359	0.014820658104243876
739	0.6624392265799759	0.4213849826002161	-1.8100327153919247
740	0.516373927243529	0.20405820853118706	-3.126302499034152
741	0.7128151164051277	0.2509997028202713	-2.841994820900991
742	0.6873054348758743	0.7257733286370477	0.03353756764119989
743	0.6642091971257286	0.7999298797373362	0.48267701624603165
744	0.8671601257510315	0.6103483252648532	-0.6655499924003646
745	1.1121004444171512	0.6626105439792872	-0.34901660798606843
746	1.5548507509904144	0.7627682834780019	0.2576026484990684
747	1.372643295733818	0.8004974916046094	0.4861148363348307
748	1.3079526256454874	0.7649655022819324	0.27091040927568427
749	1.2307272382247292	0.7913427314635417	0.4306677603737615
750	1.1602940927565453	0.8162336001704216	0.5814227628709013
751	1.069394637103782	0.7412869481819563	0.12749795852888074
752	0.902108043178767	0.4940921352387258	-1.369671749824305
753	0.8313710994623628	0.7930784322376608	0.44118027311962194
754	0.6324944869386503	0.7982725743547425	0.472639316074387
755	0.6931801019239769	0.4280486547407608	-1.7696732598012779
756	0.6628610247117425	0.41025369234897924	-1.8774509204125382
757	0.6463642852058542	0.5792187513778666	-0.854090579084285
758	0.7037045578045568	0.7099583153678877	-0.06224825618685826
759	0.8831466884565063	0.8460960192923764	0.7622886507720582
760	0.95645383704869	0.7927437641914084	0.4391533096278029
761	1.086708520318818	0.8352438736887549	0.6965611240698222
762	1.3040692219543482	0.9216140645163039	1.2196741775843694
763	1.6924905622874715	0.9315707700492031	1.2799783471636583
764	1.8783872244614577	0.9136674775724406	1.1715445703507443
765	1.7644014802676347	0.8652008412376038	0.8779996576468035
766	1.0877236397705854	0.81276898987483	0.5604388695438214
767	0.7598987672698775	0.7085111162042111	-0.07101341886973443
768	0.8107899696382956	0.8507424235635312	0.790430243407877
769	0.8003948399714562	0.8558230863607406	0.8212019831048814
770	0.8191363162544036	0.682191522683667	-0.23042169158368087
771	0.6357862326268371	0.48797312573895757	-1.4067323805030008
772	0.3727383179791417	0.28878742414936026	-2.613128239729661
773	0.4235714493692281	0.23007941231618267	-2.968701465185891
774	0.3805783256484345	0.29547485164429826	-2.572624906536627
775	0.41799328009185915	0.3377749309526436	-2.3164286027091023
776	0.5450295281767674	0.3207350804141095	-2.419632823531559
777	0.913063466542402	0.44744160669188066	-1.652217153538104
778	1.2423959559084754	0.5283923584386044	-1.1619276853224134
779	1.3038874053387297	0.6858251533293235	-0.20841410303743554
780	1.087962521853718	0.74769735282833	0.16632346437410828
781	0.7170471751785098	0.7503305897306098	0.1822720293058347
782	0.667914947385336	0.6144957678967173	-0.6404304302152727
783	0.6305701908603792	0.5081742213339577	-1.2843816400474275
784	0.7027833079463852	0.519023112291561	-1.2186738255607192
785	1.0870267925935024	0.6373191639162341	-0.5021973631241092
786	0.9517540332111604	0.8682361030190354	0.8963831420815083
787	0.888789767867691	0.8434573305424898	0.7463070659682952
788	0.8330750470005267	0.8576143058795286	0.8320507528367781
789	0.863432842185741	0.8295002364358599	0.661773987525909
790	0.9064034533040294	0.7773613397519931	0.3459875201133875
791	0.7481125662547657	0.7783275600362612	0.35183956742772554
792	0.590086850263713	0.7757300129533327	0.3361071628425412
793	0.5236157949171045	0.8527829354308557	0.8027888868636965
794	0.7233872231643129	0.6565251011765344	-0.38587393730345093
795	0.8973217729171449	0.717485924995211	-0.016656243247150784
796	1.0600236756947838	0.8382925594896704	0.7150259129424975
797	0.8687385437006006	0.8276198632543917	0.6503852462567288
798	0.9631872149949952	0.8118061938508914	0.5546075617376381
799	0.6910060323563179	0.5817814834322328	-0.8385690365537629
800	0.5758658077887722	0.3053046661249037	-2.513089270234769
801	0.6778792554342139	0.7233228491355318	0.01869589828362903
802	0.6767995787933883	0.7464787027384833	0.15894254089162604
803	0.6938804302331886	0.7210103328197539	0.004689822117094395
804	0.6360948480792404	0.7883887326607184	0.4127764564526135
805	0.5790997246200127	0.7703255580015546	0.30337433100185135
806	0.5623323171396476	0.7794062383134552	0.35837273219135807
807	0.6369724351383105	0.6396682392981068	-0.48796986189743236
808	0.5685533468116131	0.7811897603714925	0.3691748811834014
809	0.7542585598364541	0.7936136213313257	0.4444217201780604
810	1.0101928156432431	0.8643169964973618	0.8726465292529589
811	1.0919250484429819	0.8488080239888097	0.7787142837862265
812	1.1617141124629717	0.8566559611380646	0.8262464048409773
813	1.13827161063682	0.8440971484682582	0.7501822120764047
814	0.706427136711985	0.7644927704007973	0.2680472429973094
815	0.7559285248067408	0.6222627501023423	-0.5933886240174602
816	0.7465286777520345	0.6121008764393217	-0.654935422865058
817	0.6231073117325951	0.5207722790925343	-1.2080797539534165
818	0.6570871845210374	0.4836279126263191	-1.433049767065944
819	0.47551470783034866	0.665344255194662	-0.3324595064259137
820	0.4141872414694711	0.7191514153190355	-0.0065689698424375225
821	0.7108289068225093	0.4467364287588719	-1.6564881616055036
822	0.792195885084171	0.601274493952493	-0.7205069116731495
823	0.6253685848873541	0.5323915840044113	-1.1377058203782944
824	0.8854416463539292	0.6221415326499964	-0.5941227943490107
825	0.8173811723199543	0.636998338401435	-0.5041404874021024
826	0.534197329841116	0.6041611850570078	-0.7030232661726888
827	0.5715812138112386	0.7178369935500988	-0.014529947797520997
828	0.8161188181306493	0.8042539235602334	0.5088661880662354
829	0.8297548195733324	0.8222509642558908	0.6178677639841161
830	1.0309253614807325	0.8921452210448916	1.0411920352599169
831	1.0168719298954358	0.8005888727581423	0.48666829897975794
832	1.107220506610942	0.8483209836567164	0.7757644563878503
833	1.3511884743785678	0.8977227240536084	1.074972956685713
834	1.659827735181753	0.9139568320041086	1.1732970856438973
835	1.4862492277102946	0.9078832143824648	1.1365113771778643
836	1.3893384686071872	0.9012505938760946	1.0963399901212108
837	0.9324898373083116	0.864828768476532	0.8757461473059215
838	0.873388137528925	0.7077690867150419	-0.07550762350397207
839	0.9272032744076238	0.8047728333053068	0.5120090369894916
840	0.9857971120768643	0.8230277957941872	0.6225727520612638
841	1.06170962042472	0.7771906667290606	0.34495381525152097
842	1.0280846208281826	0.7160438698835601	-0.02539025026466664
843	0.6685953696347692	0.7307981516922957	0.0639711061874949
844	0.6867513509187125	0.7759289946032305	0.3373123228343636
845	0.8820073447215415	0.7895066394401112	0.4195472140868119
846	0.8882472793926935	0.7958612762789569	0.4580349544622131
847	0.8014299572200834	0.8138176251059344	0.5667900744272423
848	0.8758692185792738	0.8058592259416096	0.5185889248402294
849	0.79470506380579	0.7832095021307266	0.3814077275955783
850	0.6962196669960696	0.7046067111707367	-0.09466099009365857
851	0.7673573533963679	0.7490554387153823	0.1745489001234559
852	0.7582928011104859	0.7191500860142761	-0.006577020961290768
853	0.7262699851800408	0.7938172335025028	0.4456549255649724
854	0.6527217849563359	0.7662538003716055	0.2787131655399544
855	0.6825892727456033	0.7308180682443743	0.06409173355063406
856	0.624889938112974	0.7938597734630082	0.4459125747425781
857	0.5973080404227129	0.6896243237762424	-0.18540389969913207
858	0.5765469531756213	0.6396424538259609	-0.4881260351898766
859	0.5528619775739151	0.5833163165623803	-0.8292731065847089
860	0.4521274592608602	0.5098424343324566	-1.274277876385497
861	0.4610529215629313	0.3368062068511622	-2.322295814740055
862	0.520091836529987	0.20748822522494653	-3.105528126659997
863	0.558217226363056	0.37723600659797574	-2.0774271187710354
864	0.5674014975600069	0.4748596859050715	-1.486155749698515
865	0.6298720607999928	0.5390450701854876	-1.0974080574655198
866	0.7661102409234596	0.5839057693322759	-0.8257030040365001
867	0.6118270343559502	0.6113902518828654	-0.6592394191636475
868	0.4613020646876621	0.45249991019741814	-1.6215808359957669
869	0.4736268095358148	0.49699394999538987	-1.3520965058246364
870	0.7327739433087552	0.6699577851162687	-0.3045170218528379
871	1.1289467986675459	0.8017117591906185	0.4934692165742963
872	1.0722114454755343	0.8423948368010586	0.7398719250927829
873	1.001842310425968	0.8091766396604858	0.5386813016617339
874	1.0125737936977992	0.8416120376325527	0.7351307932346465
875	1.2271643063822288	0.782414401403453	0.37659208963865626
876	0.6295309187966412	0.6321377069898113	-0.5335795764602708
877	0.4538825980715856	0.5245429574786161	-1.1852421167377836
878	0.41296673963347247	0.20451388005778945	-3.123542661161887
879	0.39605804999819555	0.08242760291051057	-3.862975150760668
880	0.4691485488806603	0.19065482481099424	-3.207481953636686
881	0.5529117172955285	0.46223844189139107	-1.5625980665660453
882	0.6587489856128941	0.6041362302277005	-0.7031744085614436
883	0.7895386788562242	0.7229509277362516	0.01644330468645452
884	0.8941802682995921	0.7067821803334493	-0.08148495903908388
885	1.4363986600099765	0.8036179352943531	0.5050142368249982
886	1.4993598507523833	0.7710374016489738	0.30768571089413305
887	1.2256505741699628	0.7796583845670049	0.3598998909872667
888	1.0301198753157308	0.795882562638967	0.45816387825729094
889	0.6516013889649912	0.8262381397364847	0.6420166459139512
890	0.5631885838762871	0.8532949642403096	0.8058900604449342
891	0.6396438773895029	0.8142623885013901	0.5694838456885897
892	1.1315580891050796	0.8348935317651469	0.6944392295634335
893	1.0962848342047453	0.8692534179857705	0.9025446514348613
894	1.1285833892165917	0.8019528261087767	0.4949292718370067
895	1.116967409672332	0.793828902138405	0.44572559827854
896	1.346821362700973	0.8198657069875132	0.6034211221378551
897	1.1678647789038663	0.8479658829761327	0.7736137398090702
898	1.0844692994001526	0.8155990146037017	0.5775793072718982
899	1.114179946502098	0.8539128113476799	0.8096321372406998
900	1.1812778765944518	0.7275959875599417	0.044576754489522856
901	0.6847804614235423	0.6863420592169416	-0.20528339075509908
902	0.5777974255815251	0.8136528510817812	0.5657920976705769
903	0.8318318980064957	0.6986061174027054	-0.13100441945070002
904	0.9388182173737672	0.6421181551972376	-0.4731316060759647
905	0.8953857774865616	0.8638009679392302	0.8695211306384774
906	0.8308363707057093	0.823513822786106	0.6255164420241676
907	0.9262728405188604	0.8706945260255933	0.9112729223803459
908	1.2117113175716172	0.8319596254429914	0.6766696185413531
909	0.943135257617606	0.8409775465013186	0.7312879095972762
910	0.5706920769174999	0.7458142103169644	0.1549179502738738
911	0.48593666757623366	0.5212498517810656	-1.2051872686528853
912	0.5115690699430694	0.4910397792580616	-1.3881587676502438
913	0.5218458179943333	0.45194812761507464	-1.6249227838224445
914	0.670336675413775	0.3694041759648613	-2.124861688474342
915	0.5493878872842815	0.38634411872441066	-2.02226257298781
916	0.5917829615539691	0.6813586977893118	-0.23546581119664953
917	0.7996553388090817	0.7428302558027341	0.13684521542714667
918	0.7580694070625463	0.770167524071954	0.30241717656372674
919	0.6362927758859478	0.7774550487831327	0.3465550818722725
920	0.6404944433807406	0.7992071974048601	0.47829999035271853
921	0.5997562686944288	0.6397051024627143	-0.4877465950224229
922	0.9813059134345701	0.7130528349128222	-0.04350586887937498
923	1.3441538002314974	0.8626335647350489	0.8624505910348164
924	1.7150393112176618	0.8994774039618038	1.0856004191924173
925	1.6445946935234246	0.8900760867538565	1.0286600361205822
926	1.2388743008905947	0.9134959624272769	1.1705057650586534
927	1.3533303918802266	0.9304648875534065	1.2732804162726696
928	1.6540828657453424	0.8940480573654641	1.0527168276501588
929	1.7172793021319306	0.854230059549219	0.8115535950242131
930	1.538268572012099	0.8317026463541755	0.6751131890076
931	1.4006360425895188	0.8250323423310411	0.6347135664991913
932	1.0871505846405947	0.759995122691041	0.24080661513090781
933	0.6705651254764766	0.6742612279864275	-0.2784526225633999
934	0.5832476032458406	0.8485275099435778	0.7770153115210389
935	0.6303830500453559	0.8453461903466237	0.7577472076460442
936	0.8343297804471138	0.7658935034290674	0.27653097707912994
937	0.7897721816163491	0.7094584188896529	-0.0652759486194557
938	0.7787412287957466	0.7378193753909181	0.10649612243677674
939	0.8359260911395353	0.7018285070908967	-0.11148756886541815
940	0.8276699854528654	0.7359614188641693	0.09524315074952604
941	0.8265400359208607	0.7403328118701982	0.1217190994719468
942	0.9002847818920193	0.7479845926369046	0.16806317215887398
943	0.889629225605552	0.6800128556361994	-0.24361709107131038
944	0.5525709846385973	0.7055984710939556	-0.088654258409758
945	0.7451399102239377	0.8017476684336671	0.49368670589092895
946	0.7808594798553465	0.7437766166582175	0.1425769813535066
947	0.7960151081647036	0.6545370756234592	-0.3979146901091331
948	0.6501184333254447	0.6627174219322134	-0.34836928682383744
949	0.5119402787118384	0.7272166720925108	0.04227937769190478
950	0.7552050949050907	0.7412711939114982	0.1274025406023223
951	1.1307161361123668	0.7552790962801491	0.21224334633852254
952	1.5702127786461724	0.9060266534994417	1.1252668584006276
953	1.713913123656997	0.9122365318787952	1.162877849065956
954	2.0628771599745983	0.9273605097240419	1.2544783208966828
955	1.9187424803716315	0.9379535339389727	1.3186364429285087
956	1.6124137640505332	0.9186091298481237	1.2014743735220854
957	1.4649925140457296	0.8971996390983128	1.0718048200220047
958	1.3362509694634301	0.7807436319078573	0.36647284219708154
959	0.9721510698331189	0.8273136813194472	0.6485308128534305
960	0.985687480573191	0.8067625549887733	0.5240600626444014
961	0.6337371278336116	0.743967317682966	0.1437319885893216
962	0.6116022417703656	0.7521780057959238	0.19346116122482937
963	0.676571134989168	0.7387155762469397	0.1119240873615257
964	0.7955420806458077	0.7313990802396118	0.06761071337509773
965	0.8390984282170186	0.8526346672752997	0.8018908801920807
966	0.9883279500185088	0.8929390916910228	1.0460002230595993
967	1.1427559912006975	0.8057458959450384	0.5179025259797763
968	1.1095530210384559	0.7401262826560707	0.12046822660936526
969	1.0922024512362685	0.7508607941098249	0.18548328574906453
970	0.901759632712135	0.8716752264137977	0.9172126704547808
971	0.6820420581856805	0.8227747819409514	0.6210403385273875
972	0.8216850418457028	0.7947583050630083	0.45135465614186376
973	1.1705460093212983	0.7661002752215077	0.2777833191509462
974	1.3459388898295612	0.8018740225201375	0.4944519869602919
