ID	SN	ssim	z_ssim
5057	nan	nan	nan
5058	nan	nan	nan
5059	nan	nan	nan
5060	nan	nan	nan
5061	nan	nan	nan
5062	0.20782993130254748	0.1651481060067995	-2.3414723605891923
5063	0.21081307861497678	0.21189158905137326	-1.9764139851097735
5064	0.2965665232515251	0.3398407886603626	-0.9771532558952057
5065	0.3579935216819043	0.3432542768034365	-0.9504945142896533
5066	0.40316295346326897	0.39066033383408316	-0.5802615525955092
5067	0.4354527653855119	0.4845557759466391	0.15304532421222147
5068	0.5029494250387213	0.47160203437949155	0.05187888249940035
5069	0.5240834947004237	0.571156583713895	0.8293823906771441
5070	0.4815859067044734	0.5607492127204964	0.7481026549706975
5071	0.4333836999374617	0.5555625669801889	0.7075958646158078
5072	0.44302670099704006	0.455537272789849	-0.07358407803323083
5073	0.36096645150344026	0.5181674598786044	0.415546659887833
5074	0.31352165624333084	0.5664440219648936	0.7925781128530808
5075	0.296665744276019	0.556786277651239	0.7171528295771991
5076	0.3551625908217324	0.45762144120835635	-0.057307089509284696
5077	0.3445574271344235	0.33362711102122794	-1.0256809846169235
5078	0.3317060578848243	0.3979637625213387	-0.5232230599898796
5079	0.37404067193452206	0.4075385918526463	-0.4484453281326554
5080	0.36513008953828224	0.4875565288052449	0.17648067588965746
5081	0.29665661591305326	0.35734301083570924	-0.840463981188844
5082	0.40004350550344014	0.49781665123756	0.25661042625056263
5083	0.3981384956182446	0.49292692298820484	0.2184225092409712
5084	nan	nan	nan
5085	nan	nan	nan
5086	nan	nan	nan
5087	nan	nan	nan
5088	nan	nan	nan
5089	nan	nan	nan
5090	nan	nan	nan
5091	nan	nan	nan
5092	nan	nan	nan
5093	nan	nan	nan
5094	nan	nan	nan
5095	0.3672027874962446	0.520655299899236	0.43497625257604616
5096	0.26646020175977647	0.4278700981352931	-0.2896598425171532
5097	0.26682146669727214	0.4571536213122609	-0.060960680559029604
5098	nan	nan	nan
5099	nan	nan	nan
5100	nan	nan	nan
5101	0.29006721869143315	0.20068842804189407	-2.0639087007785837
5102	0.31817057179348324	0.42579606420804494	-0.30585768244808875
5103	0.3092428277866105	0.4286966760804191	-0.2832044142477818
5104	0.30864693822614686	0.4197874855972887	-0.3527836238566783
5105	0.39665257528806463	0.6237126700767148	1.2398361750233295
5106	0.43586024789896893	0.5760515810733422	0.8676114585091632
5107	0.3512494156078499	0.455027435328873	-0.07756581886938048
5108	0.27514976696331434	0.45370969503277786	-0.08785713865266545
5109	0.29265838583257753	0.4584856389563722	-0.050557857200627006
5110	0.25835420065327586	0.42601576116662637	-0.3041418878693873
5111	nan	nan	nan
5112	nan	nan	nan
5113	nan	nan	nan
5114	nan	nan	nan
5115	nan	nan	nan
5116	nan	nan	nan
5117	nan	nan	nan
5118	nan	nan	nan
5119	nan	nan	nan
5120	nan	nan	nan
5121	nan	nan	nan
5122	nan	nan	nan
5123	nan	nan	nan
5124	nan	nan	nan
5125	nan	nan	nan
5126	nan	nan	nan
5127	nan	nan	nan
5128	nan	nan	nan
5129	nan	nan	nan
5130	nan	nan	nan
5131	nan	nan	nan
5132	nan	nan	nan
5133	nan	nan	nan
5134	nan	nan	nan
5135	nan	nan	nan
5136	nan	nan	nan
5137	nan	nan	nan
5138	nan	nan	nan
5139	nan	nan	nan
5140	nan	nan	nan
5141	nan	nan	nan
5142	nan	nan	nan
5143	nan	nan	nan
5144	nan	nan	nan
5145	nan	nan	nan
5146	nan	nan	nan
5147	nan	nan	nan
5148	nan	nan	nan
5149	nan	nan	nan
5150	0.3391110308269576	0.6517455091150488	1.458767713985705
5151	0.32844266941863653	0.6857923819240231	1.7246677981952279
5152	0.3612948531914884	0.6494778635204479	1.4410578010094155
5153	0.3100217045733976	0.5721004083002296	0.8367534945783291
5154	0.26860671287652815	0.5676352232084033	0.8018811849072116
5155	0.26899219174605976	0.3402795626325201	-0.9737265083991808
5156	0.2645764396401597	0.3821032539581446	-0.6470908403355546
5157	0.2931491898710893	0.5905474242720024	0.980821442546105
5158	0.3396256596668957	0.5763144363722528	0.8696643121297406
5159	0.3830635303466151	0.6204430757170747	1.2143012185403326
5160	0.39434589435211204	0.6558552456772835	1.490864033201522
5161	0.48957381519413273	0.7306209576589155	2.074771084619787
5162	0.4981498293203944	0.5782679493512329	0.8849209046670236
5163	0.3800308805426965	0.5776279416313971	0.8799225570198281
5164	0.3005957336245255	0.53453750808877	0.5433938551946997
5165	0.31645859696100315	0.4078075541089012	-0.4463447802500755
5166	0.3737272802093599	0.46946938910319835	0.03522329824832839
5167	0.3983070047938738	0.5241085688491838	0.4619456752816527
5168	0.42413977502002487	0.4586742618552773	-0.04908474555879945
5169	0.4191443086195772	0.327400001150171	-1.0743136167058112
5170	0.2870007853673283	0.2552190000970276	-1.6380345306952884
5171	0.3148543550857913	0.2322616781114733	-1.8173271747931328
5172	0.4577551903665814	0.4142307276354712	-0.39618092551986495
5173	0.47159080948282617	0.5892319264599386	0.9705476361684164
5174	0.3809779619136661	0.6093258717866287	1.1274778125298734
5175	0.3631504002556482	0.5041194012788143	0.30583379475562344
5176	0.3923581052776472	0.34723266005128733	-0.9194240413403005
5177	0.4055075116273316	0.2680630282288395	-1.5377249316022976
5178	0.41946623828817164	0.6986501420444806	1.8250846417026385
5179	0.46010300469775617	0.6660528157786708	1.5705052608674201
5180	0.545298083628971	0.6292272391511124	1.282903988901233
5181	0.5063323744662257	0.619220138005332	1.2047502902550875
5182	0.5170971754050613	0.4932538809198456	0.22097599314077124
5183	0.5996979529406988	0.5577437207926924	0.7246302919969249
5184	0.5381527769628651	0.49194226623673387	0.2107325133167466
5185	0.5156282686389099	0.4719152694394943	0.054325193187004864
5186	0.4420509430413671	0.4745433233483721	0.07484983166403952
5187	0.37355675851337394	0.621270841551961	1.220765924019657
5188	0.39874836164530264	0.5309722656029376	0.5155499388817658
5189	0.3653998355698585	0.4026099231327905	-0.48693736336312926
5190	0.2991739014819418	0.2787505667873237	-1.4542571365234964
5191	0.28216655898638754	0.2911702390079022	-1.3572616824083679
5192	0.2797120826227613	0.26737885967067454	-1.5430681676243034
5193	0.2645875003262012	0.17687202010498673	-2.2499106549528527
5194	0.23493599559396372	0.2296421793149508	-1.8377849993484172
5195	0.21386346242231877	0.22493321981729447	-1.874561144223491
5196	0.19666890297137532	0.2890605983180443	-1.3737376048883079
5197	0.22498385303952445	0.33864241765286873	-0.9865123225441369
5198	0.3514140443072868	0.45429648734011413	-0.08327439401089948
5199	0.4006938257147527	0.5072898670512802	0.3305945744199423
5200	0.3966046373508007	0.4153788536856169	-0.3872142631444465
5201	0.37986650223149226	0.4836195671737036	0.14573369847325968
5202	0.3614869354997834	0.3348211705123143	-1.0163555901522856
5203	0.36615802876383313	0.3838829857975831	-0.6331914479116979
5204	0.3842727709361484	0.5033458898854859	0.2997928069157997
5205	0.3296579013505483	0.429201805373216	-0.27925944337644865
5206	0.32358052151235467	0.5713284454372304	0.8307246004878269
5207	0.3392001704226968	0.7182951240359002	1.9785084934355401
5208	0.3170189158799057	0.7118161370578243	1.9279087454725292
5209	0.347756659690138	0.5698834998989676	0.819439830152004
5210	0.3685383057200773	0.6409660588963837	1.3745821050178264
5211	0.31159128010796056	0.543645038608665	0.6145220655818384
5212	0.2718176513154332	0.4365097853994449	-0.22218540561449668
5213	0.2728156929995223	0.3915331892285133	-0.5734447055921468
5214	0.28315306500092374	0.4628505641436511	-0.016468559737753782
5215	0.34818955421702313	0.5668169842278267	0.7954908824832693
5216	0.41803989965296495	0.6564836914066546	1.495772083738159
5217	0.39951872333644034	0.4731997276882333	0.06435658603825363
5218	0.41098730703723607	0.5119653151133677	0.3671090008814125
5219	0.4112789672699116	0.5361563309209629	0.5560365765927996
5220	0.4555873456614626	0.5962706596634297	1.0255189036336425
5221	0.4190077974246302	0.4152908795359601	-0.3879013257693532
5222	0.3981269446726069	0.4212055868284261	-0.3417085028347651
5223	0.4111142058968783	0.48325780215667014	0.14290837736277293
5224	0.3304146953842164	0.3834491287908613	-0.6365797947730818
5225	0.2570163223227408	0.2897998740636728	-1.3679639914313664
5226	0.263379943745514	0.29949458195997447	-1.292250029080796
5227	0.2633783922486039	0.4369502867990514	-0.21874516721413156
5228	0.2541243008413704	0.35259419648199813	-0.8775513854750415
5229	0.2424229403735809	0.4662601276355244	0.010159531032681022
5230	0.2506638842416514	0.44439689347791606	-0.16058847969411388
5231	0.23702577615682283	0.3257214600486734	-1.0874227272764507
5232	0.21699854756203327	0.27546941648317613	-1.4798823428991894
5233	nan	nan	nan
