ID	SN	ssim	z_ssim
5057	0.26647900045092965	0.13646971255974905	-1.7536880958586734
5058	0.2696265079587981	0.15599168507068278	-1.5653013444938444
5059	0.28891571031156277	0.08090156770595636	-2.289919887114051
5060	0.7391748344084806	0.1753058250188107	-1.3789201743433568
5061	0.9509675693882602	0.2530777836496607	-0.6284219024325676
5062	0.7167697833520742	0.2074035106268636	-1.0691779741305418
5063	0.5801459195560574	0.21905255750758415	-0.9567648408200404
5064	2.0918170369122966	0.2732371223523674	-0.4338845765686387
5065	3.4741499344992866	0.17380745632942715	-1.3933794104467603
5066	2.854424211773542	0.26055657447884295	-0.5562516794872363
5067	0.4025803206298814	0.3404251622486536	0.21447903318149453
5068	0.32242115984714936	0.266685548961449	-0.4971071646934868
5069	0.3205946980923773	0.24538876618996894	-0.7026208093108306
5070	0.2998229394886829	0.32892712456071777	0.1035231363894343
5071	1.5847422878898305	0.34669605796792946	0.27499308584908977
5072	1.7962789575754383	0.2929184248381092	-0.24396029325962135
5073	1.2939346493291715	0.31205694027518804	-0.05927389709152931
5074	0.4564133615986597	0.47339700570049514	1.4976553923765046
5075	0.45788468336589744	0.5205094412263898	1.9522897113541278
5076	0.911388940126204	0.5272397475879009	2.0172370700508484
5077	0.9160526485166985	0.4848326482522633	1.6080091770102256
5078	0.9515383973787127	0.46504193011761485	1.4170290342774512
5079	1.446612728892453	0.3940132180675941	0.7316029939919719
5080	1.593871078520761	0.38223534940980836	0.6179467324026676
5081	0.3876201655793575	0.40827516849274426	0.8692306085793552
5082	0.7695783235228064	0.5013992731400965	1.7678768667096483
5083	1.1081293894547037	0.39774057228177045	0.7675719080554158
5084	0.9805017369521636	0.3917843888446757	0.7100948243427508
5085	0.8094728364539887	0.40951066695678096	0.8811531508237801
5086	0.6274381884696846	0.2578209397453206	-0.5826505149573931
5087	0.8583368553373675	0.34075802551541357	0.2176911588741454
5088	1.0451032475388835	0.2728091308315967	-0.438014688531686
5089	0.760767219043033	0.3470793838342753	0.27869217489526854
5090	nan	nan	nan
5091	nan	nan	nan
5092	nan	nan	nan
5093	nan	nan	nan
5094	0.6175767627925083	0.2703082172713783	-0.4621484680864884
5095	0.7999222110908394	0.4149828461752962	0.9339596008525792
5096	0.9140839665889557	0.4135501776633303	0.9201343705076038
5097	1.3107751410861717	0.1998620401479198	-1.1419530547862633
5098	0.6691635579698693	0.39894863139579056	0.7792296609704688
5099	0.9379315355882011	0.6086108858047389	2.802467372723546
5100	0.8302730198301913	0.549197994652924	2.2291338354995833
5101	1.279311494743501	0.3096772126722958	-0.08223823391717505
5102	0.8152872532358992	0.44038284957502866	1.1790692649734176
5103	0.5792269368496774	0.4614602949195665	1.3824663066044995
5104	0.5862361228137141	0.4146223977824397	0.930481279093501
5105	0.9675076605776858	0.2288555327696312	-0.8621662718336068
5106	0.9991587387082811	0.2854860767957885	-0.31568234398586575
5107	0.5075661684806589	0.4001568301742514	0.7908887616453476
5108	0.6755527816700093	0.4922034766992162	1.6791375645341415
5109	0.7742583817335915	0.2985151719615894	-0.1899517647560407
5110	0.7125493896304589	0.17405379451348424	-1.3910022505462618
5111	0.812728982271644	0.29566539869057995	-0.21745203545620223
5112	0.5667053988864436	0.223616190409021	-0.9127258495632999
5113	nan	nan	nan
5114	nan	nan	nan
5115	0.5463103114728429	0.2833084193577762	-0.3366967066535131
5116	1.5066573893716035	0.42879546804960905	1.0672512014464843
5117	2.086129989816228	0.42253151915870774	1.0068041855718686
5118	nan	nan	nan
5119	nan	nan	nan
5120	nan	nan	nan
5121	nan	nan	nan
5122	nan	nan	nan
5123	nan	nan	nan
5124	nan	nan	nan
5125	nan	nan	nan
5126	nan	nan	nan
5127	nan	nan	nan
5128	nan	nan	nan
5129	nan	nan	nan
5130	nan	nan	nan
5131	nan	nan	nan
5132	nan	nan	nan
5133	nan	nan	nan
5134	nan	nan	nan
5135	nan	nan	nan
5136	nan	nan	nan
5137	nan	nan	nan
5138	nan	nan	nan
5139	nan	nan	nan
5140	nan	nan	nan
5141	nan	nan	nan
5142	nan	nan	nan
5143	nan	nan	nan
5144	nan	nan	nan
5145	nan	nan	nan
5146	nan	nan	nan
5147	nan	nan	nan
5148	nan	nan	nan
5149	nan	nan	nan
5150	0.46228685810979153	0.6183842843771479	2.8967805270842844
5151	0.6376505623719546	0.6164112888072307	2.877741148473044
5152	0.7986555004280795	0.37021459461432776	0.5019466231101531
5153	0.6478498570848629	0.37928331876618615	0.5894596795410809
5154	0.770106595530014	0.36768165329196933	0.4775037761155891
5155	0.6505332266992144	0.3740678669721089	0.539130645431654
5156	1.0826748617819597	0.3569189532912449	0.37364387733153226
5157	1.2106169552645443	0.39390121061384664	0.7305221236891215
5158	1.0169357705076147	0.28169943677968534	-0.35222336517735714
5159	0.47537961373580395	0.28255674893716326	-0.3439503153017679
5160	0.643261235204898	0.2963873856514399	-0.21048487176370162
5161	0.6648005136293258	0.35237933249850073	0.32983660257513525
5162	0.7657826225767528	0.2267373246474242	-0.8826069494666523
5163	0.6699297272353882	0.28682750571572413	-0.30273757437962
5164	0.35242161245660314	0.41211720391765294	0.9063061946617432
5165	0.43967281143921766	0.3316001188752394	0.1293174927254734
5166	0.7523414739538288	0.17464411828367776	-1.3853056347325723
5167	1.8111782321622028	0.2422132613900089	-0.7332643845373014
5168	2.1085054937102443	0.24688925775108206	-0.6881410875260507
5169	1.6222250276077903	0.22738596315670112	-0.8763475972672591
5170	0.9742707847856835	0.20230231576320795	-1.1184044305198646
5171	1.9269793832175708	0.2802941434540413	-0.36578442537168354
5172	2.462065098095445	0.22686505229287196	-0.8813743795420759
5173	2.0227073357386534	0.2754071595918713	-0.4129437487059893
5174	1.0462801772876593	0.32456348854063555	0.06141411213476787
5175	0.363342150119365	0.25541865695995397	-0.6058325089665234
5176	0.3898421447372904	0.21037191993112264	-1.0405328674315495
5177	0.39553821692139624	0.2039638028881785	-1.1023711038807462
5178	0.46483532778202374	0.22625638559811284	-0.8872480043115718
5179	0.5195692352390568	0.2057729569960411	-1.084912793000138
5180	0.5513096305428977	0.2697664672827754	-0.4673763476128873
5181	0.5134104494782309	0.2690528475638436	-0.4742627675422336
5182	0.5035348543397989	0.10437305119279847	-2.063420412159718
5183	0.4129558485767727	0.22098104125089685	-0.9381550006894342
5184	0.3739690562214301	0.2628158662021111	-0.5344495471518098
5185	0.4492938520524543	0.1760223903440154	-1.372005329356233
5186	0.7063215339978997	0.15105181131613307	-1.612971054521906
5187	3.125330673414299	0.22717390117550623	-0.878393992307664
5188	5.247327567879689	0.3475273399936769	0.28301494533131305
5189	4.6312203754824	0.37917057779189944	0.588371730775674
5190	1.7372463696229576	0.33772457934295635	0.188418447341065
5191	1.2296739034563937	0.3265653122828389	0.08073168219012289
5192	1.0511064752096102	0.38963455692014903	0.689348977476347
5193	0.5362804183344477	0.37664551040549166	0.5640048671487418
5194	0.5718118528321758	0.3755025766285988	0.5529755727916584
5195	0.7772536988715288	0.2990049468335704	-0.1852254443506131
5196	0.9099210610700229	0.21961689738216322	-0.9513189692218685
5197	0.8747480744364985	0.25433333788726054	-0.6163058222643725
5198	0.9176475554693448	0.22129564940321428	-0.9351190365861769
5199	0.8796731843678052	0.23696006721456542	-0.7839576320790738
5200	0.7236678743410013	0.44223808071280535	1.1969722185238787
5201	0.2982244362828543	0.3866697511024594	0.6607386443704438
5202	0.4666325578586421	0.23154884480934362	-0.8361758497443926
5203	1.5853441220888416	0.2572031503535106	-0.5886121736210121
5204	2.1647357441653314	0.29516942302565785	-0.22223819342350573
5205	1.1739553803468536	0.29022234897274757	-0.2699773862262329
5206	1.2022547503886205	0.2989872370376501	-0.18539634362418198
5207	1.0641942089853291	0.43712728310130355	1.1476530957572266
5208	0.4786205093059494	0.5111597551492534	1.862065376422491
5209	0.5696139179503318	0.34872801271537135	0.2946014196676384
5210	0.7692019029974189	0.2779762894655937	-0.3881516827160474
5211	0.8091128358460388	0.2796516887280334	-0.37198410415228933
5212	0.6625593700435166	0.2655365139056386	-0.5081953363035635
5213	0.4562307296551759	0.2900257314351273	-0.27187474261032235
5214	0.4520448835358697	0.3244789339626711	0.06059816168473886
5215	0.4885080333724739	0.30421702456015043	-0.13492896994355863
5216	1.0286571830194589	0.33483346671659947	0.16051925246185034
5217	1.240676887973898	0.45942431313156706	1.3628191119030237
5218	1.1635711051155653	0.46404731941983723	1.407431055480888
5219	1.1671964717975758	0.4287580093525698	1.0668897255637768
5220	1.222887552765605	0.3660862390400386	0.4621080517422429
5221	0.49288080941493234	0.29668831098499726	-0.2075809466628699
5222	0.8063201932816344	0.18885792980505053	-1.2481425598678941
5223	1.1247264501426968	0.2379587178923805	-0.7743206675337903
5224	0.6606731873496392	0.1704213560073714	-1.4260552294046147
5225	0.52817276983343	0.23485016316178972	-0.8043181755626424
5226	0.5744744431947343	0.30410671727127264	-0.13599343368009498
5227	0.5134260406866928	0.23969830505672515	-0.7575336766483508
5228	0.49753805351198593	0.39444699398248706	0.7357889252743371
5229	0.5256774261202517	0.36481399528104463	0.44983091793484614
5230	0.5051447476742704	0.3192288796558359	0.00993521382946085
5231	0.7462275922020482	0.19310282823240124	-1.2071793516595848
5232	0.5743103094482219	0.3253898631234685	0.069388614864099
5233	0.5443221341234508	0.3131767426156393	-0.04846782076034924
