ID	SN	ssim	z_ssim
494	0.349224025151742	0.29763623389295474	-0.24374282420635202
495	0.4689357285479618	0.2388890895091774	-0.6873134436667389
496	0.507190398471077	0.11665857582790004	-1.6102155734515768
497	0.47421846275206847	0.1493480917550802	-1.3633932132879123
498	0.5883710075428048	0.29737444359431975	-0.24571947321886656
499	1.803740547222951	0.2829878112083178	-0.35434581593468306
500	2.272392794737692	0.17973357850801794	-1.1339674373972997
501	1.1714605048272244	0.3436286283486727	0.10352298953118941
502	0.31358342492094193	0.3007696428301051	-0.22008400371637588
503	0.4294145991713589	0.13786707796299197	-1.4500806676860554
504	0.4735712707140381	0.4123480127317287	0.6223890590136404
505	1.6168577584684085	0.45668842735734394	0.9571815904451046
506	2.470567534057638	0.354704379641638	0.18715050732023197
507	1.7213687751907025	0.4567587999979318	0.9577129394341668
508	0.33091704073781847	0.5835872545311955	1.915331845555133
509	0.8607121378698391	0.4483266501992612	0.8940459484882728
510	1.29780554585143	0.3270799634159387	-0.021427791182540602
511	0.9061373213544767	0.3552477766434684	0.19125342921104305
512	0.6670446745302427	0.31278476219391993	-0.1293637824187845
513	1.349046598111288	0.41045686518639624	0.608109939628805
514	1.9119498362227214	0.44293090177000655	0.8533053218872321
515	1.4294955276961299	0.41744192425466525	0.6608506644824045
516	0.9252647987461583	0.49471397653257976	1.2442936974233372
517	1.5185841570670584	0.5284880899945914	1.4993053169192945
518	1.9556708673932268	0.4382514190936665	0.81797286358188
519	1.4477807591537875	0.5438793476626185	1.6155170880563179
520	0.2751152712273086	0.5556700789552597	1.7045430660545278
521	0.5062093992737287	0.12692380328528452	-1.5327079201020264
522	0.8481462093766237	0.11986427520047896	-1.586010923652611
523	1.059015903691759	0.19127675548589898	-1.046810619541256
524	1.0205794873427947	0.2518428800216367	-0.5895057809753358
525	0.6418159671514257	0.2205774535975449	-0.8255755459332597
526	0.7776618574229428	0.15233601060813035	-1.34083291643524
527	0.6000826948732434	0.21920727162512454	-0.8359211120480918
528	1.006943143931178	0.1944787573177683	-1.0226338880426646
529	0.9159091114037917	0.30963709145270707	-0.15313028673457008
530	0.5883883601843213	0.4587443477861585	0.9727048283443476
531	1.4561904267956265	0.43358463696708044	0.7827363008435545
532	1.7624382447498772	0.30008764201309046	-0.22523345443519602
533	1.952010125482885	0.348520833072395	0.1404616067625621
534	2.188632578118655	0.23990667154465153	-0.6796301852111727
535	1.2436590891175892	0.23838245685866177	-0.6911387761315817
536	0.5004288211241381	0.2092059435900061	-0.911436191436173
537	0.8328587578142868	0.11737856514648792	-1.60477929035389
538	2.6423084648129223	0.038490263834578445	-2.2004258200389026
539	3.9099320354838416	0.15483656866974674	-1.3219524397750988
540	2.675414244489131	0.46902062038738085	1.0502958781099379
541	1.260246893413045	0.4706850566452061	1.0628632127383721
542	0.4927272016897979	0.478692542723003	1.1233237780493495
543	0.7113883647460768	0.35097832747187907	0.15901693101761805
544	0.8303838503309892	0.3542228548296475	0.18351475172086454
545	0.7812936672101572	0.27561437885531653	-0.4100189552962142
546	1.029898756671898	0.2549259277522025	-0.5662272130378163
547	1.0059730328993028	0.5410881782989749	1.5944423492475306
548	1.086697451300398	0.5717838294429674	1.8262100229872695
549	0.9485564181847476	0.576822411857101	1.8642538657320187
550	1.0423273914857165	0.40174875153387296	0.5423592821679489
551	1.143543345866294	0.4672018050751475	1.0365629036276214
552	1.2339770836305122	0.5793898861138409	1.8836395934717518
553	1.0242411662843613	0.4951320045948089	1.247450020483118
554	0.7985374250479502	0.5302035302170243	1.5122577572479845
555	1.2115692399094358	0.3130264230429347	-0.12753912092040517
556	1.528943325876831	0.16295170762069955	-1.2606790408850028
557	1.42383004543084	0.3384049077746066	0.0640812601461893
558	1.9441972549394309	0.40917189618859867	0.598407774522413
559	1.6141651307883382	0.37714764244387855	0.35660847993023626
560	1.0846884717021124	0.28396295685918405	-0.3469829736219886
561	0.49936370107811884	0.5204540525213507	1.438644275158813
562	0.456849707660407	0.4172292447641454	0.659244826882195
563	0.5707962772087117	0.07684537151741926	-1.9108253798335801
564	0.9270992466768323	0.17518306928786065	-1.1683260809504108
565	4.095931816596971	0.2680750624244266	-0.46694460325130377
566	4.870386056651943	0.6028693571059074	2.060921461412708
567	2.4885920475371983	0.6016318316842896	2.051577519275215
568	0.5498087150393106	0.5456085109919346	1.6285731447749616
569	1.2999633685453096	0.4322338889955705	0.7725374712537547
570	2.488694352349828	0.3820211847210767	0.3934061862619866
571	2.5318920326712346	0.33661092675280335	0.050535797103032805
572	1.2602082755806372	0.33650697734470514	0.049750926556109715
573	0.6131804618059402	0.32754395645282464	-0.017924409342356482
574	0.5158902370146039	0.2645016209624959	-0.49392589161009126
575	1.2610400970326856	0.3230535660105165	-0.05182912575038753
576	3.295782409685641	0.3763138932787222	0.35031325251889167
577	3.452521111941162	0.5127569464981268	1.3805272360654792
578	1.7032874114982872	0.6146634147200168	2.1499725548184783
579	1.5968822483384297	0.5978963137436077	2.023372471619976
580	1.8380395570878514	0.5147050997014397	1.3952367769676224
581	0.6101491171882264	0.38906438661734966	0.44658591884107474
582	0.5197191092750297	0.4572462039447096	0.9613930854713482
583	0.6471694032636086	0.471840750264394	1.0715892834256675
584	0.573678600594476	0.43588504609885104	0.8001055519670796
585	0.549248821797859	0.4914176126550223	1.2194044848076042
586	0.8036082857775508	0.45574800429520856	0.9500809212193607
587	0.8177158127884934	0.4603617934944022	0.9849173605835709
588	1.9176496816755326	0.47771625250826183	1.11595229370116
589	3.128830083691456	0.39731748719519533	0.5089009977131432
590	2.6222740037137466	0.3277598091018618	-0.016294612792244947
591	0.3817757090181516	0.3934851301457038	0.4799647658627699
592	0.7003656038615051	0.2413124648089488	-0.6690157358516601
593	0.9395556190475834	0.12384663407599544	-1.5559421022340467
594	0.9036854720851292	0.14725076370360685	-1.3792290996575753
595	0.47409897349007446	0.1608839726853027	-1.2762914842776922
596	0.4544393134169996	0.15197391864406798	-1.3435668936946543
597	0.4434404397432224	0.13817146873877176	-1.447782363549115
598	0.9021803165172279	0.14657553009389604	-1.3843274545424231
599	1.2781968114595892	0.11196072531506085	-1.6456867182020238
600	1.1107945293002581	0.24029116740416648	-0.676727047222527
601	0.6206077686733795	0.31663578622751587	-0.10028660540776542
602	1.2152321608324879	0.3187794018588614	-0.08410122442534153
603	3.32359761905489	0.29703103792810587	-0.24831235948910987
604	3.5585741812244978	0.2813757495399631	-0.3665176959526998
605	0.9632850701416724	0.2965284596993179	-0.2521070790215939
606	1.3029759251308894	0.3626273301006743	0.24697278600173306
607	1.7613201867844912	0.36765652840760676	0.2849457739962129
608	1.2566131891965306	0.49923043571440684	1.278395245984799
609	0.6030266894464485	0.4534493151750767	0.9327246570526668
610	0.6260597956321826	0.1271172350702961	-1.531247412402445
611	0.31381174879384327	0.2283714374381669	-0.7667270303753934
612	0.9928144930002962	0.5146984232546026	1.3951863664210262
613	3.1924919016211915	0.4129049490467191	0.6265942095589405
614	3.2744830713819915	0.4051740492181718	0.5682220101626091
615	1.6110835801064758	0.5454132591685865	1.6270988948664467
616	0.836433686342869	0.4939643898760523	1.2386339394714776
617	0.4952244826494545	0.46797661303697496	1.0424130951764305
618	0.4272332728761166	0.42784552389309943	0.7394030977052256
619	0.8513272707455596	0.3823600235553761	0.39596459064408845
620	1.316125366430767	0.4399786833637643	0.8310145814440105
621	0.6880185462780913	0.4149650045441249	0.6421486693151052
622	2.1605566814594357	0.5450241797455754	1.6241611486577647
623	3.3493668936531855	0.48786654210653424	1.1925921081472102
624	1.9478467797727184	0.3327931874540899	0.021709936655997852
625	0.6449745009332688	0.23739123225937922	-0.6986230226279876
626	0.3786063686201937	0.37528140883767497	0.3425174733724757
627	0.883673890645467	0.34565569556784603	0.11882837112084937
628	0.9537860022686502	0.3086278555893801	-0.16075052737389553
629	1.079692562194945	0.34744422431402733	0.1323326667285423
630	1.4280912904790584	0.3743806228771802	0.33571608428898836
631	1.5628197166808888	0.3914682515197698	0.46473631329939746
632	1.2289968746094564	0.45259272611329937	0.9262569768829991
633	1.237494453360399	0.39099249951194304	0.46114414528791664
634	1.5786016470517092	0.3457326321164206	0.11940928093133166
635	1.101841563303821	0.24605082984466026	-0.6332386859853798
636	0.7658539784298845	0.410455752404181	0.6081015375608964
637	1.2608827455337168	0.3770316969505424	0.35573303287928204
638	2.7547245374784204	0.14451539311439893	-1.3998825295295425
639	2.5016649369649895	0.39174763915269917	0.46684583107609917
640	1.149764601350627	0.3638987384403109	0.2565725612880945
641	1.9277088076991857	0.4167441103428776	0.6555818169091905
642	2.8922493577650483	0.4882400590470268	1.1954123497506297
643	1.5440453956448907	0.4270551278048117	0.7334352079264388
644	1.070693532878937	0.38187782130017534	0.39232372000623533
645	0.7042881535026987	0.234436239909329	-0.72093470774837
646	0.607567041998304	0.08631879451289258	-1.8392962501951908
647	0.5434622646982247	0.16098450425729638	-1.2755324201200668
648	0.4361960305850255	0.2193512435254134	-0.8348340514655581
649	0.5723686945290545	0.15407916446078002	-1.327671224197343
650	0.6747988056559191	0.14006252156593066	-1.4335039593343422
651	1.3877353155945469	0.17382698118663303	-1.1785652312174406
652	1.4940587047859901	0.21372866682558406	-0.8772873461042597
653	1.1022438499958265	0.2766081166623886	-0.40251573281131175
654	0.3640093189024431	0.275622168069597	-0.4099601427932451
655	0.40928028389214766	0.17794577746419485	-1.147466238484549
656	0.40611088794711747	0.18713997443382419	-1.0780454064077223
657	0.441638673327352	0.159238088570261	-1.2887187408554714
658	0.44020550940055914	0.1775365106319975	-1.1505564098313712
659	0.5515184575089458	0.18508743588292914	-1.0935431094201304
660	1.4137255539307814	0.21124438107607235	-0.8960449585871537
661	1.8508969195728833	0.3373777413153132	0.05632563444868689
662	2.617892334889325	0.4010622578353621	0.537175907924005
663	2.1024610816256173	0.4300811957758748	0.7562835498932418
664	1.3168516419540706	0.2902002764757069	-0.29988805939093244
665	0.8330013839310925	0.219882939763765	-0.8308194762502988
666	0.6246800222239806	0.345165130835233	0.11512435955376664
667	0.4868616321636231	0.3439956789134559	0.10629440673115681
668	0.6050926449107895	0.09080269083263524	-1.8054405676933938
669	nan	nan	nan
670	nan	nan	nan
671	nan	nan	nan
672	nan	nan	nan
673	nan	nan	nan
674	nan	nan	nan
675	nan	nan	nan
676	nan	nan	nan
677	nan	nan	nan
678	nan	nan	nan
679	nan	nan	nan
680	nan	nan	nan
681	nan	nan	nan
682	nan	nan	nan
683	1.3553070415758273	0.187415727446261	-1.0759633318519684
684	1.1997331116140413	0.2587816760765228	-0.5371143652450922
685	nan	nan	nan
686	nan	nan	nan
687	0.8012804921543082	0.41528189250751757	0.6445413335321671
688	0.516746844449851	0.3739499577872686	0.33246434528591234
689	0.46845552262349777	0.4081867045897154	0.5909690802269248
690	0.9494475759786718	0.2426161021794958	-0.6591726150996509
691	0.9127460041067873	0.3744091130031983	0.33593119913378466
692	0.7943220857899553	0.3681943232212802	0.28900639653618415
693	0.5993162343965959	0.32598090680015535	-0.029726223880823077
694	0.7148723106890933	0.18149989167348698	-1.120630880647411
695	0.6634260668409289	0.3223861630316164	-0.05686835541653926
696	0.9161985315770034	0.3654145868107188	0.26801798229915447
697	2.2936233001242194	0.2669214260974279	-0.47565514034321577
698	1.9419168035978498	0.1779370600828819	-1.1475320591175282
699	0.827887250770371	0.30124751138102346	-0.2164758547352651
700	0.4276709226288522	0.37371744759799397	0.3307087758915322
701	1.054857621329463	0.20139723404922857	-0.9703958934697141
702	2.0716770881422253	0.22059412099965225	-0.825449698626891
703	1.577288185832943	0.3012772378296264	-0.21625140503035647
704	1.0255965882661116	0.35823129796752334	0.2137805224981471
705	1.5321479023112419	0.32380230356226775	-0.04617577896856046
706	1.1472248201743425	0.39382508400825467	0.4825315892714883
707	0.9154232004333138	0.2875263541161131	-0.3200775240853479
708	1.509375852537073	0.09595228685307612	-1.7665585161363744
709	1.4539260558836276	0.09625159050628398	-1.7642986223448927
710	0.9572521130856347	0.23148293848102183	-0.7432336255553298
711	nan	nan	nan
712	nan	nan	nan
713	nan	nan	nan
714	nan	nan	nan
715	0.7126269011551283	0.2974110670245143	-0.24544294781855022
716	0.904512500271066	0.2741884450484579	-0.42078547592717186
717	0.8552277188914403	0.21919679414843826	-0.836000222290349
718	1.5282461636161198	0.292545335518718	-0.28218167888017437
719	2.472373045140179	0.29484997112436945	-0.2647805157436121
720	2.070336589596634	0.2087048650208572	-0.9152195877807464
721	1.2825684929427967	0.13637180536447155	-1.4613707312243778
722	0.7090338655420174	0.06518561404646836	-1.9988624393093724
723	0.5916321506850583	0.17309343107284522	-1.1841039051698712
724	0.42483241252942017	0.23067603242879914	-0.7493261739027453
725	0.41626644670645274	0.20346318234520738	-0.9547969401072506
726	0.5465259789483562	0.1835899712455519	-1.1048497239592512
727	1.4729706493550063	0.15773505974516433	-1.3000673678229306
728	1.5784012683122757	0.28529736311045556	-0.3369075322759107
729	1.071802530110721	0.3493763089995738	0.14692088220364932
730	1.1417928351611346	0.3458417208019191	0.12023295561901678
731	1.2933939969611046	0.2561515606283161	-0.5569730656270555
732	1.0823653944630887	0.3393385500854744	0.07113073127419255
733	1.016445043935193	0.3338088763469895	0.029378900928700817
734	1.6371435034795163	0.2792089039718426	-0.3828784746936594
735	2.128393767088591	0.23766853438983165	-0.6965292514485932
736	2.0316024659895056	0.24883307141065725	-0.6122313565591939
737	1.2332231437127208	0.3744774694563789	0.3364473248893338
738	0.4245733787765238	0.22290485019825054	-0.8080025257850655
739	0.5522545587056041	0.014451809597125422	-2.3819282938837696
740	0.5993549998889393	0.037416154489413475	-2.208535888240525
741	0.62057487184955	0.06609030097797707	-1.9920315959239387
742	0.4494470723038833	0.35524422426500574	0.19122660695896984
743	0.47470080677636545	0.46487768228976656	1.019014602439077
744	0.5175887584146659	0.22752817870902337	-0.7730940597991225
745	2.5129749087224535	0.21141046463333463	-0.8947909438235466
746	4.816434969310959	0.19341336548401056	-1.0306781346290308
747	3.595957305100859	0.17555373728307222	-1.1655273503231647
748	2.099550651678136	0.08561018392920369	-1.8446466180957943
749	2.072022100392886	0.2842057604278483	-0.34514968401294793
750	0.7097560763398697	0.3908497277988894	0.46006614672534957
751	1.1179097976998906	0.26049634413719075	-0.5241677551278275
752	1.2706713576187074	0.10620078522977208	-1.6891771757976406
753	1.2290584420734363	0.48352863108808175	1.1598386884226872
754	0.7932877074998214	0.5022782980204346	1.3014081461911962
755	1.0014756088701202	0.06762256380600004	-1.9804622374652157
756	0.9969681008289046	0.04888039108597225	-2.121975110144556
757	0.78748823802769	0.21096154015914836	-0.898180550402632
758	0.47123057097486865	0.3271034743746748	-0.02125027156622446
759	1.3004884534385732	0.4684311426510244	1.0458450233932288
760	1.3501194114708626	0.3889463217484145	0.4456944694336284
761	1.5911702299745727	0.3966490172820888	0.5038537121547123
762	1.2703626855419963	0.5565106012777358	1.710889434225471
763	1.2346746199100134	0.6205187935379106	2.194183623061407
764	1.6262178799387335	0.5561366852249252	1.7080661791224168
765	2.0908574521444248	0.45066125442275484	0.9116733898298449
766	1.4077930702936035	0.4100938617338484	0.6053690801708366
767	0.8881382208718881	0.28630552515100727	-0.32929539954103926
768	0.9487416937162947	0.5807410564525393	1.8938416121472066
769	1.4776797183385855	0.5646790352900873	1.7725652377540697
770	1.6010341068031153	0.21241763093736651	-0.8871863294024511
771	1.2811364550278619	0.19665476093374365	-1.0062039614137073
772	0.5287450031893182	0.1525204986490753	-1.3394399385217879
773	0.5605198805985888	0.10667889442589405	-1.6855672098236674
774	0.5142831593737833	0.1425567677871577	-1.4146711402579153
775	0.6000215332843963	0.199348410067299	-0.9858655496098133
776	0.8216256748163133	0.15675693186651496	-1.3074527274620247
777	1.3577405853536288	0.1576924655976829	-1.3003889751552002
778	1.4800267093724937	0.13392129325772212	-1.4798733356417966
779	1.061504254754931	0.2843526285570521	-0.34404075543891627
780	0.4701683493253364	0.3740629219366531	0.33331728168384106
781	0.4988372978361991	0.4219446304336475	0.6948483709242991
782	0.543987911778412	0.2898948040424893	-0.3021945305879873
783	0.41631833110057287	0.2601251192946359	-0.5269706902338378
784	0.6958538607811176	0.2570074038410378	-0.5505110169945646
785	1.8582864785949216	0.20136493088291457	-0.9706397986951124
786	1.6904803101625896	0.5532067652697928	1.6859438032503684
787	0.9074413739752412	0.5374425167849268	1.5669157630093107
788	0.5275171257052729	0.5587547965002719	1.7278342419347168
789	0.6555095474381909	0.49445686297025204	1.242352360132654
790	1.240194450457014	0.34772060279050576	0.13441946385379813
791	1.435632701668605	0.4048004325300424	0.5654010154141381
792	0.8925395673426704	0.40829796616968045	0.5918091613655898
793	0.4933808934366046	0.5183741051801003	1.4229396219321588
794	1.227817530506402	0.21436799809393767	-0.8724600720347082
795	1.4124587338439887	0.21666725429209122	-0.8550995261424599
796	1.13046056310615	0.47090109074904807	1.0644943793639319
797	1.6722301644048587	0.4618475225386253	0.9961353654654954
798	1.9139783138825732	0.46728059295721186	1.037157791941255
799	1.3114323689027356	0.2640072025624654	-0.4976590003130686
800	0.6616173928881172	0.08829111236417089	-1.8244042539928038
801	0.6577035543449453	0.3441740840989242	0.10764145601267
802	0.987990564367991	0.38431040156676877	0.41069092997121753
803	1.1697895786075867	0.36506094920189286	0.2653478396929594
804	0.9671783144619341	0.4942511782745879	1.240799336767412
805	0.6710112343833433	0.4593626560046365	0.9773733677663838
806	0.7988565175386928	0.4560324364390629	0.9522285276020591
807	0.9289599007870524	0.23584627904538083	-0.7102881999120739
808	0.5890733096232913	0.4342652647248085	0.7878753842710842
809	1.135055257006309	0.41869429309244566	0.6703066819108965
810	1.1481940053572552	0.45486810382169063	0.943437228114005
811	1.3657559828518004	0.47513667946897764	1.0964752140408494
812	1.7783639065367673	0.42673002986666236	0.7309805542522423
813	1.7308523940515987	0.4390513475880306	0.8240127278423646
814	0.826548127039191	0.40478075871950125	0.5652524682052412
815	0.9782340270852791	0.2293286229787253	-0.7594997959690643
816	1.0672873971251178	0.1972916363566592	-1.001395230217919
817	1.184768108839966	0.1725717905319517	-1.1880425547891313
818	1.2547061313514356	0.10218415036156114	-1.7195047982774578
819	0.733841532210003	0.3669787757775539	0.27982839923516023
820	0.6864092974046465	0.4767413934018332	1.1085916149437332
821	1.1754354827604476	0.11534874161078514	-1.6201054835258528
822	1.2606125265744124	0.1409693261287858	-1.4266571267624049
823	0.8419710688307973	0.21209071704502308	-0.8896546944482426
824	1.700910959587296	0.20607810607653193	-0.9350529448626819
825	1.7272259866636548	0.253564745946062	-0.5765048233503048
826	0.6880691777321403	0.31826425674008196	-0.0879908303261193
827	1.243638844230924	0.42566290149184144	0.7229231959035396
828	2.046834617518183	0.46869001002550603	1.0477996028517087
829	1.8177800716136447	0.4917215744944996	1.2216995502587598
830	1.851034144658958	0.5400808326251338	1.586836380493757
831	1.8683935918827856	0.23738892112484325	-0.6986404728613314
832	0.8326551891694794	0.4409766180202604	0.8385494922623346
833	1.2036397965219918	0.5718151848741542	1.826446772333657
834	1.1683106275232442	0.6036942054185057	2.067149482890483
835	1.387553356856158	0.5646352862306481	1.7722349102530508
836	1.3647552206397813	0.5261174428482915	1.4814057333014632
837	1.2681208759894822	0.49050876336698523	1.2125422135275372
838	1.012903108001748	0.2927715150368556	-0.2804739092511664
839	0.5612108199456949	0.40702128366404516	0.5821695634614019
840	0.8561418152462378	0.46677304638898054	1.0333255589359427
841	1.6213857262583253	0.33922907088363546	0.07030410799084628
842	1.8511197560633286	0.21715189920240202	-0.8514402122244842
843	0.8785612411998435	0.3645761787398179	0.26168757779573487
844	0.5531921851513248	0.4205156100203776	0.6840585448555666
845	0.5331744490417928	0.4229680599658424	0.702575780934293
846	0.510644448443207	0.43124139747673274	0.7650436588746524
847	1.219305788469554	0.33580251080709816	0.04443184829701855
848	2.0178769722368126	0.25053712208028894	-0.599364913108214
849	1.6839882639976564	0.2930531264904894	-0.2783476005046602
850	0.7283013192869444	0.32696580377668616	-0.022289754132940758
851	1.1729462513387665	0.34876191501699977	0.14228189724018026
852	1.1484607442547519	0.2969017331455447	-0.2492886759228954
853	0.9750361854156321	0.4865235952399829	1.1824521808410062
854	0.6301301056789742	0.48608239891498484	1.179120925692593
855	1.227960508493028	0.4281328928489881	0.741572878502476
856	1.0858946317162717	0.44339299452148395	0.8567943556125477
857	0.8829729446024206	0.2971457774090713	-0.24744601844083852
858	0.851711526917897	0.24846539931232559	-0.6150074666514541
859	0.7964237601819151	0.2367500248943522	-0.7034644621752371
860	0.44403352967576454	0.2735033312168994	-0.4259584314785093
861	0.47421867247104077	0.17480660215294402	-1.1711685980121858
862	0.6721206012419778	0.07618374563062745	-1.915820989535697
863	0.6387715843505916	0.12057894500438257	-1.5806148055782372
864	0.5194877764630346	0.21547832203743583	-0.8640765653198663
865	0.5437110163782942	0.26152418714586423	-0.5164070211407092
866	0.8095259666903195	0.2172797678136456	-0.8504747396097077
867	0.7253104565583949	0.2569772511196713	-0.5507386852741936
868	0.6751327948150372	0.19376103812905318	-1.0280530305129305
869	0.5317625876960486	0.25584387791832053	-0.5592962255304275
870	1.8082242487545925	0.27343956557168975	-0.4264398943145778
871	3.471504235021503	0.3908546502551623	0.46010331375706065
872	2.5603585657662036	0.4123099225516179	0.6221014589104468
873	0.980468362340873	0.3405496055118426	0.08027481157477202
874	1.554910950155672	0.36803968578649726	0.28783880577993665
875	1.5206907116330866	0.36271532992607014	0.2476372291414409
876	0.7085834836255289	0.30548867962377757	-0.18445289184221836
877	0.7152429451946406	0.24101670520562893	-0.6712488702760149
878	0.6162604893090289	0.1091747771946918	-1.6667220339862892
879	0.5745877167569927	0.053110433861177135	-2.09003615015215
880	0.518196063355139	0.10089927558322596	-1.7292062519793088
881	0.4337288377591653	0.17533018835002673	-1.1672152577057417
882	0.3359735054399742	0.29632418853267806	-0.2536494295285805
883	0.5222313059678417	0.410411243907345	0.6077654759238609
884	0.72668431441885	0.3214364592964872	-0.06403909841203084
885	1.0058615799967128	0.35921420596209835	0.22120197442741907
886	0.6666609252687298	0.34532216923694287	0.11631007882329353
887	0.9409185565127962	0.3687502444087521	0.29320388235587197
888	1.6172868408995251	0.3715039403311914	0.3139956777517897
889	0.8788722887894644	0.45723913104130987	0.9613396814774126
890	0.6217106247873473	0.5156776536643067	1.4025800507265882
891	1.2869001489039897	0.40348393084978434	0.5554607626246943
892	2.2634801217236693	0.4095988106747141	0.6016311945720031
893	1.528782016066106	0.4522448325259673	0.9236302045409925
894	1.021309844388241	0.287206499867936	-0.3224925852511146
895	0.6336029852540014	0.34394066710960985	0.1058790398198698
896	0.8962881827034181	0.34453582613661177	0.11037279115116992
897	0.8522819927045989	0.39560882579111245	0.49599974088769
898	0.7004259190423461	0.41626206646546865	0.651942142103679
899	2.240570045108476	0.45729096091689536	0.9617310232228057
900	2.826411454668415	0.2673396930370653	-0.4724970136383205
901	1.2545775496798424	0.3356152081583177	0.04301761867245371
902	0.32328659543822413	0.4760580054142621	1.1034316903864059
903	1.0918227273478773	0.22038713896513887	-0.8270125175558674
904	1.5224658827784325	0.09279295146272351	-1.7904130944462064
905	1.2222726118276703	0.4324986285028076	0.7745363882811707
906	0.5414725623789045	0.48679723872833497	1.184518327424178
907	1.167953852132168	0.5419402786005576	1.6008761370099835
908	3.1824092136224897	0.41365760339822794	0.632277130157725
909	2.6548833429922882	0.5090498976781956	1.3525371446546564
910	0.6834964121190746	0.44610769264422595	0.8772916979188596
911	0.489782061098738	0.23745851254091624	-0.6981150225120349
912	0.6713718310906316	0.17275040138712022	-1.186693952597476
913	0.731093205206006	0.1764901531834258	-1.1584569371933122
914	1.0071208166139882	0.09963549728704602	-1.738748416582835
915	0.6879271715107627	0.12897854009806622	-1.5171936191018005
916	1.1183357629091408	0.37532773124149266	0.34286723092361854
917	1.643450206736905	0.40745021213623056	0.5854081901232966
918	1.550005263466922	0.40572853725297875	0.5724086749556405
919	0.5199022174682442	0.43918635797011396	0.8250321244350411
920	0.4179091108134848	0.4618666035963884	0.9962794370914565
921	0.3045786203766166	0.3034142368330087	-0.20011598293180957
922	0.34756762683655684	0.3264437249622315	-0.026231712939005607
923	1.0197957261534545	0.4158032945734029	0.648478182544637
924	2.813932410342001	0.40105069747671906	0.537088621375897
925	2.8424988881244566	0.4365668754846171	0.805253708293365
926	0.9052809810089343	0.6148788591395618	2.1515992690296835
927	1.6653048455683646	0.6268610776190586	2.2420710720289767
928	3.0499375459185685	0.32315740901890727	-0.05104505857500924
929	1.9607246793569246	0.26002746694282364	-0.5277080148244963
930	2.1249552345787994	0.24778339918436687	-0.620156912167554
931	4.887835095151157	0.19746393969015186	-1.0000942530015093
932	3.360796703524587	0.21480276820783456	-0.8691773380266641
933	0.7154956693228616	0.27591028428332287	-0.4077847198218052
934	0.40092762262216	0.49260729512211543	1.2283871884679267
935	0.7789251474858431	0.45941500591356044	0.9777686360262058
936	1.2796496769462409	0.30114792778100274	-0.21722776122557413
937	1.0796855679050403	0.32022298693385937	-0.07320142780241928
938	0.7856164385437693	0.3539710926994144	0.18161382044606716
939	0.7293476552819277	0.299146953629081	-0.23233612697513126
940	0.7756813236428897	0.2835686455089296	-0.3499602235245547
941	0.8263438057441028	0.289993290531035	-0.3014509078435809
942	1.0582327923092114	0.34049824365848974	0.0798870036336825
943	1.199822624984658	0.2316295782805815	-0.742126420985465
944	0.4309711368648476	0.3780457453584711	0.363389610661673
945	0.5535247259461864	0.4448373101625418	0.8676996683783077
946	0.6388282890328106	0.3221906758034607	-0.058344382750278784
947	0.9920642000168078	0.20870746288049807	-0.9151999726280057
948	0.7921037636742355	0.2917885039798147	-0.28789613935412356
949	0.5280597181180589	0.38113233527343976	0.386694923880964
950	2.2379758592965846	0.3559922874316309	0.19687486179239216
951	5.341820986895195	0.24211115457624444	-0.6629852246063539
952	5.119728749547005	0.5362609337154093	1.5579942138925413
953	1.5316622271468179	0.5443991945156764	1.6194421944262392
954	1.6863213728856112	0.5327586646534547	1.5315503131102397
955	2.128762606799828	0.5649749613917185	1.774799629324791
956	1.5577728003343783	0.4966624556221546	1.2590056989313967
957	0.7917402391506453	0.47295447042754896	1.0799984333147061
958	0.8242401684803172	0.2685066468526978	-0.46368592277915827
959	1.3537748096242546	0.2754762921628712	-0.4110615795862918
960	1.6049593906076103	0.25770027859635486	-0.5452794625479912
961	0.7683869291464954	0.3138772579692589	-0.12111488738042772
962	0.5121504120941451	0.3373121204892333	0.055830164059801346
963	0.5260924914856334	0.31423126529101675	-0.11844195325481606
964	0.6679363932039263	0.2874942267583023	-0.3203201018677279
965	0.6013524016185038	0.4608956575076056	0.9889483035941323
966	0.8015665859460455	0.4902896179004028	1.2108875545414106
967	0.8165825813519356	0.2218532739895759	-0.8159424574223284
968	0.7387044054357795	0.17695031964254473	-1.154982447948476
969	0.8809157935551554	0.14632005521533178	-1.3862564189428206
970	0.7709520961818803	0.34794399384162417	0.13610617914806292
971	0.4643693011307217	0.3626370263016249	0.2470459972174812
972	0.4385725554830742	0.31559232898947753	-0.10816523471497821
973	0.7843512666535836	0.16387205427842785	-1.2537299586552362
974	0.5243628537517344	0.21538115776789463	-0.8648102046427968
