ID	SN	ssim	z_ssim
5057	nan	nan	nan
5058	nan	nan	nan
5059	nan	nan	nan
5060	nan	nan	nan
5061	nan	nan	nan
5062	nan	nan	nan
5063	0.22898172965070662	0.18051113967503762	-1.1448392462561592
5064	0.339728012760978	0.27076691556825144	0.2122930839284706
5065	0.4212220615307263	0.24041279907727026	-0.2441270447161533
5066	0.4383894904112912	0.2664892197443977	0.14797144640671975
5067	0.5748820179109386	0.25367263701860576	-0.04474529230081274
5068	0.5822942042362029	0.16710958831155281	-1.3463518746726928
5069	0.6467433987418149	0.24555842504560982	-0.16675476253740937
5070	0.54137399317514	0.3203006658212608	0.9571080637829018
5071	0.5032109168301764	0.33928567982327923	1.2425765120474335
5072	0.5288248805660712	0.27210572796749544	0.2324241566834796
5073	0.4910506963423683	0.29336879323617715	0.5521465570437161
5074	0.5081160980587069	0.21688548552259415	-0.597895848445896
5075	0.5186256439955061	0.3124656706190931	0.8392970407157034
5076	0.5091997178701222	0.31176820113502	0.828809530339939
5077	0.4759416381527239	0.20581894003236387	-0.764298125969053
5078	0.43307620914636663	0.2476551843974074	-0.13522680904323928
5079	0.528929428299009	0.26116377480154834	0.06789531351623154
5080	0.6584259657024019	0.22820344966707468	-0.42771311055089295
5081	0.6344808356614325	0.22045753162903686	-0.5441847235013924
5082	0.6264636735625861	0.2998571800713983	0.6497092831704214
5083	0.5361783893788307	0.2344913095732525	-0.3331656106053826
5084	nan	nan	nan
5085	nan	nan	nan
5086	nan	nan	nan
5087	nan	nan	nan
5088	nan	nan	nan
5089	nan	nan	nan
5090	nan	nan	nan
5091	nan	nan	nan
5092	nan	nan	nan
5093	nan	nan	nan
5094	nan	nan	nan
5095	0.3824596696378311	0.23796273522705613	-0.28096746660866756
5096	0.36794305641440483	0.20825482650578273	-0.7276708824157159
5097	0.3701896634880666	0.2582900149259592	0.02468397997272797
5098	nan	nan	nan
5099	nan	nan	nan
5100	nan	nan	nan
5101	0.41951695626953495	0.1173145869778936	-2.095095160326246
5102	0.3859700778766585	0.22708603455200427	-0.44451513971624246
5103	0.3769163576304712	0.2557590784926939	-0.01337248372983231
5104	0.3850567416010815	0.2599698594521399	0.04994298742794963
5105	0.4157073029336463	0.269069420324083	0.1867686711870487
5106	0.39679171856911294	0.3577215744171257	1.5197881180812396
5107	0.36409279920408655	0.32613799395861476	1.0448811360178845
5108	0.32283626929423614	0.2920093128096837	0.5317047091864621
5109	0.3215949851477166	0.2209210300928861	-0.5372153218863095
5110	0.308852509899608	0.23020716556571502	-0.3975842063379691
5111	nan	nan	nan
5112	nan	nan	nan
5113	nan	nan	nan
5114	nan	nan	nan
5115	nan	nan	nan
5116	nan	nan	nan
5117	nan	nan	nan
5118	nan	nan	nan
5119	nan	nan	nan
5120	nan	nan	nan
5121	nan	nan	nan
5122	nan	nan	nan
5123	nan	nan	nan
5124	nan	nan	nan
5125	nan	nan	nan
5126	nan	nan	nan
5127	nan	nan	nan
5128	nan	nan	nan
5129	nan	nan	nan
5130	nan	nan	nan
5131	nan	nan	nan
5132	nan	nan	nan
5133	nan	nan	nan
5134	nan	nan	nan
5135	nan	nan	nan
5136	nan	nan	nan
5137	nan	nan	nan
5138	nan	nan	nan
5139	nan	nan	nan
5140	nan	nan	nan
5141	nan	nan	nan
5142	nan	nan	nan
5143	nan	nan	nan
5144	nan	nan	nan
5145	nan	nan	nan
5146	nan	nan	nan
5147	nan	nan	nan
5148	nan	nan	nan
5149	nan	nan	nan
5150	0.5051237318280001	0.3322597180402264	1.1369305321413479
5151	0.6008712946577569	0.30562698329257626	0.7364670159888572
5152	0.6447434928218158	0.2847352570706907	0.42232826078461894
5153	0.5191182222523392	0.31818702065871063	0.9253262065416646
5154	0.42070873439907885	0.3053589584161752	0.7324368559081554
5155	0.47012974996492	0.19300816208741337	-0.9569275810022545
5156	0.4190622335022413	0.16921411271051068	-1.3147071619302384
5157	0.4489953335578381	0.2920803384036802	0.5327726865976506
5158	0.5814013893489597	0.25235155632766615	-0.06460974195750892
5159	0.6060374151880331	0.2011375660109475	-0.8346896767731524
5160	0.6370817782822569	0.21741886397510402	-0.589875695331469
5161	0.609515775492955	0.2956536454137651	0.5865027711387134
5162	0.6142104285837457	0.2763549982959621	0.2963183738167897
5163	0.5289041758858781	0.2734570732233954	0.2527436799258848
5164	0.4414753855265529	0.31727696731023863	0.9116421756950916
5165	0.44860036949786863	0.18033377490057728	-1.1475061943519889
5166	0.6139931461868419	0.19828225969309432	-0.8776235331185207
5167	0.6340260735877787	0.2342973629778575	-0.33608189150081497
5168	0.5191004697938885	0.19955137767234504	-0.8585404215568013
5169	0.45758515844303566	0.17902953048669856	-1.1671174850757173
5170	0.29208745501438405	0.1656659515935859	-1.3680591398710171
5171	0.321630999998999	0.1538464119293522	-1.545783825604257
5172	0.4626204291695533	0.2044735505135148	-0.7845280956818159
5173	0.488745954382651	0.3187396942079454	0.9336364906678775
5174	0.4895559298748161	0.36159526018038685	1.5780348522572059
5175	0.4280930737346614	0.4293439981599283	2.5967397687162546
5176	0.39599570815252944	0.2795949419391679	0.34503583508345814
5177	0.4988905942613979	0.13488447575828594	-1.8309052637169645
5178	0.695848456588525	0.2818579055667634	0.3790629216676491
5179	0.8770839668234348	0.24002888892108645	-0.24989971554732215
5180	0.880037042406832	0.14830352400169391	-1.6291295432026
5181	0.7946030859265827	0.13183501441160517	-1.8767585350702056
5182	0.5278492042780201	0.11606284159266245	-2.113917048616991
5183	0.49955107193334347	0.24311491613115127	-0.20349662103995625
5184	0.5179184059428501	0.21563499391693622	-0.6166988842612523
5185	0.575564029018474	0.25752088295927744	0.013118915600589564
5186	0.5370418375048783	0.31239706210812723	0.838265407809819
5187	0.5488647986169203	0.3666161142443976	1.6535309998219871
5188	0.46902432936209154	0.3299951105287523	1.102878727272519
5189	0.39843992623203034	0.2473433319162207	-0.13991598356174884
5190	0.31851820698407846	0.20381148361369575	-0.7944832745675705
5191	0.2562132776376145	0.22609270489241223	-0.4594513560660817
5192	0.2839224559830222	0.20820917634036928	-0.7283573018137848
5193	0.2951384818157848	0.22489523308253678	-0.47745715892560664
5194	0.2567342184804724	0.15848872698855598	-1.475979585472273
5195	0.2140719663709956	0.1812531444920063	-1.133682079678229
5196	0.22078497857050933	0.16620164373610244	-1.3600041969220449
5197	0.29659181060688283	0.14925309496561384	-1.6148513051376474
5198	0.3787614667963805	0.2531045303433268	-0.053287636858649984
5199	0.5342084993395778	0.21992737218237582	-0.5521564739860125
5200	0.47549647770436027	0.27685199723563636	0.30379150583991293
5201	0.4730081021266511	0.4200452021699158	2.4569182831110767
5202	0.4678551775153802	0.3452393811322456	1.33209943122571
5203	0.35412157951057266	0.33155716153314674	1.126366530667719
5204	0.358856130144697	0.35057023130904963	1.4122568399977633
5205	0.3672761634951904	0.29171617239861114	0.5272968989913468
5206	0.39459421714387793	0.30552336980016936	0.7349090301536336
5207	0.5261588748798564	0.38128413932062105	1.8740869792471049
5208	0.6380559096852819	0.3760885951745908	1.7959641016395644
5209	0.6261883624063751	0.26625852061405925	0.14450253546745492
5210	0.6670510851477123	0.30692956448822	0.7560532977066081
5211	0.535774596775313	0.2371830094045087	-0.2926918256536878
5212	0.4291067712159191	0.3050381474811977	0.7276129774646317
5213	0.35789938310890496	0.3284204123946387	1.079200755121291
5214	0.4368002130192908	0.38656450226861244	1.9534852360446173
5215	0.5316856527853195	0.3567830203515836	1.5056755357742584
5216	0.5343106648982536	0.376536781758919	1.8027032659481899
5217	0.3997780279051683	0.2641909255620695	0.11341311140549853
5218	0.40939538189460134	0.25138331302621064	-0.0791687469063409
5219	0.5033561411565174	0.2350847969111725	-0.32424162933243444
5220	0.5833591730075958	0.31103105589583535	0.8177254348763665
5221	0.5474888115197311	0.19380447498464826	-0.9449538101594988
5222	0.48574865750255725	0.20909740233469182	-0.7150014783058054
5223	0.3790239031854646	0.22772962971412852	-0.43483771139184735
5224	0.3175898738519867	0.18581983940481367	-1.0650149030136211
5225	0.22211513524835333	0.162360684280595	-1.4177588414798061
5226	0.23828108709139387	0.1894450261760494	-1.010504727664593
5227	0.274784876566746	0.2211358036102357	-0.5339858766660119
5228	0.2885139857865605	0.2100053471843773	-0.701349151932913
5229	0.32235131691738433	0.2645580502366525	0.11893338709039859
5230	0.3307324433905639	0.36171410428852346	1.579821853474668
5231	0.23337602110081004	0.28360503961940936	0.4053337290984967
5232	0.19769146430839915	0.20954909684845016	-0.7082095669636022
5233	nan	nan	nan
