ID	SN	ssim	z_ssim
494	0.3545642224904517	0.19906854048836878	-0.7100779755933604
495	0.4447378514301157	0.15909406940490148	-1.2097790787499432
496	0.4490926588153928	0.16227426996649255	-1.1700249635405617
497	0.3784127856619788	0.20896205996344738	-0.5864039791200817
498	0.36925692706024177	0.1447059738848795	-1.389637548638512
499	0.32679167931550707	0.1839534277930058	-0.8990245278176059
500	0.3429803302954063	0.1933417822103104	-0.7816653500224469
501	0.4578748172331041	0.2695703813025322	0.1712306865236891
502	0.4628033100081103	0.2375581020671213	-0.228938992146738
503	0.38526324610028484	0.1861205644565816	-0.8719342236277458
504	0.45069453288365613	0.4741522828625962	2.728607910652009
505	0.5192930679780905	0.42636171688574015	2.131201668822104
506	0.5678175605007522	0.2258150787417526	-0.37573272202068037
507	0.566557515623833	0.21972832634192593	-0.45182020501660414
508	0.45648460570990596	0.2333071529900704	-0.28207800526412036
509	0.4291338761949502	0.2551355049521056	-0.009212567401445677
510	0.45759571567067636	0.2570750678992939	0.015032950252257237
511	0.41120987050073826	0.23759970137394287	-0.22841897977519504
512	0.3852610420417228	0.2643350291989956	0.10578613777436625
513	0.32636269892469666	0.2439520324226478	-0.14901162936833806
514	0.32243043850483544	0.2851296489725438	0.3657294005349155
515	0.3383066262251593	0.2828155903667256	0.3368024977703516
516	0.4276972306230218	0.3173643696399804	0.768679709591643
517	0.6166571762369223	0.2949261577190492	0.4881907138438606
518	0.644720406221678	0.17049885742106974	-1.0672134612825679
519	0.6333486211428919	0.2704880396726287	0.18270188019878794
520	0.45907525167057417	0.26944201817344804	0.16962608249843383
521	0.4104148463061743	0.17570695088729957	-1.0021096592839474
522	0.4750289830909194	0.28394328645751593	0.35089926916769354
523	0.49346732901893403	0.25748147656818177	0.02011326412937199
524	0.6347689967868864	0.21044484478444203	-0.5678684190310502
525	0.7507610297476661	0.0995836654390516	-1.9536892220245565
526	0.6745064931236662	0.13341351014083586	-1.530799055903285
527	0.5347805609138415	0.17967601544469805	-0.9524943452078596
528	0.5512554616282409	0.2281288534590653	-0.34680936800599405
529	0.603135795975588	0.43872368040870086	2.285732464156622
530	0.5853004985217871	0.3777453940067135	1.5234730481396495
531	0.49126457588889083	0.3512093228660829	1.191758739907094
532	0.49187301005492423	0.2660448182796659	0.12715936590269028
533	0.5352519571972844	0.23079104983848525	-0.3135305670222883
534	0.5210869087545708	0.251795824959561	-0.05096025614459205
535	0.5068415728851334	0.33917315343703003	1.041300535496611
536	0.47762833221963497	0.3138351457649492	0.7245626264673335
537	0.46113649450709443	0.14171083801249743	-1.4270782616477748
538	0.39359690096397715	0.25001877819497337	-0.07317423933329087
539	0.45952621800073584	0.15401732682446406	-1.2732409282535821
540	0.3639621132632668	0.173740655327832	-1.0266893481095039
541	0.34409085677847384	0.18131393002756246	-0.9320195846481857
542	0.30816640674137596	0.15088336991329482	-1.3124169744478282
543	0.26590509064500084	0.1263962651448854	-1.6185181668897637
544	0.2798483577601498	0.10084760736982709	-1.9378893087295042
545	0.312256522351603	0.1787215996314269	-0.9644250255104423
546	0.49516496887183026	0.32830072767869384	0.9053897154613807
547	0.6097066884318644	0.41254529904092685	1.9584894589642254
548	0.5133375351890049	0.3702427906041818	1.4296867116309484
549	0.6579636859677493	0.3892495005669062	1.667280197631534
550	0.7901833851108303	0.4013178957502427	1.8181412402667412
551	0.9024879131859403	0.2798648946973958	0.29991730977212255
552	0.9815574470421982	0.19667816038642677	-0.7399589356543423
553	0.8416467653084202	0.2703318616215091	0.18074957558241506
554	0.628549460711233	0.28388111752684575	0.3501221260962295
555	0.5458546205754446	0.3027639334031886	0.5861668733652835
556	0.4191687773043897	0.2545842124448672	-0.01610400252397117
557	0.44170357320595255	0.31850584008636595	0.7829486673994528
558	0.7849861175994278	0.33262590860738844	0.9594566642624714
559	0.9195065376911523	0.24175791830769652	-0.1764391653425671
560	0.9759328897173005	0.16809370426435363	-1.0972790919987836
561	0.6629178916332724	0.17035491342329823	-1.0690128340454745
562	0.5085359013272626	0.1896941268312607	-0.8272628868363869
563	0.5131888587195729	0.11581886507886507	-1.7507410165800719
564	0.5491984661268304	0.11400586928065852	-1.7734043808680047
565	0.6866305934532044	0.2390284219874593	-0.21055924961926617
566	0.6970407602947307	0.4759800598511921	2.751456047294481
567	0.737829667467843	0.37246473635086863	1.457462157075996
568	0.6309260253921634	0.2997536787561944	0.5485371680279855
569	0.5234334755020558	0.2791898967046213	0.2914794935240074
570	0.6006247902626768	0.30916131343439857	0.666137358834187
571	0.6187853199346501	0.2753862879038527	0.24393246007479627
572	0.8006580416006875	0.285520595356122	0.3706164280265666
573	0.9083814339034731	0.43958120405967616	2.2964519434332957
574	0.9264837000292365	0.21633128679510927	-0.494284917194194
575	0.9031469446370574	0.2759202658446311	0.25060745436080156
576	0.7976728249076979	0.35933845160499234	1.293376959946907
577	0.7383095212772144	0.361741230269349	1.3234129083078774
578	0.6172032960009556	0.31170580218174876	0.6979447548936752
579	0.6015605705550157	0.3484804495772079	1.1576464438374823
580	0.7229681911958332	0.42959266695516923	2.171590178542881
581	0.6246065337831079	0.4110997722665454	1.940419643298809
582	0.6067347392813517	0.3726478685694864	1.4597514024164968
583	0.6514766763359929	0.34727630709714	1.1425940539161434
584	0.6116747317659175	0.30402697284101765	0.601955505042126
585	0.6258584047486696	0.27223718395082885	0.20456706819768902
586	0.703489072211087	0.31203774799737066	0.7020942454499888
587	0.6700756815023557	0.3605982139286982	1.3091246260400113
588	0.7239342735602654	0.31663091420887046	0.7595111458031056
589	0.6357325207311164	0.23710626758143336	-0.23458715170514757
590	0.6148654621082692	0.18419898483943062	-0.8959549405620262
591	0.6843986484347411	0.17320796223047386	-1.0333482812030264
592	1.0230540005867947	0.20015400207915146	-0.6965091568035969
593	1.1389149005816934	0.17117907421993495	-1.0587104073192306
594	1.051975923883998	0.26729223895644455	0.14275275516818114
595	0.6381480687304516	0.2919401235697665	0.45086377697597313
596	0.5131855198486963	0.24454770849862634	-0.1415653771923194
597	0.5823288357600582	0.21670798342660724	-0.4895760188094757
598	0.5590220577276134	0.24055055219567073	-0.1915318522935318
599	0.6517512379717726	0.3079800201879409	0.6513705958875611
600	0.6872520041254014	0.3703581074216031	1.4311282301630535
601	0.6663505352364467	0.3292213512401685	0.9168979755281684
602	0.6825083237546897	0.3572005371148101	1.2666519477017706
603	0.9456655526664859	0.39553151517583207	1.7458085569829678
604	0.8515786198232207	0.3980269834557959	1.7770031724110606
605	0.7989452729617466	0.383850085271943	1.599784776024579
606	0.7921156490076533	0.3904090562227778	1.6817752297033932
607	0.7904828519353364	0.29373404181236323	0.473288662171491
608	0.9217832087947008	0.3047436052332312	0.6109137723372485
609	0.840525813862831	0.3299405483694523	0.9258883033336263
610	0.7569789676209919	0.060627865706594675	-2.4406564181635577
611	0.6860677850505497	0.16565987018064537	-1.1277032488060041
612	0.7802748489334357	0.2920021981805872	0.45163974100162213
613	0.6837834743214398	0.35432173485856383	1.2306654637227274
614	0.7618732077909798	0.33757881294368847	1.0213704730908701
615	0.6677961262647741	0.28551585052029355	0.3705571151793039
616	0.5347174674054312	0.21388826302651398	-0.5248239497096163
617	0.5142597492626341	0.16921026710568227	-1.0833214918496643
618	0.530839994753013	0.19320280370226436	-0.7834026516527962
619	0.642836770631173	0.1889827445492214	-0.8361555250994133
620	0.6219769889628559	0.19979820425120906	-0.7009568095755948
621	0.5791159707268454	0.20984957501458562	-0.575309592175078
622	0.6262414483202839	0.2972952413356207	0.5178054570683327
623	0.5901658428121288	0.30169592077493296	0.5728161754308406
624	0.724230397211899	0.23116742644207652	-0.3088256691482381
625	0.6524985541691697	0.31503187885847683	0.7395223953100806
626	0.6762727224855726	0.30454627459781325	0.6084470396067756
627	0.636065329057221	0.3122422202033206	0.7046502514235187
628	0.5386086048851598	0.2702162931652056	0.179304911437032
629	0.7010621001233004	0.20886669198351585	-0.5875961270956759
630	0.6680032936260999	0.2857604453018955	0.37361467363799183
631	0.6705472473390267	0.3136229440910835	0.7219099982361566
632	0.5400945627779908	0.3634500789208643	1.3447743805961994
633	0.456534433058446	0.33163370158856864	0.9470535747799688
634	0.4399624204846227	0.37695353549224886	1.5135744162754357
635	0.4383720019390799	0.32548638898838117	0.870209058654964
636	0.4205664120334373	0.2878500196886611	0.39973541014540637
637	0.3939835729202177	0.2863497858095089	0.38098172800562535
638	0.43676486141878756	0.2539870552420657	-0.0235687695342644
639	0.4070508544930452	0.27037558392970307	0.18129612654468977
640	0.5135680287289941	0.26193032255846443	0.07572608873626015
641	0.5689578025049221	0.28322912863032196	0.34197193518667357
642	0.6559438561538924	0.31600342778812623	0.751667248231404
643	0.6866532132550809	0.2665343276205291	0.1332784802025151
644	0.7153503686908433	0.2641186800740136	0.10308166430691953
645	0.5887382024043182	0.289548149104222	0.4209628865637092
646	0.5961480289246284	0.13729198395090758	-1.482316171979442
647	0.5967910048475621	0.17141982947814108	-1.0557008448445915
648	0.5007117678179813	0.469556217707795	2.6711547720416635
649	0.7117725219186924	0.4623167038816792	2.5806571882794223
650	0.8273509903042837	0.22810737272534165	-0.34707788804009054
651	1.125895912489702	0.1651253422233504	-1.1343851185766038
652	1.0436888207915396	0.1102659307470774	-1.8201555037800778
653	0.8777392186722227	0.13613985362459155	-1.4967183836769566
654	0.5279665539355943	0.2717780903528269	0.1988281660645079
655	0.44845282607207926	0.5375645410283368	3.521293204546388
656	0.4641648448220216	0.48344047376504473	2.8447149938599727
657	0.46534959687094885	0.3035709705948234	0.596255246369801
658	0.43926568446935876	0.35629279264876546	1.255304682840663
659	0.4509398502108122	0.2298128919445957	-0.32575803533868797
660	0.6006253012283734	0.2218129954908093	-0.4257607864632379
661	0.666307895555064	0.3370984859273506	1.0153661424910034
662	0.815719739047279	0.44274558326109753	2.3360082836398828
663	0.6786745799794943	0.5108083795398849	3.1868276556690014
664	0.5301231277732589	0.38810171645679115	1.652932315834361
665	nan	nan	nan
666	nan	nan	nan
667	nan	nan	nan
668	nan	nan	nan
669	nan	nan	nan
670	nan	nan	nan
671	nan	nan	nan
672	nan	nan	nan
673	nan	nan	nan
674	nan	nan	nan
675	nan	nan	nan
676	nan	nan	nan
677	nan	nan	nan
678	nan	nan	nan
679	nan	nan	nan
680	nan	nan	nan
681	nan	nan	nan
682	nan	nan	nan
683	nan	nan	nan
684	nan	nan	nan
685	nan	nan	nan
686	nan	nan	nan
687	nan	nan	nan
688	nan	nan	nan
689	0.4954444901653832	0.2704896887430813	0.18272249441336114
690	0.475476647064187	0.2940000793741644	0.47661426622602737
691	0.5234012987305541	0.29913247654518993	0.5407718262558806
692	0.5732587163364122	0.3048805315073157	0.6126254200052886
693	0.597931237211483	0.34471406803321814	1.1105647699233858
694	0.7145646881074024	0.3252088832415744	0.8667400964885328
695	0.7073282825507823	0.35596033980869773	1.2511488542223805
696	0.7387635403451641	0.3242947856736623	0.8553134146413947
697	0.8068341555666764	0.27879738856712494	0.2865729433186193
698	0.7385270397557494	0.20398237186263804	-0.6486525985490771
699	0.6360141327406389	0.25176387019351176	-0.051359706879351416
700	0.6004161675011096	0.23910645229536592	-0.20958383131143735
701	0.6527618302490885	0.15555897430779894	-1.2539695551191514
702	0.7686260494163704	0.13921980174565118	-1.4582174746706817
703	0.7756864192135839	0.1621301749078192	-1.1718262246411313
704	0.6997604509173503	0.20288072214587904	-0.6624237770996867
705	0.7590561579356506	0.15691297214207897	-1.2370438974900957
706	0.7361404764129892	0.39067867249967936	1.6851455695063986
707	0.8240741690904516	0.306991714303497	0.639016272557514
708	0.6364833566989822	0.21946471086437902	-0.45511553179314335
709	0.536626806400335	0.22157545526690603	-0.4287301593832868
710	nan	nan	nan
711	nan	nan	nan
712	nan	nan	nan
713	nan	nan	nan
714	nan	nan	nan
715	nan	nan	nan
716	0.4391935805230523	0.31178914155940435	0.6989865392580994
717	0.5266656466092267	0.26864782326210773	0.1596982444917859
718	0.46355397330278425	0.3362841435776851	1.0051864513169715
719	0.6867751447273003	0.28992951279845114	0.42573012559264506
720	0.6546192913249901	0.24704174880114127	-0.11038861220444879
721	0.692377502399252	0.17305796790470568	-1.0352232861254702
722	0.7162325566580989	0.140157591860967	-1.446494623999958
723	0.5526881571831005	0.15831456448792594	-1.2195232843984765
724	0.565149316988634	0.27001229121236625	0.17675478386518548
725	0.5101101944847923	0.23958606126512896	-0.20358847665686375
726	0.5732758608391227	0.2638359367815315	0.09954723017098233
727	0.8062571819463745	0.22908547455924835	-0.3348511205018254
728	0.8445158540131031	0.22955006680799478	-0.3290434824537362
729	0.8774209337438492	0.22583797951860676	-0.3754464507293537
730	0.5647199886481565	0.23855173728649326	-0.2165180494351094
731	0.5364813309716081	0.2299408283735861	-0.3241587652803818
732	0.4189690484464897	0.23187083863180308	-0.3000326610695016
733	0.4202835676180266	0.2869394072775789	0.3883522945210437
734	0.4690903792576077	0.3259382842103401	0.8758579774474745
735	0.512560243710089	0.33933927832453575	1.0433771805978067
736	0.47824393011739075	0.2686756782225606	0.16004644558336814
737	0.46846511734517093	0.1859234682848496	-0.8743980254435789
738	0.5604373654964036	0.17432591938261424	-1.019373251463674
739	0.6640491572407923	0.15507506903996626	-1.2600186156721822
740	0.7549447477222941	0.16975402439526902	-1.0765242507582542
741	0.8464829859076175	0.1493990828087325	-1.3309713138411428
742	0.7592961924119576	0.20167322680260646	-0.6775180795065869
743	0.7364528466584035	0.2765478677586337	0.25845279565663676
744	0.6226915278126874	0.2616942270392077	0.07277477535486276
745	0.6440791014092272	0.26035351234153936	0.056015163650577036
746	0.5865972482648046	0.30962891694910577	0.6719826392295473
747	0.47966803043434464	0.2829700593687453	0.3387334384087299
748	0.5594086363096551	0.30498316059554137	0.6139083355064153
749	0.5373251668614372	0.2856246300158084	0.37191691388173304
750	0.39169234243482115	0.21926605357026835	-0.45759884842815096
751	0.4118328792013314	0.17538900070808455	-1.0060841973077483
752	nan	nan	nan
753	nan	nan	nan
754	nan	nan	nan
755	nan	nan	nan
756	nan	nan	nan
757	0.7149943980587579	0.13341579974576506	-1.5307704346838438
758	0.8710716375336851	0.25248316323729214	-0.04236818009418364
759	0.8985148168947077	0.2677528883069079	0.1485111049938554
760	0.6619528768654362	0.20646077971029458	-0.6176712471520823
761	0.5547490344419367	0.24372674354874935	-0.15182785421796507
762	0.3981207947037163	0.3020792587484355	0.5776080939490634
763	0.4629104134910035	0.280179094321086	0.30384496395525257
764	0.6518846381037581	0.23657815326561477	-0.24118884771399052
765	0.6469467529610381	0.23728572878362736	-0.23234379592633306
766	0.6760278030214605	0.4532893433026433	2.4678106160129
767	0.6715760373347464	0.4526790027450607	2.460181050401177
768	0.6465187781687609	0.29023767019718416	0.42958224890832886
769	0.7954979234312279	0.2793824517981942	0.293886529566483
770	0.7215378449562366	0.2235693416906812	-0.4038055708015141
771	0.7130894606069168	0.2271993221566504	-0.3584289793390733
772	nan	nan	nan
773	nan	nan	nan
774	nan	nan	nan
775	nan	nan	nan
776	0.6279423085403542	0.22499953310631254	-0.38592745487538177
777	0.6626564853505809	0.2664364967355697	0.13205554466861086
778	0.6396696123406782	0.2778941404134925	0.2752818846363955
779	0.5872890988672627	0.3036024519487761	0.596648779213955
780	0.5672738218829088	0.27571720518903453	0.24806909348049305
781	0.5175366410501254	0.2448662097366259	-0.13758395065504764
782	0.5400396020115505	0.25998964410830855	0.051466626731366275
783	0.5096373351330588	0.2483201568068312	-0.09440786565764409
784	0.5992221546557823	0.21646320329799945	-0.4926358941994646
785	0.7446151716121312	0.14769099637720307	-1.3523232579941962
786	0.7662146370925501	0.09848560547619575	-1.9674155268360813
787	0.8153740706116233	0.1629200545165169	-1.161952330099713
788	0.7284665879476315	0.15124048237558593	-1.3079528880816764
789	0.6634821172668137	0.1878003878365705	-0.8509355819112369
790	0.6598073210221236	0.2571726299928482	0.01625252575767269
791	0.7212342881112289	0.2849108566242686	0.3629943855407951
792	0.7290358546919529	0.2864187849516368	0.3818442521742671
793	0.6147368725404987	0.2925003964977972	0.45786747189969385
794	0.548727985824472	0.26085124135495164	0.062237028013856
795	0.5920753894811243	0.3428067337293225	1.0867221266084823
796	0.5872047890084076	0.3584793551581498	1.282637819926549
797	0.5510573949717525	0.3614143136664769	1.3193262854541492
798	0.5112397034183899	0.3803535921584762	1.5560768439713801
799	0.5688740549742808	0.3722179843599988	1.4543776324105846
800	0.5864434671548782	0.19420605750327236	-0.7708614718067152
801	0.6181830897179976	0.09862498445732656	-1.9656732190896578
802	0.7898670305511066	0.07317563918192385	-2.283802904462557
803	0.7246032626823949	0.08600506708586433	-2.1234285679746296
804	0.6186565028456876	0.1579948452389534	-1.223519936688844
805	0.5199904367179112	0.2448150197450189	-0.1382238514363033
806	0.6418671236866329	0.21679141915640046	-0.48853302999460707
807	0.6750211967790094	0.23593165282184042	-0.24927043018873327
808	0.5998861826774123	0.16971920394132445	-1.0769595240408496
809	0.5640226139158289	0.18047841444470406	-0.9424639519441806
810	0.5666566953661473	0.17025273204972902	-1.0702901528869915
811	0.6309564264197918	0.13554078319919965	-1.5042070669371244
812	0.5662496790417989	0.19920158736527208	-0.7084148223518504
813	0.7262179292603334	0.22082556637905	-0.4381041496913538
814	0.7207568487231402	0.25381720509417505	-0.025691982274091734
815	0.7458455808408222	0.27560911353345835	0.24671789312512982
816	0.6169557963170664	0.25503931497993226	-0.010414990695733706
817	0.7276647070694381	0.26679841358306555	0.13657968827934233
818	0.6702983423072982	0.26299875671401124	0.08908205597500418
819	0.6715683880911931	0.3063349983393819	0.630806990912645
820	0.6387907971132573	0.3316043732067421	0.9466869551761239
821	0.7269184370007941	0.17710205628286785	-0.984670136351185
822	0.7761990980218042	0.1311257354843433	-1.5593973960097987
823	0.6317912046973136	0.19374346364898065	-0.7766441289135562
824	0.5823595013456577	0.18359052408058754	-0.9035610077389131
825	0.5644173495368774	0.1989134913829964	-0.7120161678169983
826	0.4984504443415564	0.2722437243683232	0.2046488267237798
827	0.44743206110185746	0.2952541625299834	0.49229093984865885
828	0.5165201211111976	0.10157409477183175	-1.9288078488284315
829	0.5546790938800651	0.1323504046692969	-1.5440884118972789
830	0.4999796507536381	0.16775453572103394	-1.1015188703037668
831	0.5195834811108879	0.25853039733316596	0.033225304118394555
832	0.4891183077332911	0.23915084830664257	-0.20902885871994586
833	0.4325635409571648	0.26097402232142286	0.06377185218361663
834	0.44181307942171966	0.36302858971550866	1.3395055523871904
835	0.40363242316537545	0.31342572865052515	0.7194447054996813
836	0.44498322130328477	0.2090941710928408	-0.5847525231956414
837	0.4222591453601626	0.1874187250125236	-0.855706560214161
838	0.3973588901631338	0.19620657454189394	-0.7458539971863396
839	0.358531040864125	0.20705793474309736	-0.61020650726787
840	0.35604519193644535	0.3318130130188549	0.9492950583341987
841	0.4391779272342595	0.267950588064568	0.15098245193901605
842	0.44578847511580294	0.24265362436432078	-0.16524238668689437
843	0.4928112959505786	0.2813011592851159	0.31787134342049533
844	0.4471366290224181	0.289790762095002	0.4239956716349548
845	0.4849868893416549	0.24092758710530507	-0.18681872526104576
846	0.5169133696289538	0.2675693986370945	0.1462173913326503
847	0.5129585236960521	0.3097701155581615	0.673747693245196
848	0.5614226308361049	0.2578650225082091	0.024907782334320703
849	0.5308470636545308	0.23060405830196734	-0.3158680557881519
850	0.450357523551335	0.36485012393685595	1.3622756512821612
851	0.596985699631107	0.3585079537200352	1.2829953164120675
852	0.5840462835208593	0.16509009083123174	-1.1348257788042955
853	0.7182603566705746	0.2657056422303279	0.12291949376868219
854	0.5926497083510545	0.2833988107947315	0.34409304804803964
855	0.5991161826423078	0.19791620673544505	-0.7244827302263417
856	0.6080504224198008	0.1553315539358457	-1.2568124247723367
857	0.6417516702078717	0.15306803520514567	-1.2851075535405114
858	0.6808720531739589	0.16811213010261541	-1.0970487597027847
859	0.5778278024523531	0.34864745623175813	1.1597341114726332
860	0.5012523678783994	0.36837749239677936	1.4063695407793622
861	0.46313839082892644	0.2915609638428015	0.446124088652359
862	0.5098011339642909	0.1793467884182045	-0.9566098495252094
863	0.49511990729966615	0.24540151132120308	-0.13089241015220623
864	0.5441737602671168	0.22864769951520542	-0.3403235299299805
865	0.6661710525093387	0.10429263922571817	-1.8948246684193457
866	0.6870166355380428	0.09670470179361011	-1.9896777234501526
867	0.5798068551540874	0.12159945608468381	-1.6784807058314124
868	0.6509576550803388	0.15978091846783696	-1.2011931181318707
869	0.5488477957820629	0.23843779488175137	-0.217942387113698
870	0.5976937284940831	0.21242123973549681	-0.5431624827035116
871	0.4613012727624492	0.2316284625371344	-0.3030624848195603
872	0.46041917554737904	0.22302285445445688	-0.41063693760639547
873	0.45597477816966003	0.193930977956714	-0.7743001052431405
874	0.5524553450758731	0.2181909902357881	-0.47103768375585964
875	0.6055380694481184	0.25619167673887017	0.003990114026587074
876	0.5133451948746279	0.1784266765768938	-0.9681117128311771
877	0.36854643186042463	0.21266705291780352	-0.5400896936198833
878	0.4198258103959649	0.22477894564817547	-0.3886849096505418
879	0.46104042911714566	0.226219378941188	-0.37067876507794945
880	0.47042848381406505	0.21232668607021934	-0.5443444513341408
881	0.5335336169371493	0.22762126536405589	-0.3531544758748573
882	0.4299635828294213	0.2753565832339869	0.2435611366801759
883	0.505323616401654	0.33165326518566435	0.9472981296367429
884	0.5266600846170845	0.2756392440538129	0.2470945398662065
885	0.5149337252616263	0.303303164301456	0.5929075322762598
886	0.46548982865030464	0.31637344810198537	0.7562926892695025
887	0.5530434468121509	0.36850538014471984	1.407968202299927
888	0.5543323677550639	0.31574796712301856	0.7484738607341466
889	0.5433921005733129	0.22064590487736963	-0.4403500093150368
890	0.49165688095920584	0.2971835996370119	0.5164098793798476
891	0.4466426884610764	0.3238697439422961	0.8500001780607832
892	0.47700866721480495	0.27598152730082604	0.2513732535424262
893	0.46127188853663276	0.30118965631496064	0.5664876136692876
894	0.5217290203973383	0.2447807391747679	-0.13865237589971646
895	0.4431616492426368	0.18180628123289597	-0.9258649456053848
896	0.37845328331222555	0.18421050849046866	-0.8958108890966777
897	0.3679582094023631	0.22705979949535515	-0.3601730831602095
898	0.3722701051667917	0.21294250417988522	-0.5366464135514443
899	0.5712769683064126	0.21900889973055504	-0.4608134014641969
900	0.5255186447138783	0.23252269218482766	-0.29188416202212747
901	0.5360925688031967	0.42987603030201105	2.1751323636718687
902	0.6138931957909639	0.4442863829142366	2.3552690584681284
903	0.5956640244557504	0.2506190255259344	-0.06567084415836197
904	0.6626457140855362	0.1967372328011506	-0.7392205005980789
905	0.5339184976607594	0.25593293800554334	0.0007557490189103684
906	0.4446632492092411	0.25602766003583666	0.0019398222973777514
907	0.5450334370837167	0.27524057741928215	0.24211100533361002
908	0.4968007761385181	0.31785589743198844	0.7748240555514856
909	0.5835713672691927	0.2147625416960342	-0.5138950242283181
910	0.617579839356222	0.1992308602002164	-0.7080488971121227
911	0.5699990969383382	0.169688401745057	-1.0773445670704958
912	0.6229377606314926	0.20123926256744887	-0.6829428518965946
913	0.5876711866390437	0.2194445608063967	-0.4553674177075662
914	0.5989187290490645	0.22350849674677253	-0.404566163368935
915	0.5502797014824753	0.2814389596359986	0.3195939174905227
916	0.6329405676701482	0.3263127925889455	0.8805395215644625
917	0.7992941966554591	0.2929973580202495	0.46407974223786236
918	0.7907401081147817	0.18685247922289394	-0.8627849189282738
919	0.6103114091586553	0.23281362020985819	-0.28824741459041353
920	0.5480897411525949	0.2799815453255357	0.301375501612703
921	0.41172302073225353	0.28888130837286624	0.412627040208358
922	0.4259466745625411	0.26019030336938875	0.05397496896586385
923	0.5253307496452421	0.27798457037614777	0.2764123048989402
924	0.618907478259257	0.33674824353518285	1.0109879354755062
925	0.6139347846100707	0.24278205990895646	-0.16363687743062533
926	0.5226887169510543	0.2820906495797896	0.3277403713397419
927	0.4634149230825193	0.31230914117082	0.7054867973583961
928	0.5185016824267399	0.3587838399387093	1.2864440336578646
929	0.5976538333537785	0.3064999883369547	0.632869449315779
930	0.5122483885068706	0.2899465390364022	0.42594296217699895
931	0.45131393584846063	0.28160950820163083	0.32172586080530136
932	0.3594227487866397	0.3736097547793584	1.4717754664542808
933	0.35669602134135114	0.38247696062736897	1.5826200235946486
934	0.4495027149910574	0.1763978570534361	-0.9934729828242329
935	0.6673668277705991	0.12651530998249458	-1.6170300462200944
936	0.6554643234674415	0.23825662606592946	-0.22020708892638133
937	0.648794592828067	0.26511866887641033	0.11558203001928868
938	0.4758396412852229	0.2985219405162981	0.533139817153945
939	0.4394305444655363	0.2535649501311963	-0.0288452968736523
940	0.41902515216682945	0.22859231574048786	-0.3410158551208643
941	0.4846719650632043	0.19210662006852067	-0.7971055014015815
942	0.5525084046125254	0.11195063285338418	-1.799095875517482
943	0.5676757297237722	0.1485337868955583	-1.3417879503256427
944	0.5692654305357299	0.2599710706543358	0.05123444916433251
945	0.5585652935935996	0.28467957428396806	0.3601032393303171
946	0.5258368102656185	0.25710225475932297	0.015372799750691345
947	0.6307400081252229	0.15489356820546477	-1.2622874678862581
948	0.565641170564542	0.12860746153250016	-1.5908770938689394
949	0.5770474007783711	0.15394659160941834	-1.2741251542116083
950	0.41726992691636633	0.16899901457076705	-1.0859622553639918
951	0.4221242693469775	0.22138282585136396	-0.4311381244879606
952	0.3918800283731187	0.22440712361123905	-0.39333287313821635
953	0.349706638982578	0.2482018893121359	-0.09588626914779667
954	0.4335217281026446	0.26247747250053377	0.08256573969932655
955	0.39175998964956	0.31321438156619924	0.7168027600699077
956	0.32909866344321276	0.31045509216459016	0.6823102472100546
957	0.3307050935800924	0.2892399640023234	0.4171104169444463
958	0.3787952294591036	0.31655011365563557	0.7585010980277934
959	0.369515025477137	0.265686182771655	0.12267624069485508
960	0.40297458573724665	0.21288391899407658	-0.537378757999882
961	0.3932130442469173	0.12084178000353414	-1.6879520399935408
962	0.37574098501987624	0.11066092997432567	-1.8152178136930768
963	0.4092284650038969	0.14789699306381587	-1.3497481952414685
964	0.47542586976063356	0.18392671689205628	-0.899358427586859
965	0.5376186862694677	0.28453784344171956	0.3583315321306144
966	0.5148006122732637	0.2518869431967739	-0.04982123210202481
967	0.5064518668019199	0.22018521658912638	-0.4461088458826501
968	0.3898246072697262	0.27835191236209017	0.2810042654836812
969	0.26535806175792787	0.21110735528959654	-0.5595867026929583
970	0.23914657676154732	0.16694046672447838	-1.1116951444256933
971	0.2153407976392143	0.21376771022387145	-0.5263309207047624
972	0.21060076116641885	0.1604247521104068	-1.1931448720207538
973	0.20064520499422187	0.12493734502363042	-1.6367554061639553
974	nan	nan	nan
