ID	SN	ssim	z_ssim
5057	nan	nan	nan
5058	nan	nan	nan
5059	nan	nan	nan
5060	nan	nan	nan
5061	nan	nan	nan
5062	nan	nan	nan
5063	0.39059097838560847	0.2510930684092361	-2.2986970358271988
5064	0.5089072506299576	0.4186279462538981	-0.34883104889601435
5065	0.582990557258646	0.40851822158620255	-0.46649376200018494
5066	0.6417509125313217	0.3917020983667333	-0.6622093474324247
5067	0.6951616536211058	0.4133400797312675	-0.41037424043055226
5068	0.7901343374203296	0.35605637554516045	-1.0770744991162784
5069	0.8321790290369165	0.42454198181443814	-0.28000014673789425
5070	0.7036513598278714	0.5319752549255445	0.9703692557352126
5071	0.6857227387469618	0.53073427250851	0.9559259980894892
5072	0.6492522351261469	0.4076931042837605	-0.47609694543254416
5073	0.6082308903069147	0.39253012393153597	-0.65257231599223
5074	0.5063983347380213	0.4704633966839702	0.2544593406106348
5075	0.470993111888786	0.4345583008487786	-0.1634245414038186
5076	0.5171695730522049	0.4516623302734956	0.035641859836217045
5077	0.426800827264349	0.5014495970539514	0.615094325653458
5078	0.5274991574517213	0.4342444391833181	-0.16707744158768612
5079	0.7134859445416962	0.340455425430895	-1.258647210321055
5080	0.7965347865367167	0.3625808688690636	-1.0011387430641325
5081	0.5511592040742905	0.46017371809544605	0.1347022216492915
5082	0.695094213767632	0.5706787474320703	1.4208224663430538
5083	0.6650117348660592	0.5063964212534021	0.6726682730841561
5084	nan	nan	nan
5085	nan	nan	nan
5086	nan	nan	nan
5087	nan	nan	nan
5088	nan	nan	nan
5089	nan	nan	nan
5090	nan	nan	nan
5091	nan	nan	nan
5092	nan	nan	nan
5093	nan	nan	nan
5094	nan	nan	nan
5095	0.475645197001458	0.48283459328931233	0.3984423475446369
5096	0.5090345362749664	0.41134135032792524	-0.4336365875357915
5097	nan	nan	nan
5098	nan	nan	nan
5099	nan	nan	nan
5100	nan	nan	nan
5101	0.5186277599854348	0.3079846063308924	-1.6365610306874323
5102	0.6155301910761213	0.4324762288977745	-0.18765687637690165
5103	0.49095946793397127	0.45843956951176357	0.11451921627686662
5104	0.4445854200087924	0.45901074619121046	0.12116689462366693
5105	0.5237420954111495	0.5622507423730104	1.3227325604454783
5106	0.7428727865929929	0.554679190723594	1.234610545379585
5107	0.6645583549538676	0.4871019107309583	0.44810780969764996
5108	0.6186405651696296	0.4202548274290313	-0.3298964825001613
5109	0.6089810034562847	0.323642139398701	-1.4543297749576392
5110	0.4920819042207143	0.32152781900238286	-1.4789374356387668
5111	nan	nan	nan
5112	nan	nan	nan
5113	nan	nan	nan
5114	nan	nan	nan
5115	nan	nan	nan
5116	nan	nan	nan
5117	nan	nan	nan
5118	nan	nan	nan
5119	nan	nan	nan
5120	nan	nan	nan
5121	nan	nan	nan
5122	nan	nan	nan
5123	nan	nan	nan
5124	nan	nan	nan
5125	nan	nan	nan
5126	nan	nan	nan
5127	nan	nan	nan
5128	nan	nan	nan
5129	nan	nan	nan
5130	nan	nan	nan
5131	nan	nan	nan
5132	nan	nan	nan
5133	nan	nan	nan
5134	nan	nan	nan
5135	nan	nan	nan
5136	nan	nan	nan
5137	nan	nan	nan
5138	nan	nan	nan
5139	nan	nan	nan
5140	nan	nan	nan
5141	nan	nan	nan
5142	nan	nan	nan
5143	nan	nan	nan
5144	nan	nan	nan
5145	nan	nan	nan
5146	nan	nan	nan
5147	nan	nan	nan
5148	nan	nan	nan
5149	nan	nan	nan
5150	0.6415487334597337	0.6148409103042081	1.9348067805438138
5151	0.6783572535862524	0.6505596983970627	2.350522307320491
5152	0.7353470061789974	0.5431990036112241	1.1009976125861467
5153	0.5701697828902276	0.5494337895522801	1.1735615897033993
5154	0.5076485985571485	0.48962160441326985	0.4774334347366345
5155	0.48007229988271677	0.39207426249664185	-0.6578778900797811
5156	0.4700539122480559	0.34568428481249125	-1.1977907773813192
5157	0.6193913749031238	0.47578184778288507	0.3163584928011786
5158	0.7175550014264465	0.44850845538474854	-0.0010647259906829928
5159	0.8589035895866419	0.4464173918331512	-0.025401710314338927
5160	0.9066272789243601	0.5312942445885226	0.9624432709492934
5161	0.8530802258253718	0.6032898643136011	1.8003691519119678
5162	0.8418325873069331	0.3960863186657939	-0.6111833034806822
5163	0.7902468551633749	0.4807324436108322	0.37397633658477475
5164	0.8202124810017292	0.5040384385920107	0.645224732680088
5165	0.7987957903440885	0.40503889372839846	-0.5069881541804487
5166	0.7983566838866161	0.4111832407183027	-0.4354767569021714
5167	0.7977030314829415	0.39608817419642284	-0.611161707762181
5168	0.7285252942297357	0.3497207232646857	-1.1508124159348592
5169	0.5055464343032062	0.3724267509659552	-0.8865467795336247
5170	0.30867450444379607	0.3260002437338255	-1.4268848184456135
5171	0.31640750041161797	0.3498813013537404	-1.148943517003948
5172	0.5491266907906666	0.4801411811550046	0.3670948885734737
5173	0.8919892483514309	0.47457956212287183	0.3023656099746633
5174	1.2158076686504486	0.5205090106288469	0.8369185973433264
5175	1.2437833586981244	0.5311879079803461	0.9612056651557032
5176	1.321474611241472	0.2487073516292214	-2.3264633616433366
5177	1.4058686003668952	0.12445716610362131	-3.772557534648258
5178	1.2384433598150704	0.5851901129142136	1.589713973243449
5179	0.9450174708866155	0.642784149729179	2.2600260591822847
5180	0.814324076294293	0.5233410170552147	0.8698790953398402
5181	0.7947564304462754	0.4353994431855972	-0.15363484952693615
5182	0.6817245215141916	0.28487418563942274	-1.9055332222077497
5183	0.8420815906115237	0.4271229104931775	-0.24996183405869649
5184	0.9718159280808107	0.3658437107558282	-0.9631639374738861
5185	1.0759893589491276	0.3392013327208915	-1.2732430529966414
5186	0.9769892885101269	0.4197804806840756	-0.3354171991169022
5187	0.7765861892166737	0.48791660700874284	0.4575897073309558
5188	0.6582337371157152	0.5260450448177244	0.9013501050165469
5189	0.4303480394675072	0.4882820807006397	0.4618432975690949
5190	0.27615248937556497	0.43309143730652433	-0.1804967317758018
5191	0.27651423372264344	0.41278975771202886	-0.41677920040651434
5192	0.2974111945294928	0.43734898344351564	-0.13094499361172304
5193	0.36928499964969136	0.43525516775275136	-0.15531400889288452
5194	0.34764347153818026	0.3608666772638521	-1.0210894777952255
5195	0.4008740186648529	0.34617030368787927	-1.1921342138864968
5196	0.43296042565848064	0.3890091329148966	-0.6935516076594912
5197	0.3963058027878148	0.3373578687468246	-1.2946983329204957
5198	0.5576680286166193	0.4948693712534261	0.5385099234093605
5199	0.6116025598359761	0.4571018201679136	0.09894973022017187
5200	0.7413962559231324	0.3608741387072815	-1.0210026372821117
5201	0.7845271239364304	0.5141234929594852	0.7626003188295181
5202	0.6907072446897289	0.4297573428578719	-0.2193008151182038
5203	0.6748309718130092	0.5003013790794679	0.6017307132353663
5204	0.7023877065594072	0.5593664868032133	1.2891639572655562
5205	0.5655636166779745	0.47622891523724137	0.3215617175525138
5206	0.508125038096246	0.4261141695535643	-0.26170213358964284
5207	0.657429460387402	0.5571763176354687	1.263673525537243
5208	0.7126197366803538	0.621529855323087	2.0126565187509105
5209	0.6168863385778828	0.5366149249493793	1.0243683685554565
5210	0.559246825931979	0.6093315535566645	1.8706857600726883
5211	0.49696607902574724	0.5067695128886835	0.6770105252707027
5212	0.4940341741322943	0.42068007727951834	-0.3249471834044766
5213	0.5511384351680099	0.44388974367726314	-0.05481991403109129
5214	0.7210355515313017	0.48370852499329187	0.4086136606849999
5215	0.8220713440383584	0.5055495052677257	0.6628113842052331
5216	0.8499482225638393	0.4918751500912583	0.5036614782582928
5217	0.6231143406093663	0.46494753398616695	0.1902626001981625
5218	0.48779918645853754	0.4826193406587964	0.39593711527157194
5219	0.5440734777824503	0.5031956228494803	0.6354155647578481
5220	0.7178780534574595	0.5371503647999185	1.0306001214062384
5221	0.7421309388413557	0.3982415032954085	-0.5861000416613803
5222	0.8070927333396637	0.4160953799059719	-0.37830649332285476
5223	0.6216229865366838	0.4821122670697532	0.39003550507036205
5224	0.3788390610392572	0.357044880875795	-1.06556971308664
5225	0.2984614298406403	0.38390992674732655	-0.7528990629142319
5226	0.30258735734796516	0.40025895188198546	-0.5626198300782368
5227	0.3183651890758377	0.48066762013531333	0.37322188418838387
5228	0.33490829356641744	0.4405931683985663	-0.09318732798085416
5229	0.30246386430194805	0.4749787423444065	0.3070114959336921
5230	0.3233100856098879	0.4966758151846778	0.559534343065498
5231	0.2544168012586292	0.4544654964624789	0.06826669878277909
5232	nan	nan	nan
5233	nan	nan	nan
