ID	SN	ssim	z_ssim
245	0.7834105018787362	0.3889885151341487	-1.8996647318173654
246	0.7957657297115712	0.44936968202715233	-1.2532546788622894
247	0.9919490258575671	0.448366948716055	-1.2639894315356657
248	0.8982735427323767	0.6905621770340553	1.3288294624735808
249	1.148274371305144	0.6884432315126483	1.30614510976591
250	1.0697009790034566	0.6977883575523242	1.4061892746771827
251	1.0882264092280147	0.6474410842586615	0.8671969817065885
252	0.8389850851631957	0.6294959613131565	0.6750856252956657
253	0.6241501597421988	0.5563878150816277	-0.10757299342085651
254	0.7353280960345576	0.6387581610923918	0.7742420238526087
255	0.8425766318249824	0.6583588391033239	0.984076910506151
256	1.0171594900378138	0.5838530297995026	0.18645562201918695
257	1.0318860589228165	0.5715711808322251	0.054972395545735325
258	1.087469100545066	0.6433151622524331	0.8230269598310482
259	1.3177410199839883	0.5074037689230959	-0.6319712702444753
260	1.098598274430407	0.5198223896048884	-0.49902383538003564
261	1.0113248022805408	0.6150691621191151	0.5206396529692656
262	1.007344647827274	0.596272430530399	0.31941140769247245
263	1.1696679631724494	0.5410012538000296	-0.2722936903636445
264	1.3460359074236852	0.5344335653883956	-0.3426040210911003
265	1.5063971870969834	0.4028565041307397	-1.7512010971620124
266	1.5577019940321322	0.25010520210056864	-3.3864788222389146
267	1.317071655630381	0.24384155667749088	-3.453534223417203
268	0.659141052395717	0.35929361165930185	-2.217563260702798
269	0.704476052173558	0.4215324590860696	-1.5512658250753735
270	0.7643991806571736	0.5080175308130055	-0.625400647711438
271	1.1807696007652775	0.5680138128666077	0.016889023968795575
272	1.3048517027719806	0.5941427985100767	0.29661265076432664
273	1.4491919401701012	0.5326278104654936	-0.36193551459147244
274	1.7760455283497734	0.3482993057274286	-2.335262706495555
275	1.6762340395854705	0.36793217226161146	-2.1250832258884724
276	1.8222206044034885	0.3970305679178545	-1.8135706062269386
277	1.6709607650158864	0.6317822699186318	0.6995616820329557
278	1.8072933905299136	0.5412643711314479	-0.2694768900782697
279	2.0254618731852743	0.5513577271358543	-0.16142255583752518
280	1.644870933327229	0.5761914147523077	0.10443426928258562
281	1.3097044714557018	0.5771561006572419	0.11476170578275291
282	1.4155753236668809	0.618377759460713	0.5560598128111445
283	1.8805036776773707	0.5351667930514408	-0.3347544587708319
284	1.8854837492143242	0.5666339994405126	0.0021174434292751034
285	1.6555456398778512	0.6235428428920561	0.6113545682153946
286	1.461900005264389	0.6615001467834972	1.0177061523438784
287	0.9440403173487957	0.6420143481815946	0.8091011061968276
288	0.8542833397415509	0.6026508591366622	0.38769561923232054
289	1.038795926592819	0.6115610666247187	0.4830837674011278
290	1.2148955534539239	0.5879875168608574	0.23071733701731312
291	1.4864671017055775	0.5581271033734295	-0.08895305785717292
292	1.5415029901670514	0.6437006059681645	0.8271533241515425
293	1.8548136147661307	0.6672339178729153	1.0790889884873198
294	2.418666010391654	0.6775019918041658	1.1890137639625575
295	2.3694135115291775	0.6785043638486171	1.1997446490990211
296	1.9634207330294848	0.6131193397951898	0.4997658471699352
297	1.493618035867282	0.6253894045451337	0.631122917808006
298	1.6072286205871433	0.6388057272517634	0.7747512429548623
299	1.6737747855673455	0.7148511295058331	1.5888546302767625
300	1.5489414102186136	0.690714190578535	1.3304568421416672
301	1.4279707819367664	0.6828854747242397	1.2466465931792268
302	1.4521928124913408	0.6732212452450921	1.14318626919351
303	1.439441625419696	0.6836901113782727	1.2552606238266435
304	1.588934624265484	0.6755429097460093	1.1680408281595722
305	1.2172536139834003	0.5743201397338955	0.08440135097398775
306	1.1953855297360314	0.45051601283773896	-1.240982644416708
307	1.4208412273001683	0.45051203298634634	-1.2410252506809096
308	1.3979341354515562	0.4739938669898872	-0.9896406825653513
309	1.4986326590223928	0.5428569941524304	-0.2524270782858768
310	1.4624903432193506	0.5356271507206525	-0.3298261037779459
311	1.5454034478596634	0.48942887857140915	-0.8244013013613771
312	1.3468089663650347	0.4889207673574861	-0.829840881508629
313	1.0955417538220904	0.49531723325159543	-0.7613635719418332
314	0.9160722177412635	0.5887672785826096	0.23906506929521626
315	0.8930329363337124	0.5427014316172984	-0.2540924516422853
316	0.9253260903768745	0.5998514545663884	0.35772661814097206
317	1.2091458384722056	0.5696842519952964	0.03477189542020845
318	1.4459922641592364	0.5468422207116646	-0.20976327028499123
319	1.3878197516441282	0.5780028616161125	0.12382669780640417
320	1.3243827754783961	0.7034859803181593	1.4671851252593338
321	1.4638698491719204	0.7373686361142302	1.8299155999155727
322	1.8827189260302402	0.6606710189268608	1.0088299313416473
323	1.7606565923818687	0.5693559487208313	0.031257247592875806
324	1.7629790040672868	0.7189340434640659	1.6325642298714351
325	1.797264538065067	0.7518269873337862	1.984699352174577
326	1.6155985258034755	0.6724243712862952	1.134655342011907
327	1.6430436176559449	0.6675102052444494	1.082046780521724
328	1.1828725741732518	0.6269603940742914	0.6479411324432777
329	nan	nan	nan
330	nan	nan	nan
331	nan	nan	nan
332	nan	nan	nan
333	nan	nan	nan
334	nan	nan	nan
335	nan	nan	nan
336	nan	nan	nan
337	nan	nan	nan
338	nan	nan	nan
339	nan	nan	nan
340	nan	nan	nan
341	0.6258248604391307	0.5274909773810802	-0.4169278361542706
342	0.7767642550872536	0.4679425298011259	-1.0544232198019656
343	0.8436011152679425	0.4845214630016727	-0.8769375957315587
344	1.0022526935567053	0.5292543829283248	-0.39804971352382246
345	1.0196889983019264	0.585279028024049	0.20172163351373573
346	1.1836199249532016	0.7436928521063522	1.8976194387898853
347	1.2783983522565565	0.6881531738711915	1.3030399002275388
348	1.4564315341683107	0.5768608497886206	0.11160090019648967
349	1.3958960772432794	0.47127193056212946	-1.018780349135974
350	1.191716120977044	0.529680901004241	-0.3934836280003703
351	1.366294414859501	0.6267326550781027	0.6455030746156256
352	nan	nan	nan
353	nan	nan	nan
354	nan	nan	nan
355	nan	nan	nan
356	0.9910193648909362	0.5971487718447203	0.32879307195213997
357	1.2648600231415728	0.5286956494655364	-0.4040312297126178
358	1.1978689478647153	0.4683779654555275	-1.049761667220197
359	1.0946767640108335	0.6608125469532846	1.0103450583880886
360	1.054813094939094	0.6697898790342826	1.106451808298309
361	1.2242339961445072	0.577085649984757	0.11400749672593916
362	1.1839389684841748	0.5583367078764787	-0.08670913868688362
363	1.2661835452799972	0.5101539816622814	-0.6025288918696939
364	1.5741688051047864	0.4941714808902684	-0.7736294138039358
365	1.6189260628071895	0.610210250473592	0.4686226169346316
366	1.6512899465643551	0.5084368758872303	-0.6209113526947244
367	1.514148860885153	0.4465445739349146	-1.283498848782742
368	1.5747538254399172	0.6145128220312501	0.5146837590347365
369	1.6514998988348493	0.7084825015727745	1.5206753397580066
370	1.652216099595467	0.5691807434419266	0.029381589015169324
371	1.4695734244554972	0.47745061208769624	-0.9526345282178136
372	nan	nan	nan
373	nan	nan	nan
374	nan	nan	nan
375	nan	nan	nan
376	0.7144847855904862	0.4699848710158877	-1.0325589538276774
377	0.8476039371172822	0.5437242905506302	-0.2431422442964718
378	0.9766187781796877	0.5028215709291622	-0.6810259507073088
379	1.0322615700156272	0.5755246666708338	0.09729640354015989
380	1.1475037225271252	0.6226434614015686	0.6017262475517173
381	1.3934121248258458	0.6852964915599451	1.2724577127822254
382	nan	nan	nan
383	nan	nan	nan
384	nan	nan	nan
385	nan	nan	nan
386	1.2105342205863439	0.5715937556792642	0.0552140703728519
387	1.6170073868691497	0.697725607388437	1.4055175033476703
388	1.8514170436358988	0.6332127582159679	0.7148757619624007
389	2.391134468734011	0.5066505916929411	-0.6400344024805852
390	1.8337609410491063	0.5252378859962604	-0.4410482862269692
391	1.338643763342066	0.5623519842895883	-0.04372363223871001
392	1.0778268466157312	0.48151307685370087	-0.9091438472713103
393	1.0657175166483988	0.49932206838222093	-0.7184898445517794
394	1.0805938121809646	0.6211996480409614	0.5862695162742124
395	1.0839194670043901	0.6337665171342789	0.7208040232088927
396	0.9848576186671	0.687784988723064	1.2990982973512635
397	1.0297794123760167	0.7302567989968	1.7537798899874721
398	1.0509622384485724	0.6331115964930352	0.7137927760241883
399	1.0926446013682298	0.6405349920495867	0.7932638720916113
400	1.0390779995922905	0.5890453099299354	0.24204153144717405
401	1.103772461849967	0.44407605937860517	-1.3099255097297207
402	1.1587195777810684	0.4295806311369516	-1.465106189723825
403	1.4166800788849747	0.45849246721744996	-1.1555907819653022
404	1.2700999654370166	0.49904539644299895	-0.721451753572196
405	1.2133120755084694	0.5859347521414171	0.20874148230504772
406	1.1283070560455681	0.6368207899474472	0.7535015140407255
407	1.0663652799963317	0.6850926386694783	1.2702753674500267
408	1.0760177332609966	0.7146577729708861	1.586784653586584
409	1.1754283318981813	0.5258587680953445	-0.43440143835702033
410	1.1015591696875124	0.46539998057104204	-1.081642458300151
411	1.1913369014735553	0.5353440948542589	-0.33285635587474494
412	1.0137176048861392	0.4562643080845809	-1.179444320033264
413	1.0645407879297135	0.49290969483822944	-0.7871374533249639
414	1.028162990865474	0.47954421607899983	-0.9302214690385561
415	0.8808065846265128	0.5001626294113763	-0.709491225821354
416	0.9401337393161859	0.47071843343541675	-1.024705807774805
417	0.9284986589033278	0.5318245238639191	-0.3705350922641263
418	0.9720043035462118	0.6152210755189866	0.5222659605401271
419	1.094416249047399	0.44687059819764574	-1.2800085988955523
420	1.2007606151857908	0.3843303119781093	-1.9495330848769656
421	0.9303109064289508	0.5603968217676676	-0.06465460748087623
422	1.0035773279150861	0.6301863849795533	0.6824769498049748
423	0.960570449203056	0.6229663446712788	0.6051828715656506
424	1.051797122361546	0.5174685383844314	-0.5242229689900264
425	1.1281324336737233	0.5886142950376325	0.23742730529530698
426	1.3683440859062739	0.6360547487122101	0.7453006663109556
427	1.6890383924271897	0.6371541243645568	0.7570700227215428
428	1.4955200019469137	0.6493996554950229	0.8881644489113225
429	1.4968824487906205	0.5037179382874227	-0.6714298978097702
430	1.3725644590681383	0.5285931966850657	-0.40512803705598743
431	1.1768632047899084	0.5328610794342361	-0.35943825569111304
432	0.8327463484875253	0.5416853394502201	-0.26497021743128063
433	0.8223789766393387	0.4906093038058796	-0.8117642693597323
434	0.9763748197909438	0.46443881268374715	-1.0919322326933152
435	1.0098066637810366	0.5370857749257226	-0.3142108151348541
436	1.2681986377508623	0.5542981167813025	-0.12994424025957713
437	1.5557675539611626	0.4997313093878957	-0.7141087185523703
438	1.1982457549574799	0.5349789093341017	-0.3367658462600754
439	0.9677902542791179	0.5505568423163655	-0.16999642125311168
440	1.0197716095266915	0.5144393993394195	-0.5566513904871491
441	1.0366020660518986	0.658928945933276	0.9901801841774331
442	1.1228903267153616	0.6405138296501253	0.7930373182096567
443	0.9291155747364053	0.7006567519830477	1.4368968461149065
444	0.8065396604336431	0.5246023101953529	-0.4478524373930048
445	0.8649548274186836	0.42892692717970193	-1.4721044117086945
446	1.0984231154592774	0.427671183948489	-1.4855477598643323
447	1.159561321711881	0.7343777107542951	1.7978962746891116
448	1.0628622219264867	0.7349034349053263	1.8035244099802032
449	0.9288706137678691	0.7512883174785394	1.9789326267604694
450	0.92570748578046	0.5570257260810305	-0.10074384280779722
451	0.9676763573127352	0.5905176306485336	0.2578034479957952
452	1.0269981763582436	0.6386936143921101	0.7735510197184706
453	1.2746839795383682	0.6196955581360762	0.5701674949802407
454	1.3629266207381396	0.5781485231756928	0.12538607635582275
455	1.3846181130020228	0.5262573432745674	-0.4301344952692092
456	1.5869725355488344	0.5106734467921318	-0.5969677624749954
457	1.3765884313349561	0.5036507745972877	-0.6721489181058468
458	1.329928772560133	0.5181775012534322	-0.5166331732097285
459	1.0535527306000538	0.6464956508906292	0.8570756530714826
460	0.856855906382344	0.6471742992702306	0.8643409173512104
461	0.8051979339423856	0.5984434954214543	0.34265372385510573
462	0.835911604365235	0.592158565024919	0.27537045658002374
463	0.9939478139353254	0.7382473602894363	1.8393227738715578
464	1.1401957820413255	0.6947956506800834	1.3741508774863476
465	1.2310337042743285	0.635033551698097	0.7343682506267717
466	1.232266620774389	0.5352232528695122	-0.3341500286833168
467	1.0785683504995651	0.45169573111367656	-1.2283531807534402
468	1.019892687243549	0.4537228182818333	-1.2066522168413865
469	1.0912067616242183	0.47683650936945676	-0.9592087994855494
470	1.099411392046922	0.5303919688461696	-0.3858712974508437
471	0.9287734185027872	0.49391589174983586	-0.7763656211066948
472	0.8461241769349434	0.4037133979219845	-1.7420276281901892
473	1.0103087474866705	0.38354571192701564	-1.9579326138472275
474	0.6927214517074706	0.5575784213570053	-0.09482696837501309
475	0.6017102969368575	0.6215511100191917	0.5900320894017266
476	0.6980922793381769	0.5478524608219119	-0.1989481536391092
477	0.7200052670260548	0.46237883072556885	-1.1139853514916342
478	0.6295817248648707	0.4575042423672682	-1.1661702144375077
479	0.6062750768156935	0.5594611153717123	-0.0746718041016649
480	0.5634550499680421	0.6035880001472294	0.39772817410726286
481	0.49475284525102664	0.6452254700003569	0.843477742683325
482	0.4477659421477086	0.5523939894688877	-0.15032885851368108
483	nan	nan	nan
