ID	SN	ssim	z_ssim
494	0.44435276713200234	0.3786749131911003	-0.8539183792261656
495	0.4355529720680671	0.30217558421857665	-1.5295026929720361
496	0.4555929916066504	0.2883123154403737	-1.6519326155555494
497	0.5267439174227662	0.33676546932552887	-1.2240309443123576
498	0.5678517912904056	0.26380946320560783	-1.8683233059599897
499	0.4983323378972154	0.3021782238165376	-1.5294793820358366
500	0.41982689514017124	0.36556445289024625	-0.9697000657351574
501	0.4970913176388467	0.46180011632775786	-0.11981934763550622
502	0.5108162541510901	0.2862971830338953	-1.6697287434722632
503	0.5116646008609306	0.27230572824507315	-1.7932907081165257
504	0.5532443597723904	0.5592669001638364	0.7409336962841938
505	0.5850044582510634	0.5665778668397685	0.8054986339237454
506	0.6874585310049072	0.4190644560255261	-0.49722843246721377
507	0.6453357180880777	0.40329594095895677	-0.6364840517402391
508	0.5359375399164374	0.5936538370988507	1.0446131599224717
509	0.4505621082713081	0.4601160754324979	-0.13469152531111467
510	0.46640955756221253	0.45161946736163383	-0.20972715254889113
511	0.4854549704527273	0.4427465871358121	-0.2880857313602697
512	0.36725775743723804	0.4358724204901843	-0.34879318093187606
513	0.3919679187396748	0.5858364008907407	0.9755754657774031
514	0.3694030270049155	0.61235080742805	1.2097306849861997
515	0.4020883485903925	0.6035006959550907	1.131573182608876
516	0.4364306251455644	0.6396542875653194	1.4508544064509505
517	0.46994547754598814	0.5923531614288063	1.033126574461461
518	0.4272109574150057	0.4556937693018377	-0.17374599405723
519	0.45962574076088986	0.4166621502691564	-0.5184437830803901
520	0.4704039702997538	0.4579721938910347	-0.15362466837779498
521	0.5844792706736704	0.24640604944969138	-2.0220171160501303
522	0.6802193255171142	0.38138021790963894	-0.8300271705542067
523	0.6251429724530957	0.45348641191558325	-0.19323970785856545
524	0.6181268537526712	0.5280351896274318	0.465118809889243
525	0.5977190158074717	0.5356466931691047	0.5323378622108956
526	0.6607547555032502	0.41757296248167475	-0.5104001773153435
527	0.6157516790092861	0.40434791246985846	-0.6271938336322085
528	0.6975480169002549	0.3766825261444981	-0.8715136372980157
529	0.7879360827238893	0.5762518032462518	0.8909315360965552
530	0.8347767949279714	0.6352185089135061	1.4116809585702477
531	0.7770246272808636	0.5530793412797425	0.6862898480489474
532	0.6299513679119095	0.5047642331081508	0.25960729231847884
533	0.6150512996704726	0.5011625255583974	0.22779973065754663
534	0.5618803530502352	0.47716799274329125	0.015898133568132758
535	0.627976893416716	0.387651116748983	-0.7746473267588492
536	0.7844065698698951	0.30602416405105876	-1.4955149417074796
537	0.8905534489022279	0.0724803125612445	-3.5579979040741585
538	1.0783132088026548	0.09613925609225048	-3.3490599781599606
539	0.8463952810555088	0.11989346026244696	-3.139280782205635
540	0.4965652498617541	0.3325946195460042	-1.2608647404238154
541	0.39141157530945947	0.32572194856469766	-1.321558981417417
542	0.40920392250773974	0.31282466847699775	-1.4354580212425447
543	0.39695445713645783	0.2940630455652985	-1.601146509099891
544	0.4290501166158138	0.22639050219538712	-2.1987793169434737
545	0.41790339778596775	0.29694534675365414	-1.5756922012451968
546	0.508481491691166	0.40554709022459023	-0.616603601124669
547	0.4635738104673933	0.5459768703604803	0.623566187510524
548	0.5658451529369841	0.5189710684827699	0.3850713356764263
549	0.617315570198773	0.6077544134825484	1.1691388041019546
550	0.8304306318958306	0.5440053367557297	0.6061550912920105
551	0.782803384498758	0.6292822395389368	1.3592563095505232
552	0.8165188186435288	0.5996329209496896	1.0974159140701432
553	0.8347258393860564	0.5453949224967991	0.6184268633700192
554	0.812436823424044	0.518025469426575	0.3767205187733449
555	1.0853131449987259	0.2938852480214396	-1.602716682763725
556	1.167756561815734	0.16483791083994173	-2.742365329378751
557	1.046439654396658	0.444546591165637	-0.2721894548365133
558	0.8258355674573247	0.5783443954574382	0.9094117305235166
559	0.7630523659885179	0.6118060992672758	1.2049202337844565
560	0.7669432735700168	0.60945381499606	1.1841466351601428
561	0.7493682556597423	0.5265806236786355	0.4522731816789794
562	0.8266172654592574	0.4256716593394879	-0.43887860147398283
563	1.0448646885646324	0.19206750446784024	-2.5018941177777965
564	1.0666535256594039	0.288772916831751	-1.64786493183749
565	1.1892834609904719	0.4047702890297664	-0.6234637227645662
566	0.938323560585911	0.677886067066243	1.7884886166371845
567	0.9064457777066706	0.5930374120930476	1.0391693596942262
568	0.7026333966951234	0.587884856676019	0.9936658806153295
569	0.6649607258730602	0.4932644704328601	0.1580500711039365
570	0.7984507859059985	0.47556829705986897	0.0017708291198122244
571	0.9930592098745876	0.38869975724397443	-0.7653865256683015
572	1.1235813414733093	0.5116393509549211	0.3203231421803849
573	1.2321839778077168	0.5851848397037827	0.9698213693262745
574	1.3062676617908167	0.45627797643714774	-0.16858671773553005
575	1.1462709580908492	0.6275980399345583	1.3443827302758111
576	1.2071701672940987	0.5576777839223268	0.7268998214789877
577	0.9095670627392308	0.5978977852926365	1.0820925060367574
578	0.7261337513024023	0.6193322526401124	1.2713855378573875
579	0.5724628923224566	0.6473181467312251	1.5185358241154514
580	0.5882965353219001	0.6347396606009288	1.4074521318212303
581	0.7364992001773579	0.5448012395623094	0.6131839039445331
582	0.6754210101832133	0.5798998557357482	0.9231483812732042
583	0.6905800943742044	0.6835543997821776	1.8385470513896431
584	0.5765590967267287	0.6260928019184865	1.3310896046266
585	0.6507270386563951	0.5978787429585737	1.0819243385199604
586	0.7590786602997969	0.610798163659545	1.1960189075245433
587	0.8613510381705478	0.5692425563918188	0.8290311601111874
588	0.77055082302291	0.5663602327251744	0.8035766537452194
589	0.7074653330291873	0.5202909544222695	0.3967275717328228
590	0.7673431385927723	0.4541090579361826	-0.18774096832472847
591	0.6814274333247156	0.5904739847992406	1.0165311053149486
592	0.8985742644952007	0.6693325418404564	1.7129503400616275
593	0.8833562978391798	0.691372923067938	1.9075943457837377
594	1.0491866626346482	0.6166860657559688	1.2480164132627192
595	1.0890805186485475	0.4891583217434765	0.12178766616895896
596	1.1037629487841452	0.380938031409107	-0.833932227860224
597	1.0974931022725398	0.45300234181700905	-0.19751464947887185
598	1.1620391272526345	0.43741544357377654	-0.33516636609540734
599	1.1713141497137054	0.42252067646587144	-0.46670570310858367
600	1.1067814622064507	0.598693010298217	1.0891153328626189
601	0.9093342896870614	0.5818439034861753	0.9403167431791398
602	0.9366162305715077	0.5858959839370219	0.9761016582548196
603	1.0544155249664242	0.6247926544628016	1.3196076839559916
604	1.0830716135135612	0.6360184900586053	1.418745788029283
605	0.8826614336903631	0.6928534816108864	1.9206695209602114
606	0.8404971643164504	0.7351511331390936	2.2942104430120818
607	0.7900633244340974	0.5777694279883991	0.9043340519580422
608	0.9415090727081243	0.5631748590602255	0.7754458386078519
609	1.034668346862743	0.4961422221092223	0.18346420110374986
610	0.9201473354643471	0.2848799368911052	-1.6822447913336729
611	0.854088504509845	0.3522602956893515	-1.0871923370171959
612	0.8612103167922196	0.5696050090949187	0.8322320687201646
613	0.8103178197748986	0.5399070109717468	0.569961772350957
614	0.7185824332627507	0.5287987599658103	0.4718620865947865
615	0.648289820306823	0.5171917796116984	0.3693579997940915
616	0.662466044132469	0.5653067456159812	0.7942730510174086
617	0.6775805041138543	0.5662757859178738	0.8028308833035106
618	0.8109689319267454	0.46882881205135274	-0.05774721392229551
619	0.9199775764439875	0.398601318429672	-0.6779434133103505
620	0.9469747850701822	0.4182353060932022	-0.5045508586315358
621	0.7408688135339284	0.5039557487648274	0.2524673690329481
622	0.8306700505221656	0.574137546614261	0.8722600178624644
623	0.8847386236616992	0.5708805140846501	0.8434963657374185
624	0.9567505884553276	0.4717823417818593	-0.03166386936343053
625	0.9891855764388164	0.47756051258347204	0.019364572430039972
626	1.1290204616319541	0.3588059331239849	-1.0293862093857447
627	0.9974094407328409	0.338721943445641	-1.206752842091719
628	0.9000055888003351	0.413319572210689	-0.5479629087263519
629	0.8653194491591272	0.4712307463349775	-0.03653514387592739
630	0.8271672473522499	0.4225006352875809	-0.46688269166343654
631	0.8975744387303475	0.40416387532428494	-0.6288191107472626
632	0.6298013628773972	0.5054363810826366	0.26554319573328855
633	0.6128921072292002	0.536130620830075	0.5366115459298295
634	0.6965451568404684	0.5522695871930163	0.6791387113483854
635	0.6502025519918508	0.4227054367493744	-0.465074039785332
636	0.6292821076019223	0.4897309179223002	0.1268444032896606
637	0.6468815914031267	0.5448959651429263	0.6140204487513274
638	0.6769087959377402	0.46397886771897295	-0.10057826038380516
639	0.6741084604111107	0.4553242929105879	-0.17700893057680975
640	0.6582260251425899	0.41311839510855103	-0.5497395529965006
641	0.7200345437725582	0.47446567946625934	-0.007966656951084401
642	0.7822158455510063	0.4879173408264279	0.11082825969472533
643	0.7324535660032864	0.572864918385883	0.8610211262294264
644	0.7731836870219919	0.5653565331923147	0.7947127373001792
645	0.7119268553805062	0.4904277600770885	0.1329983870599093
646	0.7016429764978276	0.2096050374790021	-2.3470158676901804
647	0.768402823962492	0.14165495873477588	-2.947099658410542
648	0.8497404598684632	0.551416358637127	0.6716036409609588
649	1.0084931412297335	0.5353820516718902	0.5300007483213273
650	1.1461907441226644	0.5248781598015086	0.4372383061375357
651	1.1048268085669657	0.6119349525603802	1.206058168780293
652	0.9126964820847615	0.6221066224182134	1.2958866769888018
653	0.9186803094076705	0.47653377710476674	0.010297219904257757
654	0.7395309330822042	0.43170814241366867	-0.3855689407242301
655	0.8003249364981787	0.5996645167362754	1.0976949442013162
656	0.8404094216002423	0.5429708503746244	0.5970192886484414
657	0.8691323072326894	0.3788217226370586	-0.8526218690458637
658	0.9821514514128438	0.3733673436283459	-0.9007908261988677
659	0.8633160734816413	0.3607201796241859	-1.0124810296207924
660	0.84636830947323	0.4434052720370321	-0.28226872364343975
661	0.813070375620332	0.5439829355219806	0.6059572605092742
662	0.5949603623049601	0.637405480989459	1.4309946447026416
663	0.4791268430592182	0.6412221931669031	1.4647009648991258
664	0.4364772161877121	0.510259835010344	0.3081402989419385
665	nan	nan	nan
666	nan	nan	nan
667	nan	nan	nan
668	nan	nan	nan
669	nan	nan	nan
670	nan	nan	nan
671	nan	nan	nan
672	nan	nan	nan
673	nan	nan	nan
674	nan	nan	nan
675	nan	nan	nan
676	nan	nan	nan
677	nan	nan	nan
678	nan	nan	nan
679	nan	nan	nan
680	nan	nan	nan
681	nan	nan	nan
682	nan	nan	nan
683	0.5521303020789156	0.393946898968418	-0.7190477317383736
684	nan	nan	nan
685	nan	nan	nan
686	nan	nan	nan
687	nan	nan	nan
688	nan	nan	nan
689	0.6521179197803989	0.40899894957509597	-0.5861193856187228
690	0.6168493332919672	0.35842654070554103	-1.032736716770546
691	0.574349492963661	0.43411127251406234	-0.36434631012704377
692	0.57282463590076	0.4924924695879336	0.15123234252989587
693	0.642551065723972	0.5767313707516636	0.8951667142136704
694	0.7740545398453179	0.588100892332698	0.9955737444204431
695	0.6931101401643488	0.5737708716547225	0.8690218214725777
696	0.8999514297790513	0.5262968486032621	0.4497670944736504
697	0.7622218786251542	0.5631708328682007	0.7754102823198086
698	0.6047122927255958	0.4826571659775177	0.06437436704998478
699	0.6329177031928311	0.42044214484221387	-0.48506172504273876
700	0.6364562546976275	0.47852832444203497	0.027911556032173154
701	0.8516919188537738	0.40817798159202956	-0.593369554984868
702	0.8976887858991839	0.45902884507715286	-0.1442931229115755
703	0.7290639472960478	0.38644463742678725	-0.785302041197285
704	0.8381099692604805	0.5069596898155372	0.2789959083094916
705	0.801614721099301	0.450894510747255	-0.21612942199881738
706	0.7205528870370556	0.49241470930982634	0.15054562246545403
707	0.7391483741277788	0.5700105886957527	0.8358138415275728
708	0.6906288747843412	0.3411896782182243	-1.1849596718086004
709	0.8009469076169276	0.38996513347956374	-0.7542116781600575
710	nan	nan	nan
711	nan	nan	nan
712	nan	nan	nan
713	nan	nan	nan
714	nan	nan	nan
715	nan	nan	nan
716	0.42877042360378476	0.5216346650040284	0.40859420904119387
717	0.501018507280061	0.4785540890932944	0.02813908997885977
718	0.5403433531829445	0.5024954785105998	0.23957136470407123
719	0.6059118162433704	0.5706393108901503	0.8413662412406663
720	0.6263919090981036	0.4814019416368548	0.05328917341268596
721	0.706852112145839	0.39933327799060453	-0.6714792991239379
722	0.7018982271313936	0.1934332033963319	-2.4898332959930736
723	0.5909861607538207	0.2713604336797736	-1.8016388359859217
724	0.6334784777175565	0.25961007596118607	-1.9054091234146084
725	0.5702329635700771	0.25115983139109355	-1.980035303219678
726	0.6270152074383869	0.376409270262163	-0.8739268269327993
727	0.8473321299494555	0.48303260517774776	0.06768996259634366
728	0.8755525785398232	0.6080152670308161	1.1714424656864617
729	0.853775744809638	0.5495354342132218	0.6549927366144874
730	0.7511987419546737	0.5414620943949687	0.5836950950010463
731	0.6686724333059803	0.5311849508473058	0.4929351228003825
732	0.5966342834026795	0.450504578491425	-0.2195730092694575
733	0.7127353926306196	0.5429530915226424	0.5968624558763065
734	0.6914344042815959	0.5505980842847522	0.6643772597072941
735	0.8604586297447054	0.5474710779024621	0.6367619003409759
736	0.9410412448727825	0.3773648079010845	-0.8654882399710625
737	0.7162603369124202	0.3754010657541994	-0.8828305279165387
738	0.6211511132526382	0.3830115908498608	-0.8156201164912983
739	0.6406589560495317	0.3052917126348348	-1.5019833995884577
740	0.7002914796514975	0.31091226213703166	-1.4523469501016892
741	0.9020720549713847	0.3770600812113045	-0.8681793560156099
742	1.051637921947643	0.35288387971699803	-1.0816853137133475
743	1.1428161505503995	0.29517181885859434	-1.5913546605371403
744	1.0284942100436614	0.39360818754851457	-0.7220389752596801
745	0.833281650638487	0.5334857597700473	0.5132541300127074
746	0.6885030988538237	0.4898305565655308	0.12772433655592086
747	0.7258836613684723	0.40354645104976516	-0.6342717357623304
748	0.7013206802004494	0.3774282804374008	-0.8649276984543606
749	0.7553548822810596	0.1722617969919384	-2.6768031721848553
750	0.679650222298971	0.3753330371811237	-0.8834313049099286
751	0.4747983343692869	0.25860925296314236	-1.9142476364760406
752	nan	nan	nan
753	nan	nan	nan
754	nan	nan	nan
755	nan	nan	nan
756	nan	nan	nan
757	0.4406317681626558	0.3451740372427114	-1.14977282123842
758	0.530269670918413	0.4695210479650844	-0.0516339089951812
759	0.6901533401618094	0.4733092878518655	-0.018179034572231197
760	0.5931952470763	0.4498877009090998	-0.2250208063118351
761	0.5589264283281087	0.4279180496024933	-0.41904017877640615
762	0.5186031273108295	0.4773203116183363	0.01724329886631245
763	0.4883380365644129	0.5578455098008576	0.7283810497991122
764	0.6915996516998587	0.5041430563317192	0.25412152803979954
765	0.8109074110176945	0.43545545061612057	-0.35247554403238435
766	0.7961269828537474	0.6985800608360079	1.971242344903603
767	0.7550500559584957	0.69891235389109	1.974176906272903
768	0.7456326624758279	0.6982043025283554	1.9679239312414272
769	0.7675169616907401	0.697607376869583	1.962652334523449
770	0.8986640666003178	0.528384363902538	0.4682024534478687
771	1.0223707921332061	0.491106368481525	0.1389913441141873
772	nan	nan	nan
773	nan	nan	nan
774	nan	nan	nan
775	nan	nan	nan
776	0.8367180362962982	0.3606520290422097	-1.0130828841046702
777	1.0069413316527056	0.4448436415524434	-0.26956613010394453
778	1.0417555454674265	0.46859936718043704	-0.05977349778310905
779	0.7066769351423691	0.5162980451335369	0.36146521168458295
780	0.8497712079874625	0.42551617121990903	-0.4402517551469917
781	0.9243095054429609	0.2699688929231084	-1.8139278732855655
782	1.0029782835063754	0.3300830789090644	-1.2830447710259305
783	0.8276723628393077	0.28931911075770256	-1.6430413594795066
784	0.8540033648288053	0.46341929642445906	-0.10551997156053768
785	0.8975099472536716	0.5039938176533283	0.25280356471281057
786	0.9602382990436921	0.6270179589778021	1.3392598932476856
787	0.8440687365808393	0.5733585193485315	0.8653802372450924
788	0.7997499716484462	0.5013525902760027	0.2294782387377521
789	0.6512397534611425	0.5539259581567478	0.6937665290805259
790	0.5905610212595804	0.5178042062740821	0.3747664896721501
791	0.5716980719278971	0.5852000100908816	0.9699553427309457
792	0.8276836975236899	0.5168087786076995	0.3659756241062797
793	0.8694961808285003	0.5152522492875073	0.3522295323858541
794	0.7294777373013029	0.2855402219354742	-1.6764136523607167
795	0.7004376541731078	0.4146057887137684	-0.5366040157107853
796	0.5574185918689218	0.6639500533586132	1.6654162657620066
797	0.509287219725291	0.6674548289996302	1.6963677979920486
798	0.5650261012369024	0.6533979730791646	1.5722282599333135
799	0.5912176333892534	0.6088131132297385	1.1784884409128242
800	0.5959593731034561	0.37633852488979425	-0.8745515966462643
801	0.43898154315043064	0.5289361142599337	0.47307509601306197
802	0.5060128092597115	0.5953213363607704	1.0593392543819464
803	0.46248076053312814	0.5737807160697566	0.8691087599132716
804	0.6892828194808354	0.5488110085038818	0.6485951557170112
805	0.8297761875429127	0.3878757757415271	-0.7726633081623037
806	0.7824410672558509	0.4148131115758325	-0.5347730967292383
807	0.8201537325483786	0.37504974400336855	-0.8859331363593437
808	0.7586772269051698	0.4234540867888609	-0.45846252789424136
809	0.7070147723342657	0.47296209038768267	-0.021245220429345155
810	0.65514000791598	0.5139070721711977	0.3403499437516176
811	0.5410816173341916	0.48004059302142293	0.04126677030826457
812	0.7729159298934185	0.4905713224674814	0.13426622169710142
813	0.8686962417396566	0.4979871726335518	0.1997574111307541
814	0.8631417031605945	0.5459671738166114	0.623480554956313
815	0.8173338887622975	0.6030556231357692	1.1276426355145839
816	0.7331616530001989	0.5038693595232344	0.25170444447817736
817	0.6960142420205547	0.5684775212793283	0.8222749476266437
818	0.7090952260597948	0.5565967615260946	0.7173530478861794
819	0.7945566655837993	0.6844796708861097	1.846718347166674
820	0.9114194741764442	0.7447060415334029	2.3785921796517924
821	0.7618178134718943	0.5015812912028706	0.23149795264644082
822	0.7878053327515125	0.5136252624641866	0.3378612131957406
823	0.7808603364640483	0.4166489103925739	-0.5185607076737844
824	0.6870392094068749	0.44629619570842527	-0.25673826852884235
825	0.6012020864153458	0.3787982204625336	-0.8528294225062831
826	0.5313648171058735	0.37551743726086584	-0.8818028226343257
827	0.5173984531627656	0.4281527758081387	-0.41696725415485714
828	0.48298920568589643	0.2759121624337775	-1.7614414043491613
829	0.5807774543734254	0.30109613818036507	-1.5390355453610134
830	0.7423908433106665	0.424941743918171	-0.44532466336270893
831	0.7969843623498702	0.41455061887036604	-0.5370912341125029
832	0.7662022755900297	0.44258031004587134	-0.2895541650734549
833	0.6496944736532473	0.5066964162206851	0.2766708747007725
834	0.6472485840808367	0.5247673098819982	0.4362593633440875
835	0.5759534462244775	0.5198046080797776	0.39243252804488127
836	0.5477964501426587	0.5039653415647154	0.2525520853986506
837	0.5289478419074507	0.47957082027970577	0.037118092148701896
838	0.48593641137263827	0.40804206571279344	-0.5945698614089135
839	0.5011528477543824	0.34743237922625897	-1.1298288499689926
840	0.5941972306864063	0.4553673564552773	-0.1766286258646349
841	0.6487408780830796	0.5018683414046368	0.23403296329523263
842	0.684706602110071	0.4773227400952108	0.01726474534048067
843	0.6634385424186249	0.5879088714628998	0.9938779610810351
844	0.7994585648126759	0.5491825561294004	0.6518763838137969
845	0.7284691571167775	0.5244532302911982	0.4334856495395075
846	0.8266613898714439	0.5124528371907854	0.32750723840422874
847	0.8121993991128045	0.4571442431443937	-0.1609365042395937
848	0.9177305732037467	0.5134676034105655	0.3364688874724041
849	0.8976583662743954	0.3920002807386858	-0.7362387941767274
850	0.6238938333682259	0.533819532061229	0.5162017548783628
851	0.6795461581718746	0.636658501260325	1.4243978837314393
852	0.5581477306993823	0.5460769734043693	0.6244502220127608
853	0.6626130452768973	0.628516101613156	1.3524903578516627
854	0.7453762510356862	0.6099161402803039	1.1882295429983998
855	0.8377563625018714	0.4658824972344331	-0.08376684181187968
856	0.6970053628843962	0.46247185353345777	-0.11388707182046819
857	0.6403022398624836	0.4782904919475645	0.025811199013080828
858	0.7366073560857177	0.5117244951357172	0.32107507129826296
859	0.9502791497306677	0.5033768031609072	0.24735455858383779
860	0.87028174176937	0.5086936214000966	0.2943086828837309
861	0.9508316673884949	0.3340012002803696	-1.2484428813968464
862	0.923317790337852	0.1731632988484752	-2.6688417884541846
863	0.8670268240451316	0.4723236650846406	-0.02688331067179164
864	0.7622264430950559	0.5182459523448544	0.3786676574350703
865	0.674276617380423	0.4854405866999332	0.08895543728779703
866	0.7646407940352296	0.4265454122722083	-0.4311622752870254
867	0.7569116114828336	0.4085482085613559	-0.5900999899264298
868	0.6229762829850733	0.4776687648067465	0.020320574331685742
869	0.4563772681726356	0.6381641766949322	1.4376948723308882
870	0.5766503226057699	0.5219524726854551	0.4114008465273462
871	0.5872872509702698	0.5031848397289562	0.24565928249212912
872	0.7009743870818542	0.4074951444051962	-0.5993998574523927
873	0.6677321806151462	0.30495644792348436	-1.5049442043822128
874	0.5653166142431725	0.4174507581622335	-0.5114793935960008
875	0.5473131235443405	0.546541366378157	0.6285513901238878
876	0.5672166965483548	0.49078378762115304	0.13614255351551138
877	0.6294737129507264	0.37004986725218814	-0.9300882727393421
878	0.7401674372972364	0.41794571422784144	-0.5071083153341482
879	0.6382854304636519	0.343172447082331	-1.1674493542624775
880	0.6556939946154051	0.28668133962993336	-1.666336162468075
881	0.7529479950137636	0.3726024999471124	-0.907545348107087
882	0.6911776944087628	0.44304887125772696	-0.28541618623088083
883	0.6239819257556242	0.5157834164530473	0.35692039974162537
884	0.5937318075302476	0.5342161669816923	0.5197045350222915
885	0.6165242325745812	0.5196506415661303	0.39107281204659305
886	0.5241642855019459	0.4777038698619164	0.02063059567336903
887	0.8212443923395495	0.43609394651812117	-0.346836830313241
888	0.806832126096901	0.45682647087919714	-0.16374282895634265
889	0.8443446279602518	0.48254619217781214	0.06339433024018785
890	0.7804409582015928	0.6735963839668995	1.7506053743685086
891	0.7194760589652955	0.5306059159129033	0.48782152345190083
892	0.7002860082593798	0.5615291807421855	0.7609124502491277
893	0.5895021430729258	0.591198644715269	1.0229307545490611
894	0.6202780574634467	0.46747638455190355	-0.06969083246612083
895	0.44957750965314575	0.41402521739277764	-0.5417311832655878
896	0.6171682972779932	0.3390647709642213	-1.203725248294701
897	0.6987519536657083	0.323035392039768	-1.3452846201989803
898	0.6763421819963518	0.2911518599866051	-1.6268559020812972
899	0.8368466736652539	0.39368505426391565	-0.7213601464663871
900	0.6814712609721066	0.4491138054069038	-0.2318552670683454
901	0.5772173197853055	0.592122640516835	1.0310907878184943
902	0.5930188913160847	0.690054970371363	1.8959551826691838
903	0.5219576076742095	0.4899441659239603	0.12872764863042607
904	0.7052919693388137	0.2711586296054843	-1.8034210172007243
905	0.6840621374439689	0.4182563227188035	-0.5043652556625321
906	0.6118137426312855	0.41688137067557207	-0.5165077939702027
907	0.5396926282062309	0.5608951189026015	0.7553128948213712
908	0.5292826587300913	0.6016053680319784	1.1148350774325664
909	0.5898376509967198	0.6461506881338881	1.5082257112569197
910	0.7578209619846139	0.5818859262271424	0.9406878562986832
911	0.7448971428614786	0.4600417659994219	-0.1353477701177521
912	0.8882184822809706	0.48992024496567754	0.1285163967880551
913	0.9757937406308014	0.33815202559322366	-1.2117859262558321
914	0.9524530341947116	0.32061876742494555	-1.366626424158759
915	0.9212058422138503	0.33276886945857953	-1.2593258967608891
916	0.8390063464636163	0.6027397449279339	1.1248530376823687
917	0.7667850444948627	0.5973374371865565	1.077143934646794
918	0.6940760233865394	0.4967395315063884	0.1887391867094842
919	0.7626406056065688	0.4451047910264159	-0.2672598551270463
920	0.7877165209585467	0.4227657645356403	-0.4645412703266757
921	0.7120709059795558	0.33166036092415074	-1.269115407173229
922	0.6209390980198692	0.4752661191276274	-0.0008977782225593029
923	0.4723720756597399	0.535326008343429	0.5295058159590826
924	0.5036540042887125	0.5926986167803608	1.0361773752951993
925	0.5739750069933516	0.5541585880957911	0.6958209410582015
926	0.615339660914795	0.5939746450622739	1.0474462936338975
927	0.6068731777718885	0.6552409471421312	1.5885040153458603
928	0.5676070742601842	0.507918434895889	0.2874628209722068
929	0.5256025717589323	0.4469145827440758	-0.25127714113438687
930	0.41292708710915904	0.438869162746452	-0.32232821597249706
931	0.4132797611018541	0.4324983459184702	-0.37859046000183494
932	0.5053906341799985	0.487297404307125	0.10535344843056776
933	0.5533669519483765	0.5185589774081977	0.38143205844935885
934	0.6509738347974974	0.4232236665789856	-0.4604974252123301
935	0.7275054890486135	0.4331481748302856	-0.37285166169683637
936	0.7491275928018511	0.6032301060086385	1.1291835365069327
937	0.8079748255519936	0.5677840473486149	0.8161507094682942
938	0.822760405752416	0.5126571273420032	0.3293113747733869
939	0.5975362254949497	0.5229723814475725	0.4204079106466405
940	0.6127993980513745	0.4010325385753907	-0.6564727126418463
941	0.613253050222662	0.40694312378385433	-0.604274886784699
942	0.6459927098946576	0.37833172438135465	-0.8569491636739685
943	0.6931819585322799	0.39131002097075884	-0.7423346472761555
944	0.7764119719012971	0.4638854858015183	-0.10140293897206502
945	0.8104975078819036	0.5489905244193126	0.6501805047411363
946	0.6220512976746203	0.4884708649390438	0.11571656672677406
947	0.6106966826787418	0.3868478684050819	-0.78174100965085
948	0.6136710823476601	0.3620318997817321	-1.00089690758515
949	0.6490006392529493	0.37970206212925706	-0.8448473753386849
950	0.6316441770122375	0.3383150440892468	-1.2103462699837724
951	0.551632634100356	0.318363626836454	-1.3865421231242199
952	0.49195840045517275	0.4166502641727083	-0.5185487521097901
953	0.4757546243912292	0.43416086790717934	-0.3639083210613366
954	0.46945985793154343	0.48852051687601616	0.1161550551451193
955	0.40192253019311674	0.594590562770915	1.0528856137966363
956	0.3166670834331655	0.5811885387533163	0.934529056682428
957	0.26868204990838573	0.5482479200638255	0.6436223837664197
958	0.32886316407948285	0.4367670322347007	-0.3408926454682882
959	0.3854095673841611	0.40338944929188986	-0.6356582567459221
960	0.4457865384140446	0.44426471167911136	-0.27467880163237685
961	0.4115523268591645	0.42535127631674563	-0.4417079824301598
962	0.45188340828335555	0.43740937476540487	-0.3352199612287778
963	0.3948400065430872	0.4848075126466958	0.08336460524324013
964	0.3967495364650478	0.5051028976980915	0.2625981222729127
965	0.42471119934381013	0.65678604769648	1.6021491768354856
966	0.41359672947297055	0.6420572679110726	1.4720757145282228
967	0.4103598502657282	0.5851671418637143	0.9696650753652954
968	0.38229041853385454	0.5706672555335129	0.8416130272316362
969	0.31904599517910653	0.46080640230150643	-0.1285950796255978
970	0.25680714641730024	0.47168375425850795	-0.03253451993255051
971	0.26484687489680014	0.47503433751213014	-0.002944698447191094
972	nan	nan	nan
973	nan	nan	nan
974	nan	nan	nan
