ID	SN	ssim	z_ssim
5057	0.33281833917971854	0.5553139061001952	-1.0678983326325413
5058	0.35756860386869094	0.5571396791268121	-1.0521614862438433
5059	0.40713405766762506	0.43757808993855096	-2.0826961340969024
5060	0.6851352178618535	0.6700922014100474	-0.07859222737439532
5061	0.8472300991031697	0.728854378844589	0.4278953514602452
5062	0.5514530056737904	0.6279271343091847	-0.4420246881797466
5063	0.5668432301613648	0.6738346514452044	-0.04633500785036117
5064	1.0408124087017632	0.7409284290123505	0.5319649537653962
5065	1.541022776324204	0.6721790887447241	-0.060604764016379244
5066	1.25144852244285	0.6666712498047337	-0.1080783623600492
5067	0.39059419723613414	0.6655358061592777	-0.11786506748224837
5068	0.35329111554062254	0.542094110029498	-1.181843438087385
5069	0.3344377169648023	0.5649210295425797	-0.985091859075307
5070	0.3639226902154259	0.6567347536053323	-0.19372379147541233
5071	0.8399174200312319	0.71614017165701	0.3183080574493608
5072	0.8527584348167614	0.7037808540044612	0.21177965521544312
5073	0.6684434453890301	0.7287187623926645	0.42672643547747885
5074	0.7158698081957275	0.7980762872564368	1.0245382657376352
5075	0.7708732030739897	0.8133260123006298	1.1559798945665074
5076	1.0770975993566945	0.8452136024885112	1.430827918486696
5077	1.0152080005263817	0.8679725905310669	1.6269939772281594
5078	0.8235481921189374	0.852606658458809	1.4945507276483598
5079	0.9646701687280226	0.8182334660371449	1.198278605570185
5080	0.9903489658272727	0.7798225793043801	0.8672044712966346
5081	0.7099656071853465	0.7501531105361279	0.6114750538753398
5082	0.5998091794957233	0.810358685844002	1.1304036811203053
5083	0.8767209798818282	0.7555660615970998	0.658130787153367
5084	0.7437701303093753	0.7371038974163624	0.49900025040009993
5085	0.5587383090412561	0.7779404667564721	0.8509820188773699
5086	0.4826598008688624	0.7203014446277448	0.35417522854194483
5087	0.6569194278361681	0.6880030444530754	0.0757863188912847
5088	0.7637789371348479	0.7436344072289971	0.5552885339178738
5089	0.621159558413519	0.7249925890463168	0.3946095092690831
5090	nan	nan	nan
5091	nan	nan	nan
5092	nan	nan	nan
5093	nan	nan	nan
5094	0.7255395469175135	0.6529837885042318	-0.22605440472516708
5095	0.4964225977478961	0.7108197096694393	0.27244951326303835
5096	0.571001665352658	0.6711867585910714	-0.06915793408037256
5097	0.8139646925307035	0.5639886610129501	-0.9931282031961451
5098	0.5572415960667152	0.7678808256912594	0.7642751698546152
5099	0.5318965290290574	0.8633630675339412	1.5872632142727277
5100	0.4935799188326427	0.8534228397781531	1.501585621833232
5101	0.697035943664688	0.701281184828487	0.1902343101635671
5102	0.5998541292308913	0.7686646735479551	0.7710313729166067
5103	0.5031344203144706	0.7722682426759782	0.8020915392089264
5104	0.6312104558194727	0.7723115018179891	0.8024644018061984
5105	0.6758914230872659	0.6216415434427494	-0.4962019470642104
5106	0.7385249995988563	0.6924772383097584	0.11435064228165877
5107	0.5223290708854804	0.7741442248070736	0.8182611518577089
5108	0.6262918233007444	0.826338217782638	1.2681357189013478
5109	0.6615550004496299	0.6851097441045209	0.050848157094724226
5110	0.7551757606049523	0.633251493815428	-0.39613255019411103
5111	0.9059229071993422	0.7325139852961879	0.4594385190568293
5112	0.7021790507623803	0.6071418754310001	-0.6211786253596625
5113	0.5663413611586918	0.6289705583303765	-0.4330311258363487
5114	nan	nan	nan
5115	0.6547522654961893	0.6996010456067391	0.17575272211356394
5116	0.9804077446092684	0.8308395997049954	1.306934383804542
5117	1.37120084012474	0.8271628853662066	1.275243758561899
5118	nan	nan	nan
5119	nan	nan	nan
5120	nan	nan	nan
5121	nan	nan	nan
5122	nan	nan	nan
5123	nan	nan	nan
5124	nan	nan	nan
5125	nan	nan	nan
5126	nan	nan	nan
5127	nan	nan	nan
5128	nan	nan	nan
5129	nan	nan	nan
5130	nan	nan	nan
5131	nan	nan	nan
5132	nan	nan	nan
5133	nan	nan	nan
5134	nan	nan	nan
5135	nan	nan	nan
5136	nan	nan	nan
5137	nan	nan	nan
5138	nan	nan	nan
5139	nan	nan	nan
5140	nan	nan	nan
5141	nan	nan	nan
5142	nan	nan	nan
5143	nan	nan	nan
5144	nan	nan	nan
5145	nan	nan	nan
5146	nan	nan	nan
5147	nan	nan	nan
5148	nan	nan	nan
5149	nan	nan	nan
5150	0.5182521596410744	0.8575698021270606	1.5373294456892534
5151	0.643779233305445	0.8711499530493472	1.6543805500071616
5152	0.7504698840821087	0.7163656485840431	0.3202515059028025
5153	0.6136079303731691	0.720282337281946	0.3540105370050737
5154	0.8102539650668781	0.7302272546372768	0.43972855040958103
5155	0.7918641270837361	0.7682034104252188	0.7670556175508245
5156	0.8437179577984967	0.7587281852279134	0.6853860117156402
5157	0.9008078902313471	0.7787912348902	0.8583150264515276
5158	0.7990492855177382	0.6424149967303056	-0.31714976555903535
5159	0.6248370787477598	0.6189807826149516	-0.5191357859443396
5160	0.6612742765719943	0.7069149851798265	0.23879360500532687
5161	0.5663826445608493	0.6968954018024159	0.15243202435407213
5162	0.5367865443004439	0.5946955881583388	-0.7284566429796335
5163	0.5783611024738131	0.6647976513733596	-0.12422742923681968
5164	0.4511023244506094	0.737580694100374	0.5031098938582651
5165	0.40789193378774086	0.6410546937047085	-0.3288745963259618
5166	0.576601798981473	0.48273462244201704	-1.693479399544719
5167	1.0594203357306093	0.6568442652573292	-0.19277988003618965
5168	1.7785531227665632	0.7253602070942919	0.39777811164536936
5169	1.0113091801290457	0.7115677980146903	0.27889749513305423
5170	0.8700085784649031	0.682863772954226	0.03148950600810472
5171	1.4076361027780941	0.7368344455426814	0.496677769629792
5172	1.8056923390603812	0.7085180137545294	0.25261055490491874
5173	1.3439370204731609	0.646768174603191	-0.2796285126488556
5174	0.812738061671679	0.5853412727505674	-0.809084093652568
5175	0.2774215186389099	0.4559469171280236	-1.9243700948756417
5176	0.28370752623532786	0.3601127309865551	-2.750391645258976
5177	0.30223453429602687	0.36418786218247373	-2.7152669541231935
5178	0.3125795869696282	0.4238132231688133	-2.201339355767032
5179	0.34330317718844866	0.4282827706554148	-2.1628150807349
5180	0.34381032232803377	0.5387837530564538	-1.2103763271251216
5181	0.3416553067053148	0.539829148048113	-1.20136577643814
5182	0.36056939169674507	0.26486882924187344	-3.5713253699693177
5183	0.3386432923359724	0.4369630277516365	-2.0879975264462596
5184	0.36209942277629353	0.518772299860266	-1.3828606175445914
5185	0.4018371255488617	0.39032849130129604	-2.4899535887981035
5186	0.5294818622438132	0.3317938629463988	-2.99447985871863
5187	1.4308554053860434	0.5953814028202499	-0.7225454153361789
5188	2.1558103138777582	0.73089127627429	0.44545193789976145
5189	1.843514875567073	0.7992302700125901	1.0344847646200515
5190	0.9368607834024804	0.7937359403323232	0.9871276063497068
5191	0.5999386373820847	0.7862279692033718	0.922414311419494
5192	0.5781622373042344	0.8069845432130778	1.101321005726201
5193	0.6139392441563073	0.7500411018940336	0.6105096201827903
5194	0.6715575106596015	0.751760098599374	0.6253261317098254
5195	0.8720565084188066	0.7039569781878763	0.21329771862164507
5196	1.1378581255117115	0.697404221550479	0.15681768352313175
5197	0.6911250104280078	0.6861309745182317	0.059650426551959325
5198	0.7846278212511405	0.6180080524869263	-0.5275200179267552
5199	0.7824280638276254	0.6321907946435685	-0.405275011874083
5200	0.6924014998004211	0.7669349656771804	0.756122538870493
5201	0.7163449405059167	0.6801399664599369	0.008012258963552739
5202	0.6154059720026378	0.5778125040966966	-0.8739766482443868
5203	0.8525740324547297	0.684468532087068	0.045321372070443455
5204	1.3817085680608687	0.7376385807922905	0.503608835383504
5205	0.7650891757654736	0.7007374072929012	0.1855473400843813
5206	0.8805546193598599	0.6975135604981165	0.15776010637536445
5207	0.6043306578340085	0.750534781281794	0.6147647803681977
5208	0.45226380140992545	0.7901553209867448	0.9562652506262368
5209	0.49298177159248724	0.6012136847867319	-0.6722753521552323
5210	0.6619825521062027	0.5395192557908197	-1.204036824141757
5211	0.7291006180003363	0.5731257931119723	-0.914372715970008
5212	0.620413175439926	0.5543941125157277	-1.075826289797565
5213	0.6536363573709781	0.555789724276761	-1.0637971232026695
5214	0.6047732338474611	0.6082813258725188	-0.6113573845458793
5215	0.6691766272720605	0.5685513529747687	-0.9538010899814577
5216	0.9020150079886744	0.658975749110365	-0.17440802686155446
5217	0.8389073799885245	0.8199491077524745	1.2130661995035958
5218	0.7038630084946768	0.7730535170528031	0.8088600378453497
5219	0.7607504892985455	0.7681915279939493	0.7669531995651899
5220	0.7648001767206085	0.7545483234236708	0.6493586182880821
5221	0.46448266452297005	0.6358485406823575	-0.3737478796938307
5222	0.5218016728390293	0.6040449012638252	-0.6478723085437681
5223	0.9018201834164751	0.6948784220391876	0.13504711383107493
5224	0.7443335656988921	0.644509793332774	-0.29909413001834795
5225	0.7658700516601974	0.679759998963982	0.004737213254491834
5226	0.8004752706341162	0.6816236358463186	0.020800418764755156
5227	0.6560626226618561	0.6670074620143898	-0.10518045565410657
5228	0.6263568140133708	0.7640031112926459	0.730852069096414
5229	0.5161472150833306	0.7229739883733399	0.37721062767336727
5230	0.510339541190767	0.6875757401529327	0.07210326407858657
5231	0.927793685720695	0.6879983225990726	0.07574561991609523
5232	0.660490694887817	0.796721732896992	1.0128629843258916
5233	0.58155220745213	0.7647555759135837	0.7373377713058337
