ID	SN	ssim	z_ssim
245	0.45293290069481384	0.26685087692303466	-1.3483892396117165
246	0.5616025321487637	0.2946743176074683	-1.1122464549218398
247	0.6983773891336452	0.31748737534020643	-0.9186277345989562
248	0.6915846487946773	0.5588966708502987	1.1302584523516104
249	0.6662064999581014	0.5453822967384387	1.0155594123475165
250	0.7192142876239399	0.5637505200474715	1.171453985243643
251	0.7364322760776167	0.5558385723307054	1.1043037938870746
252	0.6871205136234488	0.5646175188005521	1.1788123670554815
253	0.7389094972803468	0.40340532418568686	-0.18942591066475342
254	0.6664722891294258	0.5291637401693312	0.877909466198978
255	0.6395671366091128	0.5406936571084678	0.9757660441876943
256	0.5292250343810961	0.4494352797960564	0.20123899739837123
257	0.6812167294523102	0.3467478364706942	-0.6702886865627798
258	0.701722032675656	0.35710615074054675	-0.5823757212283251
259	0.8840601060693516	0.32433594300989166	-0.8605026501063929
260	0.9011291013241532	0.31914557904015	-0.9045542472927366
261	0.8163560097167475	0.4763889674357033	0.43000002408362586
262	0.6936718026629498	0.47300674377759044	0.4012944544839037
263	0.7179711038565831	0.47149196496954204	0.3884382412650301
264	0.8251206243326672	0.48514150604419704	0.5042844687559092
265	0.5941732029485098	0.36721079210545904	-0.4966157256452528
266	0.5125315132483231	0.3373420574847682	-0.7501173054279054
267	0.5737802917325778	0.2809409457056341	-1.228804170441733
268	0.6028917415397225	0.24760245384491691	-1.5117542338303722
269	0.6925831567044429	0.34967127058839176	-0.645476950255964
270	0.789146008077434	0.3700209015500124	-0.47276579719656153
271	0.8192292128076966	0.47770540327148586	0.4411728631171951
272	0.7505254112576832	0.5084977613944826	0.702513409629852
273	0.8359898937314901	0.48172938108912394	0.47532512121369197
274	0.9230734638573861	0.31651429041190543	-0.9268864897728735
275	0.9308599326123218	0.3101938360551445	-0.9805293770504996
276	0.8332412587512088	0.2861774975341842	-1.1843605681931257
277	0.7090037793269177	0.4648145399571128	0.33176567675811564
278	0.6339630511333307	0.38736925010161105	-0.3255270935722083
279	0.8272099381670571	0.4226854201477567	-0.02579210271093009
280	0.9272461840546888	0.46735478272485853	0.35332519586171085
281	1.024489651657518	0.45312842601247827	0.23258342534687648
282	0.8323997768216992	0.5076570970382434	0.6953785328069826
283	0.763220885109539	0.5910232607688775	1.4029228755624785
284	0.7608111533925995	0.5441934162924882	1.0054691599465193
285	0.9164850805241171	0.5520991702782352	1.0725667839406594
286	1.031796203403118	0.5319671366020473	0.9017024200510735
287	0.6942294275714715	0.5489794921869525	1.0460894880459197
288	0.617706786456801	0.5034870443052148	0.6599865093743125
289	0.76317544549237	0.5593165280344329	1.1338218593995735
290	0.8448351938230277	0.507040213439932	0.6901429254503318
291	0.9269164650406065	0.4482461125953746	0.19114631125592838
292	0.9403094398124517	0.5310903136507478	0.894260658417484
293	0.9798820287525146	0.49222921445798806	0.5644391858121239
294	1.221327597874681	0.5535525897518713	1.0849022289246055
295	1.1810695500341617	0.5697709815940593	1.2225507770047332
296	1.0457402274442325	0.4805661439195098	0.4654525081316897
297	0.9096411652830753	0.41320433111508936	-0.10625989213566854
298	0.9966416075821627	0.44438988094992043	0.15841774653617252
299	0.9324000848912061	0.6266747563134912	1.7055038371246447
300	0.8508820742531563	0.6347647377688121	1.7741650343725373
301	0.6217627859049792	0.601161141663187	1.4889649812958616
302	0.5558450035071802	0.533114558109037	0.9114408026237645
303	0.7429735304016205	0.5354834465256186	0.9315460050556174
304	0.876132423143998	0.49600956328420476	0.5965237187441476
305	0.7748646169548362	0.3496701587798895	-0.6454863863842539
306	0.6831684755622046	0.3274452595063102	-0.8341132950200095
307	0.7356539152699291	0.38431042012963457	-0.35148796001096977
308	0.8896234982766233	0.3853226462520913	-0.3428970061457099
309	0.8510151568135784	0.4795557534910231	0.4568771341471078
310	0.8603983949087387	0.4585075963283367	0.27823745757512647
311	1.0259416325691157	0.3934424332927971	-0.2739828432774998
312	0.8635630913067236	0.38862327065795405	-0.31488398477801605
313	0.9437479769509954	0.4181633598071101	-0.06417168104875087
314	0.901835679674862	0.48829479353449684	0.5310470139541291
315	0.7550713793729102	0.4928480905237706	0.5696917036157026
316	0.7725995993484369	0.49979951191206873	0.6286897270019287
317	0.8311924934575288	0.48932926484044714	0.5398267668840228
318	0.8512693808533879	0.48816585184521755	0.5299526615368861
319	0.8433910136479258	0.47970125988851847	0.45811207436476303
320	0.7196382289553119	0.5632789635406367	1.1674517963006734
321	0.8701154965609783	0.6252083404665595	1.693058089471244
322	1.2627853276653926	0.5374981909318801	0.9486455205299604
323	1.3928866527846429	0.3840664551353104	-0.35355853689540195
324	1.2813798073286657	0.5509571268990012	1.062874046551792
325	0.9561541983084294	0.5905357463549389	1.398785248854495
326	0.972406906218131	0.5542519910922598	1.090838179909545
327	0.9868085227525283	0.559456361811693	1.135008655020231
328	0.994880223460736	0.4569039087729732	0.2646266590620616
329	0.5325458329317188	0.7717531908304658	2.9368118523282876
330	0.4065136317513972	0.21669580805930913	-1.7740647612742437
331	0.2612276308745261	0.1635942194902353	-2.2247479509766843
332	nan	nan	nan
333	nan	nan	nan
334	nan	nan	nan
335	nan	nan	nan
336	nan	nan	nan
337	0.12224876930078979	0.1023846578636158	-2.7442450360457937
338	0.2349026468070378	0.05022184364059883	-3.1869606709519895
339	0.3146589986265543	0.30771468493222315	-1.001570399851149
340	0.4446646136895863	0.2935613216338371	-1.1216926615050877
341	0.5414704159644734	0.17190994679837204	-2.154170806131917
342	0.5086557880932682	0.013498843465281888	-3.4986356942505212
343	0.7305369475375341	0.3581861355674747	-0.5732096864684235
344	0.6789549172263821	0.3724750399990765	-0.451937061672823
345	0.8497368536630724	0.4066882955066941	-0.16156271435512584
346	0.8848019271659925	0.537507432612324	0.9487239564135735
347	0.735594812754016	0.5191233867741885	0.79269509473104
348	0.6838285063608986	0.2725602824668041	-1.299932438768109
349	0.7609101635615519	0.542119316312481	0.9878658825316547
350	0.8356981319557008	0.5361122203904491	0.9368825273450538
351	0.7517652283522741	0.141334731035446	-2.413668424512041
352	0.6284251186152148	0.13934623767932636	-2.430545142376561
353	0.4236791319829813	0.11956623120952038	-2.598421785022594
354	0.376734188929753	0.07340622955812871	-2.9901904183443295
355	0.5009298039466866	0.03656873070157811	-3.3028372135288935
356	0.7734208618364203	0.42460692343497786	-0.009483942186088156
357	0.9660937813038782	0.3708031060948024	-0.466127079810788
358	0.9643913213116204	0.31332242238097957	-0.9539764752902692
359	0.9882524441070101	0.38371801903457986	-0.35651577974851273
360	0.7772927746199807	0.4819377981092319	0.47709399574158556
361	0.6957499121554256	0.4333277695030694	0.06453152192303073
362	0.6594938575220732	0.4432137047771957	0.1484353176962881
363	0.7613126477279217	0.44175336384666297	0.13604112900324367
364	0.9174083169305143	0.4024138816297475	-0.197840470484113
365	0.7676127937734026	0.5126883285755222	0.7380795430489417
366	0.6924238426455323	0.3463824387680849	-0.6733898857276163
367	0.815761165642014	0.24648922141683155	-1.5212024472471344
368	0.8520562949973829	0.4097914632787411	-0.13522554465127135
369	0.6704964732995335	0.558964409656981	1.1308333643699675
370	0.7616993637375146	0.48378385672029156	0.4927618430815535
371	0.6185833625464732	0.3951549151359999	-0.25944868714018926
372	0.5438342749113121	0.2699753587714455	-1.3218711733249147
373	0.4345326745894832	0.5420938716621755	0.9876499289892172
374	0.38074011836893307	0.5722530487547898	1.243616548767825
375	0.34241574219372467	0.5068426831787943	0.6884664488975357
376	0.4711068297512373	0.27667621195151665	-1.2649997695439548
377	0.6156748757743205	0.34604996291738593	-0.6762116709308428
378	0.6815791353870517	0.3815181129034353	-0.37518679767748697
379	0.6243752892294074	0.48989633945504696	0.5446396360089207
380	0.7017352501211807	0.519800485029071	0.7984417552260543
381	0.869941136086921	0.5350739500265156	0.9280705310940864
382	nan	nan	nan
383	nan	nan	nan
384	nan	nan	nan
385	nan	nan	nan
386	0.9560682987259789	0.4616928756956292	0.30527152386256745
387	0.908970539025286	0.5665402115723353	1.195130622959971
388	1.008789136012319	0.4443772295469407	0.15831037169480217
389	0.9244666012332149	0.3540725409857006	-0.6081225389313033
390	0.7975837850102115	0.309573296573029	-0.9857960125819832
391	0.6686102689630249	0.37350933762613236	-0.44315878278843795
392	0.6455709400762032	0.39812731993586403	-0.2342213274248189
393	0.6609915100907179	0.40041194720222073	-0.21483126525476803
394	0.748716923058154	0.45068443372665556	0.21184080222271207
395	0.7802899255996598	0.46363032909107926	0.32171505596190253
396	0.8141390028123106	0.49268160566970864	0.5682787152835704
397	0.8881213144943026	0.40406803104312433	-0.1838013926720555
398	0.9465063227624452	0.2612164035578385	-1.3962100769340668
399	0.9330274749330572	0.39909322830683064	-0.22602348104549144
400	0.8059586342305561	0.4080946961618235	-0.14962632694500508
401	0.760845480231835	0.31381373462896767	-0.9498066156489682
402	0.7238684545221034	0.3323719646978669	-0.7922994195732119
403	0.6568356506004446	0.4143308477689984	-0.0966989329907977
404	0.6135706617807642	0.43524261484919835	0.08078317524706846
405	0.6560021171551261	0.48966445765419275	0.5426716114646647
406	0.6374920584649832	0.5948761504496866	1.4356230763984654
407	0.6922558682998088	0.5525822947487978	1.0766671523718834
408	0.7696156856934353	0.5671081766092119	1.1999510492665408
409	0.7523859698214613	0.32737794560430433	-0.8346846007923003
410	0.6525146180742467	0.3508286960741531	-0.6356536620300892
411	0.6919688284356212	0.34825485664146527	-0.6574983223606703
412	0.6551889627193559	0.29511899218017823	-1.1084724180199534
413	0.6712789500547709	0.3901481977367566	-0.30194164127271067
414	0.6219373073699919	0.43224941311493104	0.05537930803003166
415	0.5971740321012787	0.4420438069018955	0.13850617394985276
416	0.5237274807261837	0.4075577464132728	-0.1541835206544166
417	0.6310320710832162	0.42427467106305633	-0.012303830682813911
418	0.5919170440624749	0.44950156389977214	0.201801563078498
419	0.5858271538667967	0.421550946389143	-0.03542059530302384
420	0.5979190985628675	0.4041505125850908	-0.18310135628092794
421	0.6332646268611761	0.47944958192133724	0.4559760360261073
422	0.74194636388208	0.4774902902035071	0.4393471579690856
423	0.7785820871775979	0.4733721413462178	0.4043956525116102
424	0.798063033508205	0.3956115825309251	-0.2555728648959962
425	0.8625725285417138	0.42940760664533834	0.03126036095621518
426	0.7938589663465266	0.49364560886194125	0.5764603920519328
427	0.8967111037768245	0.5277195774341817	0.8656525848990912
428	0.8459056023691961	0.44986081652901644	0.2048506078475862
429	0.8140613657318804	0.27790162224385795	-1.2545994814522305
430	0.7504531650867602	0.38273154203013426	-0.36488819599653766
431	0.7189631291634359	0.43505476037160185	0.07918881889268274
432	0.6496957988002091	0.4688853966810046	0.36631580496677874
433	0.7639855542642267	0.4161803310391006	-0.0810020199241252
434	0.7745867439693452	0.3374285566183236	-0.7493831709798082
435	0.7553916328509136	0.39681099072653125	-0.24539326149961405
436	0.7465895123872943	0.3592801336125794	-0.5639247188849271
437	0.8482497010511115	0.32789366579607876	-0.8303075863321676
438	0.7754105499036532	0.39724385724506206	-0.2417194417788897
439	0.683194877964566	0.38233052833227565	-0.3682916748252397
440	0.7886386090606484	0.3634692615069218	-0.5283708009632838
441	0.7527924654968792	0.5153985422789116	0.7610816375160397
442	0.6744946921216652	0.5231882011248736	0.8271939401795539
443	0.7343952393703461	0.629004021578918	1.7252727504052732
444	0.8133830930773113	0.4254357222460838	-0.0024497704809435666
445	0.7644452461964437	0.3216343108348975	-0.8834319115247268
446	0.7417602057889234	0.3085041289154851	-0.9948702399867203
447	0.7346314821386124	0.667947746411452	2.055795482387013
448	0.6917264700932069	0.6537579814378318	1.9353642728551077
449	0.6570994868146778	0.7073636953381037	2.390326069250804
450	0.6838675526003675	0.3673064586365802	-0.4958037857663289
451	0.575875716700022	0.4651975222330573	0.335016119510834
452	0.7035616816051854	0.5484942273696178	1.041970954088272
453	0.8241711421849558	0.5096670260345395	0.7124371789894385
454	0.8958062192921565	0.4628216749590638	0.31485185594466153
455	0.8541520647976911	0.38904090461891383	-0.3113394466441222
456	0.778541660105138	0.3979851207810483	-0.23542819845056948
457	0.6757321070530581	0.44606328334636614	0.17262022804394958
458	0.7414385441900216	0.4697597941589401	0.3737369811508232
459	0.7141256509376785	0.5184989243397948	0.7873951643642529
460	0.7055731485200463	0.4841043110139603	0.49548159906468386
461	0.7469037642367746	0.4454554035432514	0.1674610375939865
462	0.9914012500836233	0.4622477830693147	0.30998112732078903
463	0.8168933377557388	0.5726117004821956	1.246660493569764
464	0.6289469727377393	0.48019818072052695	0.4623295351156378
465	0.6859452279076202	0.413080962871893	-0.10730694166563505
466	0.7370710072480523	0.4150458933443089	-0.09063020643576519
467	0.691951053826996	0.33501330688069164	-0.7698818506806618
468	0.6732306969376706	0.36487850862805293	-0.5164102550597618
469	0.6547143528830079	0.3816207020377188	-0.37431610436089124
470	0.704538324194708	0.46260035980262487	0.3129735125029462
471	0.6559463718999845	0.35026956312742275	-0.6403991287230938
472	0.5684752514224698	0.28518777655353533	-1.192760516678547
473	0.5718646018601126	0.28287665787155	-1.2123754164856064
474	0.6319691958410907	0.41303490260434716	-0.10769786383680705
475	0.7245005409612901	0.44633452449136557	0.17492230275962167
476	0.5489472014344726	0.42718895658076317	0.012430259731736835
477	0.4688795853431433	0.3084120820202453	-0.9956514593337638
478	0.4104577104542184	0.32473452573102063	-0.8571198034353368
479	0.4068062362692506	0.4236837658854577	-0.017318954286986793
480	0.484275323657226	0.4791376722053921	0.45332879948442684
481	0.5407782744168015	0.42943579688069317	0.031499616796398774
482	0.49686907829716503	0.33434544863719673	-0.7755500894576587
483	0.4650049967743948	0.256708914978751	-1.4344659819853443
