ID	SN	ssim	z_ssim
5057	0.7024018926719137	0.34970773629264146	-1.70544214911011
5058	0.8230629265017163	0.36364231440796113	-1.5851876743486883
5059	0.8062023183706575	0.374394827390455	-1.4923942083123107
5060	1.0342047104921919	0.5879715662944891	0.35075872718455886
5061	1.223437006991077	0.6489055037877718	0.8766145218672886
5062	1.040700066852828	0.5372395228643183	-0.08705540581467754
5063	1.019735175750817	0.5486928644667133	0.011786164217853654
5064	1.3013542745468862	0.6107651864126478	0.5474661403933627
5065	1.4656493392913115	0.6056507850762229	0.503329199802767
5066	1.1770882253699564	0.599444216911879	0.4497669327217431
5067	0.8660003993804559	0.5534846640382018	0.053139073208894376
5068	0.8242858751789782	0.4144718430014269	-1.1465322509270184
5069	0.822543354063466	0.38325528342817317	-1.4159290668387383
5070	0.9628777587641282	0.47810297507658783	-0.5973998478612527
5071	1.2083776862963262	0.5487576072760872	0.012344890321465308
5072	1.0757437245883454	0.5930156888205911	0.3942891663545669
5073	1.1925099129407173	0.5378179658229858	-0.08206348186848161
5074	1.2901758232313554	0.6663440264149056	1.027107802811018
5075	1.4522702640109015	0.6017852799669492	0.4699701499085864
5076	1.6014895049703282	0.6517554007587963	0.9012089416293011
5077	1.2752860574340232	0.7605847336563822	1.8403987870575604
5078	1.3880256343425361	0.67586542301054	1.1092768169804812
5079	1.4327552520957823	0.6453913492093362	0.8462876034946669
5080	1.4388955082973587	0.6194444424116525	0.6223675376830855
5081	1.3988652946825004	0.467742154940975	-0.6868130308937481
5082	1.4034790216785864	0.5387786927826128	-0.07377247262780226
5083	1.2552708547162277	0.6038879272095146	0.48811585462032525
5084	1.0007246236784	0.6017103086112404	0.4693231521359736
5085	0.7928050584600645	0.6475664125316756	0.8650582541190441
5086	0.7322883250409733	0.6680563710842333	1.0418852224871928
5087	0.844191611034627	0.630997166563822	0.7220667724561403
5088	1.0051135648518321	0.6193246987953382	0.621334158303621
5089	1.2377096785473107	0.420327466878174	-1.0959986095156216
5090	nan	nan	nan
5091	nan	nan	nan
5092	nan	nan	nan
5093	nan	nan	nan
5094	1.1248547373098454	0.5892680089623854	0.36194694047641063
5095	1.1105458398149972	0.6135020294857501	0.5710849125970593
5096	1.0036753432608667	0.6091953012800813	0.5339181369669082
5097	1.1021574663945786	0.4963709249933579	-0.4397486650246533
5098	0.8613304388189513	0.6522678358519396	0.905631222122136
5099	0.8452693253142219	0.7138579644146521	1.4371499017335931
5100	0.9951259856201218	0.7621228734410899	1.8536728302606558
5101	1.3553049056025155	0.5544359151922975	0.061348306883232014
5102	1.3184532768235588	0.5523613058150326	0.043444567068976
5103	1.1538863122515517	0.5581391804532229	0.09330723776505011
5104	1.183130067784418	0.6202059528490049	0.6289393216948651
5105	1.3739171747383474	0.44735442235677747	-0.8627577960096418
5106	1.2867811038881205	0.5847130094257292	0.322637599907506
5107	1.3499464388369007	0.6540598673580867	0.9210963338567154
5108	1.5694050664120431	0.6050673542792802	0.4982942311467114
5109	2.03678785635965	0.35870898930879574	-1.6277619391536806
5110	2.091489057787622	0.3770110233269389	-1.469816612807718
5111	1.771879028200382	0.6899353926249862	1.2306997113007785
5112	1.2305291385614612	0.6111489047942744	0.550777604296822
5113	0.8431749864964402	0.5198393857093212	-0.2372174227077789
5114	nan	nan	nan
5115	1.0587836947808802	0.5414944853371294	-0.05033536498797185
5116	1.2710001419281751	0.7399508526064001	1.662329777187266
5117	1.2537408163835282	0.7032292878291201	1.34542513549923
5118	nan	nan	nan
5119	nan	nan	nan
5120	nan	nan	nan
5121	nan	nan	nan
5122	nan	nan	nan
5123	nan	nan	nan
5124	nan	nan	nan
5125	nan	nan	nan
5126	nan	nan	nan
5127	nan	nan	nan
5128	nan	nan	nan
5129	nan	nan	nan
5130	nan	nan	nan
5131	nan	nan	nan
5132	nan	nan	nan
5133	nan	nan	nan
5134	nan	nan	nan
5135	nan	nan	nan
5136	nan	nan	nan
5137	nan	nan	nan
5138	nan	nan	nan
5139	nan	nan	nan
5140	nan	nan	nan
5141	nan	nan	nan
5142	nan	nan	nan
5143	nan	nan	nan
5144	nan	nan	nan
5145	nan	nan	nan
5146	nan	nan	nan
5147	nan	nan	nan
5148	nan	nan	nan
5149	nan	nan	nan
5150	1.0429404803110922	0.7981687483022598	2.1647463132805957
5151	1.2451298644305835	0.7942042986674598	2.130533378765782
5152	1.382791490491776	0.5840578301660719	0.3169834468292692
5153	1.5863557422257144	0.5496742748030744	0.02025566961283843
5154	1.9015328816986794	0.5957603619321967	0.41797551126550947
5155	1.7885433574752343	0.46572273216086124	-0.7042405140750899
5156	1.9861946084392672	0.4151596578080045	-1.140596455267214
5157	1.4997074583094159	0.51407632021362	-0.28695229149718937
5158	1.6323451194063936	0.4019514917833801	-1.2545820423950111
5159	1.5106343707166092	0.38371940952362965	-1.4119236897566128
5160	1.3030284964393877	0.5229730645641117	-0.21017398431766982
5161	1.115654111828244	0.6130961784930838	0.5675824457444159
5162	1.395315411126113	0.28811666690758775	-2.2369689479552854
5163	1.404296508870935	0.5348647221922092	-0.10754977637431366
5164	1.300876970562725	0.6163966399010867	0.5960652063852553
5165	1.2699199595746138	0.5227624873686132	-0.21199125139470973
5166	1.3653611823115606	0.4062109310846257	-1.2178233668391063
5167	1.8197006939106288	0.47646043306592456	-0.6115748752737241
5168	1.8668950707742349	0.5007930180901412	-0.4015862981198992
5169	1.81233798016284	0.4416633242426551	-0.9118715911217519
5170	1.4876711893974195	0.4780179533391549	-0.5981335797542231
5171	1.2685415697919067	0.6225864236109038	0.6494826247491823
5172	1.4824861754596652	0.6423331182121581	0.8198952750566482
5173	1.2449290166980813	0.5919951382985398	0.3854818837815948
5174	0.7491284128063047	0.54775020337442	0.0036510622008701335
5175	0.5575195322176353	0.4093289397815167	-1.1909151608609183
5176	0.5555764318206318	0.3210272204432645	-1.9529530777374837
5177	0.6885304327461723	0.3088298320809671	-2.0582157214164165
5178	0.7276389382099698	0.36278020021299573	-1.5926276620427506
5179	0.8178327990559415	0.3089603331536358	-2.057089505909947
5180	0.855802284181787	0.36847425001027245	-1.5434883941029418
5181	0.8519539639957442	0.35115047044084496	-1.692991450152684
5182	0.8724550379933149	0.21896461335263956	-2.833746533189929
5183	0.7291124997097139	0.39379419072789534	-1.3249790035214946
5184	0.70214730733452	0.43976354090321423	-0.9282665939524292
5185	0.749886388132122	0.30362657237204477	-2.103119503803327
5186	0.9893174021796391	0.31812091443329604	-1.9780343037231116
5187	1.5371604103498948	0.5647785681994832	0.15060470881558607
5188	1.903540615298498	0.7082210362176282	1.3885035893737157
5189	1.7473622102513884	0.7678693143995365	1.9032642304083074
5190	1.3700714081131482	0.7070452820276061	1.378356909553233
5191	1.4136103422546291	0.6875068014843103	1.2097411326042955
5192	1.4037562893843833	0.6774841260790211	1.123246115920425
5193	1.1450430654778194	0.6054991050151046	0.5020202110461206
5194	1.0735399227555331	0.6280665870198422	0.6967760674996399
5195	0.988052564397155	0.5804275727927886	0.2856545691223064
5196	1.002783944868056	0.6048266357834845	0.4962168466692122
5197	0.9207078939923359	0.5583473370262505	0.09510361503247929
5198	1.0498434960348917	0.527406030185466	-0.17191778825491885
5199	1.0009262252300872	0.5511942948550469	0.03337334073743619
5200	1.046605766248119	0.6646078935254316	1.012125092390083
5201	0.9323254986758462	0.6274556127571899	0.6915034005814196
5202	0.9774011107647076	0.4832822036035145	-0.5527034529635699
5203	1.1632071749168227	0.6057760803478589	0.5044104895953949
5204	1.5118745858132212	0.6763752604461148	1.1136766798626851
5205	1.258068843146054	0.6148434620784692	0.5826613859233628
5206	1.1782811217221747	0.6448579503744629	0.8416844073164118
5207	0.901008579902138	0.6927709126505479	1.2551700589874832
5208	0.818014265819232	0.7444947221351288	1.7015430665340714
5209	0.8728582441039241	0.558579205920551	0.09710462804247937
5210	1.0861266102856335	0.5023831894194655	-0.3878632261757025
5211	1.130769396794503	0.5195400217629105	-0.23980091349165486
5212	1.0828232319369713	0.4393598830518533	-0.9317501341426675
5213	1.2844220859891897	0.40305238903246543	-1.245081372955331
5214	1.4132197965681845	0.5241335266530595	-0.20015927430405792
5215	1.498805522981723	0.4711041513921014	-0.6577992269569439
5216	1.6905471429810928	0.46243647815900124	-0.7326006657535843
5217	1.6156360243734167	0.5934668253125098	0.39818244402917086
5218	1.7142335258250418	0.517880577750719	-0.2541218040439619
5219	1.8474609456612787	0.521729294464383	-0.22090763687815937
5220	1.7892654000478854	0.6236434465148439	0.6586046615322242
5221	1.4477102030499804	0.5949879420289863	0.4113095792949019
5222	1.9078342144010185	0.5296867860690291	-0.15223501791432467
5223	2.159147980658526	0.5250410079447853	-0.1923277716070135
5224	2.023130708779122	0.46070948444752763	-0.7475045056811969
5225	1.544627546031185	0.5251419715721479	-0.19145646227292193
5226	1.7414207737493768	0.49072365750647445	-0.4884842047627246
5227	1.7176870071717183	0.4632325158097248	-0.7257309142056106
5228	1.6847123512201776	0.5710004392362555	0.2042990386595427
5229	1.4247467367286466	0.5706369632205914	0.2011622650170018
5230	1.2732505208949716	0.5190532183184149	-0.2440019945753734
5231	1.402063603396312	0.5093550844893191	-0.32769623921861235
5232	1.001585463785389	0.648473347160972	0.8728850391559796
5233	1.063459967727458	0.6348513535402759	0.7553281476230154
