ID	SN	ssim	z_ssim
494	0.9114483639676433	0.43102330233625963	-0.208784905546886
495	1.1581336583652289	0.393280083166314	-0.44053399102076973
496	1.0255376115205033	0.2471161390534915	-1.3380027581887632
497	1.119917712645207	0.3036177058009035	-0.9910745758682407
498	1.0860151731764547	0.4428970941550655	-0.1358780243737317
499	1.1668143153231103	0.4668610576107222	0.01126434284650497
500	1.1134071230099674	0.4916725766566489	0.1636108298332332
501	0.7064763194426059	0.5815139568953644	0.7152505194496658
502	0.4524838553569679	0.4608579752913744	-0.025595492327308123
503	0.7912757080181497	0.18969007868646187	-1.6906074714354933
504	1.0084179738909973	0.4805358533112267	0.09522966078519428
505	1.454761853264842	0.45590721398482387	-0.05599391700927541
506	1.8432698385851536	0.3596006242591784	-0.6473309726412216
507	1.8938786398778422	0.4873059737670934	0.13679922635750458
508	2.178877551417049	0.31469194484423996	-0.9230770699041491
509	2.449277676924063	0.2841266079400609	-1.1107528704989518
510	1.9892130090385676	0.5634599546191932	0.6043962094925075
511	1.719594462936998	0.6005448716631674	0.8321032201509799
512	1.419322297947051	0.5647535965893884	0.6123393672335966
513	1.2994090699012648	0.7226442438274153	1.5818118687055756
514	1.5406251388211678	0.7617860942021797	1.822148761731659
515	1.4802874952349503	0.7282851393384786	1.6164478219891687
516	1.231609261953646	0.6750100485308164	1.2893306908928064
517	1.304134203118112	0.6956688415420991	1.416178810704785
518	1.3056384296512817	0.5642143063757095	0.6090280435952401
519	1.3732515249649753	0.5573567459190742	0.5669215831671757
520	1.11224288222933	0.4522998330856127	-0.07814378240851087
521	1.4166909395696843	0.30160757150174655	-1.0034171050894964
522	1.5334185687048068	0.2820609870413197	-1.1234360958503333
523	1.6371173972751072	0.39048413478436145	-0.45770153779604994
524	1.6781536685605556	0.44293348699573787	-0.13565456681687516
525	1.5920102779751746	0.3580283362761226	-0.6569850591284945
526	1.4073921581495665	0.30693308429844257	-0.9707176494665768
527	1.1858598550289445	0.3468145903704519	-0.7258391583687909
528	1.167511583875532	0.3142000274409946	-0.9260975173073629
529	1.3176028157999489	0.5267671844607965	0.3790970401391136
530	1.1536162567169137	0.6853885611170043	1.3530563309766146
531	1.3683509535657021	0.712988557940271	1.522524494094175
532	1.391652541438545	0.6025162095855178	0.8442075337392728
533	1.2519270253030697	0.6139858383962504	0.91463279279425
534	1.2789230726287382	0.5891133709376114	0.7619120733170821
535	0.8707053271910224	0.4373152394882856	-0.17015145792612035
536	0.9098939775078407	0.32339810363152033	-0.8696199355813495
537	1.1854964210117238	0.22598347454502	-1.467760520806014
538	1.5724915798266925	0.20490550073958724	-1.5971824742185416
539	1.776191195860218	0.43649742315583523	-0.1751729741427842
540	1.5910595468741209	0.6728692400138052	1.2761858021709906
541	1.4448997448793617	0.613063597005923	0.9089700908971972
542	1.5922725517507117	0.5378613065979357	0.4472166313123243
543	1.7295979202040348	0.5096285150780919	0.2738630128613401
544	1.5258641582948258	0.48562753285970894	0.12649334482798102
545	1.6147612276997654	0.5756415489783182	0.6791930449089475
546	1.7670866356761143	0.5239217788206862	0.3616258183037787
547	1.5368728594078858	0.7151811787364095	1.5359875180616887
548	1.2907312507292266	0.7753956265215898	1.905713352620134
549	1.4285228253850506	0.7534855700409018	1.7711822854841375
550	1.5785264280386155	0.5568816304296269	0.564004302060916
551	1.3768623178140644	0.6690220877227626	1.252563704089918
552	1.2266126576146166	0.7329249504316957	1.6449369652385306
553	1.3230857394305782	0.6698093985774737	1.2573979120503307
554	1.5044495513124037	0.6325658042946335	1.0287165990985871
555	1.5028477396558608	0.5730275837455034	0.6631429022478857
556	1.585439016099455	0.43318757206407404	-0.19549596143532508
557	1.3303766587434085	0.5183199500692414	0.32722974084458806
558	1.7134141083843766	0.6141864019959324	0.9158642836905715
559	1.7249433202451303	0.6040389148291253	0.853557174692351
560	1.3628114961772937	0.4127273579672264	-0.321124776619166
561	0.701037327169209	0.5507588789134155	0.5264096798831734
562	0.7340258622441015	0.45243108196230053	-0.0773378944156262
563	0.9732658677873885	0.15769573777983031	-1.8870575731627917
564	1.0166932259322692	0.25478284732989637	-1.2909280075255585
565	1.581067292040749	0.4795433229741899	0.08913537410345485
566	1.6298469091028471	0.7386685854351829	1.6802037545751927
567	1.8687573027520676	0.6956247220041886	1.4159079100559493
568	2.0418876214823647	0.6454396479839275	1.1077639503087175
569	1.5907384498217327	0.6339340834785223	1.0371180406426006
570	1.263257836022852	0.6827612666103191	1.3369243445540127
571	1.1964213412887152	0.6317130052198503	1.023480283542564
572	1.021158356608928	0.4809514697053172	0.09778160842921298
573	0.7456331835296982	0.4329019722268199	-0.19724958771709805
574	0.8968582119264172	0.4013782917203277	-0.39080976326163147
575	1.3069430880888404	0.47730212478933765	0.07537407760761107
576	1.5410473843938153	0.6065745200486226	0.8691261749966285
577	1.6130469632258313	0.7687278212372037	1.8647720177059977
578	1.5099678266237317	0.7510318997802298	1.7561163782438245
579	1.4354062686086124	0.7664256813552999	1.8506365299548888
580	1.4579672450495251	0.7195154472967116	1.5626005838557173
581	1.1984070248222722	0.5390364173209038	0.45443198923270156
582	1.562698576220564	0.5458871409557035	0.49649647053861423
583	1.7584571284467228	0.5948092981992525	0.7968859298889724
584	1.709855687125289	0.62515176244757	0.9831932586017
585	1.2574483367468559	0.7148067886328274	1.5336887060890017
586	1.4103790508639509	0.7448728049445181	1.718298602576727
587	1.6185006821863523	0.6849375203193652	1.3502868721264403
588	1.7658761250195605	0.6757230014617247	1.2937083299325496
589	1.40921127641557	0.6273816010441625	0.9968848055041482
590	1.283035812078616	0.524511888155748	0.3652491790487748
591	0.8110989167816434	0.5136749999214295	0.2987090430212198
592	0.6846308968206571	0.3778667531225055	-0.5351741732923474
593	0.668713907680308	0.26188868148295846	-1.2472971089769649
594	0.6208869465723806	0.34458333918575823	-0.7395393787762498
595	0.6781589147968359	0.33700581122468976	-0.7860665487885191
596	0.6671025620947799	0.18961900587633332	-1.6910438692603633
597	0.6392404272115848	0.2145008878212281	-1.538265343410873
598	0.7643571965441182	0.25808882973196967	-1.270628774573979
599	0.8453712362612624	0.24483010242093883	-1.3520393695484996
600	1.103304329508645	0.45136855934249026	-0.08386194432052729
601	1.322246396951749	0.4497577273996881	-0.09375269656176108
602	1.2361568782168544	0.5540630347906168	0.5466976976952395
603	1.3527573264438717	0.6246915662971756	0.9803675844981666
604	1.2828128457351253	0.5452126035975802	0.4923547089374332
605	0.8944378670146452	0.4460578096922141	-0.11647075198715813
606	1.0241155921453382	0.5190665352421392	0.33181388694692177
607	1.4430550162649949	0.40554649203368537	-0.36521638167054044
608	1.6288918359741564	0.32633551664579563	-0.8515837745254465
609	1.5142851657979393	0.3078067415307181	-0.9653532616626155
610	1.0446727473582067	0.07573611535000915	-2.390302075396999
611	0.7113079420693666	0.33666323697770445	-0.7881700065801895
612	1.1205162677509453	0.6177780326173733	0.9379174399974323
613	1.5947487476966447	0.6124243408559006	0.9050449612604218
614	1.8538192481064169	0.6759715877445863	1.2952346873811587
615	1.7036205876444939	0.7049558000075962	1.4732021430687265
616	1.451402563608975	0.6995696236572971	1.4401302040334674
617	1.1168861136675756	0.6657216781035373	1.232298688869549
618	0.8959445944180812	0.5475665284097303	0.5068081640079659
619	0.9748968970726964	0.5957034595507369	0.8023762160921587
620	1.3507524276493172	0.7112095298408307	1.5116009919620108
621	1.4158784479284277	0.624468667944637	0.9789989548346005
622	1.5002373881811704	0.7063340404487888	1.4816647482421572
623	1.6867727579443115	0.6904975675855977	1.3844264049346802
624	1.5374502957262308	0.5065555389489516	0.25499447373634576
625	1.356845841074927	0.3200211799740771	-0.8903547585916445
626	1.2566552167396359	0.504591272790272	0.24293358184867775
627	1.435553544046772	0.5450183123889253	0.4911617314725634
628	1.8101072856871736	0.40056955049508114	-0.39577555694478284
629	2.2135715796573683	0.42385757598677887	-0.25278355125781227
630	1.841798328402042	0.5810143794416698	0.7121830381758558
631	1.8402162522206276	0.6326886960671716	1.029471173205521
632	1.8897914475385982	0.6085670759496897	0.8813607701897066
633	1.6476184012937194	0.6492147914549651	1.1309439033224318
634	2.1484420465772356	0.5649078550085389	0.6132865373041677
635	1.7522995711794351	0.40991105689751156	-0.3384172919816409
636	1.385026951443684	0.6318991334517998	1.02462313909341
637	1.3587759768430352	0.6743979968193218	1.2855726006312702
638	1.585780309669915	0.5317033529677774	0.4094058628202673
639	1.5653363651047787	0.6655727507717786	1.2313842524834593
640	1.3126329470480942	0.6188858096179037	0.9447193586579995
641	1.4183387620691235	0.6792468998597515	1.3153456001232144
642	1.6896776314215873	0.6482119550138313	1.1247863355997059
643	1.40230424982039	0.5779306930553049	0.6932487364484241
644	1.1565730321930252	0.5000479312056578	0.2150367760015434
645	0.9547928200651381	0.32110117268863647	-0.8837234396574902
646	0.7038523271175974	0.16886446872840305	-1.8184798725808378
647	0.5155092229272031	0.20690027542794504	-1.5849342553352546
648	0.6170540274264465	0.33548974952929134	-0.7953753973488015
649	0.7666550910616049	0.32677216948469184	-0.848902659922367
650	0.8777204396484047	0.27509005587604995	-1.1662386696101008
651	1.3283689777659788	0.34616236521078	-0.7298439196901938
652	1.340113195876833	0.2449632932263485	-1.3512215578189746
653	1.336663484133445	0.16506148249622915	-1.8418307843673414
654	1.261410076030265	0.14494932664251825	-1.9653224691920737
655	0.7447618423886982	0.3194539948155261	-0.8938373614188356
656	0.735223904255209	0.2946636333717039	-1.0460539375223281
657	0.7358854160523352	0.24246720511972905	-1.3665479170615884
658	0.5640322039443483	0.23552264225117886	-1.409188585483532
659	0.7784666000113445	0.24788537766770297	-1.3332795165237634
660	0.8698809128660062	0.3741399373736204	-0.558057386768254
661	1.5670001057980425	0.4858147695408777	0.12764300642501245
662	2.0468385384295225	0.6752253284513898	1.2906525422295763
663	1.9595953516689115	0.7328807627429907	1.644665646133489
664	1.565012220649327	0.6714603651673979	1.267535097107072
665	1.035546329074277	0.5296743107987237	0.3969472364124657
666	0.7178586626438866	0.6520990451359397	1.1486536580158742
667	0.6045550911635924	0.6382517703146611	1.0636292921374007
668	0.7715224862735982	0.22561933650069455	-1.469996383581224
669	nan	nan	nan
670	nan	nan	nan
671	nan	nan	nan
672	nan	nan	nan
673	nan	nan	nan
674	nan	nan	nan
675	nan	nan	nan
676	nan	nan	nan
677	nan	nan	nan
678	nan	nan	nan
679	nan	nan	nan
680	nan	nan	nan
681	nan	nan	nan
682	nan	nan	nan
683	1.1664391816998956	0.5138892857672713	0.300024790588491
684	1.2656096111926436	0.5612027021051593	0.5905363369825463
685	0.9315679138543455	0.5353034464339357	0.4315109822761892
686	0.984782208542641	0.1757664636202625	-1.7761005779867103
687	1.12002654146886	0.6004896684363166	0.8317642639723806
688	0.9969881542412645	0.47074193728079095	0.035093532145990765
689	0.9465161071747386	0.5143786850662219	0.3030297764497304
690	1.5919154487982359	0.37611738868141964	-0.5459155360668563
691	1.7475078818149568	0.47809098377402814	0.08021779132070776
692	2.02786489969567	0.43731812420994326	-0.17013374529797917
693	2.0162280905887355	0.46034031197233877	-0.028774023555121674
694	1.6833271565875088	0.477821541623347	0.07856337568309851
695	1.586405274501414	0.541229289653161	0.46789655767010324
696	1.430004101776761	0.5234985177736572	0.3590269313322135
697	1.3711649870650462	0.568107394829172	0.632932196674936
698	1.340323163652606	0.4804680536726071	0.09481336072941969
699	1.0020686681278708	0.45412956027795365	-0.06690898016277765
700	0.999357916664536	0.5042217082444977	0.24066439953221638
701	1.295013271631781	0.3737666354487866	-0.5603495171585192
702	1.6253877468397713	0.4263611946725817	-0.23741095311779592
703	1.621327662613937	0.3473535562962257	-0.722529825907316
704	1.545507818264313	0.3206897460375586	-0.8862496616444796
705	1.4253818855930347	0.3877557194249572	-0.47445442157863765
706	1.0087351347049904	0.7031054685015247	1.4618408272142207
707	1.1678210969004101	0.48249067155826253	0.10723254106359267
708	1.1811576000544446	0.324940001483186	-0.8601524491062634
709	0.9150807658860003	0.4195486972275525	-0.27924071982555615
710	nan	nan	nan
711	nan	nan	nan
712	nan	nan	nan
713	nan	nan	nan
714	nan	nan	nan
715	0.9824395516505818	0.5734658885185082	0.665834159976733
716	1.248083849987172	0.5869282398193915	0.7484950371070062
717	1.2260931694376591	0.5632486010405648	0.6030984664902955
718	1.4339928228176735	0.5898824652654779	0.7666344290420583
719	1.5461261262080197	0.6201525752430216	0.9524974915673562
720	1.2937758888294666	0.44694546597099344	-0.11102040791618732
721	1.2649983066664396	0.22493618522831152	-1.4741910359213497
722	1.1934208804860393	0.15061240590278457	-1.9305503043265526
723	0.855334446942239	0.2446006122922027	-1.3534484737168646
724	0.47434094596182175	0.31710398222467145	-0.9082667948577392
725	0.47446368786505905	0.2989573279934856	-1.0196900018595643
726	0.6322141403774896	0.27963363316466316	-1.138340416504693
727	0.9072911801921039	0.3252693162770748	-0.8581304063660005
728	1.3375139753651002	0.4441353676875093	-0.12827483723120867
729	1.578324120429243	0.5081430376819699	0.2647419565334916
730	1.8628740361511493	0.5472270245431008	0.5047235588169787
731	1.6753669169224525	0.5468097188959035	0.5021612389028872
732	1.661824784864644	0.4892903602554321	0.14898366011840175
733	1.7110935351193797	0.4975513230636974	0.19970722366312774
734	2.0696186237469516	0.48827185653225463	0.14272989290963975
735	2.0054333059074434	0.5211594683739527	0.3446648135483811
736	2.162668323048095	0.36572761237783896	-0.6097103370824083
737	2.0217618201524856	0.34278730835957344	-0.7505672802272915
738	1.5855411983214518	0.1363852279961534	-2.017907332721245
739	1.1510305444346869	0.05774535934498984	-2.500768043664671
740	0.8177843203175257	0.07867532516698073	-2.372254881700245
741	0.7945929429609587	0.19993229558459888	-1.6277187075311548
742	0.9504238984184031	0.33357856793766827	-0.8071103419500785
743	0.9793894079641541	0.3041752273642344	-0.9876513089801637
744	0.9620959602794866	0.17230451719729997	-1.7973574536620105
745	1.2826447452327685	0.4220205824486317	-0.26406296996796913
746	1.7073831940404345	0.5642289176087829	0.6091177587805605
747	2.1866391452926788	0.5006283608892249	0.21860070221946598
748	2.2156938980630896	0.41966158136508297	-0.2785475941141694
749	1.9720823988894325	0.4478397268579724	-0.10552951054998
750	1.6824741085152437	0.5934854064791186	0.788757034099082
751	1.4025804068045016	0.5902456821434527	0.7688646357162777
752	1.2519511127008498	0.32003368356141765	-0.8902779846705258
753	1.2176906651049813	0.3657664172133668	-0.6094720695116151
754	1.1686974368086172	0.3866606436145437	-0.48117835300709344
755	1.2758965560544593	0.26880625541340036	-1.2048221567250263
756	1.2637082096598693	0.17298059059686977	-1.7932062605335697
757	0.9530362464646726	0.36421354161734365	-0.6190069610006707
758	1.0442001293465248	0.5643187094437834	0.6096690942549058
759	1.2834718948301846	0.649417523362166	1.132188707955514
760	1.4336592934994967	0.523433011591261	0.3586247134452111
761	1.377014869744911	0.6180590553132289	0.9396429619373786
762	1.313626778748259	0.7651864286811236	1.8430273307337453
763	1.4488054750881565	0.6877204625440065	1.3673745591248203
764	1.9385221629066425	0.5973657689796947	0.812583047899509
765	1.8870293202191128	0.4675236468184761	0.015332740993743444
766	1.8483837262682214	0.5275042723561776	0.383622871518236
767	1.431455019990949	0.524999797515785	0.36824501645929303
768	1.412436471928707	0.6543096421073284	1.1622270584236116
769	1.2696136777878548	0.6535148905345144	1.157347163326448
770	1.0389794222555573	0.46809009177709354	0.018810798881169745
771	0.8732521942977168	0.3906714965193893	-0.4565511083493724
772	0.7519155390323025	0.27323657302115995	-1.177619335223921
773	0.6852009446603609	0.21288699784742385	-1.5481748724258872
774	0.5844661646440749	0.2105341834683071	-1.562621509269315
775	0.8105415954734212	0.22326206013214123	-1.4844704177159815
776	0.9680776026520107	0.15583717283332135	-1.8984694435893146
777	1.244825284400199	0.21327535108486817	-1.5457903246952522
778	1.5416479143393917	0.3086583770552469	-0.9601240904814836
779	1.7024933716570558	0.3926609521993918	-0.4443355489834525
780	1.7158818108438365	0.28925507552695634	-1.0792633023252896
781	1.5225605264526132	0.37875993494878685	-0.5296899015223491
782	1.3151433457011785	0.3051607450183006	-0.9816000812345964
783	1.0409991355004675	0.24378843605189315	-1.3584353589130598
784	1.1205543816463757	0.25130287949693453	-1.3122955373892968
785	1.3734365650244653	0.11318231889574353	-2.160376710866802
786	1.1927695649918135	0.44161529668037264	-0.14374845511747034
787	1.1579549540597986	0.46831511741713255	0.020192490412366485
788	1.3660203818010688	0.45923061924354375	-0.03558770507755114
789	1.3627702660673517	0.5222054090964747	0.35108704809104024
790	1.495963804058809	0.48552254519066407	0.12584870462976075
791	1.1622004718664167	0.5169801690549642	0.3190032823807261
792	0.9405341951957402	0.5969308022383861	0.8099122861911359
793	0.7650545351796523	0.7431716213455597	1.7078530774744136
794	1.435845173758014	0.44331223734000835	-0.13332898230559168
795	1.6707930327708191	0.4888855925296324	0.1464983249417424
796	1.694702061248503	0.5777140008718751	0.691918213603696
797	1.6782928969279731	0.550152557722053	0.5226867758836761
798	1.1154819513584004	0.556320627236685	0.5605596574394061
799	0.9278310036089646	0.41710849455635973	-0.29422393402552993
800	1.1829326234482762	0.15167137547568393	-1.9240480706681287
801	1.2399365296511458	0.24637258850055901	-1.3425682712646303
802	1.1432360410602749	0.26113221255560354	-1.251941942829492
803	1.0498093952189265	0.26986812758897943	-1.198302100646276
804	1.1207102599913974	0.5428561239537025	0.4778855668129234
805	1.1908518237400427	0.49556888929306714	0.1875347798848835
806	1.4797696231437651	0.4295628596864456	-0.21775224473852994
807	1.6668720050577388	0.27777616514247155	-1.1497455516496746
808	1.3343821982524435	0.5363227608955636	0.4377697275419
809	0.9932420359452558	0.6428829743888214	1.0920655869854088
810	1.1871420827189252	0.6586227745553648	1.188710345285271
811	1.5558625631167542	0.5910502478669624	0.7738047911859909
812	1.712233072618718	0.5964491814493152	0.8069550615593466
813	1.325252134906974	0.6351289123784754	1.0444544711578434
814	1.0167778008705617	0.5114798909830869	0.2852307414835085
815	1.075725745270346	0.3022603961228272	-0.9994086629841993
816	1.0108495243299092	0.27813569056417403	-1.1475380110763864
817	0.8702827780708857	0.21127620035500655	-1.558065413136537
818	0.9750754476653484	0.1778145544863532	-1.7635249896923793
819	0.8895352940254304	0.4446522185193905	-0.1251012947976509
820	0.8225240074969693	0.5454265597341417	0.49366843203975763
821	0.7956055408902175	0.2293167698089059	-1.4472935827437963
822	0.9087444376164904	0.20038200267749687	-1.6249574378302065
823	1.0415981306665614	0.27729858558082693	-1.1526779625326415
824	1.0736572502307686	0.3191160159804778	-0.8959126026848045
825	1.1076051971111147	0.32402660422211377	-0.8657608467094123
826	1.0838292267391592	0.36867286888598927	-0.5916260157854758
827	1.1490891965533836	0.561972651738401	0.5952639444121427
828	1.6336604403465258	0.3601330979043569	-0.6440615037664701
829	2.2591643852674133	0.287856021505836	-1.0878537060336562
830	2.6250728810525827	0.4729696347747351	0.04877193235370574
831	2.268128977687012	0.49281551390091255	0.17062863771865763
832	1.6643067914843255	0.6730513531132896	1.27730400420003
833	1.4098994291381401	0.6844051353703055	1.3470179478592994
834	1.4986675925040425	0.6802246637682693	1.3213492186960785
835	1.6067143211304262	0.6458639906764594	1.1103694787475873
836	1.6278460495726796	0.6899504765157791	1.381067182857451
837	1.3354557295075618	0.7253369455237415	1.5983454651846611
838	1.298549097087309	0.5067216900014773	0.2560146663781016
839	1.027973733080878	0.583682985311295	0.728568682627412
840	1.1674843112688345	0.6009696666751015	0.8347115258995261
841	1.444054240736987	0.5352170187675808	0.43098030330714826
842	1.5218830175215672	0.4886951486588159	0.14532897071424275
843	1.1997105464537148	0.5495235043735784	0.5188242929945818
844	1.1542814025406705	0.6027589974972375	0.8456982883103604
845	1.5261605308335064	0.5844569614149315	0.7333210131954211
846	1.5428350881753419	0.5573468405129989	0.5668607624727648
847	1.706406054350283	0.5388932431281627	0.45355287799203564
848	1.9513279659581477	0.4995729177501492	0.2121201213991303
849	2.0834920514064805	0.2570710640179343	-1.2768780102947677
850	1.7498424191356288	0.2532739038297441	-1.3001931492883074
851	1.4138423252746666	0.3319137777076324	-0.817332406251999
852	1.0298154506409423	0.24236178359649818	-1.3671952211902587
853	1.3013340703095597	0.3174452020582215	-0.9061716533698148
854	1.3344203242444672	0.3906169328581254	-0.45688613749834583
855	1.3857164523514396	0.23911569421439208	-1.3871267019227926
856	1.3727860119032256	0.2944317653031123	-1.047477642601769
857	1.5676944943352726	0.24216712880599986	-1.368390431102746
858	1.4469097715624184	0.2755661832907157	-1.1633151751296487
859	1.3454535116822268	0.2606815140170264	-1.2547093001571585
860	1.2045220275434625	0.3508859920075322	-0.7008401353193328
861	0.8597865069079252	0.2418072873108324	-1.3705999124150081
862	0.7421835877679155	0.14979849385679717	-1.9355478476326615
863	0.825955103549077	0.2130247542484735	-1.5473290272472422
864	1.0361357559543496	0.26211489416523576	-1.2459081288265355
865	1.1676862186431871	0.3619558917864325	-0.6328692730964696
866	1.306910311093269	0.3992276173376521	-0.4040152298937426
867	1.4198483626785068	0.35273509916007995	-0.6894863371810066
868	1.2314566014993218	0.17330604957825993	-1.7912078930663748
869	0.9281733112437174	0.272545482491547	-1.1818627358065878
870	0.993326768091232	0.4408664557895462	-0.148346451669727
871	1.0934258511136425	0.5828029903831593	0.7231653804104272
872	1.2193914252894174	0.5805338018072133	0.7092322186714828
873	1.2312791146766346	0.5066409665319163	0.2555190120418139
874	1.17848242089051	0.5724572697377894	0.6596410878126743
875	0.974755797072234	0.5983579023656347	0.8186748972413579
876	0.6642079419491584	0.4379580412394849	-0.16620455776080353
877	0.5957821364865373	0.34480104744612317	-0.7382026170651592
878	0.6045330677448219	0.19909149306303078	-1.632881362432428
879	0.6645583210196293	0.16034107192510602	-1.870814820625439
880	0.5488516913438627	0.14110189135962953	-1.9889463048859672
881	0.6968864515851356	0.22939665350290564	-1.446803084756718
882	0.8512940746755902	0.4279584880015204	-0.22760333001738367
883	1.142741735500379	0.5116461764163724	0.2862517592434945
884	1.2357532192853748	0.4237424485164695	-0.25349045137242565
885	1.194732907798477	0.41415034565625053	-0.3123874165628588
886	1.1728367064581187	0.3717219305750273	-0.5729043149468075
887	1.3515288172044564	0.36922099826546206	-0.5882604183296197
888	1.330558552952346	0.46311008289415656	-0.011767210352114366
889	1.4184983375551479	0.4883571075130456	0.14325334685099816
890	1.3829145432565417	0.6151989700767502	0.9220816051557319
891	1.4137079912708825	0.42434745309949506	-0.24977563154764176
892	1.3446753268988647	0.6633603519164532	1.2177997882352851
893	1.3676927851703442	0.7207599807020374	1.5702422075663844
894	1.1958172826137754	0.5735135960541616	0.666127091475451
895	1.2161665336649896	0.545470136438349	0.4939359996073924
896	1.2666164989218334	0.563168521663585	0.6026067669800647
897	1.1254767863064958	0.6640797065439901	1.2222167346624684
898	1.2767140217767707	0.5735661509857308	0.6664497867196871
899	1.5993318818476843	0.6725121968795692	1.2739935032189234
900	1.5380811036388047	0.4438941695860539	-0.12975583012634667
901	1.3100553150772065	0.43922353785314056	-0.15843421677413622
902	1.2360421543763853	0.6106668555499635	0.8942537351450554
903	1.2598814901686486	0.478750269737671	0.0842659070485167
904	1.3766861050330983	0.3368655472881409	-0.7869277906151317
905	1.3624579023502559	0.5219686252671311	0.3496331594956262
906	1.1183950917253829	0.4694216702573198	0.026986892542911887
907	1.114764053094471	0.6063300362009323	0.8676250071216722
908	1.2754943986260006	0.633260784043494	1.0329838800768227
909	1.0660023522777138	0.6610709216857682	1.203742339668736
910	0.8839147237484904	0.5143966831881882	0.3031402876461169
911	0.828264180380117	0.16823213263433598	-1.8223625120253517
912	0.7986640742817102	0.25742830009698614	-1.2746845266322913
913	0.8557648490468491	0.28203062484017594	-1.1236225243665752
914	0.9535686482757159	0.19001178645699285	-1.6886321369714483
915	0.7551028318055008	0.18609672283349235	-1.7126712209253894
916	0.8042971255307978	0.3551610065482991	-0.6745908981848598
917	0.7872978304602118	0.3280143177113003	-0.8412756815704849
918	0.7978842136604544	0.29442101307137447	-1.0475436629340789
919	0.7992149651405385	0.27225893045084204	-1.1836222087618498
920	0.7029646158226518	0.4224988960644133	-0.2611260518813593
921	0.9177048927941075	0.3273043560969232	-0.845634953473409
922	1.0213705624924083	0.5030123389577318	0.2332386888384293
923	1.2700485443650347	0.6762586158843302	1.29699708365667
924	1.4655401843376408	0.7287013617297595	1.6190034905477722
925	1.5752925902181365	0.6440918082726159	1.0994880102238143
926	1.6645636620753133	0.590843093325953	0.7725328309110995
927	1.6379354804564872	0.6612339538906129	1.2047433821130868
928	1.671441788874878	0.6158317591245663	0.925967025804908
929	1.861082795765917	0.507356384222943	0.2599117850822046
930	1.872249234657275	0.4993681800003387	0.21086300058845112
931	1.7405401422302678	0.6487209040337647	1.127911359710429
932	1.426301688610369	0.5498669954241696	0.5209333800993287
933	1.2155446161892898	0.3573322791157231	-0.6612589555768555
934	1.1000725061320475	0.5287522572051482	0.3912856876159286
935	1.268382936186573	0.40534816959216363	-0.3664341115161231
936	1.6239525558487065	0.28279379511239877	-1.1189365432410083
937	1.6009595310585931	0.3456925429558657	-0.7327286995342607
938	1.6001431950403855	0.3606289615905752	-0.6410168255877652
939	1.3149444957590908	0.4236932625850929	-0.2537924604449267
940	1.3934066675263312	0.2840726667212802	-1.1110840777567506
941	1.2869007782744049	0.3182886230138296	-0.9009929208867274
942	1.0458896457672504	0.3287204645918731	-0.8369398327112203
943	1.0257850070501278	0.24200630647089988	-1.369377904611971
944	0.6544251170480004	0.40008582206958854	-0.3987457227836019
945	0.7268369319908237	0.6367078312033444	1.0541492720187162
946	0.7980197588209502	0.5045574417315433	0.24272585402117827
947	0.785314792477616	0.4809759494757352	0.09793191792934945
948	0.7996125007342465	0.4251152950714424	-0.24506096547779688
949	0.8231266454293606	0.5122660757420233	0.29005803504521155
950	0.8312242850914635	0.4977098538671817	0.20068062682096366
951	1.1184150518014853	0.44468316195498825	-0.12491129741377897
952	1.3045028800256524	0.6359292177712537	1.0493684675512374
953	1.454250902033826	0.6298018275513627	1.0117453630299333
954	1.447616493915679	0.6853947407126274	1.353094274630223
955	1.2471216837508805	0.7939254733557565	2.019489420274923
956	1.178287961364559	0.7676404522287503	1.8580954072094986
957	1.3468549208247107	0.714488720435237	1.5317357191543686
958	1.2952047806823395	0.556331013159354	0.5606234285785213
959	1.4017759419915337	0.5891870220339696	0.7623643022101264
960	1.5580613899091609	0.5479356229905048	0.5090744606681079
961	1.5993888390147328	0.3792035412555478	-0.5269660915728216
962	1.6383702934604663	0.27296010763942563	-1.1793168745645275
963	1.6059539347877225	0.369109079364876	-0.5889476173398915
964	1.4858352822143825	0.39616512964734224	-0.42281936841485435
965	1.462487702254161	0.6107643236607222	0.8948522041158523
966	1.3669837805879286	0.7004148764724863	1.4453201844119907
967	1.3932173866351403	0.5613993465895211	0.5917437639168817
968	1.362719692839577	0.49910381230841094	0.2092397428965929
969	1.1021096521799505	0.5368571218425393	0.4410507847356961
970	1.1927548367842635	0.6476029578475313	1.1210470007085633
971	1.150485669846785	0.5177395186949674	0.3236658042454688
972	1.0689917861870213	0.46185043183404834	-0.019501658754140002
973	1.1867987156661366	0.4538687736361775	-0.06851024966401702
974	0.9080012278741897	0.5028337790829328	0.2321423041474291
