ID	SN	ssim	z_ssim
245	0.615028321757139	0.21378300698524205	-1.1753545909138265
246	0.6751217330297203	0.20586416048127465	-1.2477999314308597
247	0.7172031902634902	0.24966280023105616	-0.847109329678939
248	0.5805461258987018	0.4824188507180205	1.2822527341620373
249	0.7769750695733229	0.4233744436453425	0.7420866665581973
250	0.765244734463964	0.37093159323810765	0.26231475109898
251	0.7307997049156733	0.36672384213766607	0.22382026062872162
252	0.7194417513641633	0.4116847511402595	0.6351438493630585
253	0.7403523815401456	0.3700149760189746	0.25392910471341096
254	0.7365223605077336	0.4350520409185187	0.8489188308705352
255	0.7640288318196382	0.4235793265652419	0.7439610320848936
256	0.8616588512099503	0.3220273915702452	-0.18508393768314937
257	0.8669409908830255	0.2804095162429929	-0.5658238785530328
258	0.8591387140330587	0.2861496452533404	-0.5133104726475153
259	0.8402327114116076	0.2608468332725829	-0.7447925236086074
260	0.8011904210679914	0.21830450151138392	-1.1339898276963378
261	0.6508527955073232	0.3638595026056035	0.19761593242855907
262	0.6286797710081106	0.42537528947288783	0.7603913473252744
263	0.7663278437611212	0.42257185144245946	0.7347441747691411
264	0.802152732864051	0.43104138924849245	0.8122274988962774
265	0.6710165104125568	0.3612553360850209	0.17379178957490682
266	0.7029104622546953	0.24440666838292918	-0.8951949014032057
267	0.6728031156129128	0.17840535891443346	-1.4990059913920957
268	0.6077931466433484	0.26358454930665204	-0.71974660685448
269	0.6702584448778799	0.34465165619605787	0.021893499490725436
270	0.7438893173368757	0.3735796927159661	0.2865408133544256
271	0.7481631850550033	0.5005311306303766	1.447952408367499
272	0.8663492646422626	0.4383365215708631	0.8789668080805352
273	0.8455335483268479	0.3878161315358871	0.41678246629496063
274	0.8231102550011014	0.3407184422798793	-0.014089395409577514
275	0.8062119037174879	0.3658940420296655	0.21622885809868742
276	1.030905413665133	0.3149913306412462	-0.24945313964262006
277	1.029882212034217	0.23970122148744602	-0.9382425476048725
278	0.912803599448702	0.3636823638613317	0.195995383698248
279	0.8245021148855589	0.34953133045393087	0.06653505972891169
280	0.7860675478743309	0.394648138539457	0.4792848867599116
281	0.8417823173677244	0.4203386932842144	0.7143141912959927
282	0.8785967014820919	0.411703876713884	0.6353188191257777
283	0.9677366380876302	0.4979981425603602	1.4247794395309414
284	1.048197036627046	0.4614156858834255	1.0901058820144058
285	1.0249052346313743	0.4100611909506765	0.620290755452814
286	1.0004275959960358	0.4383449093705863	0.8790435436261516
287	0.7567450871572982	0.4406335552389217	0.8999811548263932
288	0.7593121688328245	0.40344238990718195	0.559738843609312
289	0.715622959550395	0.38541390031003187	0.3948057227035116
290	0.759820463801002	0.40391272238944126	0.5640416668571709
291	0.7884878647598625	0.3898993655689621	0.4358408732014687
292	0.867943367463677	0.29440890864629143	-0.4377508379680921
293	0.9460989473362247	0.22170622845291807	-1.1028692261665645
294	0.8921055551169996	0.29398008262357456	-0.4416739405591986
295	0.891388900608245	0.2991251930620512	-0.39460404502246377
296	0.8165975259496346	0.3355265980689657	-0.06158683352541723
297	0.8445521842434485	0.3475293526935559	0.04822002350675111
298	0.8473914498468114	0.4042635185661262	0.5672509156359269
299	0.920770057871494	0.46168910387347645	1.0926072386681556
300	0.9712592388604807	0.4275976138749368	0.7807222184900441
301	1.010085745024503	0.3242495184585235	-0.1647548734674551
302	1.1759678708771946	0.3134721164770579	-0.2633516269270722
303	1.069193959991792	0.442741831671701	0.9192686614096071
304	1.024035551087014	0.4351967806042102	0.8502429777410417
305	0.7560800494253024	0.34482885805548835	0.0235146256282584
306	0.6663352003883309	0.21448135972199267	-1.1689657308962023
307	0.6883911183579372	0.2689255385292477	-0.6708847198694381
308	0.7985758884745554	0.33127692136425224	-0.10046487918598458
309	0.7260695260930932	0.5015256321197371	1.4570505767693396
310	0.8344528789097189	0.4554571353373056	1.035594252942502
311	0.8632581411763667	0.4316871628192338	0.8181353399190602
312	0.718951448982948	0.3510881257933373	0.08077735731886063
313	0.7530068430002724	0.385335555372599	0.39408898628650113
314	0.6561637674505385	0.42564205636792357	0.7628318566267053
315	0.6343205336590972	0.40268294589962794	0.5527910918498473
316	0.6280953341154382	0.44009076297341426	0.8950154353260847
317	0.814485159955431	0.40130730374719165	0.5402060690042975
318	0.8786781790442995	0.3698958305782984	0.2528391060606381
319	0.9151569871115512	0.3242165610959407	-0.1650563829554415
320	0.800761642154738	0.4771318635506729	1.2338848834332994
321	0.7896084602119305	0.49515315071057225	1.3987521130481246
322	1.1444385826879078	0.4031748396865598	0.5572911680761814
323	1.1270614606889071	0.1670261862249096	-1.603108026945085
324	1.109942106369555	0.42721991789904135	0.7772668776683791
325	0.775271426318299	0.528212855247298	1.7011978734698836
326	0.8569846658054479	0.5229971312624457	1.653481971925868
327	0.9778002558651008	0.5224026457055924	1.6480433378297124
328	0.8782295198626374	0.35609825821304625	0.12661241031545498
329	0.6103721032109988	0.7843551505334974	4.0445083282850325
330	0.41325058257324304	0.6639519262456751	2.9430028781528828
331	0.31300979922906647	0.6118607254069612	2.4664480187031996
332	nan	nan	nan
333	nan	nan	nan
334	nan	nan	nan
335	nan	nan	nan
336	nan	nan	nan
337	0.14843571039688905	0.1439225224336193	-1.8144712336586533
338	0.2695628723101772	0.11275200070613746	-2.099633859239242
339	0.32636622285058436	0.053579755816696634	-2.6409694474496117
340	0.40812677229753563	0.056353906194286096	-2.61559021214694
341	0.4541684776310663	0.05636889607155324	-2.6154530776839366
342	0.5983404928791828	0.0444662204414306	-2.7243443649005803
343	0.7348215622487652	0.3596244869849206	0.1588720132754835
344	0.819418549783802	0.3367385610201233	-0.0504992251664659
345	1.043273141942404	0.3460527286794599	0.034711170991019544
346	1.0572785613653464	0.3804345522810593	0.34925229982418116
347	1.023204967951612	0.3819017617674794	0.36267502380301725
348	0.9086502686088942	0.27205167104945016	-0.6422853860126734
349	0.9014338254895113	0.44048157836101276	0.8985907987100934
350	0.7279373932438787	0.4889902623252539	1.3423711051047111
351	0.7030613649458151	0.4382201265844359	0.8779019718797108
352	0.5635771169876804	0.33538404184059517	-0.06289100509913709
353	0.3866058160469963	0.30273912049580187	-0.36154213336516045
354	0.3563665642280297	0.18089580719717452	-1.4762221965814695
355	0.44353819598798355	0.06605030712392065	-2.5268829658598553
356	0.6427331068225337	0.39541331338659547	0.4862850669412349
357	0.7296568779881284	0.33529886988216173	-0.06367019832230687
358	0.7301487538126874	0.21693729306062004	-1.1464976950636028
359	0.8664967597229577	0.32064001103207773	-0.1977763488144789
360	1.050433476515127	0.41609481684189786	0.6754892091698959
361	1.069608458057436	0.3052059187659505	-0.33897470001761276
362	0.920878937999538	0.2943131945026224	-0.4386264760710565
363	0.6899311532708711	0.3379323885189662	-0.039577528473779565
364	0.7794165106457194	0.3777789369309744	0.3249574788268586
365	0.9150724855911954	0.42774301817379323	0.7820524455550615
366	0.9279529525434081	0.27609940590102683	-0.6052547996137301
367	1.0019398006268632	0.053943846450041945	-2.6376385747147313
368	0.85309817398575	0.20738792285774305	-1.2338598349565828
369	0.8374131774089659	0.47007359250344766	1.169312492843134
370	0.7233399527577401	0.4503425124132112	0.9888032715582054
371	0.7297209854486439	0.3415966937447284	-0.006054737028625231
372	0.5100021728303072	0.1743700213977736	-1.5359231611275006
373	0.3821397848210216	0.5110566211055124	1.5442445566239373
374	0.32017132534242765	0.5262850401527908	1.6835613122730624
375	0.33615561448608927	0.4277432893921699	0.782054926788615
376	0.5065185960312516	0.20886932935141356	-1.2203072300633908
377	0.6329672472193865	0.320943406369674	-0.19500074525499203
378	0.6433073873528214	0.2652387523039908	-0.7046131780948162
379	0.5800137543233991	0.4271544865205224	0.7766682805753644
380	0.6857794107701122	0.369301261592619	0.24739970871825617
381	0.8090531278489553	0.35657385529782304	0.13096339662871423
382	nan	nan	nan
383	nan	nan	nan
384	nan	nan	nan
385	nan	nan	nan
386	0.8509113011209938	0.32143614605959525	-0.19049293030937867
387	0.8500210766927246	0.46763007425452585	1.1469580361032494
388	0.7874509018555549	0.3201506482243075	-0.2022532704504172
389	0.9195427825344561	0.1739507435607961	-1.5397589124147446
390	0.9306620482874348	0.11766260865809902	-2.054709302986349
391	1.0142674332432484	0.13014912806002343	-1.940476737739409
392	1.038846497024771	0.17059167930109304	-1.5704892156212615
393	0.8110524827557032	0.2713950816620838	-0.6482921752241821
394	0.9063216742374892	0.38634707549889385	0.40334284920107455
395	0.9182162068097994	0.39196134815312156	0.4547048618360234
396	0.8946583720161645	0.40360968292377225	0.5612693189818216
397	0.8048712099008258	0.3229284893911252	-0.17684027006816253
398	0.7735096243541796	0.12075096342015641	-2.0264555778683593
399	0.8395785374520628	0.25827651030762316	-0.7683070496626188
400	0.7809533094543736	0.24632175510886334	-0.8776747853218495
401	0.7084184701774823	0.23821125601067805	-0.9518734541098792
402	0.7082989978726317	0.2443930651860709	-0.8953193498601905
403	0.877324664361667	0.29604059701858754	-0.42282338361101474
404	0.8112843625863394	0.27009453941498535	-0.6601901487359344
405	0.7543845744384226	0.29955039229575836	-0.3907141220067741
406	0.6950711015183209	0.3551030692525935	0.11750795260401038
407	0.8807926797371951	0.3206168421420226	-0.19798830874179996
408	0.9778273923979757	0.3048078886897786	-0.34261606677347134
409	0.985324879840566	0.2253471778429148	-1.0695601049162098
410	0.7134717138516585	0.2564153534306881	-0.7853337900644723
411	0.6870197039417224	0.31525706913915164	-0.24702203860289157
412	0.6695813659073673	0.23149240968711615	-1.0133406273336807
413	0.6489718677371812	0.35348362701650604	0.1026925316734187
414	0.6498171264002689	0.4059274506607985	0.5824733507639929
415	0.660256631709027	0.3950611003919726	0.4830628564441388
416	0.6253990170234566	0.2872657068463982	-0.5031002151173883
417	0.5533500800461855	0.35148471128847447	0.0844055083664827
418	0.5010497264026478	0.3754767496444401	0.303895984349929
419	0.5318155815590142	0.3751885722838492	0.3012596020173699
420	0.5450667277704395	0.31998489236824934	-0.20376968315380894
421	0.5303208964559392	0.391368881111712	0.44928469407061306
422	0.6330485446358481	0.36724285652628846	0.22856844890313144
423	0.6274911579234683	0.3255991356160216	-0.1524079395429757
424	0.6029580925107723	0.272013382995603	-0.6426356631770687
425	0.7433149989934733	0.2723751919913501	-0.6393256639384309
426	0.8053088587186612	0.349979878575554	0.07063858937719876
427	0.8044392352204668	0.3992736659591345	0.5216013919253448
428	0.6998802983613548	0.35230404687305994	0.09190117650366383
429	0.7489065685611064	0.1360752674168922	-1.8862616215044048
430	0.7473237243167015	0.11556081366741991	-2.0739375142820795
431	0.7679759883709394	0.24852534701369056	-0.8575152878715826
432	0.7134497566573106	0.28570278585141357	-0.5173985530920105
433	0.618786030321758	0.2611421207387797	-0.7420910946784822
434	0.5832720253281817	0.29703116800950385	-0.4137611732616571
435	0.5500608275778311	0.36618839181352203	0.21892170866876934
436	0.5465021510116519	0.24118660927953922	-0.9246535199170491
437	0.5096616677830611	0.25415530306876083	-0.8060097960930569
438	0.4998681531900155	0.34032752518958115	-0.017665689217822012
439	0.6270094638231939	0.32658275500004474	-0.1434093257702489
440	0.6687081828148982	0.3211706194313466	-0.1929220930656178
441	0.6127907898065722	0.4018764805438177	0.5454131666321287
442	0.6474798444338384	0.3688473600119365	0.2432472031030397
443	0.7526120173019322	0.43667407709228007	0.8637579823656699
444	0.6417859878788208	0.36681435250936834	0.22464829217283716
445	0.5616944563135828	0.3260615015785513	-0.14817799777277382
446	0.6828503375978805	0.29888914597892347	-0.3967635150041933
447	0.7401889273922757	0.572927180634136	2.1102655990554173
448	0.8151943717801179	0.5422190932273726	1.8293335406179643
449	0.6893354701436152	0.5645600381028769	2.0337190351678713
450	0.7868280768800182	0.295192944993383	-0.4305781038944714
451	0.6568486897543707	0.28351363109909344	-0.5374259726659164
452	0.6664711253492271	0.43932907086754314	0.8880471169035312
453	0.7122357110020054	0.39387940015042566	0.47225210561760883
454	0.7266886224048318	0.359623165450739	0.1588599232578601
455	0.7757685376278747	0.2783798961170365	-0.5843918001652862
456	0.781080722062504	0.21062623081286458	-1.2042342673451558
457	0.6644547638255954	0.3024983529096741	-0.36374478873343324
458	0.6630017995024333	0.425490487522034	0.7614452333796524
459	0.6268620188770795	0.384019173538332	0.3820461047650406
460	0.6268870327672813	0.4161765234745228	0.6762366999591221
461	0.6700779404190594	0.4009993398059589	0.5373886697052462
462	0.5955881282538528	0.5262250650788607	1.6830126320263596
463	0.613561171902703	0.5129514183210608	1.5615790547004387
464	0.6309304772096708	0.3954702513431987	0.4868059622070287
465	0.7374345941540322	0.2616396977147041	-0.7375390259603655
466	0.7518975749904423	0.27343548540355267	-0.6296256000141586
467	0.7310806905911846	0.27333225330328265	-0.6305700159278403
468	0.6365410953738254	0.3107599502354016	-0.28816380213682713
469	0.685028017459133	0.3385783432753073	-0.03366802987972508
470	0.8537749130856571	0.35048218756045535	0.07523394874395892
471	0.805979231833492	0.30245960566949404	-0.3640992667508481
472	0.6573622286589108	0.30830026265820665	-0.3106661835134744
473	0.6357251574437899	0.29942337687730863	-0.3918761189258827
474	0.7285058419762399	0.4264214925318494	0.7699625060563422
475	0.7313467230712786	0.4447312345457633	0.9374686566443676
476	0.6677425627451454	0.3866884247724851	0.4064656732573522
477	0.6332143737112867	0.2669943765124049	-0.6885519002894207
478	0.5901239966944803	0.23052142884608937	-1.0222236177576596
479	0.5227856084252284	0.2732302933180425	-0.6315027939335933
480	0.5599061269935456	0.35197122933774305	0.08885640481071691
481	0.5673378946909274	0.35373577045660237	0.10499925871602057
482	0.48291122570551726	0.31873968361171406	-0.21516143981139715
483	0.48442199945245795	0.2871677254571016	-0.5039965950520625
