ID	SN	ssim	z_ssim
5057	3.0719509562894336	0.6204009835864841	-1.1674848771244406
5058	2.764590190758907	0.657660343542535	-0.7925000995279106
5059	2.515668878064748	0.7160537768603537	-0.2048182759107542
5060	2.423616891794013	0.8526801096248143	1.1702132615590846
5061	2.628856866252471	0.8777907359681213	1.4229310389380103
5062	3.014417153224304	0.7869712748078972	0.5089079455522453
5063	3.0459966648264207	0.738469851893691	0.02078106129949345
5064	3.622632439650963	0.7835518841815995	0.4744945945169527
5065	3.607391192935071	0.8210757744925702	0.8521416523143274
5066	2.879014693473494	0.8175741634346276	0.8169008203370485
5067	2.364817469548865	0.7858035550633395	0.4971558078551801
5068	3.0185597807934528	0.6657605418261177	-0.7109782737252169
5069	4.559109838015568	0.6194906548486437	-1.176646586281588
5070	4.55862531583467	0.6598895876412507	-0.7700645932940055
5071	5.185413010829834	0.7185006550614979	-0.18019246164169167
5072	4.554916988801913	0.7575487343740991	0.2127943033987937
5073	3.0712790566943333	0.6484651741530084	-0.8850419078832118
5074	2.8304594044135705	0.7901183583268243	0.5405807497768638
5075	3.149846313610228	0.7328843184536548	-0.035432733495707115
5076	3.432741259792343	0.7836817882185028	0.47580197168189925
5077	2.8218454243485183	0.8772866315839551	1.4178576434045134
5078	3.781903403502639	0.7710062229880199	0.34823284503910473
5079	4.523005888242324	0.7418318179473026	0.054616481295641256
5080	4.184374601726652	0.7475533418867198	0.11219890848887015
5081	4.169008261419647	0.6057885881063184	-1.314546605392068
5082	3.937001870586174	0.6737126219975871	-0.6309471347564978
5083	3.410830164579008	0.7841183694761065	0.48019580254690725
5084	nan	nan	nan
5085	nan	nan	nan
5086	nan	nan	nan
5087	nan	nan	nan
5088	nan	nan	nan
5089	nan	nan	nan
5090	nan	nan	nan
5091	nan	nan	nan
5092	nan	nan	nan
5093	nan	nan	nan
5094	2.1792536749719313	0.8147833304805827	0.7888133847016533
5095	2.4557969522291687	0.799857904501051	0.638601262215656
5096	2.7379575458363257	0.8069588967745587	0.7100669023001023
5097	2.6163914753384114	0.7371521138528121	0.007519112979063347
5098	nan	nan	nan
5099	nan	nan	nan
5100	2.534554189289763	0.8756363833003985	1.4012492532894265
5101	3.2649028114296113	0.7700295489804116	0.3384034253722267
5102	3.992849952295097	0.7028240428103453	-0.33796465540453235
5103	3.277934811584249	0.6842928286667231	-0.5244660666589497
5104	2.9808772984551655	0.7988418515228316	0.6283755256352828
5105	3.7024636162067406	0.6803134408637983	-0.5645153281602274
5106	3.0572902149342123	0.7816776718122869	0.4556321902967958
5107	3.2804684591536373	0.8284183569747816	0.9260386989174879
5108	2.850141113888524	0.7333877270134045	-0.030366340862000976
5109	4.274055516648703	0.5095354931889938	-2.283254748342578
5110	4.368275650786114	0.591240386604873	-1.460962274122928
5111	nan	nan	nan
5112	nan	nan	nan
5113	nan	nan	nan
5114	nan	nan	nan
5115	nan	nan	nan
5116	2.725116038850026	0.8931520449482131	1.577529964906835
5117	3.0729863968037923	0.8262854986035835	0.9045732356644417
5118	nan	nan	nan
5119	nan	nan	nan
5120	nan	nan	nan
5121	nan	nan	nan
5122	nan	nan	nan
5123	nan	nan	nan
5124	nan	nan	nan
5125	nan	nan	nan
5126	nan	nan	nan
5127	nan	nan	nan
5128	nan	nan	nan
5129	nan	nan	nan
5130	nan	nan	nan
5131	nan	nan	nan
5132	nan	nan	nan
5133	nan	nan	nan
5134	nan	nan	nan
5135	nan	nan	nan
5136	nan	nan	nan
5137	nan	nan	nan
5138	nan	nan	nan
5139	nan	nan	nan
5140	nan	nan	nan
5141	nan	nan	nan
5142	nan	nan	nan
5143	nan	nan	nan
5144	nan	nan	nan
5145	nan	nan	nan
5146	nan	nan	nan
5147	nan	nan	nan
5148	nan	nan	nan
5149	nan	nan	nan
5150	3.182834203315198	0.9101852060451254	1.7489547057833692
5151	3.0210045013159146	0.8897650221585258	1.5434423694944774
5152	2.5327522057047123	0.7975246812323173	0.6151192912547715
5153	3.2970498265133497	0.7351830776506996	-0.012297615037725194
5154	3.631304833772841	0.7902221132345795	0.5416249574888322
5155	3.48158445832486	0.6312393159554022	-1.0584059864062443
5156	3.5872975344530063	0.6171553878129564	-1.2001491260739685
5157	2.612448835984124	0.6999774620963737	-0.3666131463393816
5158	2.9188148007213193	0.585674990619038	-1.5169734020233154
5159	2.599504892220716	0.5580865336871453	-1.794628503963873
5160	2.5704520387370144	0.7034728528000451	-0.3314349171058342
5161	3.387931273228253	0.8084300388500549	0.72487273591194
5162	4.212316608857899	0.4575214295883864	-2.806733468700952
5163	3.763759774470269	0.7183151725496939	-0.18205919039169946
5164	2.9696398145295224	0.7999358219931073	0.6393854376138401
5165	2.9904938498683613	0.745668536472341	0.09322989399272041
5166	2.862198754077322	0.6766788046600166	-0.6010949486938869
5167	4.715319875614165	0.643525582489467	-0.934754830583859
5168	5.363781877773673	0.6732884282184958	-0.6352162958504621
5169	5.054732293015763	0.6396938137634167	-0.9733184276299205
5170	3.8964125157038825	0.667430120606535	-0.6941753380764796
5171	2.698182737916576	0.8266625799135102	0.9083682485499416
5172	2.564539680222235	0.864745659845202	1.2916430894280704
5173	2.2643988363405656	0.8443025696622718	1.0859002201282726
5174	2.082359681086105	0.8171832681766504	0.812966781439198
5175	1.7985892015101852	0.7218785132819348	-0.14619710007248574
5176	1.7590187268831587	0.6666053835483046	-0.7024756374568482
5177	2.0401267324919603	0.6300374649790497	-1.0705016268467487
5178	2.051893420431987	0.6507192883330872	-0.8623561047590824
5179	2.4249183436983937	0.5313325223005145	-2.0638855985963196
5180	2.3575094768637292	0.6095379264372133	-1.276812602397837
5181	2.3850227656808816	0.586638243484422	-1.5072790551015953
5182	2.3744541798491383	0.38274768209298915	-3.5592696665232957
5183	1.845000499663557	0.682176549483107	-0.5457646740407328
5184	1.8065836193879523	0.7325625509989159	-0.038671057975660186
5185	1.871181517493563	0.5771579587197141	-1.6026903149364122
5186	2.514315923086546	0.48368003296026374	-2.5434686654619933
5187	2.957484905577297	0.7749479204609809	0.38790278440453
5188	3.5951068486217594	0.9027079081271585	1.67370185924765
5189	3.602117983666413	0.9225903585663846	1.8738023511729398
5190	3.721442738803699	0.8663078285587986	1.3073650311986011
5191	3.5697828317927134	0.8622710216025902	1.2667378932000022
5192	3.788911342870864	0.830827804167507	0.9502878009085163
5193	3.3298119237266484	0.7941907495403875	0.5815660140247015
5194	2.492905634888401	0.8068987080903991	0.7094611527550208
5195	2.7153413087385676	0.7497115786641538	0.13391978450341652
5196	2.6597968490406028	0.7652838531934892	0.2906419050106594
5197	2.3044296179202752	0.7599677430391266	0.23713963373536912
5198	2.905374177360261	0.7290792851721554	-0.07372726030704943
5199	3.2121842106284264	0.743870536597299	0.0751345057719753
5200	3.2215894206322027	0.8519959477225272	1.1633277353699127
5201	3.0057326728866167	0.8328086187168137	0.9702230682912052
5202	2.4902294960742712	0.7224617731677666	-0.1403270695934969
5203	2.3346470856712216	0.841284950736082	1.0555303704249206
5204	2.48008965647353	0.8856410371238284	1.5019378559206658
5205	2.8801882327032007	0.8315438915728712	0.9574946309978392
5206	2.7276413319602404	0.8451340470919948	1.0942683557975108
5207	2.5429055431393652	0.8734472604414636	1.3792175342970052
5208	2.7316909421254807	0.8730409478160152	1.3751283322906325
5209	2.4856152853273654	0.7723512507625689	0.3617694420578229
5210	3.0733579171884764	0.7584937203193738	0.22230480881108902
5211	3.72373193658609	0.7547773153084201	0.18490225256388246
5212	4.280708359135691	0.6743506303482465	-0.624526106060381
5213	5.874760709459804	0.635886643043201	-1.0116344660019183
5214	6.234298039818258	0.7460802237604609	0.09737318755323937
5215	5.729212182592529	0.679857080854807	-0.5691082158715945
5216	5.845274579775974	0.633477417708508	-1.0358813351745346
5217	5.226768277418927	0.6801634413217867	-0.5660249500369083
5218	5.548916993244714	0.6311138068838941	-1.0596691318634215
5219	5.5697775952358155	0.684258723076999	-0.5248093113360617
5220	3.938690291850031	0.7944115179774184	0.5837878665567368
5221	2.842069314623966	0.7973974756408824	0.6138390717214907
5222	4.885144168004042	0.7791500111882602	0.43019336745984543
5223	5.72908243694724	0.7719414212636345	0.3576448456157022
5224	6.362772867491538	0.7103861769038956	-0.2618580026179593
5225	5.1004180135755055	0.7115798783496721	-0.24984438049215973
5226	5.542946766849928	0.661626978063027	-0.7525791893129234
5227	5.7687748792112	0.6080783436646195	-1.2915021011442023
5228	4.749935627734403	0.7211031011855487	-0.1540009843273944
5229	4.416212356362049	0.7524062621343388	0.16103955475583764
5230	3.6302391985596456	0.6944540429696079	-0.422201811718115
5231	3.571482024099806	0.7231169621400484	-0.13373313208773777
5232	3.2127905401166403	0.7954597730193637	0.5943376903924642
5233	3.199095130667357	0.7949037174935435	0.5887414493961898
