ID	SN	ssim	z_ssim
494	2.6739019095169634	0.6960346529660222	0.30253521053377386
495	3.488327709547249	0.6525634693728255	0.054653417781799454
496	2.7492474110143403	0.5248710042447476	-0.6734757602289094
497	2.927780289284888	0.602238859571376	-0.23230804648068198
498	3.0197781879499943	0.6966209194165773	0.3058782246130291
499	3.001160035173866	0.738020602277903	0.5419478863701719
500	2.0358369227991022	0.8314605805938071	1.0747622112894692
501	1.5306388645537776	0.8546799511134192	1.2071639246827655
502	1.0259290040565343	0.7531485858516185	0.6282108168683855
503	1.9460443639754879	0.24490500640564333	-2.269900511470639
504	2.8326710673119635	0.637519130761569	-0.031132551623221483
505	4.010244743484765	0.5623594230716112	-0.4597089451083259
506	4.77088780562967	0.413649767375319	-1.30768254524041
507	4.552607970649009	0.6032988669172239	-0.2262636626038152
508	5.18015051960314	0.42457274714568877	-1.2453974270570498
509	6.213026883732223	0.36420735727727455	-1.5896135220403986
510	4.6509134163817505	0.7239865209530345	0.46192261558412767
511	4.18840967100117	0.7613385290792708	0.6749115883220772
512	3.829269777305851	0.7479506932797328	0.5985713448607076
513	3.6381140798698848	0.8702627823887632	1.2960204920316316
514	4.061969821338318	0.8952806145420766	1.4386774103010909
515	4.589371443503773	0.882105675350511	1.3635511478840112
516	4.283315892856536	0.831991839913897	1.0777915631910056
517	3.7159560195155406	0.8283915472669549	1.0572619405309165
518	3.244949975826692	0.6931085795067743	0.2858501268795102
519	3.3781377052019805	0.682394785520402	0.22475782984500034
520	2.635242040985605	0.6057785949565773	-0.212123734009176
521	4.094603396488256	0.4871954020307471	-0.8883099342236171
522	4.695396054884141	0.47951725992320987	-0.9320923085070407
523	4.656271390836706	0.6055051915780079	-0.21368273733097276
524	4.247272060032165	0.6938207345831122	0.2899109842670623
525	3.777852384516588	0.619341270060761	-0.13478652021719206
526	3.192050770319625	0.4775895164516253	-0.9430847054975171
527	2.621637024373499	0.4637469917908166	-1.022017680068554
528	2.6897795124004893	0.512081163387444	-0.7464061112952428
529	2.9572304779411787	0.7243561565617269	0.46403035523541203
530	2.740007994117576	0.8044365459281897	0.9206655061481553
531	3.041790814368219	0.8494354677097311	1.1772587819949174
532	3.298152470060627	0.8285031904117078	1.0578985531230376
533	3.1755403929338923	0.8172161203921254	0.9935373160894774
534	2.710891329005829	0.835137545731386	1.0957290365482184
535	2.384947672653409	0.7204894609299829	0.4419816469648385
536	2.7338555125476685	0.5430344161960091	-0.5699041814307659
537	3.403962787057271	0.3969964320821122	-1.4026433506882257
538	4.021780503186347	0.5972913168871195	-0.2605199709998563
539	3.9239632821127777	0.7442072198543511	0.5772252754164834
540	4.373484363387601	0.8100525583324965	0.9526891850045727
541	4.431917158408063	0.710249810519004	0.3835930158942052
542	4.6867715139393775	0.7202528300299031	0.44063232801642455
543	4.9960512145221525	0.6878411451356126	0.25581411296864714
544	4.353991770056301	0.6182996145053309	-0.1407262583417938
545	4.450123319329875	0.7209143854486189	0.44440465555943853
546	4.852185771923092	0.6974304200836667	0.31049416694553655
547	4.82805710153768	0.8528018570356648	1.196454638933677
548	3.7263030996425526	0.891834082693114	1.4190245639122632
549	4.168048631809968	0.8814145667163836	1.3596103017175714
550	4.316533572797726	0.7524383181553842	0.624160721717447
551	3.8075472598597537	0.8121891394891526	0.9648724182109236
552	2.839370020849272	0.8651482954692731	1.2668566165210475
553	3.3511992575543683	0.8182650675244536	0.9995186323125821
554	4.244316024659372	0.8080545083021773	0.94129588529232
555	4.268842980216285	0.7976607201267517	0.8820283284086841
556	4.422791144689551	0.7107120915568291	0.38622903918456847
557	4.114534945005388	0.7515725797551344	0.6192241000529349
558	5.100908551086448	0.806409634102841	0.9319164681317818
559	4.609487324558471	0.800609881127802	0.898845062061387
560	3.9638286542783856	0.6983828703311933	0.3159252377227512
561	1.9172001081314527	0.7300654536545832	0.49658596292197926
562	1.8044368165761764	0.6115459811459796	-0.1792368901288598
563	2.5892820857275662	0.15731564182635802	-2.769353411605556
564	2.778825155921476	0.4477980450570219	-1.1129619144348226
565	4.187296741624398	0.7376256878025175	0.5396960013270052
566	5.2646708564892375	0.820593225999024	1.0127942795065434
567	5.885850249275059	0.7769577402639802	0.7639756015329665
568	5.963527282916125	0.7825289083372844	0.7957435686225336
569	4.743767985086416	0.7690676420743165	0.7189846092805948
570	3.567471048501676	0.8344488203833369	1.0918017803781137
571	2.6257094661818257	0.8663844099245915	1.2739052000171482
572	2.3854098257465197	0.760562486655943	0.670486431902453
573	2.0941261071579875	0.6403813003361046	-0.014811861302585914
574	2.438329372635676	0.5753804992826715	-0.38546004162866876
575	3.216643155198515	0.7346752487929848	0.5228719802022902
576	3.5136687678111316	0.8249714009201118	1.0377595498009282
577	3.2028997551663143	0.8918922879199842	1.4193564623054407
578	3.1131412483352165	0.8710736360742194	1.3006441495582208
579	3.025485487093158	0.8756062314120652	1.3264899574082811
580	3.0851193229088505	0.8444335948888813	1.1487370556588608
581	2.9146363148155063	0.7141976950597642	0.4061046803268841
582	3.2460407391532784	0.6877539803684867	0.25531708121211233
583	4.4033852564765565	0.7233147424076418	0.45809199363183484
584	4.207604856285472	0.7594213262506341	0.6639792962851518
585	3.2329291344220668	0.8517069470852426	1.190211233096089
586	3.9081128881092786	0.8812286972315648	1.3585504349896274
587	4.4270911340738754	0.8385859262724049	1.1153924245663116
588	4.932130709254379	0.8333438883751538	1.085501226668315
589	2.8492516150421863	0.8403103993978263	1.1252257314733023
590	2.536722693567211	0.7903906511440802	0.8405728725434989
591	2.0956257157507485	0.7149760910375235	0.41054325720676693
592	2.0829657176490413	0.6313155916001737	-0.06650643109068549
593	2.2788755425902285	0.5262930634853209	-0.665366880626009
594	2.3553801998788053	0.5446177917054031	-0.5608754426795719
595	2.0696935844450666	0.5396080738837877	-0.5894419028529244
596	1.6012159217571502	0.4741409360735351	-0.9627492330284414
597	1.5922141803370449	0.45373607719181575	-1.0791020116365495
598	1.9086370593295163	0.5591476344433298	-0.4780232364919955
599	2.1688607743068955	0.5532755152578066	-0.5115072898497827
600	2.7182255807788906	0.7802625111506929	0.7828200972269157
601	3.5596830132240216	0.7218370762082765	0.4496660315044777
602	3.640755340109763	0.7546529481722071	0.6367890058697631
603	3.0965270830478153	0.8137710479147484	0.9738927913430577
604	2.610318273225155	0.830402969295543	1.0687314901777147
605	2.2006211692280404	0.7350219846720545	0.5248491407995155
606	2.4269116708733254	0.7581477327368684	0.6567169993487757
607	3.6048473365025524	0.6455775363205558	0.014818164496611826
608	4.592812798646211	0.47829304679816786	-0.9390730281254824
609	4.231640380274709	0.39472696898852594	-1.415584304527602
610	3.548193180377906	0.13634851154174346	-2.8889123795060274
611	2.541381514501298	0.5113017829697758	-0.7508503016576515
612	2.537639293237922	0.7593295043840333	0.6634557087721037
613	3.392324061475403	0.7864499355056028	0.8181020866929751
614	4.067319334347977	0.8226592923880451	1.024575422740364
615	4.413452296669311	0.8077163635220854	0.9393677129406471
616	4.15437880207981	0.8257026398702079	1.041929227433268
617	3.386192088316424	0.8403518348633152	1.125462005175096
618	3.147974328057195	0.7584210153662697	0.6582753141335281
619	3.1832479643196803	0.8085867944510992	0.9443310923868985
620	3.1447736811188154	0.8727142309561742	1.3099991651548588
621	3.7060717045998333	0.8271265844039107	1.050048857372419
622	4.30622331549784	0.8173313270598771	0.9941942486360238
623	4.0658289584226655	0.8172945026993705	0.9939842684205152
624	3.2906336299028958	0.6910987078718362	0.2743894179019945
625	2.7042798595889406	0.5010157776109098	-0.8095032583489702
626	2.6774394792951046	0.735554737681391	0.5278870100299501
627	2.9545904758760653	0.7848825489378113	0.8091645202352646
628	4.904015820826434	0.6890360219573377	0.2626275508418539
629	6.029063182872435	0.6764796069957996	0.19102824311812996
630	4.8064533913557375	0.7671319680185027	0.7079469904379895
631	4.6787986110757345	0.7897994497696658	0.8372017184949069
632	5.020732337980385	0.7380221984570166	0.5419569881177554
633	4.407823730663855	0.7888874004217699	0.832001022108299
634	5.276396014934676	0.7634830319417798	0.6871399927541955
635	4.490070781485571	0.6426639458318513	-0.0017957386453815959
636	2.931675733820914	0.8238676825870802	1.0314659167210158
637	3.478390915646352	0.8377428597007393	1.1105850824164087
638	3.478900166878719	0.7990409161029005	0.8898984949106693
639	3.62794718386255	0.8430075465308761	1.140605429272947
640	3.6691117648482243	0.80625682227521	0.931045103088185
641	3.4737235158743793	0.8549254537613784	1.2085638321955439
642	3.899024959154257	0.7981319554508985	0.8847154109148953
643	3.3791776965010945	0.7449558820313551	0.5814943039374917
644	3.0792873021456058	0.6624105903795727	0.11080376398447654
645	2.8420454977056098	0.46899662137536036	-0.992083192779734
646	2.3009955839565235	0.26441156014875505	-2.1586700568894113
647	2.3488100697001975	0.35749886653405255	-1.6278667411763539
648	2.8771413532153622	0.5865531475048453	-0.32175126164658824
649	3.187941496637372	0.5346786523712797	-0.6175504966557829
650	3.262804574104773	0.49064304644845147	-0.8686507437348254
651	3.569515124333768	0.5940168152827446	-0.2791918649068047
652	3.849977381852682	0.36214446587719296	-1.6013765608223673
653	4.227044280423075	0.25394702771551336	-2.218341012346651
654	3.904347776256486	0.25370567124191595	-2.2197172775049103
655	2.280042173525154	0.5648676785795986	-0.4454063469132026
656	2.097856740265586	0.6002982905375728	-0.24337357751290806
657	1.7186351978892533	0.5124558090975493	-0.7442698029964676
658	1.687423544295967	0.5184997861033431	-0.7098057803563672
659	2.159644555411011	0.45029531229004094	-1.0987219736847762
660	2.4019078984291893	0.6113015808423616	-0.18063051184334708
661	4.033567637286801	0.7033315828566216	0.34414383292127926
662	4.702903441187699	0.8367100374103827	1.1046957134191533
663	4.895152161739429	0.8688327010135383	1.2878658685369209
664	4.100960786456646	0.8201234763468604	1.0101156686131163
665	nan	nan	nan
666	nan	nan	nan
667	nan	nan	nan
668	nan	nan	nan
669	nan	nan	nan
670	nan	nan	nan
671	nan	nan	nan
672	nan	nan	nan
673	nan	nan	nan
674	nan	nan	nan
675	nan	nan	nan
676	nan	nan	nan
677	nan	nan	nan
678	nan	nan	nan
679	nan	nan	nan
680	nan	nan	nan
681	nan	nan	nan
682	nan	nan	nan
683	2.6867304858717733	0.8178832564218582	0.9973414654452238
684	3.192962069177183	0.7990512669097772	0.8899575173791864
685	nan	nan	nan
686	nan	nan	nan
687	nan	nan	nan
688	nan	nan	nan
689	2.614656067244803	0.7719130489430915	0.7352097151424722
690	4.050907131839339	0.5538914410474102	-0.5079951520078997
691	4.121161694105864	0.6458664838456958	0.016465803797469314
692	4.945191022198658	0.6617847336757005	0.1072349979896629
693	4.809174092631872	0.6867128698790916	0.2493804511681925
694	3.7402684020431822	0.6855001625267635	0.24246533987534868
695	3.472571947820518	0.747140912558321	0.5939538055998038
696	3.455901729839476	0.7397852937878049	0.5520105269281604
697	2.6387631602492574	0.8072210658863986	0.9365434220948127
698	2.3453616754602162	0.776808960296764	0.7631272270018231
699	1.8760842184205284	0.7343158193752983	0.5208224383895415
700	1.8671212695503425	0.7776233266171501	0.7677709143084118
701	2.924990550361417	0.7047562473582575	0.3522675682683628
702	3.2862452084721863	0.7334539902117656	0.5159081080114779
703	3.8355749639171752	0.5707104635702991	-0.41208956327757545
704	3.528010314307785	0.5257217262275533	-0.6686247653214602
705	2.9459955937074462	0.6223309682076691	-0.11773863526936162
706	1.9853159684511643	0.8439348776449492	1.1458932654906644
707	2.438122595525652	0.7394989570796308	0.5503777750524096
708	2.8820246339094444	0.638559819994445	-0.02519832367219415
709	3.2415568810046307	0.6746635708781559	0.1806728248540111
710	nan	nan	nan
711	nan	nan	nan
712	nan	nan	nan
713	nan	nan	nan
714	nan	nan	nan
715	2.9401957374942262	0.8243273459433073	1.0340870134427023
716	2.7995265304600414	0.8042320788924251	0.9194995922899474
717	3.07950079977864	0.8066091870097759	0.9330543605982666
718	3.4585394791139676	0.8407172403762653	1.1275456239345745
719	3.2124543191925623	0.8237715638473622	1.030917827537585
720	2.8483695658408874	0.7107243826454797	0.3862991255461012
721	3.6973534661990843	0.4155093290666297	-1.2970789350399479
722	3.092337038162711	0.1583156434666843	-2.763651192828201
723	2.288833018487891	0.41985787421021104	-1.2722826199420876
724	1.634546490119026	0.6209126436827898	-0.12582621874123662
725	1.5836254125487204	0.5987652927586969	-0.25211505189438793
726	1.7603426831369038	0.5807288089815053	-0.3549628596621959
727	2.322050439345194	0.67177897179709	0.16422423678986625
728	3.1272428430338994	0.6875885413635531	0.254373713359104
729	3.606757578054619	0.7051000756224468	0.3542281490366166
730	4.122450152734922	0.728834530846897	0.4895669832879326
731	3.8654066193105088	0.7612609683518803	0.6744693208114287
732	4.463162525810541	0.7115717200259476	0.39113082074220407
733	4.407672362891458	0.7042108435303721	0.34915756142117926
734	5.207502600695104	0.6818247778252137	0.22150752659381814
735	5.283722149421299	0.7112382481237587	0.3892292941189461
736	5.352605363126976	0.5619808879005254	-0.4618674319281586
737	5.768955056644914	0.5446855097767478	-0.5604893000549841
738	4.7806952090022925	0.27805681685650674	-2.080861945499324
739	3.264417863530674	0.12752883393367306	-2.9392040282782745
740	2.5367349140163804	0.15532211274265487	-2.7807209319334105
741	2.5323202371642997	0.18020188741437476	-2.6388512463365297
742	3.304336204529287	0.4621465956385261	-1.0311434740900725
743	3.4696724556023337	0.4332964894235536	-1.1956528216287827
744	2.767112844531092	0.3257112203586669	-1.809126556760331
745	3.2453018401270146	0.7509338460222221	0.6155819065417781
746	4.0988144726636335	0.8416939544130443	1.1331150519195234
747	6.057152090432511	0.7589456862408392	0.6612670973389294
748	6.098977153009676	0.6810785468559859	0.2172523613287028
749	5.115444592457102	0.7101657908417155	0.38311391809857975
750	4.579355714669032	0.7903215037802935	0.8401785797940784
751	3.7889301115472276	0.8278286517792741	1.0540521925764086
752	3.143326500625375	0.6224414598457931	-0.1171085888091917
753	nan	nan	nan
754	nan	nan	nan
755	2.9027514090267488	0.4491200145569642	-1.1054237674941811
756	2.8720060324306647	0.45676634629629626	-1.061822782592114
757	2.1046124087162186	0.5808578911488236	-0.3542268061112595
758	2.273766890647682	0.7165066600712249	0.419270882374625
759	2.8498789364300503	0.8014372950161788	0.9035631493331315
760	3.270385234462268	0.7658965982477746	0.7009026532893775
761	3.02407980328538	0.8243177076022503	1.0340320536034968
762	3.388934326786339	0.8663626831916171	1.2737813096356316
763	3.626856222969938	0.7973031086731519	0.8799891530078828
764	4.27397216438486	0.7554536882099082	0.6413549932588137
765	3.744639508360261	0.6245329296851412	-0.10518258978151825
766	4.397753356019999	0.6248713203832277	-0.10325301515393895
767	4.03040047959895	0.6712359342546058	0.16112772299759687
768	4.64925740066897	0.7760273534358191	0.7586703409935801
769	4.198805862541088	0.7875633982394981	0.8244512843873223
770	3.1773941317223606	0.6770875032934072	0.19449459511508463
771	2.6158002379925387	0.6662645341882205	0.13277975868921918
772	2.2992837515606386	0.42331759795383106	-1.2525545506072255
773	2.271952769420711	0.32711081944332643	-1.8011457496701433
774	2.073730428381186	0.3922207867841279	-1.4298750803114593
775	2.41980638546711	0.37431564878768303	-1.531973926930507
776	2.9850268546090506	0.13594440198942187	-2.8912166968035513
777	3.1977419444517947	0.3274745715604096	-1.7990715589201585
778	3.6629783428801637	0.5800679325877657	-0.3587313152625919
779	4.2424585252294555	0.6389636969794726	-0.02289533252208473
780	4.711034001231451	0.4173488679708483	-1.2865894989647342
781	4.44804422624017	0.5515734506158705	-0.5212128188910693
782	3.811392658070166	0.5497933398795475	-0.5313633831072652
783	2.961261483273954	0.5079226100429954	-0.7701190533656299
784	3.0076984434173677	0.5624251561037881	-0.4593341215927875
785	3.4451999700717524	0.31578581934680733	-1.8657232719458603
786	3.023337758524244	0.5128335090233458	-0.7421160789201952
787	2.8343248374411814	0.5720861384641605	-0.4042451769336157
788	4.82328410544434	0.548861411570051	-0.5366774334960488
789	5.201715991710948	0.6456849599201324	0.015430716358463747
790	5.4755393759168465	0.6564471111677749	0.07679875662390104
791	4.786605943899542	0.6881164130684498	0.2573837483693615
792	4.2192320404143775	0.7966282581823515	0.8761410141795365
793	3.4644785716030295	0.8902408294962338	1.4099395005183994
794	4.596417477542389	0.7807376971300501	0.7855297071964982
795	5.077439228582503	0.7047881595329979	0.35244953817190383
796	5.535522638366086	0.7391834369257476	0.5485786130575158
797	5.844681506169104	0.7243959309721518	0.46425715725336586
798	4.336697206241617	0.6845613478445621	0.23711202194723116
799	3.4820884793908307	0.6677902855822944	0.14147991266699217
800	3.588624368804598	0.18515017056093538	-2.610635099546227
801	3.590219064123833	0.3130762116158204	-1.881174022684489
802	3.4687900281589146	0.3962491492939344	-1.4069045136452702
803	3.58779591703975	0.3975979521626136	-1.3992133572165426
804	3.602646892906753	0.7015071455863867	0.33374050952568374
805	3.906792723153243	0.6916523296266268	0.27754628508942153
806	5.272832222498854	0.5949793516388446	-0.27370328102623237
807	5.892267561443581	0.4906027705108613	-0.8688804055657073
808	4.860460543980769	0.7048690419201256	0.35291074648200843
809	4.323291050046623	0.8164301236747201	0.9890553982003567
810	4.9177685863031435	0.7956301389722726	0.8704495294136776
811	5.930731586319529	0.7562130107579252	0.6456848094478745
812	5.748139143103697	0.7882479840867935	0.8283549362572196
813	3.7865578090792216	0.8013968739072416	0.9033326597048265
814	3.218100379185785	0.6561835825336931	0.07529606116318012
815	2.950553251854066	0.38598995857595664	-1.465404567638618
816	2.8706667719868957	0.4703972415659046	-0.9840965631299478
817	2.9467397054421838	0.3760412946973506	-1.5221339325621355
818	3.653540896742393	0.2680327341515779	-2.138021364365036
819	3.6028362880804767	0.6480944672412263	0.0291702317116928
820	3.449792546064464	0.742634423991074	0.5682568640230787
821	3.2984570103577173	0.3921615697865721	-1.4302127480329756
822	3.33382652290504	0.3855082895929013	-1.4681511450529827
823	3.3132652993385556	0.45688222128323797	-1.0611620391495842
824	3.9092053513085263	0.4638124761091218	-1.0216442747715984
825	3.928132688256927	0.4850344202143362	-0.9006323051019706
826	4.241138571678709	0.5807229595433187	-0.35499621438374784
827	3.6751185222500045	0.7640829837469028	0.6905610435912363
828	4.95828935479141	0.49651873005122754	-0.8351463653233885
829	6.191199810071744	0.41198058161814405	-1.317200591995165
830	6.221241468378601	0.5824071185230228	-0.34539278717838073
831	6.455465106238036	0.6672735325295136	0.13853327853961134
832	4.757950719655328	0.8254536200735794	1.0405092644022025
833	5.655139102403029	0.7995831055460166	0.8929901726627296
834	5.627116408025902	0.7700710529011328	0.7247062679532809
835	6.36058300575801	0.7277705763385139	0.4835000918636602
836	4.525368942846993	0.7846122029982616	0.8076229510710591
837	3.857694259134781	0.8752028108517451	1.3241895688874405
838	4.061780934255613	0.7702742610387319	0.725865003310506
839	3.7253880737509326	0.7536156842190196	0.6308743095808552
840	4.356390221968944	0.7583112595884841	0.6576494637031147
841	4.156733152820042	0.7723124829828958	0.7374873716884591
842	4.052742380693479	0.7847877417500254	0.8086239097956213
843	3.883619379178366	0.7522098075234209	0.6228577062384112
844	3.8527621598122503	0.8113663191869922	0.9601805245297917
845	4.709231875225208	0.7834813844671357	0.8011747869861842
846	5.238768806790449	0.7474928459479223	0.5959606034905632
847	5.045181694810521	0.7101067088060562	0.3827770199580618
848	6.185870005997885	0.6828946455624246	0.22760813648723854
849	5.820188647566438	0.41556048752676356	-1.2967872187864617
850	5.216341179779782	0.44545056569818886	-1.1263477333571044
851	4.28012701722599	0.47421493313286667	-0.962327286299382
852	3.9106502442526865	0.4053578863857498	-1.3549645871607523
853	4.275669740663585	0.36231623111790734	-1.6003971194480722
854	4.346760668664799	0.46748442994868633	-1.0007060249836124
855	4.179363105800215	0.33320195118069534	-1.7664128408752755
856	3.8233387655129087	0.3403378261761763	-1.725722587228475
857	5.1903804241360625	0.40956154515136506	-1.330994444532721
858	6.017274669770625	0.4103936510971859	-1.326249602166802
859	5.894911872249106	0.5199647944526636	-0.7014519959408214
860	5.988441196844885	0.6092022311138108	-0.19260144364949186
861	3.8761695496934823	0.43054727319542446	-1.211329428313081
862	3.568607122935226	0.1075569108068389	-3.0530881165449455
863	3.7717525625444135	0.27748009479306807	-2.0841505354844183
864	4.386387836321951	0.49559557858938813	-0.8404103682887499
865	4.735416730204167	0.6367318176832203	-0.03562197567811857
866	4.444747740940642	0.5931138009585708	-0.2843410416959997
867	4.711166065816173	0.5116758120377407	-0.7487175095815001
868	3.6310446468660427	0.2250562243043691	-2.3830824238208965
869	2.5371024584210016	0.34353440349916153	-1.7074950338932147
870	2.457122050281884	0.580316815652928	-0.35731213190298106
871	2.154344052050096	0.7714409922933125	0.7325179492655012
872	2.244789416103514	0.7600399451777361	0.6675067909610582
873	2.2122701378420464	0.6681938929792628	0.1437813665695298
874	2.3441803516363464	0.7525542681890773	0.6248218930922702
875	2.29898425816768	0.7532924335861942	0.6290310667760861
876	1.7009055554443158	0.5933570908635084	-0.28295375170733167
877	1.5495926693104056	0.524519098333295	-0.6754824014335106
878	1.8069085165319694	0.28561207483879003	-2.0377802822329674
879	1.6757184392215825	0.10429632116324679	-3.071680681538014
880	1.371933764951097	0.13416728210502743	-2.9013502065556955
881	1.5795329160755702	0.4077330258843634	-1.3414210443287486
882	1.8013768691320007	0.6287016579849541	-0.08141162798476494
883	2.1779337271515464	0.7147018426960506	0.40897943572953943
884	2.3929917891841925	0.6624466708658368	0.11100950247326911
885	2.3009875085314717	0.6086521861708502	-0.1957379151067948
886	2.4243457803755586	0.5410585270554742	-0.5811711151084495
887	2.935598399370933	0.45872441021195576	-1.0506574920796978
888	3.1582636328954696	0.5476156169926054	-0.5437812150757668
889	3.404396757422077	0.6222315275005867	-0.118305667006403
890	3.1008686049786105	0.7479074623264923	0.5983248329117364
891	3.0331721960763582	0.6039480099624579	-0.2225621130138412
892	2.8572496153651277	0.8153531892605685	0.9829144926350901
893	2.742662390406806	0.8701834101130658	1.2955678946931555
894	3.057308031172687	0.7959276148196908	0.8721457989941994
895	3.1827989097764964	0.7688063393812392	0.7174946066016462
896	3.450283851454785	0.7833495783310307	0.8004232007947623
897	3.2704998939350585	0.8232322815192749	1.0278427267642383
898	3.4965313434983445	0.7021680900415386	0.33750935322650627
899	2.851871534123136	0.8041974954317853	0.9193023901547772
900	2.650873816184229	0.748157334417171	0.5997496559019672
901	2.373899651367011	0.6753733774449271	0.18472029054817982
902	2.545912264383592	0.6793716463768127	0.20751925733075052
903	2.902115321716882	0.6633106651287787	0.11593617870158748
904	2.91427694432501	0.5775075130629593	-0.3733313636060072
905	2.9044866458093623	0.7043497725000122	0.3499497635011096
906	2.429905876407808	0.6802522730220328	0.2125407748860372
907	2.5611623480636547	0.7733088809138277	0.7431690413601448
908	2.872484781885487	0.7995923737408775	0.8930430218508079
909	2.2893041929046536	0.8116771480321505	0.9619529356998646
910	2.0104572285046594	0.6692861135076975	0.15000943675971615
911	1.9674431165616983	0.2921355352028522	-2.00058214506876
912	1.7761544636249322	0.4793980338467382	-0.9327721605638688
913	1.9393450432130424	0.41618908420407097	-1.2932028288893052
914	2.3780072600859	0.20241742656426898	-2.5121735896396165
915	1.9221957562585548	0.17920398670668122	-2.6445414851560276
916	1.8025808944346136	0.45322100012184996	-1.0820390889589286
917	1.6756871305142453	0.48624027795333136	-0.8937562517388239
918	1.6464399164329089	0.45981481089203974	-1.044439799045927
919	1.4041552725503623	0.41961783148399756	-1.273651393837634
920	1.2916880443981074	0.5586420872897477	-0.4809059722353627
921	2.0929853417088147	0.43587295044756513	-1.1809613012974265
922	2.1337811653862184	0.6034589441158047	-0.2253508688935208
923	3.0650500452891176	0.7878484713238824	0.8260768308155906
924	3.9379122440374283	0.8500435049077077	1.1807259374352843
925	4.1471901117087056	0.7821053018747561	0.7933280758598921
926	4.143475114230053	0.7037351414651444	0.34644500862188254
927	3.8437367194154515	0.7630871089667907	0.6848823570350852
928	3.74561236162632	0.7478098226377942	0.5977680709586981
929	4.399565817000633	0.6679343995603834	0.14230168075096286
930	4.267447578928015	0.6952488161920022	0.2980542046753322
931	3.5214403886864027	0.8178633766717052	0.997228106946557
932	3.538403706552342	0.7586200234530444	0.6594100999213611
933	2.853278235058462	0.5598730736239215	-0.4738866303599802
934	2.4598672324245614	0.7056077920263306	0.357123254299497
935	2.5251233837792473	0.5800280332818544	-0.35895882946076524
936	3.29295309089934	0.45420080752029257	-1.07645202197795
937	3.4234580358052606	0.4898755442073863	-0.8730272022466696
938	3.4630941553345	0.4743547257315856	-0.9615301596255794
939	2.923822429889416	0.5647363223329799	-0.4461553677405564
940	2.8651620565183986	0.3619940255862318	-1.6022344028672162
941	2.7327849679156073	0.4435537964296561	-1.1371635089550418
942	2.2647178243929202	0.4488043762156967	-1.1072236034182918
943	2.230839364858005	0.3312581300523169	-1.7774969160318357
944	1.448215214495068	0.5718182066409548	-0.4057729803008539
945	1.456254767072955	0.7851200255363757	0.8105186615335477
946	1.691378998172036	0.6996085076368697	0.3229140783174275
947	1.657113094687948	0.6622688547673581	0.109995557840808
948	1.7403597950298817	0.6128963211678492	-0.17153696853072398
949	2.1977123294288385	0.6584936165631337	0.08846835897531972
950	2.784331930014136	0.7183361188536841	0.4297028394845484
951	3.875399355349696	0.6893490934492938	0.26441275005363174
952	3.900923065324676	0.7520440329739966	0.6219124250404456
953	3.059971651595189	0.7459434345510567	0.5871255352219023
954	2.89542299592442	0.8204570284797599	1.012017652728688
955	3.251784545368465	0.8753608116999535	1.325090522813074
956	3.264525229335561	0.8596927360335814	1.2357478740943555
957	3.675029669902951	0.8243162229834564	1.0340235879962194
958	3.2152700234158673	0.7472616482728998	0.5946422659292724
959	3.7252292379645695	0.7623062257076544	0.6804295971558948
960	5.0936916824033185	0.7444713809825483	0.5787315774911098
961	5.693008680957366	0.5654472424991934	-0.44210155206915325
962	5.17152166885495	0.46219328119213277	-1.030877263286338
963	5.044051429089029	0.539828626678945	-0.5881842646259171
964	4.517048422959526	0.5656918357524962	-0.44070683011515505
965	4.606892792308739	0.7787581767164213	0.774242067239158
966	4.080675069219484	0.8294071397248663	1.0630530614152323
967	3.650086357216563	0.7258184705089413	0.47236877560587676
968	4.483215375251448	0.6192087056381884	-0.13554243031685556
969	3.770094797293724	0.658610308373834	0.08913376011798417
970	4.551827264273301	0.8033863611467384	0.9146771325905576
971	4.732374191281014	0.7412206753610919	0.5601953732622094
972	4.3891867676904575	0.7055702733143581	0.35690931474651555
973	4.042742968084973	0.6813018038292431	0.21852541934555503
974	3.1633420005110655	0.6981436928519694	0.31456139764674307
