ID	SN	ssim	z_ssim
245	0.3145496158632686	0.32809575042904454	-1.6147800084814166
246	0.4059819681020594	0.4150913392129847	-1.0313092677982059
247	0.5342238539039154	0.5263024617544794	-0.2854273564446044
248	0.6030116693851162	0.6498461461464797	0.5431678177079544
249	0.5984933100450928	0.608584477269515	0.2664299182581337
250	0.5100001234020036	0.69007245065064	0.8129616315331865
251	0.5186722160350093	0.676118345994515	0.7193728428015982
252	0.47296561091452105	0.7439853525228246	1.1745500893786702
253	0.3926346372646606	0.46349784066810934	-0.7066516885725515
254	0.40704645584187715	0.6125885065017291	0.2932845431246818
255	0.558019827283745	0.7026527092855623	0.8973361719703391
256	0.6046536529565968	0.6833585661730017	0.7679322777028654
257	0.5635817584817385	0.5763323547503416	0.05011814799580392
258	0.49851747448602396	0.5508717474508462	-0.12064360678897833
259	0.43954553807781904	0.47872722215931385	-0.6045097452507004
260	0.45310931935977833	0.5712596497203024	0.016096021098137434
261	0.41760478166134035	0.6175707781240191	0.3267001421726084
262	0.4696985328775255	0.6469041869946764	0.5234363909844043
263	0.518614768279073	0.6806269240547533	0.7496114263551696
264	0.5416797517784907	0.6245250491464172	0.3733417445925631
265	0.4431080256661321	0.4613722511686614	-0.720907805428218
266	0.4198266030966657	0.5016537108672742	-0.45074407121265847
267	0.48024605055305797	0.4466679644089852	-0.8195279907366299
268	0.4011211363677076	0.4285164664726451	-0.9412682777266902
269	0.40150578852495117	0.4464299305054263	-0.8211244603962833
270	0.3878421032287073	0.5062197369433336	-0.4201201895444303
271	0.651546472617903	0.6755280427118653	0.7154137375369534
272	0.6765410994483555	0.7261733394750824	1.0550866936904546
273	0.5234382676705259	0.6325930240581495	0.4274528479641753
274	0.479906148534617	0.5799141776773981	0.07414107726680547
275	0.48042078989644466	0.5616902532092882	-0.048084967251050166
276	0.5800374521053459	0.584994488828745	0.10821421766176782
277	0.6578702276881481	0.7353275145705584	1.1164828334023937
278	0.6273703559914076	0.6790655227856198	0.7391392637117551
279	0.7900655042378879	0.6737585911330072	0.7035462022084263
280	0.8034806378730436	0.6699384898397767	0.6779251636913841
281	0.6936510002686651	0.6037067583242292	0.23371554359117508
282	0.7101155904706751	0.7425113115695126	1.1646638436638168
283	0.660404419598286	0.801449824141843	1.5599585714315853
284	0.5933846186078633	0.714741436913022	0.978414062945124
285	0.7004287153201543	0.732889290941216	1.1001299106065385
286	0.7316626342039794	0.6998050306776755	0.8782370754552503
287	0.5874636919511462	0.6327221229242637	0.42831870118829735
288	0.6215060371143117	0.5370075668015616	-0.21362928417193636
289	0.6492838606855267	0.6039816714867132	0.23555935876364914
290	0.6187143407439336	0.6225906092335036	0.3603676489565417
291	0.6551645749241828	0.6342709525732169	0.43870654722852864
292	0.6548165858971262	0.7159784438152281	0.9867105449110425
293	0.6537283336570897	0.6664815027936469	0.6547394962278639
294	0.7969910676339472	0.591270602303604	0.15030748502136312
295	0.7580643128638659	0.5491353368358516	-0.13228953966699272
296	0.7791233451127499	0.5670335664558713	-0.012247898024135607
297	0.6886239054306776	0.632568047367105	0.42728533178746725
298	0.7327654193606878	0.6548654423515703	0.5768317369414461
299	0.6944175414021083	0.8090012912043423	1.6106055081532173
300	0.5655342952559329	0.7759787394514687	1.3891265458307538
301	0.5471205576459611	0.7549205313625766	1.2478912436408658
302	0.5653332227873307	0.7206121406672552	1.0177882877270414
303	0.6678261296330441	0.7371686212377333	1.1288309522643885
304	0.7542973647769073	0.7490937811639578	1.2088118109743693
305	0.6024943535554366	0.5363639092581369	-0.21794623114428274
306	0.5583561657317577	0.5203675313076113	-0.3252323432507484
307	0.7080343264876449	0.5253648812634077	-0.2917156153232738
308	0.7228314469228826	0.5735684735016822	0.031581072014619585
309	0.619842064683569	0.6458889369898344	0.5166272104203758
310	0.48603842597694225	0.5937754954454117	0.167107553590503
311	0.5544306056738855	0.6013560792347097	0.21794977329589252
312	0.504511934434412	0.5275298538188017	-0.27719536023779157
313	0.51065085998099	0.5457069683106901	-0.1552832655635896
314	0.4263822113447106	0.5653184895805823	-0.02375074763687689
315	0.44074531926131755	0.5144870532218648	-0.3646721234996437
316	0.4727507619614637	0.5614661216660052	-0.049588195166371446
317	0.5655563022552282	0.5845808549057284	0.10544001617859136
318	0.6564027278435344	0.6671043889586645	0.6589171316361001
319	0.674160948936044	0.6340599230434381	0.4372911932115351
320	0.6237996583592146	0.6193977693280954	0.3389535900308857
321	0.5794015082952195	0.6340155113378222	0.43699332832973
322	0.5450838303804385	0.6902474198193722	0.8141351323037879
323	0.5641863264615106	0.5911443154611257	0.14946049175941337
324	0.6259313238126896	0.657904580901909	0.5972149362023763
325	0.6680858005120239	0.5505674157326655	-0.12268472928153684
326	0.608835044169111	0.6226630223718876	0.36085331665623455
327	0.6775005885462895	0.7205718729756034	1.0175182163337435
328	0.6861251077859817	0.29874179158425984	-1.8116540839208919
329	0.45011145764576965	0.35189884738198585	-1.455135010340421
330	0.362123731686886	0.31475821594166437	-1.7042335225620775
331	0.2735704501937729	0.34039887872212027	-1.5322641536176738
332	nan	nan	nan
333	nan	nan	nan
334	nan	nan	nan
335	nan	nan	nan
336	nan	nan	nan
337	0.12358081479986247	0.19213869827816835	-2.5266304026041797
338	0.2536408724718728	0.23108869131329762	-2.265396682555972
339	0.29790897027278296	0.06341990006264045	-3.389934549222374
340	0.3645054017020734	0.0420824851856649	-3.533042463503565
341	0.42423351853440505	0.012859896209793931	-3.7290354543295563
342	0.4455530334815261	0.01078130592072448	-3.7429763521669437
343	0.5303823848837395	0.5317214984961406	-0.24908241728568575
344	0.5813525207611231	0.5301797245602096	-0.25942294136211813
345	0.7519926721836526	0.600854538921846	0.2145859924201079
346	0.7044883398946423	0.732146547829653	1.0951484066073265
347	0.5884638254657472	0.6622571755201064	0.6264073543614251
348	0.4913880508095009	0.598635333298512	0.1997020015548829
349	0.4421277298796165	0.328422394841015	-1.612589236976142
350	0.37512838525360737	0.40558954909151457	-1.0950368268329467
351	0.481451007268545	0.3642524161738383	-1.372280856080202
352	0.44617313328744523	0.03003030892360106	-3.61387520811474
353	0.30520150305706406	0.030955867067685983	-3.607667581918706
354	0.28120648773126894	0.029229589381131484	-3.619245554255905
355	0.34657096072206156	0.1519038182087802	-2.796481731890428
356	0.48624151020010553	0.4664900371185594	-0.6865833252955381
357	0.6348556410963808	0.44663923498888347	-0.819720676092985
358	0.6910436686553953	0.380943276073605	-1.2603369227786738
359	0.7877597941141122	0.3978052069516152	-1.1472456334815095
360	0.7588218608412248	0.5942828893691157	0.1705105940505997
361	0.7397042789142525	0.6655500284783085	0.6484921908610629
362	0.6260987256596162	0.5992238972535364	0.20364944132255203
363	0.5174933586268382	0.4875751364604849	-0.5451676661525604
364	0.5946394134368255	0.48420804784008786	-0.5677503938373891
365	0.7108387468166074	0.6771080427326261	0.7260106401532732
366	0.6509865048016494	0.5450505467548604	-0.1596858194945893
367	0.7424402991724733	0.4511149236558067	-0.7897026784213694
368	0.6640645901261544	0.47952124535685464	-0.5991843108273598
369	0.6241228588859339	0.6120492410156104	0.2896677432730017
370	0.6036080598295765	0.6529377057646444	0.5639025998445152
371	0.5588774173225697	0.6252237532556175	0.37802788339353177
372	0.38166555061580765	0.22708176811991632	-2.2922707169315464
373	0.2405736957063636	0.4606068084653133	-0.7260415533264274
374	0.2508122514603015	0.48923240265637025	-0.5340525470029676
375	0.2700289170038691	0.4484156439510013	-0.8078064782885725
376	0.31192621911436996	0.3111515977111295	-1.7284227514614654
377	0.3951081797419348	0.503051051108251	-0.44137224952852605
378	0.4043090074397409	0.5303899050035983	-0.25801328208289065
379	0.3492781907875624	0.6885941620515772	0.8030468972817645
380	0.38597305019614636	0.7052551780526036	0.9147906705298203
381	0.42842193026125314	0.7243648874584784	1.042957586314233
382	0.4483250466501152	0.5842085350480696	0.10294290401283779
383	0.4089165781730623	0.6970089838679094	0.8594842682625675
384	0.40626153548623767	0.7467338956443674	1.1929842940704647
385	0.48862776690227216	0.8113387011149198	1.6262822833882475
386	0.5259438800694999	0.5198396664106132	-0.3287726804878129
387	0.6139795994853844	0.6316309684092882	0.42100043664233594
388	0.5502131552567815	0.5555047380789047	-0.0895706005467278
389	0.5023523755378575	0.6070318565763634	0.25601664606242314
390	0.4430044540743671	0.6186530155308232	0.3339586005630832
391	0.4913719876523582	0.6545274535691048	0.5745648798742731
392	0.5943987435949785	0.624463988001226	0.37293221357944345
393	0.5809041061975628	0.5444610385949745	-0.16363959195012923
394	0.5603506175556437	0.6076949683271777	0.2604640704641856
395	0.6110967125695796	0.6559838996984027	0.5843331188586327
396	0.629587518953943	0.7071352175597445	0.927399908067939
397	0.5806939031548436	0.6675543758095399	0.6619351485821091
398	0.5609171845298784	0.6488194572800976	0.5362819178400088
399	0.5117069068148544	0.6462793885788667	0.5192459303007527
400	0.4749054992361818	0.6274688992214615	0.3930858535497699
401	0.4531742991551579	0.5122530358548765	-0.37965545525285654
402	0.5079759393122999	0.5881422753338306	0.12932610792319582
403	0.6047669177579378	0.571398543464698	0.01702756759436289
404	0.5863740678379972	0.6000423115112368	0.20913846415464163
405	0.5778568539583191	0.6039980426240896	0.23566915834986218
406	0.5458236773128811	0.7297726730984592	1.079227065455894
407	0.5194996178113453	0.740702127561673	1.152529826895357
408	0.5351748644005623	0.8130135001972838	1.6375149938594582
409	0.5954816457409947	0.6005459652490761	0.21251641956103384
410	0.5314901604069362	0.5168183449300808	-0.3490363824378794
411	0.48789328420229083	0.556058688783037	-0.08585530840191798
412	0.4307159696132053	0.48610799124719817	-0.5550076628265557
413	0.4207485341261762	0.5758894939508865	0.047147924766217264
414	0.48188799622328915	0.6097559790468003	0.27428706388194196
415	0.542804581303782	0.6264874309241324	0.38650324353006
416	0.5111483964875257	0.45183326585510686	-0.7848848289079807
417	0.5135807667304224	0.5457661386661039	-0.15488641588899832
418	0.4939092279189717	0.6615008699431	0.6213348882586351
419	0.4066466853501362	0.5716447291665043	0.01867871055214331
420	0.44344240479042263	0.5933409606663618	0.1641931721496855
421	0.43153109458916894	0.596292296992757	0.18398749064833766
422	0.4396591526645574	0.5888599007860342	0.13413915028526663
423	0.4087397612459441	0.6257801861190275	0.3817598231331505
424	0.4326076059069281	0.6093514372296228	0.27157384224616316
425	0.5131963745275135	0.6719195166972988	0.6912117133202675
426	0.53243789127895	0.7121024033497476	0.9607143279427459
427	0.4835797683719584	0.6581513260291114	0.5988698311705148
428	0.4634774923385082	0.5743133853805	0.03657712171958828
429	0.494177396209991	0.5223981175521375	-0.3116134037542026
430	0.4598680165541197	0.6135083447423877	0.29945380649869857
431	0.454977654847912	0.6353499934005438	0.4459435664791424
432	0.49379080550426235	0.6839312814018489	0.7717734216441511
433	0.5008639404837144	0.5673972678993627	-0.009808588702963939
434	0.5245966853679818	0.552302031339901	-0.1110508353416047
435	0.48126454625421444	0.5703056147176205	0.009697403450580767
436	0.3904367964267844	0.40235068712936967	-1.1167595511048265
437	0.43023601762584746	0.38801612349218995	-1.2129000402913295
438	0.4604408075192204	0.5529549289948227	-0.10667191586266868
439	0.47777165908812735	0.6015979245050039	0.21957180541225388
440	0.6116871133239605	0.5563615055038704	-0.08382434684552512
441	0.5377378100833103	0.6836430408203629	0.7698402208011487
442	0.4792691630279065	0.6217562737947826	0.35477184435065723
443	0.5916473220746701	0.7735652620774576	1.3729395937022524
444	0.5226259213180745	0.5390633802112006	-0.19984114859407837
445	0.4519072362477769	0.5007131071955903	-0.4570526062622894
446	0.49040042796774835	0.5333850859758104	-0.23792490191597054
447	0.44451046009182094	0.8243652332666184	1.713649935809819
448	0.41413060606175905	0.7657528302261026	1.3205423921594466
449	0.4145330909666349	0.8099296955866759	1.6168322237854216
450	0.4619610855193217	0.5001625948599255	-0.46074483761258556
451	0.3962925368552068	0.6763678349198524	0.7210461401502763
452	0.4105897766613991	0.700471294236284	0.8827056387176586
453	0.4328583274779734	0.7088551947186812	0.9389356233945563
454	0.4849382218758986	0.626615719386665	0.38736366145815676
455	0.43868293708400186	0.5943790264341521	0.1711553757611209
456	0.4641802218309289	0.5933641382657855	0.1643486219982589
457	0.4099803242057065	0.589154319475883	0.13611378708511293
458	0.41360868799177014	0.6403751966493602	0.47964710366598245
459	0.5195366320937466	0.6894593356488905	0.8088495303428231
460	0.4742865234965239	0.617802999842374	0.32825763008556197
461	0.49523426645965757	0.5495790820871501	-0.12931338450707028
462	0.540534678062308	0.643977148123736	0.503805033097078
463	0.48573314196937545	0.7728037812660276	1.3678324178181445
464	0.37128486145181133	0.6823120852960183	0.7609136347930416
465	0.47381500209555993	0.6066097015638247	0.253185294481358
466	0.5514164939303926	0.633006122004981	0.43022345470851336
467	0.5038413443242054	0.5503606606223919	-0.12407141519306084
468	0.4815979671008242	0.5874443132358095	0.12464494571722946
469	0.4899149441744381	0.5946292646035342	0.17283369821490863
470	0.534386785557381	0.7139599715226104	0.9731728524822094
471	0.527128729647955	0.5430380100117496	-0.17318370278464232
472	0.3929342121056172	0.47353447445632685	-0.6393369863878072
473	0.42963312405304493	0.5050123603956278	-0.42821794367680377
474	0.43541729020360703	0.5302890283562437	-0.25868985169949266
475	0.4271921438321587	0.5288540714119017	-0.26831396486278364
476	0.38365049687199165	0.5062978029644762	-0.4195966085236565
477	0.4174174141585067	0.4204674101674948	-0.9952524958901046
478	0.42372153312184535	0.40888710073273266	-1.0729204767347698
479	0.42817135947360235	0.5376095913611925	-0.20959156547116753
480	0.4115881780917671	0.592109293520588	0.1559325033977955
481	0.38917723921306163	0.5431884778392047	-0.1721745300672502
482	0.34610184598073246	0.4225671888888656	-0.9811694893497174
483	0.32208988371520986	0.38449772387421693	-1.2364975957514888
