ID	SN	ssim	z_ssim
5057	nan	nan	nan
5058	nan	nan	nan
5059	nan	nan	nan
5060	nan	nan	nan
5061	nan	nan	nan
5062	nan	nan	nan
5063	0.23590529829241536	0.195569944413667	-2.130467914926039
5064	0.33803726777617443	0.28628564714007	-1.1068541691762486
5065	0.3618170012709077	0.42352700676764593	0.4417436807888102
5066	0.3714479864544892	0.36077554939272416	-0.2663283773478984
5067	0.45644415760133583	0.36530836810082556	-0.21518116250905034
5068	0.5441165883374293	0.3715095475083039	-0.14520857462644693
5069	0.6607931859833428	0.4457089788463099	0.692039614625521
5070	0.6530400416998884	0.40838507962208276	0.2708858877329979
5071	0.5376054601942816	0.41336041730517115	0.3270263781783628
5072	0.5158410793636299	0.31728167539170166	-0.7571025867218855
5073	0.42769704302595557	0.3114761913467447	-0.8226102451597166
5074	0.433480295107982	0.329981127590588	-0.6138050820607769
5075	0.44084934944900045	0.37302024088619357	-0.12816228097776225
5076	0.4641625876738111	0.35523668727222374	-0.32882753936681197
5077	0.3897208203171021	0.37881839974629256	-0.06273727812970685
5078	0.3514488171705024	0.38215639678199925	-0.025072138067610883
5079	0.5031669902683503	0.3116622930128467	-0.8205103195922161
5080	0.575249618932989	0.33178539182506367	-0.5934462068510005
5081	0.48955983351477395	0.3497988427228185	-0.39018684388335717
5082	0.5341594776789135	0.4571882670011993	0.8215690874027581
5083	0.4908401689263831	0.461044664024179	0.8650837258077104
5084	nan	nan	nan
5085	nan	nan	nan
5086	nan	nan	nan
5087	nan	nan	nan
5088	nan	nan	nan
5089	nan	nan	nan
5090	nan	nan	nan
5091	nan	nan	nan
5092	nan	nan	nan
5093	nan	nan	nan
5094	nan	nan	nan
5095	0.43560315070140343	0.4311856359717385	0.5281617748045028
5096	0.3687279160625615	0.281305070609657	-1.1630537734902404
5097	nan	nan	nan
5098	nan	nan	nan
5099	nan	nan	nan
5100	nan	nan	nan
5101	0.38927094583921495	0.31091939455873324	-0.828893003587073
5102	0.43607355256657016	0.3982649358999651	0.1566926674680784
5103	0.3616292873815304	0.4405329877089622	0.6336349998032392
5104	0.3892102135742673	0.4278587223193383	0.49062169692195234
5105	0.5385032279823376	0.5573000984869667	1.9512064461088203
5106	0.5130745331081027	0.4914534910365785	1.208209473462423
5107	0.43087910741563085	0.37957343459711396	-0.05421765001028552
5108	0.3633624380435042	0.34201459663556505	-0.4780223680069284
5109	0.3972192594129801	0.33257622619643223	-0.5845226257198955
5110	0.404993194871428	0.3293068924137621	-0.6214129864712024
5111	nan	nan	nan
5112	nan	nan	nan
5113	nan	nan	nan
5114	nan	nan	nan
5115	nan	nan	nan
5116	nan	nan	nan
5117	nan	nan	nan
5118	nan	nan	nan
5119	nan	nan	nan
5120	nan	nan	nan
5121	nan	nan	nan
5122	nan	nan	nan
5123	nan	nan	nan
5124	nan	nan	nan
5125	nan	nan	nan
5126	nan	nan	nan
5127	nan	nan	nan
5128	nan	nan	nan
5129	nan	nan	nan
5130	nan	nan	nan
5131	nan	nan	nan
5132	nan	nan	nan
5133	nan	nan	nan
5134	nan	nan	nan
5135	nan	nan	nan
5136	nan	nan	nan
5137	nan	nan	nan
5138	nan	nan	nan
5139	nan	nan	nan
5140	nan	nan	nan
5141	nan	nan	nan
5142	nan	nan	nan
5143	nan	nan	nan
5144	nan	nan	nan
5145	nan	nan	nan
5146	nan	nan	nan
5147	nan	nan	nan
5148	nan	nan	nan
5149	nan	nan	nan
5150	0.4420915791579776	0.49384390357191826	1.2351823023734891
5151	0.47237773329240973	0.5142774548427148	1.4657494845332628
5152	0.5175344006342083	0.5186144421079919	1.514686985389852
5153	0.4142144671028947	0.47435118294459927	1.0152312224996753
5154	0.3914692387339758	0.47791231489916797	1.0554141622727296
5155	0.44281151109524386	0.2642472621910684	-1.3555299010499269
5156	0.39710386605826786	0.21708550196118342	-1.8876916392515692
5157	0.39962394509464316	0.4395578912481954	0.622632250437088
5158	0.44650539937041667	0.41690174402253466	0.3669858405111087
5159	0.5126718040893118	0.3990406924119457	0.1654461137309945
5160	0.5294953331406949	0.41652180200579	0.3626986679573039
5161	0.6736841361026883	0.47660095924863227	1.040617146661183
5162	0.6579793986007507	0.3985508578179344	0.15991894028136688
5163	0.39579922223114977	0.4512149166814573	0.7541672670816638
5164	0.30095062940873796	0.44227576574227495	0.6533000797957298
5165	0.3519511493262411	0.3386531382003193	-0.5159522407486041
5166	0.46701382185132073	0.340948287597022	-0.490054337735056
5167	0.5253806356651373	0.37719103180387364	-0.08110009895551872
5168	0.5165591702630439	0.34864763070938515	-0.40317683796163406
5169	0.4774066087303173	0.3380170542795975	-0.523129655739975
5170	0.2983213372879898	0.2272542584751721	-1.7729498841632079
5171	0.37424597255739384	0.22685477521133282	-1.7774575553576444
5172	0.48776901752119556	0.35797510381035746	-0.2979279186200458
5173	0.47000711224282743	0.40660064305562177	0.2507507430672839
5174	0.49775260275055344	0.5124563784294682	1.4452009048206418
5175	0.49682147935397303	0.5109904562460448	1.4286597983522569
5176	0.4526336086561895	0.2985713242466431	-0.968225601197669
5177	0.5380056147505089	0.20849187625558602	-1.9846600045257545
5178	0.6386674019676503	0.5053045611132769	1.3645015518759385
5179	0.7759024550361511	0.4876081375332018	1.1648194474247604
5180	0.893993848907524	0.38352075731808744	-0.009677028324477732
5181	0.7593406032209148	0.36165171857325223	-0.25644189915463805
5182	0.6413402621275197	0.28218910838012945	-1.153078508057454
5183	0.6983932056904495	0.43571179251715	0.579233815433144
5184	0.6486626566179848	0.4247042896150161	0.4550278517645681
5185	0.7039387172157906	0.3138516178710932	-0.7958065147220523
5186	0.6054122301655638	0.38735054517318174	0.03353735875471915
5187	0.5967473152480549	0.4699674938708939	0.9657667498882325
5188	0.5416262660357782	0.39913168780952973	0.16647288348493589
5189	0.4745895408078802	0.3382109728909085	-0.520941525679479
5190	0.3260549494043766	0.2586801743648084	-1.4183475550115878
5191	0.2898603950652561	0.26911874929689056	-1.300561235053901
5192	0.268620243868428	0.2393694507236846	-1.6362450255194871
5193	0.27723886737552644	0.2876209096242661	-1.0917873947157188
5194	0.2831509555898733	0.23434099278135648	-1.6929849119448357
5195	0.2758051769115317	0.22951610154112917	-1.7474278016189622
5196	nan	nan	nan
5197	0.3039343084942795	0.18510515971649688	-2.24854997944625
5198	0.44857819837531027	0.3280077596536723	-0.6360720819840538
5199	0.5402644516184634	0.3173356459858054	-0.7564935957718019
5200	0.47113085373066	0.34353578005399166	-0.4608577073130204
5201	0.41467834751287014	0.45409793135807575	0.7866984977671105
5202	0.42770366939255977	0.3276604715231666	-0.639990796092388
5203	0.41077179488810717	0.31160850364893317	-0.821117265585272
5204	0.431563835379799	0.5179716648795347	1.5074340447552177
5205	0.4007579622983676	0.44418555723108016	0.6748496986677005
5206	0.4493610470984457	0.4551531988604196	0.7986058775081908
5207	0.5514362207190406	0.5648549738749604	2.0364538075044605
5208	0.5225654779372355	0.5789802156807353	2.1958395724809856
5209	0.5058781671218832	0.47907486264156807	1.0685320659371056
5210	0.5648532744359844	0.5908414464809926	2.32967879241485
5211	0.45625216301820826	0.40953841278799663	0.28389981637575046
5212	0.38194724274645125	0.390624244189241	0.07047697572921821
5213	0.3523972651510522	0.5223701044961069	1.557064958875484
5214	0.3465072048764177	0.4425175419623813	0.6560282233790155
5215	0.3860324931519125	0.48269694083465187	1.1094027081213285
5216	0.5057150745788512	0.567461054583882	2.065860183203615
5217	0.4466771757927034	0.39793472017820597	0.15296659423382516
5218	0.4968934196466315	0.4277939613434143	0.4898909499492489
5219	0.5309504298818389	0.39446869766853243	0.11385684611579172
5220	0.5395860524129229	0.42879584887019756	0.5011960031350644
5221	0.4439329086791618	0.3829630025415155	-0.015970596459848316
5222	0.5408253388294517	0.36408217445134605	-0.2290172309827063
5223	0.5021492304274432	0.3657158251269044	-0.2105835173366974
5224	0.3844383562551355	0.2902164295243011	-1.062500184594492
5225	0.27715778601514784	0.34950022075597054	-0.393556420934095
5226	0.2703424170704503	0.2779131582820059	-1.2013272804864141
5227	0.24860211235892543	0.3525682301944665	-0.3589377547170002
5228	0.23909854458176574	0.36983349804142307	-0.164120705837403
5229	0.23728520184568674	0.43032818398340916	0.5184864968184908
5230	0.24626935194059651	0.4294041737746573	0.5080601921935444
5231	0.30415968361865775	0.29032403530678014	-1.0612859873303213
5232	nan	nan	nan
5233	nan	nan	nan
