ID	SN	ssim	z_ssim
245	0.5750737334912412	0.32231093064071015	-1.9545778540504133
246	0.8375971450365821	0.38143927210728645	-1.3213210803519033
247	0.9771033415769349	0.40057307075322857	-1.1164006090754441
248	0.9620685538007023	0.6051102299116488	1.0741655102759098
249	1.0241548133949483	0.6187112001060172	1.2198301152830366
250	0.9199893098413754	0.5775963198307024	0.7794951458189598
251	0.8581736339283893	0.5270611173771571	0.23826976269160047
252	0.739813287495054	0.5625129805515163	0.6179545625449196
253	0.5868411610042977	0.42776347839531953	-0.8251949132635465
254	0.641117580723309	0.5392074828240132	0.36835574183896264
255	1.0577664525481152	0.5495224820244046	0.4788280289406554
256	1.2771750808111635	0.4272326487057615	-0.8308800295420561
257	1.2881430327099315	0.36165567616980476	-1.5332007953039355
258	1.279008985422241	0.340345667527959	-1.761428189905403
259	0.9900178990751436	0.3564017161169974	-1.5894700176372283
260	0.8575298463106031	0.39426202945538036	-1.1839910327509084
261	0.6774935905529904	0.5731090223255634	0.7314367787102531
262	0.6544443717057328	0.5946805446563922	0.9624649505846129
263	0.773478191978065	0.5508905204418799	0.49347954077167405
264	0.9983248284215575	0.5577611735220709	0.567063333160353
265	0.8542563810813918	0.44871543057307633	-0.6008022563805224
266	0.9490327118834975	0.33486304042484866	-1.8201464063240087
267	0.8474382684643055	0.21801741229827518	-3.0715477420106563
268	0.5860493837370538	0.31920409613424666	-1.987851643694765
269	0.48848464070938474	0.39831280867515734	-1.1406077191646316
270	0.5509490719720228	0.43694090716608863	-0.7269058561028564
271	0.8845456318235801	0.6361416060739592	1.4065074746294617
272	0.9087767671210915	0.6402247398898873	1.4502373016924364
273	0.9132385907091981	0.5418243160966564	0.3963816826050783
274	0.8485101006518463	0.47586264510902854	-0.3100591530642204
275	0.988914900847578	0.45301335455197145	-0.5547720548736008
276	1.2635963388143812	0.4302119753068881	-0.798971832822382
277	1.3420659684376728	0.483762967383938	-0.22544773879318672
278	1.182780746586851	0.4702742612753818	-0.36991001018126773
279	1.2098065837333503	0.5344167485946034	0.3170476072538252
280	1.1577803594139517	0.541663841007187	0.39466301546685323
281	1.0119420341554326	0.5403091937986776	0.38015492172562626
282	1.0478748749467313	0.5772400447867817	0.7756794868766229
283	1.0869945448342861	0.6812211500869265	1.8893034721730169
284	1.0386955199403516	0.6534824652086613	1.5922257991491704
285	1.1617983158811358	0.6551284540285699	1.6098541232960326
286	1.055246179854734	0.6844466880705059	1.9238485604718
287	0.7555464992731135	0.6194944994243448	1.2282191481370148
288	0.7374043364393947	0.5314958879527087	0.2857655732810857
289	0.849680412767151	0.5872787482327535	0.8831926827254478
290	1.0277421755544391	0.5811413659107405	0.8174621238801744
291	1.11771384366412	0.582831408006075	0.8355622528227591
292	1.2743935081912305	0.6042239395334971	1.0646734566936926
293	1.246418671969032	0.5383015943599068	0.3586537953293515
294	1.3900077511105082	0.6351597149103549	1.3959915491872001
295	1.3667185905059893	0.5416481151655812	0.3944945937680201
296	1.352865975342681	0.44383109495652306	-0.6531128495323304
297	1.1689216102485604	0.427811487539485	-0.8246807416330191
298	1.157079386206477	0.5403038719017893	0.3800979249087049
299	1.1390298584747092	0.6833556583920329	1.9121637758649181
300	1.0991257949753497	0.6804916021543548	1.8814901096030563
301	1.2161253340280995	0.6633394657393429	1.6977929806323917
302	1.2508981283720357	0.572853523851053	0.7287004235945804
303	1.1795189189538733	0.5313793845576306	0.28451783721641294
304	1.263728254468227	0.5738805023100111	0.7396992280502283
305	0.8918882112366407	0.47072815289301456	-0.36504889055129475
306	0.8124278752691245	0.35140689563954414	-1.6429638891428795
307	0.9487359754438436	0.4160043502148025	-0.951133632131736
308	1.018142348267167	0.47349033009954333	-0.335466335336572
309	0.845250856313358	0.6789301614560072	1.8647672847371481
310	0.8315663826589744	0.6470482243353166	1.5233159241959462
311	1.0090786362820972	0.6096695001176498	1.1229946955610066
312	0.9074156046753038	0.47121624378732446	-0.35982150115839207
313	0.8571329259622916	0.4793067063875527	-0.27317370896816007
314	0.6628325267765035	0.5617164750823718	0.609424093549627
315	0.6480900231788027	0.5208262157986717	0.17149478541355068
316	0.7067854912934897	0.5453281540193731	0.4339073267119116
317	0.9626789237713109	0.5448863103404464	0.429175238923616
318	1.1643042208521726	0.5344456751458602	0.31735740681979857
319	1.270582280728935	0.49684268522478453	-0.08536567805310347
320	1.1447968000386772	0.6018425323315236	1.039168898233575
321	1.2515564618452373	0.6253587375398595	1.291024368393867
322	1.5003758082905607	0.6298349579429711	1.3389641011942568
323	1.5993826912276066	0.4092484316476014	-1.0234886329506578
324	1.5616696636941818	0.5741466714679496	0.7425498647843819
325	1.3084333679596623	0.6079532988721043	1.1046144055542957
326	1.2722816874510543	0.6583004200510003	1.6438254629247795
327	1.264940546783404	0.6748663147777344	1.8212440203861073
328	1.0613249374707587	0.6167196373317506	1.1985007394580267
329	nan	nan	nan
330	nan	nan	nan
331	nan	nan	nan
332	nan	nan	nan
333	nan	nan	nan
334	nan	nan	nan
335	nan	nan	nan
336	nan	nan	nan
337	nan	nan	nan
338	nan	nan	nan
339	nan	nan	nan
340	nan	nan	nan
341	0.5976907832594803	0.46611759526830315	-0.41442735735686587
342	0.6462020921751587	0.46954452073611586	-0.37772543554363447
343	0.7215971779784917	0.4547898071643825	-0.5357464806386187
344	0.8639221794707613	0.45861184270509825	-0.4948129818215947
345	1.2089608427555802	0.46666356041945334	-0.40858014227195394
346	1.3121406094100991	0.5380633240995029	0.3561019521247358
347	1.2968049443374445	0.5205781406376278	0.16883793301043964
348	1.2941511167872162	0.443479609946247	-0.6568772078432533
349	1.1879388804356814	0.3568052343654176	-1.58514839017762
350	0.9627145710667422	0.44319847373482196	-0.6598881397551096
351	1.1766861616037925	0.5004290366294972	-0.04695632538791391
352	nan	nan	nan
353	nan	nan	nan
354	nan	nan	nan
355	nan	nan	nan
356	0.9160562968300372	0.5503863089587114	0.4880795019886904
357	1.1021212983490913	0.46285078042253575	-0.44941451543013033
358	1.1982736933486067	0.3525875409938316	-1.6303193324143461
359	1.3961623956908076	0.42712956966975557	-0.831983992483651
360	1.6435847002889568	0.5294326579494788	0.26366865084361263
361	1.4554665628572567	0.4749596518520362	-0.31973009228577315
362	1.058955462492666	0.462407434155164	-0.45416269574338686
363	0.6814129543519712	0.4469620280305932	-0.619580967392995
364	1.01001677109188	0.39277158116004374	-1.1999535383016997
365	1.3121614423657564	0.49391146281629583	-0.11675868518558999
366	1.2595627733279051	0.37201207281203585	-1.4222851470355233
367	1.2304157497944077	0.2779667821696716	-2.4294978618955714
368	1.0083806875348893	0.4309656913286849	-0.7908996331900328
369	1.0125494395561139	0.5657599451105291	0.6527291266533364
370	0.9941408399692289	0.5710662602007636	0.7095590645633838
371	0.901154466148966	0.4916062362072951	-0.14144735949729798
372	nan	nan	nan
373	nan	nan	nan
374	nan	nan	nan
375	nan	nan	nan
376	0.5326796769271239	0.3579718839675561	-1.5726537261169937
377	0.6530895814933904	0.4248240843817942	-0.8566754372130634
378	0.6673346050098313	0.4507208885393797	-0.5793240648732041
379	0.6093848942100532	0.5789690224088291	0.7941966101981617
380	0.7549445290312323	0.5806381845489501	0.8120731175618976
381	0.889563670307888	0.5969357201238119	0.9866175837415821
382	nan	nan	nan
383	nan	nan	nan
384	nan	nan	nan
385	nan	nan	nan
386	1.045256262262178	0.5043267579339611	-0.005212241978505662
387	0.9562617353592685	0.6352307251528089	1.3967520595604082
388	0.8454166748798366	0.46980081780654165	-0.374980527570561
389	0.9866694896052877	0.4516373425981211	-0.5695089622322895
390	0.9976811971314206	0.3818888114118077	-1.3165065734239065
391	1.0956558178941405	0.3883336045113528	-1.2474836855135574
392	1.1051233623454138	0.38712116834188637	-1.2604687176986
393	0.7898892530723057	0.4671484114456308	-0.4033874514413629
394	0.9005584290273471	0.5853656180949867	0.8627033101393345
395	0.960023456077908	0.5349084318548047	0.322313470413756
396	0.9778818225165616	0.4964387784544259	-0.0896914665316602
397	1.0929345964925932	0.41355208770837487	-0.9773970415994273
398	1.0821795088118282	0.2862981913964437	-2.340269562970765
399	0.940841633154276	0.4610887300780499	-0.4682858432666164
400	0.7546373904651716	0.49908895916806867	-0.061308379050877486
401	0.6485904117086457	0.47451428333548473	-0.3244999306222281
402	0.8792044098217354	0.4940964266654565	-0.1147777466463862
403	0.9156398346012495	0.48507563761904793	-0.2113892129255928
404	0.84576310699625	0.5655341753048301	0.6503111616773307
405	0.8023582744427246	0.5877982782694998	0.888756781205961
406	0.743795979252339	0.6121884966190974	1.1499728173533497
407	0.9609643241761907	0.5814404234952867	0.8206649913451249
408	1.1479186619625592	0.6226212199563101	1.2617059145035048
409	1.1824756150265587	0.4595253192136197	-0.48502976835259054
410	0.9451303618496735	0.4387769063286266	-0.7072425461343336
411	0.9104775748381428	0.48343452032824463	-0.22896536363535683
412	0.8632512916101014	0.35799215000239953	-1.572436679544702
413	0.7676733571039378	0.49084442971820486	-0.14960620697210117
414	0.7390821271905209	0.49926354791223015	-0.059438556523988696
415	0.7295587515791477	0.5455264104586975	0.4360306271464848
416	0.6012133453547682	0.4505967593718086	-0.5806534719600305
417	0.6441729516233766	0.5034947626701556	-0.014122802014892612
418	0.7189824259855401	0.5109904659974489	0.06615519645266366
419	0.6462080035697833	0.4434293366966656	-0.6574156277455138
420	0.655708197634255	0.4487761667199768	-0.6001517802217282
421	0.6645025073403451	0.5412920978932819	0.39068169552590337
422	0.7454708559747505	0.5172591468193115	0.13329194499215033
423	0.7661620518994348	0.5328687820739025	0.3004690890613867
424	0.8146063796148062	0.45660572819312595	-0.5162982048468245
425	0.9912572859252297	0.5241986252355761	0.20761284769357763
426	1.052602909467146	0.5864675751715429	0.8745051257449475
427	1.02752373552449	0.6119348958723057	1.1472567866523764
428	1.0135253323885909	0.5356207372382114	0.3299421675460632
429	1.1440209311943585	0.3313320009290877	-1.8579633757066452
430	1.0553918629018788	0.3607038132876687	-1.5433951217943136
431	0.9590495940546776	0.48404521845745657	-0.22242486685468732
432	0.8056631037374388	0.5551947464023368	0.5395772356736872
433	0.8929333451807131	0.4498981593145285	-0.5881353868489991
434	0.8902895031248126	0.4120726538100843	-0.9932415844040193
435	0.91056305381428	0.5112896946236293	0.06935989575105901
436	0.7284487715825043	0.4107307693354056	-1.0076129909416356
437	0.6622601015174245	0.4110046267435135	-1.0046800140576164
438	0.7012693326267674	0.5254355516191739	0.22086016685646065
439	0.8877915087917966	0.4681680165283498	-0.3924676148771291
440	0.9158072146789074	0.44970509733802	-0.5902030552688334
441	0.9189528343166492	0.5573664850464488	0.5628362714080847
442	0.7951083505673258	0.5517548555073866	0.5027364558381423
443	0.9731751403190743	0.6247035326641803	1.2840072102021618
444	0.7752496053812423	0.5106037003106056	0.06201298672797352
445	0.6143673091094086	0.43523721112245883	-0.7451522170389531
446	0.7201754728897487	0.42426439139727284	-0.8626696755909491
447	0.795106158340185	0.6848687320437595	1.9283685960119914
448	0.830653337152595	0.6594745186962025	1.6563999052585772
449	0.7669130146767352	0.710522610987051	2.2031182712022566
450	0.960433507195464	0.45872583077272294	-0.4935921845836924
451	0.8583093261672508	0.4829687894384517	-0.23395328031569768
452	0.7704071034672247	0.6240283092363894	1.2767756559457275
453	0.8699253779840852	0.6237055110492794	1.273318529744402
454	0.9047282339534894	0.5570154236927426	0.5590764504033996
455	0.7887541109659111	0.5253332537198743	0.21976456978642914
456	0.807967158414302	0.5526100641814445	0.5118956284504684
457	0.6349609912454678	0.5729221490282805	0.7294353902323668
458	0.8506989030134782	0.6077331536303732	1.1022566789198947
459	0.8744978607954201	0.6175764062351694	1.207676621921953
460	0.7680182625013969	0.5417913166757523	0.39602826313994
461	0.619402676632056	0.4557952541554683	-0.5249782753768532
462	0.7674483591345539	0.6068387940463887	1.092678205202676
463	0.8311953451574252	0.5664079206189463	0.6596688592708645
464	0.7264251184139837	0.5011559141914508	-0.03917156213666084
465	0.8627522699396221	0.4456405668023773	-0.6337336436425176
466	1.0252763400687277	0.5023723080798136	-0.026144143301876796
467	0.8682297654757295	0.4466303603982966	-0.6231330841877317
468	0.7267809514008619	0.471436522564863	-0.357462344373026
469	0.7532753530620545	0.5089906967284098	0.04473793014613318
470	0.9159770407073623	0.5868655093939248	0.8787669490188545
471	0.8153345805116504	0.5377618546020467	0.352873253389198
472	0.5629952760843472	0.4500321745379482	-0.5867001014020493
473	0.6420603711162484	0.41482364431971175	-0.9637788372443233
474	0.6358658489192426	0.5364306293039486	0.33861600523323543
475	0.6138445233565654	0.532164837210725	0.29292993200301737
476	0.6056006219163593	0.5082013653167192	0.036284294364236344
477	0.5680075600161766	0.32770228317363287	-1.8968371762943859
478	0.5622996288827824	0.33378205200667643	-1.831723650351463
479	0.5507622288595995	0.390463924729358	-1.2246682356846246
480	0.5919819514232865	0.4176499483131446	-0.9335094925615501
481	0.5894200870001132	0.3952642302259118	-1.1732575940850591
482	0.5038582305806709	0.3030002635316396	-2.1613925633445756
483	nan	nan	nan
