ID	SN	ssim	z_ssim
5057	nan	nan	nan
5058	nan	nan	nan
5059	nan	nan	nan
5060	nan	nan	nan
5061	nan	nan	nan
5062	nan	nan	nan
5063	0.19649725821464242	0.20474469367784415	-1.0985130392605449
5064	0.3464640540228069	0.2829976052114646	0.020973548081229924
5065	0.39467794612780216	0.3671455201804836	1.2247940873351577
5066	0.320327723552238	0.3200783141029646	0.5514503755833512
5067	0.3396549826839982	0.30400548102254343	0.3215123361995506
5068	0.32927671481353754	0.17059807233237945	-1.5870147940209722
5069	0.3885611337331963	0.22956514977035686	-0.7434314564451194
5070	0.3427434188576541	0.27714053693242485	-0.06281770327320535
5071	0.3937115216393818	0.2945678068134524	0.18649691650823957
5072	0.38743549220736595	0.2902694389744945	0.12500444231311336
5073	0.33486741639155576	0.23486302174081014	-0.6676400705894219
5074	0.3121973022460626	0.2096755114304632	-1.0279727330853279
5075	0.2965629114330018	0.22775815010793227	-0.7692824036593495
5076	0.35201736452620624	0.2767411491684153	-0.06853134684498502
5077	0.38972694084692266	0.3635417628172495	1.1732387144664893
5078	0.41000817766902337	0.24813034546352503	-0.4778376636704229
5079	0.3567211781935548	0.25058662342105475	-0.4426981375576294
5080	0.36562128048083065	0.3074434758249025	0.3706963089510069
5081	0.3593504308261447	0.1989619901145681	-1.1812404285779337
5082	0.4295391814019962	0.2972819586711033	0.22532558806946956
5083	0.3933944661510923	0.2429678003702342	-0.5516930624692667
5084	nan	nan	nan
5085	nan	nan	nan
5086	nan	nan	nan
5087	nan	nan	nan
5088	nan	nan	nan
5089	nan	nan	nan
5090	nan	nan	nan
5091	nan	nan	nan
5092	nan	nan	nan
5093	nan	nan	nan
5094	nan	nan	nan
5095	0.3339990187036582	0.28541394080143634	0.05554165846173289
5096	0.2741133361721978	0.1710831377646284	-1.5800754452511496
5097	nan	nan	nan
5098	nan	nan	nan
5099	nan	nan	nan
5100	nan	nan	nan
5101	0.359715245717837	0.2681675406647361	-0.1911854377520637
5102	0.36886281402239496	0.29305431624980166	0.1648449120924371
5103	0.3980214283598863	0.2699189298754239	-0.1661300539694717
5104	0.4400486872456661	0.2678942633406347	-0.19509494466957564
5105	0.44473913976147994	0.28690520768386085	0.07687573077039024
5106	0.3691224375297271	0.30529155508120953	0.3399109188310266
5107	0.26051386486843675	0.28880333495459676	0.10403035005562342
5108	0.21649399719951967	0.2729627962811528	-0.12258448425083318
5109	0.20975271062884346	0.19784735215572713	-1.1971864454124432
5110	0.21923657619378717	0.22653090223245176	-0.7868394185872074
5111	nan	nan	nan
5112	nan	nan	nan
5113	nan	nan	nan
5114	nan	nan	nan
5115	nan	nan	nan
5116	nan	nan	nan
5117	nan	nan	nan
5118	nan	nan	nan
5119	nan	nan	nan
5120	nan	nan	nan
5121	nan	nan	nan
5122	nan	nan	nan
5123	nan	nan	nan
5124	nan	nan	nan
5125	nan	nan	nan
5126	nan	nan	nan
5127	nan	nan	nan
5128	nan	nan	nan
5129	nan	nan	nan
5130	nan	nan	nan
5131	nan	nan	nan
5132	nan	nan	nan
5133	nan	nan	nan
5134	nan	nan	nan
5135	nan	nan	nan
5136	nan	nan	nan
5137	nan	nan	nan
5138	nan	nan	nan
5139	nan	nan	nan
5140	nan	nan	nan
5141	nan	nan	nan
5142	nan	nan	nan
5143	nan	nan	nan
5144	nan	nan	nan
5145	nan	nan	nan
5146	nan	nan	nan
5147	nan	nan	nan
5148	nan	nan	nan
5149	nan	nan	nan
5150	0.32552634013253195	0.3521818275440424	1.0107234173077098
5151	0.3830365348605716	0.33007910618726016	0.6945217627272345
5152	0.4084796254703669	0.3299847691355168	0.6931721763406536
5153	0.3849600152148226	0.2560022432467966	-0.36522225022971283
5154	0.29998390021144694	0.24098791485449755	-0.5800173156619053
5155	0.2920156020262755	0.2098401322787475	-1.0256176663147845
5156	0.2664553550329201	0.20226399630263553	-1.1340019096983796
5157	0.3080513365804556	0.2189974636123563	-0.8946128333583114
5158	0.3192559849177662	0.21647026346748496	-0.9307669726774106
5159	0.31017485365506126	0.22124039788816782	-0.8625254031419758
5160	0.37308226043956916	0.20733034625557883	-1.061522679112015
5161	0.4186438215872683	0.34345199515631064	0.8858343866470585
5162	0.41470632067154994	0.3176474730925285	0.5166747505770615
5163	0.41186779218650216	0.37666121576292044	1.360925681227209
5164	0.3968079389861851	0.3316017478732673	0.7163046831503308
5165	0.41942669831930696	0.2674983992135411	-0.20075817907205054
5166	0.5106571472843926	0.26896005205818957	-0.17984776535241706
5167	0.5175455388623279	0.29125274723827627	0.13907165580015526
5168	0.4079363177974565	0.22884483680702916	-0.7537362577020964
5169	0.3745905829493993	0.23098530514245344	-0.7231147057984622
5170	0.2754763519316232	0.16241381886431117	-1.7040987696245051
5171	0.29474730034624363	0.18511849312298487	-1.3792855734838236
5172	0.39034482156199385	0.3024282022685148	0.2989477775776574
5173	0.3549304248479698	0.36285588476297104	1.1634265392097654
5174	0.34395028233953906	0.434358787948784	2.1863474696102148
5175	0.23206441276464673	0.46980141528193153	2.6933898932338343
5176	0.22878533911615365	0.25573508355806435	-0.3690442382216314
5177	0.2637227488820722	0.17046378118525568	-1.5889359639181357
5178	0.38404110178872153	0.4715771515259056	2.718793585809945
5179	0.4509079938577699	0.44955787337558606	2.403785670204915
5180	0.4522723557034858	0.2322244169485728	-0.7053879654129435
5181	0.3782757717945614	0.17701286994372548	-1.4952446637386174
5182	0.22901872703046613	0.19176806774126032	-1.2841567220354095
5183	0.2412385667040401	0.22805783572351435	-0.7649950995771333
5184	0.3016067666295084	0.20892769963985722	-1.0386709327181909
5185	0.34509276496054453	0.2184889791787071	-0.9018872144923321
5186	0.37891937158415484	0.2905495459800963	0.1290116546921312
5187	0.4114677389571627	0.3568399007327532	1.0773618382356978
5188	0.4219461210138424	0.3235140982707228	0.6006027229839205
5189	0.39851137704694917	0.2645645148164639	-0.2427303455636208
5190	0.34678698965914573	0.2377235846295684	-0.6267168420033945
5191	0.29580127385762506	0.2768070957571023	-0.06758791458068786
5192	0.2953600659428321	0.2488136471102881	-0.46806234651393386
5193	0.2756280676674417	0.32525149967562295	0.6254579971391679
5194	0.21836306167152378	0.1897294781475617	-1.3133207960936588
5195	0.20430329799356436	0.21144089404809221	-1.0027171595452573
5196	nan	nan	nan
5197	0.2456096293187911	0.14697484510264874	-1.9249688140710548
5198	0.2959886612056973	0.2511603840715095	-0.43448991450317354
5199	0.3436223784866895	0.27093594633546	-0.15158061083946023
5200	0.3358349832553308	0.2503850164811905	-0.4455823275598901
5201	0.3250038221993563	0.37589486193620947	1.3499622191227687
5202	0.32088014008246724	0.41285333577879446	1.8786903513357105
5203	0.2786114260968437	0.32253657818783743	0.5866183152449542
5204	0.3223636204434639	0.42412591481522216	2.0399559296855854
5205	0.3325899186413256	0.3683613421557532	1.242187643271092
5206	0.3154774377802871	0.2826641759200305	0.01620350678472212
5207	0.34677967835307655	0.35141689729901127	0.9997803209706931
5208	0.46248784811565286	0.3949394996175237	1.622414911644696
5209	0.49056179321525417	0.29786733888306866	0.23370004063547986
5210	0.5688074486414246	0.32885341367477966	0.6769869988310997
5211	0.4485047032414713	0.3177689416702217	0.5184124807246813
5212	0.31477233323252224	0.3183170300294772	0.5262534358385507
5213	0.26891364650547567	0.4210192204579361	1.9955115429427626
5214	0.27079961311376516	0.37359423615862214	1.31704945396137
5215	0.3941085373941553	0.3699565502715546	1.2650086994421603
5216	0.4225486765756113	0.38212907399360024	1.4391488914665171
5217	0.4145403933400218	0.24505894943052828	-0.5217770723897692
5218	0.3825631785981034	0.24394282572971898	-0.5377443442571354
5219	0.3413244131706387	0.22830965313277612	-0.761392598320594
5220	0.36679444062297556	0.3539417507307334	1.0359008881984366
5221	0.33410985050882674	0.33346692296899094	0.7429878884366854
5222	0.2926446537857168	0.27882763032729024	-0.038682135789134715
5223	0.31144756963428355	0.2507573142162507	-0.4402562340928304
5224	0.2677907041234465	0.20353223597478864	-1.1158584658994846
5225	0.23174787819794024	0.20166165285914417	-1.142619038348885
5226	0.2665028256032378	0.24257283731915985	-0.557343406073202
5227	0.26385412264645985	0.24204946953662945	-0.564830708479041
5228	0.25633610898570236	0.24507070238398876	-0.5216089345722388
5229	0.3262014581037624	0.29263587775158767	0.15885872861124178
5230	0.3230255688113542	0.37674188432379374	1.3620797261074309
5231	0.28025890401844916	0.27302662408987743	-0.12167136326445337
5232	nan	nan	nan
5233	nan	nan	nan
