ID	SN	ssim	z_ssim
245	0.4193891923991517	0.2370246089583899	-1.6822160420070094
246	0.40611312299665386	0.25551368550495634	-1.4768910690841845
247	0.4317947816965708	0.23463528925955682	-1.7087499254722698
248	0.38962656290853837	0.4658644424785419	0.8590970680798584
249	0.4841449232222574	0.4947146313883406	1.1794843108825748
250	0.5469571660641986	0.45910908790811467	0.7840774752535936
251	0.6335373434480693	0.3764297443877664	-0.13409352841100133
252	0.6349083748583908	0.38552524911422514	-0.03308608993910081
253	0.661180139825762	0.3238317320651217	-0.718205202606379
254	0.6594379279401633	0.41726691689474954	0.3194116165389326
255	0.6001192922081503	0.3699567206583444	-0.20597777955923893
256	0.5392094448580722	0.28145437038252	-1.1888144630584272
257	0.5190068778158331	0.24007996986889074	-1.6482856347939705
258	0.5257066542378841	0.2888960615063914	-1.1061729625670103
259	0.5365785058604704	0.3219642419760117	-0.7389440616302152
260	0.5995972837384891	0.3137720521377817	-0.8299200036939949
261	0.6183972635783012	0.42897670489249473	0.4494512049149971
262	0.5492624047459328	0.48333374401052986	1.0530972310951494
263	0.4889324608322908	0.437433956195864	0.5433707087091603
264	0.4281322954329958	0.5264948021888349	1.5324096012646968
265	0.395678919731343	0.46672740340814134	0.8686804255318757
266	0.40432978614398624	0.3086431171490752	-0.8868778747389202
267	0.4217184414517858	0.28363199819961177	-1.1646314611949087
268	0.4565932572721412	0.2176748311766212	-1.8970992780138474
269	0.5711112419863633	0.31621036517559115	-0.8028420391885923
270	0.7000015215923417	0.37667197434654764	-0.13140351522388544
271	0.8041536902934117	0.5330034105821518	1.6046890273765022
272	0.9315544199973027	0.48880089098132573	1.1138110153080354
273	0.9663440217177398	0.40305752502312314	0.16161341639933152
274	0.8007443241391857	0.33371529990757165	-0.6084461622064518
275	0.7404493061063147	0.4097132747666442	0.23552687727054775
276	0.7503384706293361	0.4044007235222059	0.176529910187409
277	0.7386111166309479	0.2993752754207907	-0.9897991508297175
278	0.7641219412465873	0.4258925039235002	0.41520052295949655
279	0.6384401094109136	0.39860641632976923	0.11218294486455041
280	0.7187179333566942	0.4862441896035476	1.08541832409699
281	0.7404036280168924	0.47526675797266815	0.9635117028173535
282	0.731982257210974	0.43623286686588814	0.5300323662811829
283	0.7466660059571015	0.535935013998154	1.6372450823257632
284	0.8304060002904398	0.48945694818212204	1.121096664575053
285	0.8997335851054317	0.4909914792651832	1.1381379458031997
286	0.8991468839812911	0.5562385185653426	1.8627196491596927
287	0.7045360204356231	0.535734551755275	1.635018908158139
288	0.7132097460694763	0.41754720423924285	0.3225242647706469
289	0.6937376144753409	0.3881193673465187	-0.00427787691327535
290	0.7575783597578905	0.41856535459251903	0.3338310324824512
291	0.7753202620448519	0.4434399355068301	0.6100683361592542
292	0.8581167869114604	0.32225405467722557	-0.735725632365803
293	0.9198546602741966	0.2758965225309119	-1.250535499085645
294	0.9316094500733008	0.4887135500393575	1.1128410763011027
295	0.8469208765419804	0.5246980067862228	1.5124558211794656
296	0.5896292320659354	0.5060646986779411	1.3055291272929568
297	0.6468822963745913	0.46688060353592453	0.8703817442542918
298	0.7567269532507731	0.5168915664913152	1.4257637066144893
299	0.8680901882942202	0.5428295681617755	1.7138105150771044
300	0.9768316733918353	0.49764038086445167	1.2119753566332092
301	0.8839971219209211	0.403736713256028	0.1691559405042787
302	0.8767994628694024	0.4063973355417129	0.19870269463178927
303	0.693496617651125	0.5274494875437222	1.5430115772015889
304	0.7917870412856781	0.4913287772054358	1.1418837083497961
305	0.7759786263345189	0.41061073072686943	0.24549330908603462
306	0.6200657138070984	0.24227330073895387	-1.6239282473185999
307	0.6704939324186086	0.3422977353516441	-0.5131364629509031
308	0.6679932258774454	0.3312164518775185	-0.6361963801698359
309	0.7049672204388919	0.5099003444581751	1.3481247574199977
310	0.8318137702003608	0.4844798321371009	1.0658247739209195
311	0.8101125931630122	0.5008364880381445	1.2474687798576807
312	0.8244764069506162	0.3906657423050056	0.024000137301543815
313	0.7192745639357625	0.3993836794562954	0.1208146107028061
314	0.6832318825799709	0.4622766881543736	0.8192543232240908
315	0.6257855174088688	0.4088164811295488	0.22556780068875026
316	0.6468792660327348	0.47115298117102233	0.9178273708670198
317	0.8500919461763996	0.47382069400491633	0.9474528669812039
318	0.8554636591528803	0.4826799796868962	1.0458370446975265
319	0.8151585398163218	0.43218919757072777	0.4851265925154376
320	0.7680176362491622	0.4685876992546374	0.8893393910214842
321	0.5672650330771508	0.5365536153406033	1.6441147766324813
322	0.6749699194736865	0.4950641029335547	1.1833652637997016
323	0.6792876374762209	0.2192996077327861	-1.8790558023670256
324	0.6503292440882058	0.4727827924467647	0.9359267581034937
325	0.5148760551248494	0.5282546395765138	1.551952955042462
326	0.6622596576816826	0.5296383778613135	1.5673196514344214
327	0.6839706387535083	0.5116358873273749	1.3673983156059535
328	0.7389475010424953	0.5152546174063847	1.4075850525485123
329	nan	nan	nan
330	nan	nan	nan
331	nan	nan	nan
332	nan	nan	nan
333	nan	nan	nan
334	nan	nan	nan
335	nan	nan	nan
336	nan	nan	nan
337	nan	nan	nan
338	nan	nan	nan
339	nan	nan	nan
340	nan	nan	nan
341	0.5292787772117153	0.47007956725341715	0.9059068899813373
342	0.5856496581598002	0.3857028994374198	-0.031113246800731638
343	0.6743027998357313	0.4027434443267769	0.1581254860902944
344	0.6629939059844605	0.43004369138168386	0.46130030789480286
345	0.7163884177342024	0.4044016893049772	0.17654063540242282
346	0.7283989074989841	0.41207295350856143	0.2617315918527206
347	0.7259098025777925	0.40086065413253713	0.13721671627272178
348	0.653809840534384	0.2672541562160555	-1.3465107429069247
349	0.5919060838604995	0.27222861164874335	-1.2912683988963958
350	0.4901264821260499	0.44117575712959317	0.5849241726404466
351	0.47695839131465456	0.40951335053968285	0.2333066778796225
352	nan	nan	nan
353	nan	nan	nan
354	nan	nan	nan
355	nan	nan	nan
356	0.6985058569437982	0.4691277488013683	0.8953367515862606
357	0.6031370565425376	0.3855790660889593	-0.032488441438254884
358	0.5886278054388453	0.31342147212562316	-0.833813266363033
359	0.5664877276781212	0.3582190022222222	-0.33632754116050695
360	0.7481032876137218	0.3911675766022721	0.029573109712495157
361	0.8470857604709061	0.3322769181372416	-0.6244196856705294
362	0.8791513378066298	0.30630918753861514	-0.9127966399549412
363	0.8415767004318525	0.3237721193030073	-0.7188672145103359
364	0.6914692343212567	0.32899202963068436	-0.6608990437371502
365	0.6618808537861796	0.3898204806489474	0.01461333389869454
366	0.5563360674548806	0.32381613752534927	-0.7183783831569845
367	0.5704760944545433	0.186500799876402	-2.2432932653929236
368	0.5937901684412992	0.4005507182587928	0.13377481506559058
369	0.6562150838149896	0.5440754631877196	1.727646433913957
370	0.6207083371661962	0.4998302705348985	1.2362945288837004
371	0.5509459481096832	0.3743349944324468	-0.1573561546851059
372	nan	nan	nan
373	nan	nan	nan
374	nan	nan	nan
375	nan	nan	nan
376	0.5501392077319971	0.34497910535324405	-0.48335930119877507
377	0.5918786834737043	0.3480130780001984	-0.4496664150226846
378	0.6417683738266939	0.34223685061967557	-0.5138126003399915
379	0.5786351093255251	0.40142388436274007	0.14347150306396425
380	0.6248788098121395	0.3596691511304173	-0.3202233412260586
381	0.7093449305871451	0.3877755943599322	-0.008095546172456372
382	nan	nan	nan
383	nan	nan	nan
384	nan	nan	nan
385	nan	nan	nan
386	0.6400860003528711	0.35002358483621515	-0.4273393258018355
387	0.6494132526732589	0.49496608539033227	1.182276758954291
388	0.5876837429963229	0.37884882745734816	-0.10722911663202679
389	0.7249017516569913	0.25921880437630934	-1.4357449669508318
390	0.7684138564461185	0.2058953026018588	-2.0279133497477813
391	0.8239474871496015	0.21941816058511387	-1.87773924871802
392	0.787781123135538	0.20977794258041976	-1.984795839445994
393	0.7552861987327555	0.3071164500178767	-0.9038318251747909
394	0.8337183143355995	0.4497748733165704	0.6804191149543293
395	0.7071932570009044	0.43496899536304423	0.5159968149952239
396	0.6168400840160904	0.4211973643903617	0.36306003908608364
397	0.5582531644735188	0.3541632592300194	-0.38136739579892703
398	0.5365788120023481	0.18831549406178294	-2.2231407156677863
399	0.7477817227205843	0.2936022702463737	-1.0539095528898257
400	0.8205647898164945	0.3100300384719569	-0.8714758300586705
401	0.8396411483724031	0.3122523282829724	-0.8467968476268434
402	0.7416220459799996	0.2930658860126454	-1.0598662094047748
403	0.7860925071951174	0.3617088840776458	-0.29757169006843187
404	0.8153446829234394	0.35476805802744354	-0.37465098157498733
405	0.8970823783395986	0.33774110902192767	-0.5637387293979097
406	0.7702629573609329	0.43715037488993663	0.5402214803626656
407	0.7417428458937673	0.38927312640146006	0.008534853139448243
408	0.6396311368023079	0.4259530414770046	0.41587280486080164
409	0.5978844835699794	0.24589331101547715	-1.5837272935210711
410	0.5086555636393175	0.23357857849610258	-1.7204849144181504
411	0.4859832893296627	0.3277109455166787	-0.6751257445871138
412	0.49662140218670653	0.2936488101960384	-1.053392717239291
413	0.5467638225256951	0.3951721121659683	0.07404429539413548
414	0.5295912253680953	0.37534555161456346	-0.14613371069054057
415	0.5645914472656646	0.40547910548979155	0.18850556228324628
416	0.6239779280602772	0.277321810062993	-1.2347073898128682
417	0.6465248483829836	0.37413652746000525	-0.15956017096682756
418	0.627873847166776	0.39462319754107433	0.06794848632495676
419	0.5569532490511149	0.382246511151006	-0.0694971449652118
420	0.49109820714125313	0.3281151355184606	-0.6706371320291782
421	0.4724001188626989	0.4364687398398089	0.5326517838525
422	0.5357238917919909	0.38736048427146663	-0.01270542852431519
423	0.5493799460733073	0.38347269489024843	-0.055880123994788256
424	0.550382034452081	0.35129569355674295	-0.41321229853038605
425	0.6352626206557849	0.356966344627961	-0.35023855970031675
426	0.6346341707828009	0.428545236032017	0.4446596550573551
427	0.5664237569274335	0.4664884170090209	0.8660264327375496
428	0.4217736310468492	0.3773817377910652	-0.12352144714654584
429	0.4614218076713066	0.2640342741788017	-1.3822681908491588
430	0.5666705606239302	0.19103824929714625	-2.192903962438471
431	0.6194860024259665	0.22963686675226233	-1.7642584287434981
432	0.6344338835862733	0.27601295769793116	-1.2492424627646974
433	0.5855958059632137	0.32288281774221445	-0.7287430900539378
434	0.48956998934942886	0.32771828707187317	-0.6750442151165789
435	0.443474911939969	0.38853316303992064	0.00031740881283157655
436	0.44962377094021333	0.37243626174821615	-0.1784419691115563
437	0.5049452291440162	0.3968312936051864	0.09246984429721289
438	0.5955282376189521	0.46557541414327613	0.8558873493595691
439	0.6053423944417984	0.3756043707939805	-0.1432594708185885
440	0.6499615928025574	0.39569862006732415	0.079891273220057
441	0.5420838060323362	0.43388764989049655	0.5039882525712502
442	0.601379532730884	0.45012599003537795	0.68431833786037
443	0.6773282569221852	0.43752398219550426	0.5443704658301788
444	0.6754782140095889	0.4014498370255966	0.14375971268789403
445	0.6233308701427964	0.33930352165331795	-0.5463878178785313
446	0.6242083550814046	0.26949157477449776	-1.3216637526436663
447	0.6533501023907331	0.5466807917822472	1.7565791403030044
448	0.6850523007470263	0.5262899476140159	1.5301346493533943
449	0.6926920463037124	0.6082845480171337	2.4407014407875764
450	0.7171258329801878	0.43423548699262593	0.5078510546639556
451	0.6162685355011004	0.45807845138584025	0.7726320460837648
452	0.6117313274877048	0.5631371605882194	1.9393304784233365
453	0.55362117545004	0.5535025283446893	1.8323359187144275
454	0.6751322516343268	0.473411714751356	0.9429110688036815
455	0.7385657014251487	0.3376204812092577	-0.565078325905492
456	0.7474549949000219	0.28655991288659294	-1.1321163703351442
457	0.7402904320199588	0.3476640116671889	-0.4535428679754822
458	0.6342484628574533	0.4636004864726063	0.8339553740397891
459	0.6625593185889385	0.4289825393035493	0.44951599724190333
460	0.6991806909148898	0.37284527558291336	-0.1738997869034426
461	0.797236907438958	0.3616443834414317	-0.29828798281300517
462	0.7523229569645771	0.5171842660894566	1.4290141954591613
463	0.5734699341468736	0.4940441277403025	1.172038230867094
464	0.516592964697088	0.41505931326008794	0.2948957270963417
465	0.6432732833800489	0.3739059342925076	-0.16212095520899306
466	0.6427490131317286	0.3827357085246384	-0.06406450817331953
467	0.599906612752229	0.32264168072724925	-0.7314209658766552
468	0.5506968825480931	0.30118415663272424	-0.9697111553624782
469	0.57398323209797	0.30855676389158476	-0.8878368453079137
470	0.6751075840640361	0.31501400188112677	-0.8161278980265437
471	0.6144577325738578	0.3358255474948855	-0.5850114315624196
472	0.5197619099979462	0.31636459668355926	-0.8011292667784808
473	0.4957176990340475	0.2843724230664886	-1.1564088917572208
474	0.5905117468767717	0.4725730571136421	0.9335976043739447
475	0.6718491032684292	0.4386735480619106	0.5571366296674268
476	0.513317891473279	0.44130429873546084	0.5863516534385148
477	0.47632983144130764	0.2925360962360219	-1.0657496331261294
478	0.45297544394908534	0.24792220927421485	-1.5611959637929866
479	0.5294564026312819	0.2522870517282364	-1.512723496472773
480	0.5269278432531037	0.27742853588565214	-1.2335221777449499
481	0.5491589429960989	0.2936867415671448	-1.0529714816126368
482	0.4231488210199012	0.26527966398403097	-1.368437882591576
483	nan	nan	nan
