ID	SN	ssim	z_ssim
5057	0.19283582417021208	0.10973754556136765	-2.0297318102639785
5058	0.19059128752150392	0.11255840129784303	-1.999230156072719
5059	0.1993287535030894	0.05293531749326513	-2.643929089275185
5060	0.40465870271947624	0.19114769306713103	-1.1494513567931834
5061	0.45256747085910165	0.24379690327143289	-0.5801602787953082
5062	0.40464858599208753	0.19892883582739476	-1.0653145742496921
5063	0.3965938508050016	0.22689259920469831	-0.7629449672571472
5064	0.6020841482847954	0.252190535969532	-0.48940069876596476
5065	0.7748700547658303	0.17679940209661668	-1.3045981102266067
5066	0.6392308649686772	0.26147306009601273	-0.38902961730055435
5067	0.3017575960477365	0.3208288310538776	0.2527788866233449
5068	0.26050355829597716	0.24559096942142206	-0.5607612061679399
5069	0.26555944736197074	0.2436564004080827	-0.5816795233619034
5070	0.2578053702311698	0.2909112639847968	-0.07071702037582833
5071	0.5805000277285107	0.31183130988613295	0.15548951599427643
5072	0.6479447246650227	0.24713151490285645	-0.5441034292625062
5073	0.515965047934277	0.2899376581918021	-0.08124453046169886
5074	0.2634401564800227	0.41497292803982033	1.2707503671506004
5075	0.2529861686767112	0.46035168675641774	1.7614267204658947
5076	0.5047428706769762	0.4615762423772337	1.7746677280087908
5077	0.5212020923612585	0.4657517005920605	1.8198165744782786
5078	0.5590306575248378	0.446989595298119	1.616943651848475
5079	0.6419389268581098	0.3776620301052446	0.8673110520341926
5080	0.5814134953799754	0.33902099592073986	0.44948909572207263
5081	0.27194126691268095	0.3521872009566196	0.591854062431575
5082	0.3813296978738851	0.4453807807481686	1.5995476877706496
5083	0.4523607376250611	0.3850629165964105	0.9473361584383816
5084	0.40010954931213816	0.40451859301879906	1.1577086020268026
5085	0.31398344881855184	0.4136089939098928	1.2560022725803026
5086	nan	nan	nan
5087	0.33573624167047755	0.4451399638161754	1.596943756386255
5088	0.43638252522178883	0.2601579465801796	-0.403249819051217
5089	0.3574500701306813	0.31440063248214545	0.18327136542245157
5090	nan	nan	nan
5091	nan	nan	nan
5092	nan	nan	nan
5093	nan	nan	nan
5094	0.349501291077421	0.2871929727609134	-0.11092256212926681
5095	0.4393063071228833	0.3904262656350269	1.0053295593654732
5096	0.4526293577397653	0.40395979582050745	1.151666379205925
5097	0.51584130137369	0.20727733107119128	-0.9750430613711815
5098	0.30493215679338587	0.38057861701783374	0.898847838646933
5099	0.3292116263103076	0.5565084840883664	2.801161345116645
5100	0.32910066120364506	0.48287218228627027	2.004938771786059
5101	0.5182958161288016	0.2770128318381691	-0.22099949163287094
5102	0.3956959135613713	0.360194977625143	0.6784414166254931
5103	0.34605330376854243	0.384088889751735	0.9368040955593284
5104	0.35813037040811885	0.3440110050528297	0.5034456065035879
5105	0.507400914982189	0.2202686451257776	-0.8345691747915858
5106	0.506440341620079	0.28101025217536385	-0.1777757523945892
5107	0.35243559019054593	0.4004724137062244	1.1139576364626482
5108	0.3937177426952275	0.4822890192054765	1.998633082913892
5109	0.4493601081500051	0.3088188249848548	0.12291579323098928
5110	0.41042926810122704	0.22364636862564227	-0.7980461605819709
5111	0.40225489920420376	0.3961796869727441	1.0675407762634117
5112	0.2818884878674214	0.28581507333267575	-0.12582166218851065
5113	nan	nan	nan
5114	nan	nan	nan
5115	0.353259742808341	0.2206250201389604	-0.8307157244807629
5116	0.6586604156042314	0.4175018935798788	1.2980958394365596
5117	0.6506445499973584	0.3998792741532767	1.1075440729126829
5118	nan	nan	nan
5119	nan	nan	nan
5120	nan	nan	nan
5121	nan	nan	nan
5122	nan	nan	nan
5123	nan	nan	nan
5124	nan	nan	nan
5125	nan	nan	nan
5126	nan	nan	nan
5127	nan	nan	nan
5128	nan	nan	nan
5129	nan	nan	nan
5130	nan	nan	nan
5131	nan	nan	nan
5132	nan	nan	nan
5133	nan	nan	nan
5134	nan	nan	nan
5135	nan	nan	nan
5136	nan	nan	nan
5137	nan	nan	nan
5138	nan	nan	nan
5139	nan	nan	nan
5140	nan	nan	nan
5141	nan	nan	nan
5142	nan	nan	nan
5143	nan	nan	nan
5144	nan	nan	nan
5145	nan	nan	nan
5146	nan	nan	nan
5147	nan	nan	nan
5148	nan	nan	nan
5149	nan	nan	nan
5150	0.3081498300569453	0.5469332977967633	2.69762573451917
5151	0.40056473312904933	0.5440173905579473	2.666096297156561
5152	0.4846526527365117	0.3218428359221464	0.26374322820248364
5153	0.431493566525134	0.32868713878525824	0.33775004691762
5154	0.46818681859695405	0.3459451953913449	0.5243598291214308
5155	0.4097952044481793	0.35692871473740384	0.6431236157853666
5156	0.5235492346993429	0.3316465696820937	0.3697501015999603
5157	0.5297683888137601	0.3332025694032834	0.3865749837815376
5158	0.5019853444583494	0.2130623095781555	-0.9124906196983696
5159	0.33285807004144713	0.22432600255347035	-0.7906973412945438
5160	0.38804487404607924	0.27901364311778426	-0.19936490289312664
5161	0.35826598953478667	0.29152067194371206	-0.06412754804518696
5162	0.4092437757113774	0.20673314918110103	-0.9809272502058145
5163	0.3774494080420152	0.27403757310308385	-0.2531706912775881
5164	0.29996238582584933	0.36951404177857117	0.7792076020487834
5165	0.34078167878394355	0.2843393314216955	-0.14177872403404532
5166	0.4508373467247573	0.17463563974742644	-1.3279946739266464
5167	0.7462892598053906	0.25049077410213627	-0.5077800678405332
5168	0.7956209516399259	0.2928448671001317	-0.04980914734834044
5169	0.7325053861073384	0.22094914888083433	-0.8272109501421646
5170	0.6023449685727568	0.19140573463083893	-1.1466611770468682
5171	0.7605350471492028	0.24749460327118228	-0.5401773880586477
5172	0.7430670975727426	0.24144056618695367	-0.6056391354342618
5173	0.6804798245113417	0.25719744182167914	-0.43526148530118586
5174	0.41639651361794305	0.2666684072512416	-0.3328528053199682
5175	0.24897112515984063	0.23089702371597087	-0.7196454925273781
5176	0.27566541176005305	0.2081297291370488	-0.9658261593148676
5177	0.2846924234077306	0.19665901902147254	-1.0898578950571063
5178	0.3511259813418499	0.2440335417633211	-0.5776015285002881
5179	0.342931771113685	0.2103879077982006	-0.9414086806987522
5180	0.3443993022226789	0.2667829725792648	-0.3316140209424165
5181	0.3239469168254274	0.2330647925128479	-0.6962056074761975
5182	0.3142952060058296	0.16696366535266666	-1.4109510289529943
5183	0.27033600205115943	0.2072058290682079	-0.975816205967263
5184	0.2391515550654792	0.24883173416079551	-0.5257191144659703
5185	0.26314426045386013	0.18413640118172114	-1.2252638124808208
5186	0.3655136170349082	0.160094093175483	-1.4852310824420694
5187	0.7687477787548161	0.2091176249341481	-0.955144132726095
5188	1.138079705546064	0.41191060294966775	1.237637726999154
5189	1.1407154113496862	0.45386290039414035	1.6912640690463492
5190	0.7545782425966757	0.32166661858535184	0.26183780631227077
5191	0.6787571115810548	0.3047290753652554	0.07869370593569103
5192	0.6077004518257736	0.33376134820129777	0.39261700764190616
5193	0.3613527454730226	0.33134100478723627	0.36644605643543304
5194	0.3657107984914216	0.3476215181835475	0.5424857536270835
5195	0.38262014477390127	0.2838316169959126	-0.14726859352396604
5196	0.39463746415992984	0.20796315704682378	-0.9676272880391275
5197	0.3753801396099853	0.2020085937054584	-1.0320134349624777
5198	0.41069119125424164	0.21463182118707536	-0.8955196347148351
5199	0.40779423579878255	0.2554906618900235	-0.4537167400605058
5200	0.3709879538435029	0.37463329893699143	0.8345616598771245
5201	0.22345618030976172	0.3327449119213122	0.3816263754310199
5202	0.2899777093690764	0.2334500195924046	-0.6920401824196049
5203	0.5379343622685535	0.24278635780288094	-0.5910872142027989
5204	0.6600751619828625	0.30385876203222395	0.06928308773961953
5205	0.49196347728675294	0.29364376762978456	-0.04117070924121013
5206	0.47576693404416054	0.28632453012453624	-0.12031295265410062
5207	0.41079743383182815	0.3856671245313805	0.9538694033873408
5208	0.2868783095258105	0.4294627409307847	1.427427384121514
5209	0.33141213963942645	0.29726263292302235	-0.0020402509509145077
5210	0.4511543378961021	0.23818680693536048	-0.6408217356042772
5211	0.48053285762564923	0.2677219288365574	-0.32146117310609207
5212	0.4200570740359798	0.2377889551608351	-0.6451236703289205
5213	0.35388429045005	0.261675237596918	-0.38684349053833594
5214	0.3738141695674054	0.27277350184905863	-0.26683897773578363
5215	0.36885887974187925	0.24069958547090856	-0.6136512919125084
5216	0.5357884581387847	0.3169459280225741	0.21079341250370892
5217	0.6059442650459108	0.445827570794632	1.6043787875383924
5218	0.5928521484332152	0.42628452791202515	1.3930616584337874
5219	0.5617738448126163	0.38081559467029913	0.9014102562541473
5220	0.5961623990286128	0.32022145470004043	0.24621138185196031
5221	0.33262248430759195	0.2519167999386658	-0.49236058134528515
5222	0.45270651352107477	0.19299019753798222	-1.1295285250478162
5223	0.5267288581665742	0.22411541155286932	-0.7929744424568138
5224	0.3906186089343309	0.1622505079381359	-1.461913967520925
5225	0.36231898307992594	0.21889443498408545	-0.8494283829340018
5226	0.3700087942892363	0.28118920175914736	-0.17584078696844005
5227	0.3147357440879809	0.21203133750192082	-0.9236384261400585
5228	0.3102617667166237	0.3200281943177017	0.2441216750744232
5229	0.31179485364798215	0.27886736455167926	-0.20094659960353792
5230	0.2921507951314317	0.2426753899081852	-0.5922870998639388
5231	0.35679272340044776	0.20030490506900778	-1.0504352638304528
5232	0.3207784434378203	0.2984762956470011	0.01108297269818892
5233	0.31335484394006413	0.27200567036764267	-0.2751414690757255
