ID	SN	ssim	z_ssim
494	0.24669640881810093	0.29584331021062144	-0.15575847018899627
495	0.3063599333023329	0.2631627011967152	-0.4475168296653461
496	0.33016848859546877	0.15119464551372427	-1.4471192613680512
497	0.3198578934757492	0.13685987573856812	-1.5750938933980443
498	0.3401483189018197	0.19100069385958882	-1.0917480576770848
499	0.5603845089001086	0.23164336480762157	-0.7289078488092086
500	0.6218714523707505	0.174119794390846	-1.2424534357007884
501	0.42478298374944257	0.27478808789917236	-0.343730399273434
502	0.2097314382883404	0.25302139124436873	-0.538054063943286
503	0.2601394467443809	0.14051154664084192	-1.5424933530794238
504	0.31208686066495983	0.35020976311044344	0.3296017353644185
505	0.6649405222763505	0.43861207660484736	1.1188194010470325
506	0.9201057332302477	0.37613375819881784	0.5610399645246716
507	0.665391143418141	0.41378793335553177	0.8972001739774166
508	0.23749419946834968	0.5294286784035019	1.9295907897539444
509	0.5258948689964119	0.40718718592953207	0.8382715524358799
510	0.7587565752109193	0.3202894135882836	0.062485780217139526
511	0.5554412208288378	0.3304119806713617	0.1528556862550427
512	0.4719498826400042	0.27076747685071634	-0.3796246778375471
513	0.6616576597207526	0.3705956234058494	0.5115978895294409
514	0.8024200018618555	0.4084569553249414	0.8496075050663914
515	0.6331481408646732	0.3487564677386857	0.31662734209903626
516	0.4560927800910742	0.39812478389223166	0.7573663419426235
517	0.6412602617407515	0.4616472684271876	1.324467642591406
518	0.7452004458488449	0.38974607697178054	0.6825648661009783
519	0.5622456409295766	0.4768221092078486	1.4599420656536117
520	0.1886342542544763	0.47885508600399795	1.4780916042575472
521	0.29065403497536385	0.16811635188821195	-1.2960495769181624
522	0.49809869490898606	0.1742248885794333	-1.2415152001850522
523	0.5744180448158847	0.19010285492650478	-1.0997635758113744
524	0.5368683163131869	0.22027127244242994	-0.830432976779437
525	0.38327497817144107	0.19845060097388847	-1.0252385052695896
526	0.40133866022368603	0.15609425389228757	-1.4033776743615813
527	0.33051028443759833	0.1909991747897763	-1.0917616192761432
528	0.4706579958118309	0.19798806707905747	-1.0293678080711586
529	0.4607929668568088	0.2858358047706496	-0.2451011555830904
530	0.3343688871451241	0.3822215272115341	0.6153889363955831
531	0.6262156786182929	0.3666207013137681	0.47611150223052445
532	0.8245903257394963	0.3269899242509754	0.12230504483882645
533	0.8866237554293522	0.3298553109582515	0.14788597953390756
534	0.8417404091653404	0.28794708374304023	-0.2262525689756779
535	0.5107060853639173	0.20678951689853176	-0.9507922662490786
536	0.31911302532400293	0.2177683107633466	-0.8527783373879491
537	0.40792005390273617	0.14456227075850236	-1.5063302380420938
538	0.6564752844317677	0.1141754449221437	-1.7776106922079593
539	0.9132047008076136	0.25286702828717766	-0.539432149741345
540	0.8141655616321976	0.47815958603525116	1.4718824809878104
541	0.580653134477303	0.4149170156222245	0.9072801326986244
542	0.3729947369801219	0.396600615315169	0.7437592233170195
543	0.4686964871328882	0.3190151687955687	0.051109873172824866
544	0.49733190343281913	0.3246685186955527	0.10158053887135157
545	0.4981095589859014	0.24240754903726353	-0.6328098620610065
546	0.5436038195511181	0.20627430150501638	-0.955391886712854
547	0.5388931000611915	0.47158766231024485	1.4132111849971007
548	0.6037385722178991	0.5037650556434563	1.7004770522619435
549	0.5491951094640237	0.5125937144749296	1.7792955043890437
550	0.5849827227851534	0.3332260173258061	0.17797818986131445
551	0.5888330852823483	0.37367793601701205	0.5391154449839127
552	0.6267868892595158	0.49389244549642297	1.6123386537693591
553	0.5672096534262593	0.41743680159386043	0.9297756933230666
554	0.4671840777295236	0.4573259779979866	1.2858890284074396
555	0.6492297712383168	0.28152844870378685	-0.28355536979965024
556	0.7594141352676138	0.19278527644440285	-1.0758160752873487
557	0.64777369900736	0.28037981714583393	-0.2938098561480688
558	0.684094088411889	0.35196645958950645	0.3452847626486167
559	0.5107065905547334	0.32632028123634543	0.11632676128541718
560	0.39783585618705525	0.24060409164583418	-0.6489103505704166
561	0.29194920927866597	0.43329892109479795	1.0713858439001898
562	0.30009567377661456	0.37773706029324794	0.5753535530081932
563	0.335906020545533	0.08939633319881983	-1.9988278972668325
564	0.36830069224194717	0.2003812002604279	-1.0080029488450666
565	0.7910083380061916	0.3170772854830957	0.03380928811141671
566	0.9810303463153844	0.6157786833409551	2.700486331223376
567	0.6776142667059275	0.5459424732618555	2.0770188164027763
568	0.36895581282182066	0.4663578855406361	1.3665219972258664
569	0.6391200910071578	0.39893898555791296	0.7646351826842696
570	0.7800919069438098	0.4340073372839089	1.0777102776056187
571	0.7370430597785571	0.37093899974256245	0.5146634051273836
572	0.47037836117530696	0.3033550057357485	-0.08869729754180557
573	0.3442054434497085	0.2619069786821562	-0.4587273778117824
574	0.2747018004091484	0.24603233281858147	-0.6004493583432272
575	0.4604052595001823	0.2793942822701366	-0.30260828577396215
576	0.8101846088487947	0.4031086222895942	0.8018598981701406
577	0.953952768870492	0.5424571260601914	2.045903142232496
578	0.6854412829667189	0.591503151954533	2.4837648738690965
579	0.6410362806933382	0.5668241741990782	2.2634416216181683
580	0.648620735791498	0.4906248342506835	1.5831668321531294
581	0.35076305839704675	0.3578762910587704	0.39804518499938907
582	0.3463169491127043	0.41914202442942383	0.9449991861543626
583	0.42936027690719475	0.4243887118227276	0.9918393446686723
584	0.3933060007545208	0.38285265710496574	0.6210233914403392
585	0.35737337465328467	0.4268165624984752	1.0135141466868436
586	0.49051035870056986	0.4042385775429618	0.8119476505392571
587	0.46498568926116507	0.3989045647406783	0.7643278884975565
588	0.7436945163372602	0.4549037443079852	1.2642643724115115
589	0.8229191820399717	0.4429844783811754	1.157854315258396
590	0.595724056030966	0.32057459869321864	0.06503178963598262
591	0.24725423016200082	0.3159390095377014	0.023647252198367223
592	0.36387402165031857	0.22150788407256314	-0.819393042353383
593	0.4522274644270706	0.17287803786367884	-1.2535393015450014
594	0.42976250961491225	0.13476131447752399	-1.59382894177252
595	0.3079425814149977	0.16767947297913366	-1.2999498430897094
596	0.3187232607638179	0.1671174060527127	-1.3049677337997239
597	0.3002138423962365	0.13303349777766985	-1.6092541428638085
598	0.39267886962525256	0.1709068827614539	-1.271136922772129
599	0.48924314907125244	0.14070200943874697	-1.5407929834983547
600	0.465736428314132	0.25111281217958625	-0.5550930333405483
601	0.36224200320400934	0.2598184515653249	-0.47737284568140737
602	0.5513780808656654	0.30216759445395436	-0.09929799251210263
603	0.8908566157405201	0.33353962477227517	0.1807779416671162
604	0.8222762775640134	0.286154743130254	-0.24225381168773458
605	0.4213791902874918	0.2346877485137683	-0.7017289062336909
606	0.538897798326714	0.3239263830910366	0.09495507279174253
607	0.637802380550222	0.34195360991579826	0.2558943662443966
608	0.499713388811813	0.4104782664778391	0.8676528978468543
609	0.3248304741991852	0.3525627517430964	0.35060820140173177
610	0.3384847670115419	0.14794541448388665	-1.476126992356837
611	0.23187515044795526	0.2285138273590919	-0.7568470072108862
612	0.4765264077979952	0.41527161577977256	0.9104458497203682
613	0.936940650880844	0.4340665648942811	1.0782390361250986
614	0.9753821039075659	0.432891459197561	1.067748200102414
615	0.6134750118766398	0.5116050510044325	1.77046914402031
616	0.48989515555473157	0.4515196707705375	1.2340528257658252
617	0.3420350255807448	0.40234212428512856	0.7950169351081721
618	0.2879535105340675	0.309640947970729	-0.0325791207519965
619	0.4233586172613903	0.3045946218660067	-0.07763054023655858
620	0.5636834948075994	0.4321159267188186	1.0608245811569337
621	0.40602563645520634	0.39364714794098205	0.7173919424780046
622	0.6496656338414573	0.5244338365490449	1.8849989994149055
623	0.8987708229665912	0.5339175486943109	1.9696654845489907
624	0.7428543154332061	0.31874743953470186	0.04871970198901732
625	0.38396641926341296	0.2144887994718993	-0.8820563974715198
626	0.2902766772587354	0.3171931346118057	0.03484353908650741
627	0.447406611193133	0.28573311714322785	-0.24601790636035853
628	0.43624092042576995	0.2625425057232366	-0.45305366693235577
629	0.5394618293078516	0.3104238363233292	-0.025589831742401113
630	0.6853963981646423	0.3457464685090457	0.2897553692759122
631	0.764385805880799	0.35997196398823694	0.41675444759727953
632	0.684249278866179	0.38225194031986626	0.6156604514885179
633	0.7708481065707329	0.3661570081425465	0.4719718499101395
634	0.8385963380006476	0.3280070579562584	0.13138557516478194
635	0.619999635211477	0.2291235353597642	-0.7514037975705742
636	0.43793211086112904	0.34328346326459563	0.267766722454899
637	0.5684669804360091	0.3405343355816748	0.2432236981061574
638	0.8761029448782907	0.19686326348691904	-1.039409568634304
639	0.8442182643246067	0.3932672090828833	0.7140000124838899
640	0.6023620650913954	0.33008719937848896	0.1499561791755745
641	0.7689540257108359	0.39399829497251926	0.7205268314824504
642	0.9142326901288206	0.46863638262261054	1.3868634348785622
643	0.6073717488251615	0.40738949422463666	0.8400776734987725
644	0.4784269972984589	0.3442376583222764	0.27628536372412726
645	0.3672074239801977	0.24745554402521916	-0.5877435435078832
646	0.3648319580611127	0.16209794012594653	-1.3497793572189072
647	0.3521343724914739	0.19520853970463817	-1.0541822277331394
648	0.29270716926491597	0.22018438031896598	-0.8312087121209196
649	0.37140937158029486	0.18348625805902252	-1.158833694319617
650	0.38915105312004217	0.1378938544477105	-1.565862978154559
651	0.6340692652210163	0.21315128411945428	-0.8939971567406553
652	0.5828619405488782	0.2394234336315581	-0.6594507552856781
653	0.4569771360920501	0.2800130638151778	-0.29708407144923354
654	0.2542555799259915	0.22827853017953242	-0.7589476387832192
655	0.31323733232090034	0.1975708657209605	-1.0330924015681122
656	0.3028096240059114	0.18362673435983537	-1.157579582590762
657	0.31562287397620886	0.16849488079103853	-1.2926702343956262
658	0.3015512518711542	0.19119165514271816	-1.0900432378352756
659	0.2897835111989048	0.19890035556880276	-1.021223290537107
660	0.48697409907824996	0.1990410697819583	-1.0199670548296331
661	0.5675960182325044	0.32414252555228257	0.09688469931368
662	0.8636262307884133	0.4405957386496401	1.1365286788544917
663	0.8235714173206898	0.42759723050283477	1.0204836133865216
664	0.6571841015650421	0.3224923117126566	0.08215230303460284
665	0.40801904397655075	0.21516364666399393	-0.8760316532698751
666	0.24760772976049675	0.5375995745701143	2.002537020958143
667	0.2055388086261369	0.5267149413563064	1.9053637177124452
668	0.24587709438989838	0.10833051710886546	-1.8297916827560274
669	nan	nan	nan
670	nan	nan	nan
671	nan	nan	nan
672	nan	nan	nan
673	nan	nan	nan
674	nan	nan	nan
675	nan	nan	nan
676	nan	nan	nan
677	nan	nan	nan
678	nan	nan	nan
679	nan	nan	nan
680	nan	nan	nan
681	nan	nan	nan
682	nan	nan	nan
683	0.5375482675074109	0.19195288484557593	-1.083247307894192
684	0.5276415717993747	0.24003191225947343	-0.6540185209542599
685	nan	nan	nan
686	nan	nan	nan
687	0.43958448489220586	0.43090916675133895	1.050051149479336
688	0.28488020945002773	0.39138032993390015	0.6971547705606685
689	0.29084487996323305	0.3530477274092625	0.3549378546430882
690	0.5423116823649657	0.23229914130769735	-0.7230533595074994
691	0.5142618352117339	0.31084057633013606	-0.021869356990465053
692	0.42072958336209737	0.2735173804188332	-0.3550747267209524
693	0.3511891373311796	0.25511318681159423	-0.5193794167604897
694	0.434442348029272	0.18317993611323924	-1.1615684043225825
695	0.3919400739083987	0.2966426273288121	-0.14862251225732392
696	0.4824988284222483	0.33701688637537475	0.21182143110633495
697	0.8062648695637883	0.3307614791606426	0.15597585778638312
698	0.7504344406460536	0.2006980920533894	-1.0051738758125959
699	0.44591066088752696	0.24659325956332162	-0.5954416466827084
700	0.30042740564764	0.3130451934811814	-0.0021874874454783488
701	0.49962759956967345	0.18622341714377968	-1.1343975204449281
702	0.7662188717295293	0.2547509643768571	-0.5226131821802057
703	0.6697433733779617	0.29777005497808906	-0.13855732524562045
704	0.46117820924642655	0.34737365540827925	0.30428219097864634
705	0.5182262034992695	0.2922358463360364	-0.18796434926154562
706	0.4291388654142142	0.5480504292299159	2.0958377366630434
707	0.4832677279941215	0.2608795863146835	-0.4678994930420954
708	0.5772305014630774	0.16187113171252637	-1.3518042047542373
709	0.565030300955829	0.1337621597342715	-1.6027489636922558
710	0.4689487255619591	0.2803367760260882	-0.2941941086716891
711	nan	nan	nan
712	nan	nan	nan
713	nan	nan	nan
714	nan	nan	nan
715	0.33832861712595774	0.23726835187136824	-0.6786903942600573
716	0.43021442853271896	0.24252217775655208	-0.6317865063740219
717	0.44328533571781165	0.20735068387207467	-0.9457824099295858
718	0.63822941161142	0.33680349785236324	0.20991639055527223
719	0.8515784228644608	0.39156045666754885	0.6987628642251659
720	0.7054641473932066	0.3160689210058384	0.02480704566502784
721	0.5613946779069828	0.21119162788076343	-0.9114921210815813
722	0.4158330851953774	0.13317098995258242	-1.6080266721218692
723	0.3955939244501009	0.19507454173390734	-1.0553785037296164
724	0.3143266590890888	0.19171904828754172	-1.0853348996685261
725	0.29684651866255174	0.22499262811276738	-0.7882827529480555
726	0.32892494809775413	0.17742447271090706	-1.2129506952577385
727	0.5690837450538433	0.1968725961174588	-1.0393262509404775
728	0.6152539706243475	0.3175447005880416	0.03798216824824157
729	0.5662790540258594	0.3152017228813345	0.017065075433122023
730	0.6026978758920737	0.3303610078100744	0.15240062256939746
731	0.6578737204059044	0.27065716994760236	-0.3806094502167202
732	0.5322006715707107	0.3014665117227529	-0.10555695627331943
733	0.5284877164388379	0.27000554927153336	-0.38642683811698436
734	0.7747975861017815	0.2733920337553697	-0.3561937675834526
735	0.9007282156754944	0.28734845297985584	-0.23159688582498858
736	0.7616550985950016	0.2626605002476283	-0.452000262791415
737	0.48200625823837384	0.32491324223655665	0.10376532492653733
738	0.29864980067182983	0.23239478445861633	-0.7221994987732825
739	0.3406122666491801	0.12570903526184768	-1.6746437800873062
740	0.371123457343013	0.12538840233196097	-1.6775062523740998
741	0.36351096959406576	0.15177574302866012	-1.4419314737848603
742	0.2874468930377686	0.35630827060950604	0.3840465758024776
743	0.3086340396057911	0.40386647686483473	0.8086256964298895
744	0.3209144468632558	0.22248772162993968	-0.8106454759242553
745	0.8056014163283329	0.21377092578700593	-0.8884652636137208
746	1.1012940322149012	0.2593692987884596	-0.48138268764233
747	1.0158758220558743	0.23824608059415542	-0.6699616545951413
748	0.824544466985266	0.13407084889409568	-1.5999931202249533
749	0.8166601197040372	0.3074454186744234	-0.05217985785575795
750	0.43092397826107887	0.3709767235519067	0.5150001870007812
751	0.4583208050534552	0.3165949794142608	0.02950346788178489
752	0.5049264932051746	0.09957051414594699	-1.907997204947536
753	0.4250810941117302	0.7451881108680843	3.8557977961970793
754	0.3526311042016336	0.7476746947921182	3.877996943283588
755	0.3994083068167878	0.10912248329371264	-1.8227213507816924
756	0.4250943221955205	0.1027795473327163	-1.8793483429364706
757	0.345192492585463	0.2225964319191234	-0.8096749574245252
758	0.2945517527954059	0.29540383287918365	-0.15968193395286837
759	0.5939849467548722	0.4200332001626895	0.9529552181191309
760	0.6321331886037507	0.3587903012424324	0.406205073072969
761	0.7197064301601511	0.4071505887535468	0.8379448286584136
762	0.6539984873189585	0.4990847274608605	1.658693104117525
763	0.7091963801074797	0.5666332978853454	2.2617375603464263
764	0.7651647554322	0.5465383318975587	2.082338384895475
765	0.8250432563571722	0.4615354750053552	1.3234695992152805
766	0.5933351756084052	0.34852333583556583	0.3145460411793715
767	0.43212215122419534	0.24203486280673517	-0.6361370437292585
768	0.4528640801548937	0.5173765191132227	1.8219943180607987
769	0.5598801925968994	0.5152565020156827	1.803067721246863
770	0.56473013728455	0.22118646264724467	-0.8222625539867665
771	0.4700518255730124	0.2246038710851255	-0.7917534077504624
772	0.3318949524053402	0.2144410043416554	-0.8824830917471678
773	0.3235513593043659	0.17509751386481898	-1.23372477860529
774	0.29219841667349256	0.15185479119047596	-1.4412257659444343
775	0.29516071107078834	0.20681665288946177	-0.9505500078446181
776	0.3296978713417552	0.19703441078417255	-1.0378816394988875
777	0.4620381921618257	0.20367848446940745	-0.978566219831547
778	0.5734069855243215	0.2030919803085998	-0.9838022756134476
779	0.5314224574478033	0.22017198271705515	-0.8313193925551001
780	0.3675832717257697	0.3108904248128167	-0.02142433127129626
781	0.328056215040709	0.3115019338611116	-0.01596504265585034
782	0.3418395972382146	0.21074105108256083	-0.9155146760898358
783	0.25795587528527414	0.25517834308154796	-0.5187977297294062
784	0.3408414256807336	0.2357687238844171	-0.6920784250985128
785	0.5930425329176429	0.2383554928600939	-0.6689848691501941
786	0.5716246861664568	0.5089168166063575	1.7464697486131884
787	0.44835741752291264	0.45109456362688194	1.2302576528306497
788	0.36210297202218433	0.42202127446385296	0.9707038866454033
789	0.37749375829218335	0.38833899927110527	0.6700030842373024
790	0.4914948268164811	0.3255979967052669	0.10987851701393049
791	0.5621706079390753	0.37790817010115013	0.5768811474548762
792	0.40589332484163504	0.3715072499141581	0.5197364971791982
793	0.268204953279283	0.4876594918614381	1.5566935363095982
794	0.4460595954853362	0.2051687924082668	-0.9652613943562579
795	0.57641537785018	0.25499441091154185	-0.5204397966857801
796	0.5734684603445802	0.4183051516928884	0.9375279478858786
797	0.5791836217732979	0.41702749932535554	0.9261216194856384
798	0.625954211949033	0.42500717006364236	0.997360672673825
799	0.4818520072301903	0.26150400786080186	-0.4623249272241923
800	0.32300626728249254	0.168840677861437	-1.2895831075330806
801	0.32061847110622727	0.36028984185121943	0.41959232383692224
802	0.38352806916960797	0.3399867106655274	0.23833473942501554
803	0.45258302034039216	0.36261438620782815	0.44034485166544524
804	0.39431751207738414	0.4285863831123896	1.0293143405774583
805	0.36896608333900033	0.3880821126606871	0.6677097115527495
806	0.41109801923028366	0.38990435807961965	0.6839779314554087
807	0.4406243543696224	0.22692778345084325	-0.7710065220635983
808	0.31566968686542485	0.36476924544690775	0.45958250406747964
809	0.5138738896948385	0.37822796671606396	0.5797361534828741
810	0.5441186360259477	0.4395369836302627	1.1270765714164253
811	0.6132460874768072	0.4391669570277853	1.1237731337584709
812	0.635749843112309	0.39837080285127635	0.7595626929304651
813	0.6574239988932105	0.4124848361257564	0.8855666848390822
814	0.39099223388062443	0.3586171157620409	0.4046589479189782
815	0.4385956641575438	0.21116585563372564	-0.9117222045697001
816	0.43602612497733817	0.19618145098072437	-1.0454964961512656
817	0.45058208884426904	0.20741847556751353	-0.945177194958257
818	0.44459420686444695	0.17108240435959993	-1.2695699417680126
819	0.29961022784756736	0.336553476126084	0.2076843045907286
820	0.3229475968901807	0.3722480002946853	0.5263495965774416
821	0.4712741216629628	0.19123545959577828	-1.0896521706015794
822	0.5269072723233075	0.2192554640074721	-0.8395016756644372
823	0.4052191943108436	0.2311923007793919	-0.7329347535966647
824	0.5129133367273709	0.24299382879282438	-0.6275758096722078
825	0.5354852732485726	0.24677777076944546	-0.5937944103420152
826	0.3378448188363038	0.27565036753463945	-0.33603233918689485
827	0.4127257018642541	0.35115663956491977	0.33805503930582437
828	0.5747951446891781	0.40676064650790716	0.8344635927417287
829	0.6275412255754845	0.4590989262277029	1.301717144300825
830	0.7746657442823945	0.5169643723002557	1.8183148493592367
831	0.7565108527583724	0.24977054154253306	-0.567076245736415
832	0.41240293752550355	0.3387110775149367	0.22694643772134707
833	0.5067525386468763	0.47119584997671576	1.4097132537436041
834	0.5708720543417547	0.505810350479947	1.718736561008738
835	0.6160144942825577	0.49638086172933243	1.6345541589179644
836	0.6075993628057397	0.514035593649095	1.7921679787740405
837	0.7155646136498933	0.459962748441171	1.3094289758573745
838	0.6054799594674554	0.23809811482930449	-0.671282629023531
839	0.3848295317965861	0.3499216548767077	0.3270296295144141
840	0.47807147729583344	0.4193644785659323	0.946985160586443
841	0.6784068648327264	0.3266475863253087	0.11924879972611921
842	0.6996733492245408	0.23367408722835142	-0.7107784362951434
843	0.4681913103492706	0.29932372283503345	-0.1246868497927198
844	0.3810879897278444	0.33514788562545333	0.19513579980659068
845	0.32283567127990254	0.3838702407598189	0.630107938721682
846	0.31012062482272096	0.36311561321045843	0.44481958981828784
847	0.6075238379655006	0.32313838871766737	0.08792019943448733
848	0.8127093872520821	0.2887340182550505	-0.21922715760278255
849	0.6464985445865383	0.3262311056773314	0.1155306404177719
850	0.3466650177840396	0.2931949458165615	-0.17940192342383976
851	0.46534012863321655	0.34016819274574334	0.2399549330381649
852	0.47709150891058544	0.3216678760690864	0.07479209775937361
853	0.4238455832568476	0.4067124092617221	0.834032951445949
854	0.2867870380613897	0.37073513187158436	0.5128433608448185
855	0.41126823177957833	0.36061936947377105	0.4225342040973816
856	0.41702734709982786	0.3854748304000944	0.6444330218583002
857	0.4194548016949719	0.2950052004877828	-0.16324075173682584
858	0.41008332695159155	0.25829763599956335	-0.490950030070593
859	0.39227337537201423	0.20774646951858483	-0.9422490066542383
860	0.275370270936426	0.20291748616670952	-0.985360083931967
861	0.285886825192668	0.15467360464490146	-1.4160606171314762
862	0.3079530724119182	0.10199301207083994	-1.8863701899766436
863	0.2939615877149452	0.16391770501561867	-1.333533282409913
864	0.28418784974832856	0.21472836019320804	-0.8799177028402703
865	0.2938729571839265	0.2454176364748987	-0.6059371017550065
866	0.3470921225450112	0.21908959426502445	-0.8409824890704144
867	0.34417027356205315	0.23741639292964395	-0.6773687476444975
868	0.32759313950096397	0.20293846647633831	-0.9851727807909514
869	0.25108680242040154	0.24438855504849677	-0.6151242961737778
870	0.4618258467976571	0.2988789043650901	-0.12865799693383395
871	0.6269654986756918	0.3667715315733089	0.4774580496300629
872	0.5931124702497573	0.37328013814541094	0.5355640774322207
873	0.42145121275832664	0.2808217833265595	-0.28986417301292133
874	0.6528610927155618	0.3593235651940419	0.4109658232665552
875	0.6069154915912194	0.3792700505317459	0.5890394276161941
876	0.34478843036936796	0.2784884434337134	-0.31069522358936025
877	0.3264455531305188	0.23800920335001163	-0.6720763923015061
878	0.28958698118037857	0.1631753996464089	-1.3401602640753703
879	0.28122025362722347	0.10803420484091447	-1.8324370306794187
880	0.277299628206554	0.12492572092912127	-1.6816368720634478
881	0.26127292611253217	0.16582947124867276	-1.316465859351157
882	0.22440180359464018	0.27555255608602847	-0.33690555754621626
883	0.28905658731865536	0.36284259456847306	0.4423821973248305
884	0.37120705955305994	0.27518625693897203	-0.3401757180924073
885	0.530445272630353	0.34287320047547665	0.2641040735043665
886	0.47285502461272216	0.32465148915956676	0.10142850653071243
887	0.4892358172476348	0.3549003308537485	0.37147709788342914
888	0.611575799282937	0.3757022995513398	0.5571880881071757
889	0.42852474543161684	0.38953906517661063	0.6807167542213826
890	0.34792717095593373	0.4427558594886814	1.1558133045480092
891	0.4940280692133546	0.3439216333833507	0.27346402959001315
892	0.7036607228896706	0.3963590431919638	0.7416025717585502
893	0.556399056368257	0.42332903914651615	0.9823790447868126
894	0.5030975329205917	0.25639451260008933	-0.5079402936447915
895	0.40350381937924906	0.31395600128238815	0.005943811140948234
896	0.5241140996012205	0.33051449757441886	0.15377091287893555
897	0.47214728610079476	0.34246937923019966	0.2604989318745524
898	0.40111057875680217	0.31415371710222567	0.007708932568574314
899	0.704902841237123	0.3948423446935226	0.7280621427678555
900	0.7594803772000867	0.2574222929518732	-0.4987647146581549
901	0.45073223569822957	0.28502770203468913	-0.25231554771488507
902	0.23779026267848086	0.41952418012731474	0.9484109071364821
903	0.5218964381888392	0.24518798517321613	-0.6079873293686351
904	0.6843087370219307	0.15402906923822804	-1.4218147508073646
905	0.6124223051697463	0.411670805979597	0.8782993753496321
906	0.3738510936777591	0.4112999394859561	0.8749884395061976
907	0.4955525595942322	0.48222251467821414	1.50815455275477
908	0.757853738361057	0.46164214645003127	1.3244219157920132
909	0.6369465084720347	0.4756171574200292	1.4491847766228994
910	0.34376138382661003	0.36327520534749436	0.4462443594750318
911	0.27070862165378556	0.21735419368701603	-0.8564753957496809
912	0.31576198327457944	0.2126323268253062	-0.898630183276804
913	0.31055411667642735	0.1895333953817107	-1.1048474646246633
914	0.37841802927540796	0.15671143017287767	-1.3978677911444093
915	0.3130388347445489	0.17427940028532543	-1.241028543223532
916	0.4013992339892529	0.29932500706061776	-0.12467538478147967
917	0.500861871763329	0.3581129086010424	0.4001576041996319
918	0.4849358737222446	0.36185643529089306	0.4335781933086662
919	0.2810548357627779	0.35553398285432075	0.3771340692112033
920	0.22585291633933552	0.3422113663849714	0.25819550465214086
921	0.21170645682539957	0.2544863515963843	-0.524975530773354
922	0.24316385128216567	0.3180947064444364	0.04289238293536235
923	0.5469840148603029	0.39812780478233323	0.7573933111444464
924	0.9392010494296236	0.4227671971022571	0.977363161727592
925	0.9285479247984868	0.44105137588351123	1.1405964112463216
926	0.41402563167200623	0.5607319002510617	2.2090524316309974
927	0.6342296477289027	0.5789253952834312	2.371476095814445
928	0.9902256282527578	0.3296489593095579	0.1460437611568735
929	0.8244742602056587	0.23438748587430153	-0.7044095213674416
930	0.7977408182913558	0.24475754713829262	-0.6118300941981422
931	1.0255491297201624	0.24886376319536097	-0.5751715710979171
932	0.8368435580088098	0.22559586517921992	-0.7828973130130583
933	0.360861846533043	0.22295328548906324	-0.8064891229104063
934	0.26357908185772116	0.4072507541937075	0.8388390624373823
935	0.4565863188835242	0.3859139587965053	0.64835337048099
936	0.6366514956228122	0.2632991785912705	-0.4462984184440583
937	0.5468160986169682	0.2853222051710622	-0.24968635093668892
938	0.4319337719579305	0.2961093003548574	-0.15338382508718265
939	0.39291447940401325	0.2594303781228187	-0.4808373977310269
940	0.4246936426819202	0.2827062228451125	-0.27304071105627686
941	0.44096354684918615	0.2983949532356924	-0.13297850355351576
942	0.43386295532768115	0.3162286486132162	0.0262330247424619
943	0.43161958619931673	0.22913683490297151	-0.7512850649941312
944	0.2344764550372888	0.3128972459183771	-0.003508299373859213
945	0.28003341617779187	0.39837270621262627	0.7595796853183581
946	0.3458736429163919	0.2775813002320152	-0.3187938062144563
947	0.47981549688850933	0.24470472662889048	-0.6123016528879853
948	0.3735796058173787	0.24761227515586648	-0.5863443156802415
949	0.29498601693935556	0.2912728015337053	-0.19656199722798315
950	0.46770287699192054	0.2817110178703971	-0.2819254711487865
951	0.8567053209759535	0.24449685949371272	-0.6141574008736701
952	0.9403530342943088	0.5316294726741638	1.9492385302743256
953	0.6406079279498533	0.4827465583184203	1.5128329879912583
954	0.7423484531973634	0.49436149027301884	1.6165260829106685
955	0.8297395313830584	0.5599559466774818	2.202125053332719
956	0.7399344268160661	0.48503392661764255	1.5332536240392378
957	0.48847796639986174	0.4147617135197774	0.9058936626174241
958	0.4724834700210641	0.23514858543456896	-0.6976147532831838
959	0.6085892865488196	0.25296096653288824	-0.5385935096643213
960	0.7226458922198339	0.24629300155539252	-0.5981222204680915
961	0.4637042557275696	0.2527488301197073	-0.5404873719197199
962	0.37029621470469465	0.2437265775275907	-0.6210341455106612
963	0.3809266624762336	0.2648769636154843	-0.43221263534022786
964	0.4401307767308549	0.23787515811592536	-0.6732730902448031
965	0.4094633748736078	0.38601928992051693	0.6492937212538399
966	0.5191107269046243	0.4344841022714534	1.0819666294551988
967	0.5249450061156556	0.20304394652958535	-0.9842311004422242
968	0.4699710047895824	0.17624956649359577	-1.2234397504144352
969	0.49436055193356054	0.13840896204961384	-1.5612643200077305
970	0.44363914181215547	0.29649170763289223	-0.14996985810621885
971	0.28281816719128733	0.2990105252519766	-0.12748294251503556
972	0.25821746730095463	0.26413645784924056	-0.43882355092782044
973	0.37787872362535624	0.14458473474866018	-1.5061296892422549
974	0.29931054739106744	0.16928549669833232	-1.2856119571159774
