ID	SN	ssim	z_ssim
5057	nan	nan	nan
5058	nan	nan	nan
5059	nan	nan	nan
5060	nan	nan	nan
5061	nan	nan	nan
5062	nan	nan	nan
5063	0.34710029673668946	0.27033524893001654	-1.7982909499959867
5064	0.39881383404870036	0.4554649875446959	0.40877433434857774
5065	0.4972618570283625	0.4143133729367028	-0.08182377633673908
5066	0.6094624333356436	0.3853709840800864	-0.426866891340489
5067	0.6393916159713295	0.3969572111062506	-0.28873911328963126
5068	0.7420487152295542	0.4147520740934865	-0.07659370308873194
5069	0.8539457203467075	0.47570141874729255	0.6500274421447164
5070	0.8548770697950766	0.444625503493274	0.2795490184748651
5071	0.786693959724633	0.4370822439094575	0.1896203744719033
5072	0.6852625713057781	0.34850571398823754	-0.8663643941541944
5073	0.553717898902126	0.37097065667470003	-0.5985435918935779
5074	0.5683261117105667	0.378989789261215	-0.5029417222280519
5075	0.5230369266168711	0.35498389429051386	-0.7891333292919599
5076	0.4196415593813781	0.46650047952588664	0.5403364022778286
5077	0.38190091445945407	0.4759806979300679	0.6533569309321801
5078	0.4386089740496067	0.400414120236943	-0.24752680353012302
5079	0.5187349314152263	0.3577617043949448	-0.7560170493583966
5080	0.6846409466455764	0.3875123592071342	-0.40133801230121713
5081	0.6125088081376628	0.4521533072128898	0.36929340196100124
5082	0.738562349353451	0.5211946692928242	1.1923853296584779
5083	0.6373772084341435	0.5419805036143076	1.4401882687236454
5084	nan	nan	nan
5085	nan	nan	nan
5086	nan	nan	nan
5087	nan	nan	nan
5088	nan	nan	nan
5089	nan	nan	nan
5090	nan	nan	nan
5091	nan	nan	nan
5092	nan	nan	nan
5093	nan	nan	nan
5094	nan	nan	nan
5095	0.47484366584925713	0.4517754254092728	0.36478840013585134
5096	0.3888946894174926	0.3319359575538309	-1.0639044245678935
5097	0.43574857238695197	0.37458405342229545	-0.5554656802632902
5098	nan	nan	nan
5099	nan	nan	nan
5100	nan	nan	nan
5101	0.5192503111111363	0.2770114801154448	-1.7186987775558484
5102	0.5226562135940145	0.4484466981804592	0.3251042393805762
5103	0.4319183249297006	0.4857605654630053	0.7699497932078634
5104	0.4314159190762178	0.45117053921098393	0.3575771150164943
5105	0.5012235067671083	0.5563138709133367	1.6110666895012482
5106	0.6670065688026041	0.5059966416607752	1.011198668735136
5107	0.7341803650369388	0.4241256682941013	0.03515568144839952
5108	0.6193518967370684	0.31772316826703556	-1.2333453478000025
5109	0.568245938791016	0.30320448977618925	-1.4064329970965928
5110	0.4480551122203162	0.33001605615288965	-1.0867929554062659
5111	nan	nan	nan
5112	nan	nan	nan
5113	nan	nan	nan
5114	nan	nan	nan
5115	nan	nan	nan
5116	nan	nan	nan
5117	nan	nan	nan
5118	nan	nan	nan
5119	nan	nan	nan
5120	nan	nan	nan
5121	nan	nan	nan
5122	nan	nan	nan
5123	nan	nan	nan
5124	nan	nan	nan
5125	nan	nan	nan
5126	nan	nan	nan
5127	nan	nan	nan
5128	nan	nan	nan
5129	nan	nan	nan
5130	nan	nan	nan
5131	nan	nan	nan
5132	nan	nan	nan
5133	nan	nan	nan
5134	nan	nan	nan
5135	nan	nan	nan
5136	nan	nan	nan
5137	nan	nan	nan
5138	nan	nan	nan
5139	nan	nan	nan
5140	nan	nan	nan
5141	nan	nan	nan
5142	nan	nan	nan
5143	nan	nan	nan
5144	nan	nan	nan
5145	nan	nan	nan
5146	nan	nan	nan
5147	nan	nan	nan
5148	nan	nan	nan
5149	nan	nan	nan
5150	0.649174431635202	0.5323139453777803	1.3249462483838472
5151	0.6220900979845575	0.5701109785358321	1.77555197147615
5152	0.6073688848455149	0.599932576305666	2.1310767707547718
5153	0.4924557940767623	0.5377387057024849	1.3896187330863994
5154	0.48214508283743507	0.5155263905929419	1.1248096865764217
5155	0.46476205302956075	0.35382130396992706	-0.8029934079356332
5156	0.5543575401720756	0.31779661781595064	-1.232469702694174
5157	0.6480706387378627	0.4940848772057988	0.869189923945695
5158	0.7077078185073975	0.490064232201764	0.8212569118025286
5159	0.7973467460123878	0.43780998936186777	0.19829635346843494
5160	0.8587649686575708	0.4630583290893966	0.499300041568214
5161	0.9496341208266662	0.5070495256008578	1.0237508584048731
5162	0.8415189661562892	0.4101817626324712	-0.1310796859444826
5163	0.6998294963559252	0.46491453263072485	0.5214291842299982
5164	0.6924835266346264	0.4965043153299825	0.8980337927452926
5165	0.7348639679193154	0.42592596072488675	0.056618267391573246
5166	0.7228481530099987	0.4529487984924332	0.37877702787770634
5167	0.7977662703902593	0.44577445014748385	0.29324644112044157
5168	0.8163817625762404	0.3698627643274164	-0.6117515765036035
5169	0.6747304666120079	0.3500643715283323	-0.8477825122120121
5170	0.4795952174799704	0.3007890376749802	-1.4352293456382574
5171	0.38456642757249904	0.3098358405164771	-1.3273758768482662
5172	0.5982101437220307	0.4257243032346783	0.05421416284684919
5173	0.7551852880587662	0.452556081395417	0.3740951638083302
5174	1.0533471743201304	0.5333433660861837	1.3372187159274402
5175	1.1370539205179346	0.5162191301038772	1.1330683344690833
5176	1.2320841895033254	0.2968891528489762	-1.4817226885059336
5177	1.331468005378419	0.14336814231706763	-3.3119575027390966
5178	1.1808900839831078	0.5345170710814597	1.3512113006332782
5179	1.0065671971202905	0.5862447187943671	1.9678939382379472
5180	1.0041530792828675	0.41009857796606286	-0.13207139041505248
5181	1.0505209001233737	0.3854881527375668	-0.42547003917468706
5182	0.9097863865482141	0.30839649447503703	-1.3445353602677996
5183	1.0236423868153572	0.36949500929256157	-0.6161358498064483
5184	1.1123049409532204	0.28359973966904933	-1.640155378457358
5185	1.0022846077193401	0.360321060452266	-0.7255051178520956
5186	0.9391446003676036	0.3760193446794426	-0.5383545368550126
5187	0.806526497894468	0.4085565830525409	-0.15045462515484587
5188	0.7092843458169616	0.3804823507951653	-0.48514781849880784
5189	0.5111666554342644	0.4084698580890997	-0.15148853606256615
5190	0.3951487124919497	0.297635766620009	-1.4728217666594994
5191	0.3523837303015294	0.32755763486646655	-1.116101570630162
5192	0.3614529254162547	0.2941927321063171	-1.5138686670917731
5193	0.38002342832416763	0.2237249647016061	-2.353965802581776
5194	0.3967312712169926	0.2919762328031385	-1.5402931556770527
5195	0.3770471875993238	0.2850457320895979	-1.622916658753548
5196	0.43977212552881156	0.3482108332925342	-0.8698798798421248
5197	0.4278556784216696	0.26590239832322204	-1.851138162756898
5198	0.5849631134396212	0.4714826650454068	0.5997326331728755
5199	0.6135932652040735	0.47754827762961477	0.6720451803793102
5200	0.600821247948685	0.39017699314744136	-0.3695709871374284
5201	0.5804053917636497	0.5150125714077894	1.118684077074317
5202	0.5898575232182476	0.3997680584596567	-0.2552289724569554
5203	0.5117857101072664	0.37776109061471547	-0.5175899259575163
5204	0.5183256292157048	0.4951967136996153	0.8824449295743544
5205	0.527305431782154	0.4002792096138707	-0.2491351704780822
5206	0.5559797289793241	0.4370970921362465	0.18979739090440773
5207	0.6858952244482858	0.5154617658767817	1.1240392486737103
5208	0.713962853614502	0.5523764799555645	1.5641262089559889
5209	0.6264872237105269	0.5047813633629938	0.9967104586727151
5210	0.6020038032664885	0.5664546206016654	1.7319618885212262
5211	0.5100937988749707	0.48205105490636757	0.7257260394623611
5212	0.5396011644019055	0.4141652305643303	-0.08358988852190385
5213	0.6872321422921573	0.39498758371416215	-0.31222046357242067
5214	0.7904862940087047	0.4633660424958553	0.5029685152667369
5215	0.7780180580805586	0.43401404408602534	0.15304214902632232
5216	0.7485676537617019	0.46999185754798045	0.5819596405795104
5217	0.578829724229068	0.4942415670690242	0.871057936940913
5218	0.49894799744417956	0.5105302134299954	1.0652466511976202
5219	0.5651943234774006	0.5112305019152941	1.0735952958642985
5220	0.7172098408247883	0.47541615525557	0.6466266100894078
5221	0.6819287703936528	0.41874259130333413	-0.029019866133420415
5222	0.6380558452674713	0.44832284137556355	0.3236276529803548
5223	0.46900207972077385	0.5042494307411289	0.9903689058130097
5224	0.41162921224750204	0.3320350252743001	-1.0627233667417282
5225	0.32567795398497434	0.39169259986274735	-0.35150234516179446
5226	0.2838845016299716	0.38776257090201666	-0.3983550580246953
5227	0.27155425149560897	0.4782887298654799	0.6808726461161608
5228	0.2389900973171367	0.3909489456861146	-0.36036798354645233
5229	0.29830178456925927	0.4454445349509941	0.289313283852469
5230	0.3514408222859797	0.4717200885829565	0.6025631305923249
5231	0.2975283292669296	0.4448080650381503	0.2817254664673261
5232	0.3070312099589104	0.44051781545216706	0.23057830343856342
5233	nan	nan	nan
