ID	SN	ssim	z_ssim
494	0.40964821602105583	0.2308769032383102	-0.24848037896705483
495	0.45309629778595883	0.15034350381344277	-1.1761063998458805
496	0.4575811288835093	0.12403256641092347	-1.479169605206543
497	0.3652763299651558	0.20589679988898457	-0.5362143382505562
498	0.4371631046603376	0.21159344849353628	-0.4705973456099414
499	0.5982143204542786	0.23428548708373265	-0.20921851877064135
500	0.572450153871977	0.18238267819214915	-0.8070623503780638
501	0.4845062341872991	0.21141048028124168	-0.472704869642582
502	0.4076801757218773	0.1782756595978645	-0.8543691490913838
503	0.4923196568801351	0.23366986452599767	-0.2163095829461666
504	0.5518241005757997	0.5250923695047124	3.1404479936434915
505	0.7390495611056508	0.4093727710575915	1.8075288394564892
506	0.9564636871860364	0.232769445371059	-0.22668108401012033
507	0.7444893893248932	0.2311820052848178	-0.24496605324151685
508	0.5062978937803426	0.3040850277471351	0.5947692754509036
509	0.5895814798089808	0.28070461361565224	0.32546137733441727
510	0.5814846626338581	0.28978793739398084	0.4300878745767923
511	0.43890155096414046	0.33991739418309463	1.0075053046392786
512	0.4047352494728235	0.32321660652697237	0.8151368549075119
513	0.3312043837932025	0.309695536766203	0.6593940670731441
514	0.4096737682090517	0.34242701553063165	1.0364124423132595
515	0.5724362500582223	0.30497675728116036	0.6050406848941337
516	0.6138790354190187	0.34860996272282596	1.1076308776724912
517	0.624752873607163	0.31997727374439805	0.7778245174070302
518	0.757779410934437	0.18643802714083307	-0.7603507097990223
519	0.6591613044548601	0.204030530797187	-0.5577110065133734
520	0.33364887424383893	0.2616096283729251	0.10551530147087478
521	0.49290244267327166	0.16434856327026817	-1.0147887643196847
522	0.7704139052696878	0.26214828024392617	0.11171977682276647
523	0.7908019393962331	0.2763013937415284	0.27474277660406216
524	0.931562887320708	0.22456039740063444	-0.3212372129999637
525	0.9427017346088595	0.10899404250187415	-1.652391227456043
526	0.7942371310902326	0.10390091559473467	-1.711056539990234
527	0.5964119816730377	0.16730741055363826	-0.9807072062150706
528	0.7413986072631168	0.19552634297735802	-0.6556667114066431
529	0.8752713607838555	0.3725796721752032	1.383726589013648
530	0.7770868627396831	0.4137781103745142	1.8582718530429263
531	0.5448167694123984	0.3668109922791023	1.3172799020991577
532	0.5545804119382737	0.22483400723311442	-0.31808563114710137
533	0.579303740992763	0.21270267346682054	-0.4578207093872642
534	0.6160783150539277	0.23590842100977807	-0.19052471283772174
535	0.659513404131182	0.32236375683718776	0.8053132839445016
536	0.5477522026720151	0.3357734746854701	0.9597734619271148
537	0.44337397644821736	0.1294004426312597	-1.4173395856817121
538	0.4317316990920368	0.23844670622352623	-0.16128740968772323
539	0.43074442468654967	0.10986938279323177	-1.6423085979236278
540	0.42449298388868917	0.17315374372375145	-0.9133660680779242
541	0.373224335784371	0.20269935625565946	-0.5730441745141157
542	0.32954973590456377	0.18202215563910068	-0.8112150386255459
543	0.306294555791392	0.15053751218984235	-1.1738717094006499
544	0.36804084266364756	0.11804809078177088	-1.5481019407910628
545	0.3628809932859771	0.1895805646636532	-0.7241533109735122
546	0.5893821951935209	0.34722052708312795	1.0916266277224722
547	0.5651210998611201	0.4438992847928835	2.2052233709156615
548	0.5759836820397033	0.42486966986743574	1.9860302647235164
549	0.7705312308991594	0.4646234744453482	2.4439354794388963
550	0.9004958102473014	0.38275240915728004	1.500901520104623
551	0.9907728626103551	0.2791844809319927	0.3079516901410127
552	1.2341817421056327	0.21331832050324115	-0.45072936325337243
553	1.1070648306076063	0.2576712315612123	0.06015077707253034
554	0.8596818538660398	0.2956383098452784	0.49747553927756355
555	0.6521048462570679	0.2318930883436602	-0.23677542484262867
556	0.6071712818408229	0.21004318152776108	-0.4884541353025654
557	0.6542908379492612	0.24521863902585042	-0.08328472851518283
558	0.9755157037627545	0.27949500336153205	0.3115284506871253
559	1.0120309085807064	0.22148226868957197	-0.35669271728001856
560	0.95278640790171	0.1612654122852733	-1.0503021177904721
561	0.6276504769574826	0.19170303860601653	-0.6997055405871357
562	0.6074171743740807	0.15535985677426326	-1.1183254099758224
563	0.7158521952608957	0.08639463971169982	-1.912703026463673
564	0.7213120614899623	0.16357023980721816	-1.0237539030340796
565	0.9569111307795092	0.2361571623169924	-0.18765957972913247
566	0.9900552809484445	0.45814580125908066	2.3693222351794545
567	0.8087578225616343	0.4179071559083078	1.9058323696223092
568	0.6603293781642853	0.37565479283010283	1.4191474449218615
569	0.6362630659562248	0.33213930470195446	0.9179131820298165
570	0.47946429354004094	0.32780732667527585	0.8680151823412356
571	0.5754249193453912	0.24095100536407474	-0.13244157599105263
572	0.6759764550955242	0.263570693229204	0.1281038771712267
573	0.8232375627974352	0.44159800314541864	2.178715999405151
574	0.9011001720215112	0.27985120470438296	0.31563136496443395
575	0.9230278606089183	0.28421571306623633	0.3659040661506731
576	0.8454175699768264	0.33979131616362845	1.006053071747672
577	0.7439337424228002	0.3885618278882745	1.567817458330711
578	0.6855639094396645	0.3287350740190343	0.8787014638470156
579	0.7827643369916871	0.34908666549602047	1.1131217907569793
580	0.872956165049476	0.40333714366039525	1.7380073109235763
581	0.9051867790332109	0.3902409266371158	1.5871582002113935
582	0.7935850707580488	0.3987946541235343	1.6856845290212286
583	0.9301557713475107	0.4026832318650479	1.7304752111853838
584	0.7867970037681196	0.35766947450879527	1.2119830958718953
585	0.7411027578311257	0.3781213728241394	1.4475588096647847
586	0.7407499630221693	0.3599508276648249	1.2382609205441473
587	0.7083479194249201	0.3108431616578363	0.6726130137373849
588	0.8369342843370751	0.2293169068992235	-0.2664492366949915
589	0.7783966310456981	0.19375993031677877	-0.6760131808126911
590	0.807741338181628	0.15294182590582012	-1.1461775603739772
591	0.7479409664062069	0.20955770581078692	-0.49404609976434344
592	1.32685783924165	0.17943448371656548	-0.8410212038437496
593	1.519824956261872	0.15372324305464652	-1.1371767869608473
594	1.2974212797211293	0.22971999305135626	-0.261806278542913
595	0.6548341830161156	0.26058199210531746	0.09367844684112588
596	0.6368378946988099	0.24783207004818675	-0.0531818564471431
597	0.6288374564901553	0.315969358972375	0.7316592486049633
598	0.6002187775849868	0.3144535709026427	0.7141996049581911
599	0.9035486689270746	0.22958755005845238	-0.2633318265438431
600	1.0088681484736983	0.3031427579676785	0.58391571689813
601	0.8993813969095015	0.29402588202361174	0.4789027481766195
602	0.8496880763024618	0.3182360516923012	0.7577682066690243
603	1.2193298690089969	0.40289142019930785	1.732873233837875
604	1.062818941299647	0.32753287780821894	0.8648539360471411
605	0.8998530004587357	0.38302382507166044	1.504027831255747
606	0.9262879092776204	0.44654753206553577	2.2357272748533745
607	1.1241212250702974	0.24153563174592158	-0.12570754206020743
608	1.1323540653819308	0.2618506246271427	0.10829122298844492
609	0.8070572699275138	0.33180472308417974	0.9140592951087123
610	0.7300937023992599	0.06610089877839208	-2.1464570004067762
611	0.4791059940826086	0.15862681377138554	-1.0806948822535938
612	0.804297598806351	0.3143665205135573	0.7131969128252384
613	1.0876396595533462	0.3301853077900706	0.8954060186277382
614	1.1493787098893822	0.2513396953094468	-0.012779185169467206
615	0.8542945048410888	0.2269425540863796	-0.2937982802926809
616	0.9134090386247903	0.20188443572547476	-0.5824308574822542
617	0.7712793369238804	0.2158982276811096	-0.4210126364451922
618	0.7749442198993557	0.17510748947599547	-0.8908617976645805
619	0.6987203716701257	0.16461043270076683	-1.0117724145872995
620	0.5827477438508378	0.19914309067535196	-0.614007110550693
621	0.5845349562166839	0.26881508564762086	0.1885115453656096
622	0.7119041510280661	0.3114179112296724	0.6792332813795263
623	0.6799252882951307	0.34221727150762027	1.0339965004200988
624	0.8642769014073943	0.2228596951526114	-0.3408267953384705
625	0.8651348379878292	0.2835616500734346	0.35837022484073544
626	0.9449408807098374	0.21063406703487195	-0.4816480054772923
627	0.716448619016528	0.19619652818541977	-0.647947165947915
628	0.6854048216174992	0.23469949234547588	-0.20444978857526372
629	0.6480994510961033	0.2315742812558556	-0.24044761243684604
630	0.5886626137303693	0.2362008205902634	-0.18715670079192093
631	0.5506726468737755	0.2883710231517333	0.41376711164055435
632	0.5395188893287837	0.3741871385283184	1.4022422313121952
633	0.6149507094013987	0.37281333957806295	1.386418092969421
634	0.7003694921504212	0.3309437543029334	0.9041422041830578
635	0.5985138259198609	0.2449736685498013	-0.08610642720855843
636	0.5327389427925426	0.27358481840190885	0.24345183407952856
637	0.4529834031919331	0.35564357018505044	1.1886476651072984
638	0.5996539598861251	0.31642649431339653	0.7369247737215395
639	0.5815171093779952	0.31398585965151654	0.708812260950601
640	0.6119741047685013	0.2879163760309757	0.40853024715272346
641	0.685942567240038	0.2637842815995313	0.1305641002772631
642	0.7556044769773302	0.3510757854809235	1.136033520173885
643	0.7402672616714483	0.34639620896963474	1.082131698450656
644	0.7229740272342897	0.33577449822423644	0.9597852515845715
645	0.5605070665546863	0.2699307326581843	0.20136215398892765
646	0.5033149318190833	0.15159357071091875	-1.1617074723174357
647	0.47052507677791483	0.1323781782814705	-1.383040461440582
648	0.445701432088313	0.4135876523878698	1.8560780578528906
649	0.9517240933713305	0.34677977477195304	1.0865498109541727
650	1.2042938003577823	0.22681493280091772	-0.2952682893331273
651	1.5762672436480232	0.16716346020936776	-0.9823653019370121
652	1.315620520344459	0.107365752371599	-1.6711467289643651
653	1.113415446079184	0.1290799553372011	-1.4210311267746365
654	0.5255742541639296	0.29576616945043355	0.498948293409492
655	0.6397243677024497	0.48552345230629257	2.684672408937204
656	0.5521324113910997	0.4627139530907527	2.421940608880885
657	0.587372975240273	0.2986405278953402	0.5320566646675028
658	0.47462524883175916	0.317552738531809	0.7498974465544851
659	0.5221115667093382	0.20720484411979456	-0.5211475973253606
660	0.655503208562692	0.2573503182723279	0.05645432914731029
661	0.6896375376050068	0.31121014291048793	0.676840096681424
662	0.7608169805951772	0.4343826765102008	2.095606075028838
663	0.7650649236994367	0.5151665002725658	3.026116615043614
664	0.5516476896036777	0.43603957223988304	2.1146910708655056
665	nan	nan	nan
666	nan	nan	nan
667	nan	nan	nan
668	nan	nan	nan
669	nan	nan	nan
670	nan	nan	nan
671	nan	nan	nan
672	nan	nan	nan
673	nan	nan	nan
674	nan	nan	nan
675	nan	nan	nan
676	nan	nan	nan
677	nan	nan	nan
678	nan	nan	nan
679	nan	nan	nan
680	nan	nan	nan
681	nan	nan	nan
682	nan	nan	nan
683	nan	nan	nan
684	nan	nan	nan
685	nan	nan	nan
686	nan	nan	nan
687	nan	nan	nan
688	nan	nan	nan
689	0.6647360731090052	0.251925721369621	-0.0060290290080119826
690	0.6443007289542133	0.25485943995366245	0.027763083530730745
691	0.6562036142931862	0.3032358510573281	0.5849880120320706
692	0.684342599694066	0.2638984579222767	0.13187924317081073
693	0.7684487409008409	0.2969577304222545	0.5126733189370181
694	0.8457936822400097	0.31169059291481016	0.6823741723434905
695	0.6852349758978256	0.36437392636452537	1.2892084960352985
696	0.791238476634895	0.30479196095007544	0.6029121036284534
697	1.0280213834538066	0.2937298584327198	0.47549299287426794
698	0.9340630635342342	0.1838592632825901	-0.7900542672508563
699	0.6858916058712505	0.23585003703327084	-0.19119721016426278
700	0.5663406621736335	0.23526742818650181	-0.19790800506571674
701	0.6914895339603914	0.14512446743183016	-1.2362220038818654
702	0.8190955306985953	0.1507202950052921	-1.171766320866308
703	0.7396687554764012	0.1684073469541469	-0.96803756065546
704	0.8482726471508726	0.22611766287055415	-0.30329981085836777
705	1.0155409388090528	0.1531066401964762	-1.1442791427520076
706	0.865277960083043	0.37099241579227055	1.365443735773509
707	0.8659963184247218	0.25470457888612313	0.025979312363780812
708	0.750611848364937	0.10198800756953781	-1.7330904200001798
709	0.6600789255678791	0.17064804587784	-0.9422280127980891
710	nan	nan	nan
711	nan	nan	nan
712	nan	nan	nan
713	nan	nan	nan
714	nan	nan	nan
715	nan	nan	nan
716	0.49808901968845887	0.32923580996837964	0.8844692036856344
717	0.5205141620254269	0.2873246843963969	0.40171483192759483
718	0.5604164891418122	0.34736551944079036	1.0932967259023174
719	0.7456279417769464	0.40320767892397635	1.736516068046136
720	0.6490456298012237	0.3206146779822148	0.7851664744216337
721	0.8007221292773986	0.22666340367191212	-0.2970136814808639
722	0.7803129844530815	0.10554328233805715	-1.6921388966545237
723	0.5282912214411314	0.15418995140497616	-1.1318009948917307
724	0.5429263294664434	0.18580732390955224	-0.7676154810984666
725	0.4592918714960787	0.1615268161665685	-1.047291130498493
726	0.5326681251092994	0.21893310046464654	-0.38605537667259027
727	0.7799048822457625	0.23889316276746791	-0.15614488856841663
728	0.9887075483325909	0.23624179124365527	-0.18668477927302166
729	1.0043522896939578	0.2466532918363812	-0.0667596434265188
730	0.8481725077069864	0.27763512017315095	0.29010533861612736
731	0.8070164584398551	0.24861400107312548	-0.044175163938871255
732	0.6226052329574555	0.23036787382351923	-0.2543436472995105
733	0.7902665043893137	0.3272844671301713	0.861992611299064
734	0.7239062959947654	0.38018376807781507	1.4713145621390284
735	0.667171190790573	0.3803481898389581	1.4732084583997627
736	0.5364667482486215	0.25939065654080773	0.07995601767347855
737	0.4918664085426403	0.22583792792131396	-0.3065219450252795
738	0.4604639186025195	0.2597925153813933	0.08458483900611277
739	0.6970823026011346	0.17268938131337608	-0.9187148383776812
740	0.9002254590538245	0.15478393320989114	-1.1249592002810145
741	0.8878971406984922	0.09811849183669465	-1.777661535929963
742	0.655289649821417	0.22400405289483932	-0.3276454814182116
743	0.7052712388070047	0.3536290964451083	1.1654438978145647
744	0.6448174032589168	0.32993636302292584	0.8925385419607369
745	0.6975696360254656	0.2886188197837237	0.4166213634834174
746	0.6773312309681583	0.2617868723920799	0.10755689123844052
747	0.5580739014265581	0.23658486244656188	-0.18273310484845862
748	0.5122742158565166	0.24877375180865027	-0.042335071006179635
749	0.44336443112085133	0.2355867342416872	-0.1942300701029631
750	0.38111476636238617	0.29415120145563955	0.48034624325941694
751	0.39033617913444224	0.16002473153567986	-1.064592930734486
752	nan	nan	nan
753	nan	nan	nan
754	nan	nan	nan
755	nan	nan	nan
756	nan	nan	nan
757	0.7279018748404761	0.13526943417505163	-1.3497374564878697
758	0.8871316311033799	0.21817861988500967	-0.3947458805246205
759	0.8889809004023316	0.29273599115167104	0.46404510717982334
760	0.8279858276328187	0.13492665289751068	-1.3536857913996938
761	0.7389215435820004	0.16112429120406763	-1.0519276245734444
762	0.48307966189794477	0.2574863858866503	0.05802162744274742
763	0.46150743889087004	0.32870849912130473	0.8783953602078772
764	0.6788206952136489	0.3400961037853321	1.0095637757630644
765	0.8023007345383861	0.2210517640466414	-0.3616514960195663
766	0.9214017114293717	0.4505584247908426	2.2819268452865007
767	1.0391451490215302	0.40682158737109986	1.7781429649183225
768	1.127332904467168	0.2648778630599614	0.14316054629705424
769	1.207951778835178	0.2493902134744121	-0.03523434154338743
770	1.0834179736701044	0.16529728600037957	-1.0038608772897628
771	1.0044111419896635	0.19407641831324246	-0.6723677057313937
772	nan	nan	nan
773	nan	nan	nan
774	nan	nan	nan
775	nan	nan	nan
776	0.834703597734613	0.17549420751507636	-0.8864073760412969
777	0.8828382521265243	0.2133539444515632	-0.4503190278935594
778	1.0206509106467991	0.2439534178799463	-0.09785821064171024
779	0.920919619401078	0.2971724055691582	0.5151460601068435
780	0.7422341522591185	0.29171124375797103	0.45224152811806123
781	0.7484593945954995	0.20699133429340055	-0.5236069157210925
782	0.6660483569565828	0.17823729332515253	-0.854811071984816
783	0.6898910257273387	0.14918955234881662	-1.1893982193029382
784	0.7895941971841153	0.13967377501042685	-1.2990059439366726
785	0.8276863670966043	0.08222391844619611	-1.9607435860245954
786	0.882739298995482	0.07955810104173261	-1.9914498719749238
787	0.9339380486845633	0.09350667228065795	-1.8307828974312692
788	0.7957634416979832	0.1377622215106495	-1.3210242218109318
789	0.950072702982569	0.1958396940364877	-0.6520573692182531
790	0.9567087344898879	0.21540846065234096	-0.4266540304916234
791	0.9508798642155426	0.24065402920113965	-0.13586230351884493
792	0.8772513336228818	0.2642504332437906	0.13593347991327082
793	0.6637856701003548	0.3575047744243948	1.2100859937376023
794	0.6343781220165259	0.2239644736654826	-0.3281013757837769
795	0.8892687776036927	0.2291205479384914	-0.2687110024059713
796	1.0234521680900845	0.32419270634010416	0.8263800855683602
797	0.9478673530175042	0.29257923252476753	0.4622394789268077
798	0.7285319289078742	0.40289492169974184	1.732913565960173
799	0.6191569163473722	0.41141291455037093	1.831028284453771
800	0.6168932314970745	0.210743700380037	-0.48038519098718774
801	0.6483237418658707	0.08584891770967068	-1.918988939300627
802	0.9740849836338438	0.021383163203473735	-2.6615393812613495
803	0.8546326287316233	0.07648958763583823	-2.026794622116493
804	0.6886556989798582	0.18787715181338027	-0.7437741154533565
805	0.47503018560369253	0.2962720000442316	0.5047747160405323
806	0.5694835508553795	0.23686627421824322	-0.17949165615937454
807	0.8270034946298861	0.14095274674629016	-1.2842740752880355
808	0.7254313424115411	0.12551687252074295	-1.4620725873201625
809	0.7074168001178672	0.16320649996356915	-1.027943649725625
810	0.7101271774375498	0.14274220077270264	-1.2636622033203655
811	0.7432950959865197	0.1408086728090108	-1.2859335946192105
812	0.7716978505429894	0.20676103414345154	-0.5262596338880974
813	0.7988697027111322	0.2873028122606849	0.4014628971730263
814	0.7762285543073193	0.29989689234710437	0.5465281307360735
815	0.8753926165217942	0.27933476919716227	0.3096827893669193
816	0.7677422841022518	0.22521891079172457	-0.3136521096635244
817	0.9216636568084737	0.24661879991800456	-0.0671569394704547
818	0.9556323868533201	0.21418697009451176	-0.4407238007210206
819	0.8858663411742606	0.28602513152035575	0.3867458988894663
820	0.9096512950130866	0.3388623985797681	0.9953533108013496
821	0.9473403192537438	0.10642685447868229	-1.6819614483557948
822	0.8111524288179546	0.11066433750810209	-1.6331518917098042
823	0.551460251605858	0.17229475786631065	-0.9232603186450118
824	0.5827003498332384	0.2088323674464901	-0.5024009282636808
825	0.5742345663079068	0.17819339511472546	-0.8553167146442963
826	0.5534814138500345	0.18035270667036013	-0.8304446292673494
827	0.4447141734980635	0.2123729327412012	-0.4616188363682732
828	0.5731931539668986	0.09034994344989768	-1.867143759200224
829	0.636531876541698	0.15472398855489194	-1.125649674322679
830	0.5654236157194859	0.18649626757813195	-0.7596798658325236
831	0.6445509122539845	0.21109748574272452	-0.47631010523917877
832	0.6237294008246291	0.20805222818221222	-0.5113869823309574
833	0.5827357560875451	0.29983840281070995	0.5458544175152723
834	0.5541073276891794	0.38357449583283154	1.5103707465014398
835	0.48557112379521894	0.37849916446411247	1.4519104123316569
836	0.46490892393371597	0.3039925363352022	0.5937039107571305
837	0.46299408700581884	0.2323897509154866	-0.2310546043071366
838	0.48728265347823874	0.21618631389132206	-0.4176943080651919
839	0.4166762636659501	0.23179274005516334	-0.2379312891700397
840	0.45672633068356694	0.24240774436840135	-0.11566209051430755
841	0.5800034099145189	0.23352311153483876	-0.2179999610279686
842	0.6159953729768948	0.23258948169143878	-0.22875400025631165
843	0.6860439220671712	0.2261328282754726	-0.3031251277539666
844	0.6689635267364291	0.2534742639666756	0.011807898499403979
845	0.6815705869102519	0.2495448558028473	-0.033453089928402305
846	0.6500461772751523	0.2338765451626918	-0.21392892674664604
847	0.6917996594028101	0.22209691648137392	-0.349612880970822
848	0.798665923540049	0.24481257674005777	-0.08796196733893584
849	0.666643153511167	0.21179428362730146	-0.46828402098540395
850	0.48504930520261574	0.35759491302406404	1.211124257503144
851	0.7967057083806213	0.3758963893433906	1.4219302805388827
852	0.9146453593127865	0.1531130216768445	-1.144205637507182
853	1.00112513790153	0.2517805665503766	-0.007700998505743968
854	0.8669599854948312	0.2774215802164476	0.28764567316365647
855	0.8302620596776024	0.09397310087964177	-1.8254103276851839
856	0.6788363517607285	0.16474281977958655	-1.0102475106341777
857	0.8448720548547661	0.17455952568924657	-0.8971735325561616
858	0.9808867669749617	0.16400166780138156	-1.0187844886497421
859	0.6994564860935836	0.2936348235969312	0.47439833168776613
860	0.5083558330026069	0.37104733853969796	1.3660763648443748
861	0.5094024061017515	0.27665413936290584	0.27880588606520007
862	0.6686100141241446	0.11682662916012551	-1.5621713777182864
863	0.6346005529448173	0.18390983713190917	-0.7894717310740725
864	0.665276591620084	0.21825463172013973	-0.39387033625770823
865	0.6057833212714282	0.160427696757036	-1.0599513655266508
866	0.8129277559446983	0.09883985800215053	-1.769352461304562
867	0.6862023471673921	0.13600290510762875	-1.3412889527928091
868	0.7391882983953935	0.09746677192977586	-1.7851683883452343
869	0.5885492596864319	0.2346977146271866	-0.20447026526884296
870	0.596526938418235	0.22344981315259757	-0.33402950606364173
871	0.4989367521324756	0.26715928405665523	0.1694391523937318
872	0.5649493352894868	0.2898012399109853	0.43024109995911347
873	0.6064299177177754	0.21097452926890511	-0.4777263825274211
874	0.6763745936622324	0.21886684137477064	-0.3868185836938706
875	0.8329503600411151	0.19203241097972923	-0.6959116564769838
876	0.6908564552037608	0.135791209038906	-1.3437273793744184
877	0.5393892196153169	0.185887376816685	-0.7666933896403428
878	0.5342085926529694	0.22862497420240563	-0.27441928115913855
879	0.5052957734893267	0.21488208911994913	-0.4327170544491809
880	0.4999636429587417	0.15937434880780882	-1.0720843808186982
881	0.5752747811700455	0.18218518779859713	-0.8093371485269159
882	0.5332180052800581	0.2433530451281878	-0.10477361953708861
883	0.6500935121320217	0.31515053777783275	0.722227635734665
884	0.7092912763474121	0.24793574901852877	-0.051987627575717996
885	0.6542799598505834	0.3029078951425819	0.5812104434407495
886	0.5298755997917917	0.3099063736590549	0.6618225972155122
887	0.7585496987386989	0.2727115311788766	0.233392852867125
888	0.8958162740034511	0.19958485393779712	-0.6089186491143326
889	0.7917812786106245	0.17792809403213813	-0.8583725919490276
890	0.6492122410090739	0.2850131224259186	0.3750890462535393
891	0.7452350529192734	0.32625072271158073	0.8500853997760055
892	0.7488783569348633	0.3489194912090047	1.111196189456585
893	0.6246115919681771	0.3672169859425645	1.3219563504948426
894	0.804763996817055	0.24739260553429576	-0.058243839689492906
895	0.5600995110848234	0.23550496919179578	-0.19517188292123963
896	0.5658681845929499	0.17640605934029474	-0.875904187472341
897	0.5107322075388601	0.19671183480967935	-0.6420115934176586
898	0.5081759670477158	0.20142031416670247	-0.5877768535266615
899	0.8357483073745985	0.21584305613421237	-0.42164813131911427
900	0.8771205821106858	0.24435527150592917	-0.09322944937361052
901	0.907004199147616	0.41420635117405913	1.8632045556445402
902	0.7367497003063983	0.5106056575024182	2.973582430954277
903	0.7940237881502986	0.30275776927172077	0.5794812147578379
904	0.916430400968568	0.20550777037801235	-0.540695384621935
905	0.662074993130053	0.24866342806154676	-0.043605837908668954
906	0.5017115804230836	0.2380293490515756	-0.16609474894654824
907	0.5803784472620843	0.3091843146416721	0.653505541957472
908	0.7455842096327295	0.3102143698107345	0.6653702587654897
909	0.6939648395699604	0.28018191616963406	0.3194406734347176
910	0.6448515390245384	0.3081153418720148	0.6411925517717024
911	0.6104832512479887	0.2405577638585985	-0.13697113832884558
912	0.8445878860465607	0.21032367218293013	-0.4852232965175852
913	0.9710397094024475	0.17584771866380286	-0.8823354488338108
914	0.7474440123959105	0.1626157059224637	-1.0347487259973753
915	0.6516038955908076	0.24185496303139575	-0.12202931648172696
916	0.7790460349054941	0.2516593523505987	-0.009097207365881339
917	0.9253716408348696	0.21912122396545966	-0.383888471317305
918	0.8443144930622065	0.18940769076580027	-0.726144563387099
919	0.5764774192258275	0.2571332542808928	0.053954072010656266
920	0.5597573378314464	0.2890354962143806	0.421420861606241
921	0.48470170720639627	0.19247815794719036	-0.6907773086325155
922	0.5288471961395568	0.25587805473342706	0.03949602392203929
923	0.5876292689884623	0.37646396423244055	1.4284679064138632
924	0.8014323437658166	0.393979860427096	1.6302252046927386
925	0.7913561812410095	0.3264418266361749	0.8522866352188354
926	0.5677550016572454	0.37339291316606865	1.3930939261651842
927	0.5423753599094145	0.3544390852149983	1.1747737741756208
928	0.5864746454652094	0.28165693935044833	0.336430765665945
929	0.5503134774856472	0.3023675378472898	0.5749863241155463
930	0.6009179844336342	0.3229072922511596	0.8115740105109966
931	0.48189477135115144	0.3455727851183571	1.07264706976104
932	0.41524469406552633	0.3342251685259208	0.941939257831151
933	0.41307073791351084	0.39560538003926304	1.648948793917378
934	0.4278262305052575	0.23147498595925056	-0.24159134785022135
935	0.7091000322816622	0.10076021902740429	-1.7472327337228541
936	0.8487354058275887	0.22425769131058537	-0.3247239408397586
937	0.7600094736254688	0.23532694836526785	-0.1972224203643998
938	0.5028371779632349	0.2901155817455035	0.433861854419155
939	0.5651681532144656	0.27909320584111663	0.30690033567243935
940	0.5918416650905466	0.18489592367023316	-0.7781134680636921
941	0.58836094956234	0.16371247913510745	-1.0221155156980837
942	0.698839341317086	0.1409429716438484	-1.2843866700555047
943	0.712516631557152	0.09994495406293064	-1.7566233840661587
944	0.6794206416946169	0.21346997641584858	-0.4489825107454757
945	0.6243711112156799	0.305582721109227	0.6120204947449569
946	0.6620788713383553	0.19045163454042738	-0.7141198703206898
947	0.6404579218786366	0.11263114047887887	-1.6104972213908588
948	0.6072981286316471	0.09422776046999486	-1.8224770246809034
949	0.5825803078350991	0.10926400196900264	-1.6492816924298381
950	0.5137607788490679	0.13889998064385028	-1.3079189141375087
951	0.5320863410033237	0.17707682927508034	-0.8681779068238902
952	0.4819130592269573	0.23332076863468373	-0.22033065289822798
953	0.44494658166939616	0.23524398806795124	-0.19817800067071142
954	0.45427499008494876	0.23612533442864994	-0.18802619007498833
955	0.45080444678488096	0.31951250729024644	0.7724710931187032
956	0.37150679245575463	0.32089303362446414	0.788372721005696
957	0.37702300895098734	0.3107491272526216	0.6715298760360339
958	0.45827457782775444	0.2713165773960975	0.21732504204490266
959	0.4530175591993552	0.23749833252414038	-0.17221127639830672
960	0.47483635355265535	0.24021335083567888	-0.140938268541545
961	0.5237814228638142	0.202143354219728	-0.5794484981844805
962	0.5004383716464598	0.17691030163665053	-0.8700960596860093
963	0.5338926180238688	0.2242931374078619	-0.3243156540617619
964	0.5552456189308166	0.22475720416851205	-0.3189702892109257
965	0.6709979820930002	0.30557870221815003	0.6119742030453054
966	0.6481771911789571	0.27377459022769834	0.24563772570820933
967	0.7220509730586251	0.2561879413624453	0.0430654609835897
968	0.5408285342508476	0.30871959136435156	0.6481526150025778
969	0.4028142940499657	0.27233694152405796	0.22907813234814392
970	0.3610436768226681	0.28457233352345834	0.3700118080075839
971	0.33347970118429326	0.2835519559528935	0.35825856286536045
972	0.3462398260138324	0.24202389991155546	-0.12008341270712684
973	0.34940823509085905	0.21261043311058134	-0.4588831822896088
974	nan	nan	nan
