ID	SN	ssim	z_ssim
2502	nan	nan	nan
2503	nan	nan	nan
2504	0.787150990724355	0.353981309419513	-0.6928557279961028
2505	1.1372857925322115	0.5129868430066429	0.675366429073282
2506	1.2134874937038402	0.4956821555584919	0.5264618201984805
2507	1.1385796702211535	0.4894240738693878	0.4726118324992131
2508	1.223145190614024	0.47569512022132576	0.35447595287987976
2509	1.272591741846992	0.44855995465226145	0.12098134467496648
2510	1.1120215984276725	0.5014263061673357	0.5758894970802864
2511	1.0710841700228264	0.4970616111560032	0.5383318581187281
2512	1.0194867272016617	0.43077926491771446	-0.032019202626442
2513	1.1716983222958	0.32955527468688683	-0.9030386139408382
2514	nan	nan	nan
2515	nan	nan	nan
2516	nan	nan	nan
2517	nan	nan	nan
2518	nan	nan	nan
2519	nan	nan	nan
2520	nan	nan	nan
2521	0.5353523376776119	0.7125763549051616	2.3928084975191353
2522	0.56520315391425	0.7025843357665371	2.3068284585173107
2523	0.5079660919782425	0.6824223159663938	2.1333368724102684
2524	0.7616456659948252	0.3428975270735176	-0.7882302489187688
2525	0.9176915752947602	0.4926237840490758	0.500144926884577
2526	0.9216826821721873	0.5642833017623025	1.1167658562839722
2527	0.9508571740064504	0.574973342035328	1.208752277332035
2528	nan	nan	nan
2529	nan	nan	nan
2530	nan	nan	nan
2531	nan	nan	nan
2532	nan	nan	nan
2533	nan	nan	nan
2534	nan	nan	nan
2535	nan	nan	nan
2536	nan	nan	nan
2537	nan	nan	nan
2538	nan	nan	nan
2539	nan	nan	nan
2540	nan	nan	nan
2541	nan	nan	nan
2542	nan	nan	nan
2543	nan	nan	nan
2544	nan	nan	nan
2545	nan	nan	nan
2546	nan	nan	nan
2547	nan	nan	nan
2548	nan	nan	nan
2549	0.7915327214282109	0.2905302846082956	-1.2388436321711174
2550	0.8964945724400851	0.34543405831042673	-0.7664037240039241
2551	0.9753801575909733	0.3055232548110606	-1.1098310527412119
2552	1.0958020610154402	0.44502113880392297	0.09053028964403066
2553	1.3006956428134475	0.27958595001728914	-1.3330182231050267
2554	1.148464471658947	0.3111294243282264	-1.0615906853990902
2555	0.9805755934883135	0.3542272266099339	-0.6907396422150144
2556	0.9005762240584144	0.34994017172713177	-0.7276291978606245
2557	0.8629557433008014	0.3461632400672564	-0.7601292088111654
2558	1.1346391879145385	0.36562996105967993	-0.5926205794795543
2559	1.1801306723799632	0.5723829268849433	1.1864620882750456
2560	1.0996182828388321	0.4918877330253297	0.4938113025338797
2561	1.2468510391240644	0.2922714072924406	-1.2238614955065596
2562	1.2580923870105294	0.21956226172919868	-1.8495143374983618
2563	1.1603169310738364	0.2252223538496985	-1.8008099730928422
2564	0.9364487197304647	0.3375266526894285	-0.8344459319164951
2565	1.1285324867067361	0.4351054192327156	0.005206798602266318
2566	1.254593196153583	0.5218128967424436	0.751313485810086
2567	1.2356333109067705	0.48835616384782	0.4634226041729872
2568	0.7180903005411734	0.39696948036955176	-0.3229480483146313
2569	0.5045527639798776	0.2621271481560933	-1.483248966673978
2570	0.5892977109989176	0.28894637992069666	-1.2524729282048395
2571	0.9167791110377483	0.33818335812724365	-0.8287950661232346
2572	0.8516091376833812	0.4000859122153757	-0.2961315532766367
2573	0.8777839809175076	0.5597178632747618	1.077480845539566
2574	0.7235397030324807	0.6912852151882067	2.2096009798132514
2575	0.8428101736717168	0.5077284468818543	0.6301186070241132
2576	0.7823922491266012	0.4619512162620249	0.23621142775601225
2577	0.7901448748157055	0.3619012980571012	-0.6247052448448484
2578	0.9666378034821527	0.414612129020093	-0.1711353267791676
2579	0.974047834940969	0.47697047854056585	0.36545024711493457
2580	1.029077284686684	0.45700134376895524	0.19361841185964998
2581	1.1925510598571099	0.4441075109539289	0.08266863955251019
2582	1.1149097142721676	0.4536867462976394	0.16509672711252507
2583	1.0253768517269546	0.4704207664356277	0.3090908172118781
2584	1.1228247941133933	0.6062335656537499	1.47774247927511
2585	0.8196661801864514	0.48174066926438536	0.4064971245067852
2586	0.3677557252886616	0.37963463136053904	-0.4721121935397207
2587	0.3275788583006197	0.3324338809970253	-0.8782685770360973
2588	0.3488331072217746	0.39595481454221976	-0.33167911720045756
