ID	SN	ssim	z_ssim
245	0.8142764536522366	0.2822330481951876	-0.7951942750512083
246	1.0042530807530208	0.2922188336193939	-0.6963400344891846
247	0.9383464329689947	0.2837099105390589	-0.7805740825259262
248	0.8770188273519469	0.527123727372584	1.629099967454396
249	0.9482997251466834	0.49451660451422186	1.3063058926626085
250	1.0608285833409332	0.3655279973067669	0.029383721299244357
251	1.2252328017717955	0.36357394707518703	0.010039609298337204
252	1.194090543687823	0.38595304644969625	0.23158140888141873
253	0.802731139352131	0.3797335354817046	0.17001138636545204
254	1.1830837959246976	0.42764661151904776	0.6443266799006646
255	1.240653792378146	0.403254234529934	0.4028544470889844
256	1.14868199458701	0.35540876478678346	-0.07079157822287652
257	1.0045548184949593	0.29419101538536324	-0.676816429440294
258	0.9119986258975495	0.3671181439372039	0.04512537114013349
259	0.9763920652477619	0.2740188996038388	-0.876510204281276
260	1.033804743002847	0.19870285289701575	-1.6221010900306236
261	0.9911455241399076	0.42666922456139467	0.6346510418482173
262	0.9390397253230881	0.44871996184485485	0.8529422223000962
263	1.1160224702357295	0.48741240172405037	1.2359778671956654
264	1.2840232610205604	0.36058521769941154	-0.01954730451332027
265	1.2107111127673507	0.36949143108710625	0.0686197172403909
266	1.1970264498969343	0.100471897028384	-2.5945380220856786
267	1.1355465214636538	0.09547128048432509	-2.644041604408461
268	0.7837392688569647	0.27100740214568037	-0.9063225106281629
269	0.6583468271810485	0.35124018822421404	-0.11205838426885205
270	0.7928403879606793	0.4602553193248868	0.9671364448732948
271	1.2694475024826462	0.5623717819566416	1.9780379346922343
272	1.4452220669778293	0.5243931426262272	1.602068555309587
273	1.5298963479756162	0.488135943918784	1.2431405700914826
274	1.6031905006172666	0.41434336770196006	0.5126312740128329
275	1.4165684895857367	0.4367836295282686	0.7347785510287538
276	1.7343862085328512	0.395845049406643	0.3295072503055537
277	1.5067876136608758	0.222330837012245	-1.3881959612401964
278	1.291312710263866	0.4267145390044129	0.6350996319851736
279	1.386923756724192	0.4000063111877552	0.3707016437034388
280	1.2495943089318982	0.36850805273143955	0.05888476736865463
281	1.0271368597219184	0.4217549153148376	0.5860018582519313
282	1.3029297749490656	0.3945235690439747	0.31642526104584673
283	1.4899960317661916	0.4837694181997636	1.1999141672086453
284	1.4528445496067883	0.5031807786571251	1.3920768479364545
285	1.6915813407709464	0.4168171702598376	0.5371206719691097
286	1.7188806943291395	0.4424250970554251	0.7906262349475879
287	0.9740251443921121	0.45303129837272016	0.8956222800185718
288	0.8763720458844343	0.40138641260224717	0.38436395181767724
289	0.8342573462608419	0.3684999622190003	0.058804675374988985
290	1.1806045869131014	0.4051607840958843	0.42172832645144376
291	1.486496938398838	0.40730830789087835	0.4429877291748791
292	1.5543781751967374	0.32738963817430455	-0.34816680358808044
293	1.8119611418233208	0.25136626493691305	-1.1007598653344428
294	1.8091647580480688	0.45415559650406456	0.9067522646134678
295	1.512942161730827	0.5263709890822946	1.6216482379341393
296	1.2746863570467817	0.5223479878241237	1.5818225539982
297	1.4971351557182595	0.3172416253783683	-0.4486270133302412
298	1.626662263112944	0.3224701239331955	-0.39686751400591397
299	1.775322863603324	0.3969702292565578	0.34064596346970705
300	1.7142495917795393	0.3949665065024283	0.32081011854195984
301	1.4928680433960761	0.34531190324460415	-0.17074541634486612
302	1.7175792271787167	0.3167861477242706	-0.4531360124400813
303	1.7359017306269737	0.49150118786130514	1.2764547882637922
304	1.9485070244361649	0.3996161905841542	0.36683964643849754
305	1.2309475212280352	0.3816236612983694	0.18872267889134026
306	0.8954874047828089	0.2182014143798997	-1.4290751631195588
307	1.16387078154241	0.3190198439039782	-0.43102354655872693
308	1.3545680406974014	0.28092924210932846	-0.8081012978824136
309	1.315725318718932	0.5017025900199648	1.377443525776369
310	1.3431627152287684	0.48119190373454707	1.1743980736644197
311	1.437180848504385	0.49479943584653896	1.3091057802403627
312	1.3068394295883656	0.37494364329750357	0.1225938689516129
313	0.9273616466619657	0.3611556856852731	-0.013899959100650753
314	0.8197514424975229	0.4405510788537094	0.7720743996877453
315	0.8933225400060445	0.3891790545562549	0.26351726248465546
316	1.0665401688231406	0.4390272783556772	0.7569895431039193
317	1.4131546154852463	0.3900009979905176	0.2716540880349037
318	1.3882120540049365	0.33115678788515623	-0.31087392096244665
319	1.2889059263865374	0.3329064706402334	-0.2935529439306006
320	0.8403565198965081	0.5509763556784628	1.8652289604598011
321	0.9875418851581926	0.5620767405120881	1.975117173160051
322	1.6363656493507113	0.456791406021133	0.9328454497768837
323	1.709588023772371	0.11573446622452607	-2.4434462828968324
324	1.6072868339647726	0.43182854617726496	0.6857257243579938
325	0.9813559964068862	0.5435914101176723	1.7921217231227984
326	0.9786641308101736	0.5345156237998194	1.7022760148643652
327	1.318386435970939	0.49990665201806517	1.3596646451242873
328	1.394937816832023	0.48377235797053086	1.199943269456919
329	nan	nan	nan
330	nan	nan	nan
331	nan	nan	nan
332	nan	nan	nan
333	nan	nan	nan
334	nan	nan	nan
335	nan	nan	nan
336	nan	nan	nan
337	nan	nan	nan
338	nan	nan	nan
339	nan	nan	nan
340	nan	nan	nan
341	0.69650047637536	0.42713664052634587	0.6392782242158466
342	0.9752175944069789	0.29415216727248283	-0.6772010061694065
343	1.1099276539722223	0.29468646506084417	-0.6719117274738724
344	1.2391825981014086	0.37945375392925973	0.1672416900706413
345	1.6514133818167958	0.3613114459683843	-0.012358010836935891
346	1.6331482811903861	0.4542470520883463	0.9076576287831618
347	1.6450117862139637	0.4162021753991676	0.5310325329476452
348	1.3935393413109423	0.3178547375520174	-0.44255751196097587
349	1.4015192169027104	0.25677672121981726	-1.0471990762507901
350	1.0594254378740315	0.3732515448763749	0.10584294779007906
351	1.1976750684215476	0.5028989889734876	1.389287272155398
352	nan	nan	nan
353	nan	nan	nan
354	nan	nan	nan
355	nan	nan	nan
356	1.4720453048481235	0.45498386272798236	0.9149516825931583
357	1.3819584884062766	0.33253109538068126	-0.29726896972451017
358	0.9478465711476286	0.29706285039328184	-0.6483867109287137
359	0.7631437853176917	0.43201437983850066	0.6875653839012267
360	0.9438257854354558	0.439348792450192	0.7601723705224019
361	1.3934107095221901	0.3296801948207092	-0.32549144775720695
362	1.3708867529273874	0.36291184902986656	0.0034851724996957357
363	0.9882553784287181	0.37653262765490336	0.13832401287548723
364	1.2073857227876992	0.35031397298438127	-0.12122744811721918
365	1.4082443338772719	0.40064963791603314	0.37707025392842985
366	1.4216912600254097	0.27645699505234633	-0.8523742887031485
367	1.2711835665697315	0.08085990233596274	-2.7886868805746783
368	1.2711210994738251	0.36461725672534573	0.020367848766357433
369	1.4450936891624628	0.5083044412994807	1.4427985245887782
370	1.48848061021382	0.4213135792258346	0.5816328535059204
371	1.145921449520427	0.37652089829221436	0.13820789809916853
372	nan	nan	nan
373	nan	nan	nan
374	nan	nan	nan
375	nan	nan	nan
376	0.9052718350676348	0.3225427062282724	-0.39614898588285996
377	1.0088229799373958	0.34710385437544583	-0.15300600370595555
378	0.969253706916944	0.24653043515506132	-1.148632141801886
379	0.885519701801064	0.36063945072887926	-0.019010424867537627
380	1.0641797441570418	0.3513921014424581	-0.1105545200075147
381	1.2922252888784578	0.371382357253627	0.08733893282629217
382	nan	nan	nan
383	nan	nan	nan
384	nan	nan	nan
385	nan	nan	nan
386	1.3898715637312542	0.30128750653479563	-0.6065647453282231
387	1.2890247061205884	0.5558597604822513	1.9135722056556408
388	1.1579305607404893	0.4232243105390247	0.600548130057489
389	1.6691057738383057	0.19071454278178435	-1.701181332221778
390	1.6449444362573542	0.08845907881809036	-2.7134588651382034
391	1.5752198359493703	0.17386391098113887	-1.8679940904456003
392	1.4552645509922573	0.19238713302057017	-1.6846235322288177
393	1.1434228689555295	0.3396611747021705	-0.22668477964525754
394	1.3896379115814397	0.43825035721253336	0.7492984155341352
395	1.3478621420806893	0.4054407590023046	0.42449993685311643
396	1.2560095230717219	0.4114832093218298	0.48431714822864524
397	1.2408141859192954	0.3492622570393747	-0.1316389056655232
398	1.2486341956216152	0.15811394787016017	-2.02391078363245
399	1.2802351017370353	0.25106883968556215	-1.1037042253519322
400	1.1693603136247475	0.2699229040226713	-0.9170584952089176
401	1.1935811988458735	0.2536651492406186	-1.078002069895349
402	1.2490774969646994	0.19879454357043003	-1.6211933985970568
403	1.4221897359983848	0.25962685182163703	-1.0189842204155648
404	1.4268402401371474	0.25445706058223216	-1.07016254691923
405	1.3730846613332057	0.2862701686455255	-0.7552288182321426
406	1.0443023212002278	0.4040746955062955	0.41097659705351164
407	1.183714191061168	0.31584177676495306	-0.4624848087566801
408	1.3650906488636951	0.31086818263966814	-0.5117208827591276
409	1.3729147007066806	0.16697701114143088	-1.9361709262737314
410	1.0096684162884182	0.25388149763258167	-1.0758603299043736
411	1.0595667796886377	0.31802558025847094	-0.44086625531118956
412	0.9832743492876094	0.21574982482123473	-1.4533446635841032
413	1.0911541235301985	0.3661700098235345	0.03573932149294859
414	0.9310896882138229	0.3633303662543507	0.007628281992937835
415	0.9746439861987451	0.34268535843671805	-0.1967468855589259
416	0.9348631669310329	0.26314504562680463	-0.9841558757250415
417	1.1016001793457826	0.354190209981437	-0.08285465636330244
418	1.0574020564000113	0.36136446490928137	-0.011833150055822465
419	0.9712989859573818	0.32530844373939594	-0.3687695790919566
420	0.9203801347259752	0.30868133214145554	-0.5333696000147031
421	0.9237339326357376	0.38553266074991	0.22741980242482815
422	1.045391621527098	0.4111377008591374	0.480896788663897
423	0.8317894494772018	0.3373353708512668	-0.24970906502795587
424	0.8463031548397137	0.2041131893361363	-1.5685414873400003
425	1.126931615502711	0.2607215648510319	-1.0081471134122584
426	1.4143656070106465	0.3042781192477937	-0.5769591874276984
427	1.334612284981231	0.4088151209425328	0.4579044186051536
428	0.9766082416188187	0.43892045942725255	0.7559320895738777
429	0.8870886987687632	0.17312352890652752	-1.875323499661026
430	0.8139659367815174	0.2066490177334427	-1.543438064848698
431	0.8332344916482114	0.2933592735460899	-0.6850502542594928
432	0.7493870850264287	0.2970921945329262	-0.648096218742445
433	0.8494243096823993	0.23850591281443315	-1.2280708667651596
434	0.8474396553821788	0.26261772927655946	-0.9893760417034795
435	0.7130650370799578	0.3650818806867483	0.024967391706668545
436	0.615635058648183	0.3876716428635135	0.2485946468094736
437	0.6606804157525019	0.4119849290984047	0.4892839210343206
438	0.7680521314239295	0.4599444181092045	0.9640586796039169
439	0.9186796790554898	0.3623053026683863	-0.002519330639781363
440	1.2084304156354857	0.3251798990486868	-0.3700421067138226
441	1.0391134537293896	0.4377574438005475	0.7444188212974533
442	0.9091365497568159	0.43562225426338325	0.7232815215072241
443	1.0339947365819606	0.41361045251656786	0.5053757832356435
444	0.9432061877848567	0.319665504167829	-0.42463183550820416
445	0.9561029200727438	0.18740250096222258	-1.733968876202923
446	1.276492474229863	0.1816765524326888	-1.790652879447394
447	1.4370316551692213	0.5268360285200703	1.6262518938810482
448	1.3334758341921396	0.5321516242577466	1.6788736113985256
449	1.1025857256076939	0.58129127689454	2.1653313947909574
450	1.2917151636293178	0.35030003460653536	-0.12136543102973843
451	0.982767077428353	0.3978449785667319	0.3493055405651452
452	0.92551864456213	0.545721057371694	1.813204157104504
453	0.9886522459660482	0.5406743993491528	1.763244787360266
454	1.1401562113429833	0.3924629942334532	0.2960266094263598
455	1.3568210630787652	0.2337129664289696	-1.2755186192314765
456	1.3095077314046986	0.17750813805615162	-1.8319180799334294
457	1.1001991725657694	0.3137499442956804	-0.4831928954367386
458	1.0401475069385862	0.398040297896699	0.35123910344585507
459	1.0412016670770439	0.3954112253319644	0.3252126107135672
460	1.0521848737421484	0.39807638441824356	0.3515963418132214
461	0.9724676136342749	0.4162778414359526	0.5317815885586927
462	1.1852667872759088	0.5322229956199656	1.679580151896875
463	1.2881702110866358	0.48573413073055205	1.219363830595461
464	1.1791073478797276	0.4465725571136025	0.8316839982476681
465	1.4703899770990472	0.36128336053697724	-0.012636042446334823
466	1.3411347084616005	0.33068005832544733	-0.31559330322197854
467	0.9937564285086091	0.29716732730397144	-0.647352442193332
468	1.0488144660198617	0.28256109369498605	-0.7919467900137511
469	0.976510521150702	0.3089452161339381	-0.5307572815474844
470	1.08161198359479	0.3464208059438015	-0.15976783876537956
471	1.0074789331517935	0.33447652221685276	-0.27801022498996675
472	0.7371993679242465	0.3379937100251201	-0.243191839161502
473	0.8848541238523542	0.2823001590477045	-0.7945299114506297
474	0.9705308709429835	0.45505631690223236	0.9156689423846286
475	0.9184353284156455	0.48492244561293446	1.211328557207443
476	0.7869659380745916	0.4552872871230018	0.9179554311080153
477	0.7371390885349466	0.3088180244921799	-0.5320164146669852
478	0.685007577791631	0.25882529732920745	-1.0269192057223917
479	0.6151619345966981	0.24137595219393856	-1.1996589240694593
480	0.5670894930795033	0.29838245557742094	-0.6353232849909238
481	0.5408634089877512	0.351756960996036	-0.10694259440041012
482	0.3627888941462891	0.33745420692494665	-0.24853264781929868
483	nan	nan	nan
