ID	SN	ssim	z_ssim
494	0.31275411326590463	0.24690585150170152	-1.2359430678671979
495	0.4369698531007968	0.20176252862428803	-1.6352362399863163
496	0.45115155345906016	0.15945977617359103	-2.0094045363980935
497	0.4699675497143904	0.21126280734287606	-1.5512061734388953
498	0.47967286086174893	0.13518226802530844	-2.22413935478971
499	0.6625687625166304	0.15529027849154114	-2.0462837878464177
500	0.6640208597671375	0.24245072258270212	-1.2753487306514262
501	0.48003987503834955	0.3689612032179545	-0.15636218071718921
502	0.32395399082997145	0.2517898267533341	-1.1927442546989417
503	0.3619158213037234	0.18254352998620002	-1.805228487832004
504	0.4170906444511458	0.4635982765276232	0.6807037416230904
505	0.6343430899264019	0.40902046021389454	0.19796237447958476
506	0.793218784817212	0.3353224294066464	-0.45389749369777216
507	0.5347252398063204	0.37502925488757677	-0.10269019900849559
508	0.3893608460574983	0.41982118805896135	0.29349492741466704
509	0.597505003924417	0.28274496000879246	-0.9189457710448702
510	0.5760713726889645	0.32219678674779006	-0.5699939429465045
511	0.38737464528789456	0.38574735462162857	-0.007888492596230956
512	0.31318994554210594	0.3227223676011169	-0.5653451746956645
513	0.4152357727519053	0.42635248675273213	0.35126433399058393
514	0.4861116490395709	0.46799801050144324	0.7196194355266473
515	0.6609007051230492	0.4437405076215523	0.505061563947229
516	0.6424681643517773	0.48212791068262423	0.8445985532666288
517	0.616206357045653	0.49873276319326987	0.9914686507459415
518	0.5717211545072032	0.2821596168597557	-0.9241231374383843
519	0.5207312994337295	0.31585120952316	-0.6261206411479141
520	0.354962005117343	0.3354364814692606	-0.45288870198805237
521	0.45307896035715595	0.18146853369954757	-1.8147368414478715
522	0.5897443804702105	0.2226455363494213	-1.4505258140258808
523	0.5488532490115604	0.28097254652893455	-0.934622787169734
524	0.506159678434498	0.3317192665096941	-0.48576750793427054
525	0.4443109540456216	0.24027668717250036	-1.2945780970318321
526	0.4983472280341761	0.19457041989528054	-1.6988505183687308
527	0.4692728998841717	0.234533853729289	-1.3453735200608026
528	0.6463459016602608	0.2580874610103636	-1.1370416125570744
529	0.6503872005803127	0.5501531214768993	1.4462822679518792
530	0.5181117653427387	0.5864035010350984	1.7669172616057778
531	0.6945094169464627	0.5366800333543671	1.3271126598728529
532	0.7046046488954104	0.35667422753366895	-0.26504061163489906
533	0.6961204680860135	0.34203129629429263	-0.39455749455399053
534	0.7268448609016783	0.3072039152312981	-0.7026060513473618
535	0.6319264793653303	0.2388282911681028	-1.3073891751319318
536	0.5841730765601133	0.18591995427256292	-1.7753639790234066
537	0.6195676281046523	0.07776213884182492	-2.7320210095678075
538	0.718436503636432	0.05604911847344547	-2.9240729062064363
539	0.7080196464490831	0.04906489028520247	-2.9858484789895954
540	0.4720379830327653	0.24430191649207061	-1.258974900787671
541	0.32678700447763187	0.25296648587526493	-1.18233669222122
542	0.32638156211475533	0.2463836522781916	-1.2405619255662563
543	0.3229546943083431	0.17577578286873777	-1.8650892832362247
544	0.2900095720027821	0.17628434449125044	-1.8605910502633762
545	0.28626358375200817	0.27451701675846013	-0.9917220168113298
546	0.4819466984323075	0.3924935416797169	0.05178160385297772
547	0.6213319757556731	0.5358933193116803	1.3201541657782092
548	0.5427479503135416	0.5449861022352579	1.4005799276744917
549	0.8286511681035855	0.6058476663175121	1.9389011108210046
550	1.1391949677353796	0.502350429058367	1.0234669438902955
551	0.8544814680446752	0.5522279923301051	1.4646345227684727
552	0.6949164338933066	0.5051633260100092	1.0483470474155805
553	0.569090055915417	0.5069536113591409	1.0641821404147007
554	0.5657235559272307	0.4465140362670255	0.5295934543847477
555	0.964336552305744	0.3406363621995496	-0.4068957014932436
556	1.0824408955129203	0.2713373715764353	-1.019846012344215
557	0.8235039635711362	0.4605609835857354	0.6538388531718201
558	0.8228342965912612	0.5159097983161552	1.1433997095304955
559	0.9046967241304243	0.46254999967275123	0.6714317216661745
560	0.9617234105559769	0.37045704088729303	-0.14313148058491593
561	0.6371899597667158	0.385548499927181	-0.00964736448858958
562	0.4389667466295109	0.35125080067283143	-0.3130108800376118
563	0.6352146368481401	0.23551484717101204	-1.3366966226104906
564	0.7335145082277639	0.2127424453697184	-1.5381187593172037
565	1.0755755960556446	0.32613429177477865	-0.5351666690054478
566	0.938377279929638	0.5976966343068342	1.8668051457892314
567	0.7051737727538873	0.605700940961809	1.9376033234855872
568	0.5841061086778572	0.5154926796287858	1.1397102902938523
569	0.7970758030660876	0.4493663517180688	0.5548222149574721
570	0.9555988796890605	0.4234218312887297	0.32534265516806093
571	0.8398187024560072	0.3693885366665003	-0.15258241180904308
572	0.8822900173301099	0.4776733641151706	0.8051980413880313
573	1.007096748682572	0.5648697205562361	1.5764507437007862
574	1.047075849389319	0.4770992313732477	0.8001198311649526
575	1.1765912560219105	0.513576347336142	1.1227603107355937
576	1.2627269605909517	0.5404661742725919	1.3606011166582166
577	0.9347733159048301	0.5681049110047662	1.6050660377080734
578	0.6750864665025712	0.5613469085238082	1.5452914337176191
579	0.6719477695361136	0.5849102204377017	1.7537091788020904
580	0.7090554776875294	0.6088705562191293	1.9656386042275327
581	0.5407094413027904	0.540065034475847	1.3570530308794968
582	0.5379026737918872	0.5188792920351353	1.169664913132346
583	0.6703087823393595	0.5815664185319032	1.7241332152973687
584	0.5635162735810069	0.48260576301703967	0.8488251622588688
585	0.48493827143976403	0.5088469573103862	1.0809288055382353
586	0.6591281438130849	0.5546028969075871	1.4856405790749185
587	0.7701090416207534	0.5567183858803555	1.5043521015920684
588	0.7468726191592845	0.5126018419614558	1.1141408003073907
589	0.7522625455646201	0.3930163524096498	0.05640587033286678
590	0.6933855922612523	0.32263715517411673	-0.5660988795209219
591	0.6277871369969928	0.40706355729603483	0.18065354730877164
592	0.9569943081703696	0.5063795411702569	1.0591044834739174
593	1.2772479832982595	0.47650162312368866	0.7948339798265615
594	1.4044246289261333	0.48300897071035614	0.8523915386048094
595	0.992361371205382	0.48353159328686146	0.8570141408656253
596	0.9940230522441922	0.38454437578897566	-0.01852885319588154
597	0.8808364732269002	0.46221948660738094	0.6685083300794079
598	0.9449566568891794	0.33793061155024734	-0.43082809483205614
599	1.2285699369978103	0.3246774139412347	-0.548052768974771
600	1.262611155326926	0.358543640680416	-0.2485056324222971
601	1.0793080766520275	0.3306225793725054	-0.49546771735437506
602	0.7900300207531146	0.39439955983726327	0.06864035477634206
603	1.2713981712175184	0.5058957865394117	1.054825668606833
604	1.2979377193728745	0.5390202714357947	1.3478120906521212
605	0.9818029595463537	0.6057102330931561	1.937685512486414
606	0.8895801828604228	0.7058628317303048	2.8235363151487123
607	1.106175078840236	0.5063371907815892	1.0587298938346592
608	0.9780947156325727	0.5572952614915767	1.5094545725233326
609	0.8304573604449669	0.561449348357056	1.5461975151347962
610	0.6599267546742741	0.2536042893815378	-1.176695313408678
611	0.5412151616290761	0.2713850681676821	-1.0194241354861484
612	0.7942379573331018	0.40147493046986793	0.1312220834515405
613	1.1100333677256682	0.43318832601496426	0.41172740514121764
614	0.9942476322795241	0.3999409878270155	0.11765434442230331
615	0.7164687673279889	0.424684025245452	0.336506774171392
616	0.6990854939405796	0.40431334927363854	0.15632792803098716
617	0.5963683834330551	0.35990563333259457	-0.23645879289371186
618	0.5390681919446123	0.3566717530910033	-0.26506249810665655
619	0.7911849429657758	0.3090876267638033	-0.6859446027602951
620	0.8933946350660175	0.3104256782710467	-0.6741095229138954
621	0.7151770250005112	0.32469564588386846	-0.5478915072478068
622	0.8558684621721022	0.45161541906558456	0.574715239623328
623	0.8709548331115549	0.5041028637654064	1.0389672475565874
624	0.643842637681014	0.4409522064074714	0.48039900998288637
625	0.6814081031727306	0.47671296281893033	0.7967032816840453
626	0.6772416145465036	0.49242932112247834	0.9357146384294325
627	0.707355022557914	0.4428894364551575	0.4975338304072833
628	0.8128719438706505	0.4497569045834314	0.5582766592152488
629	0.786336049564419	0.4145270288967028	0.24666803318399508
630	0.6712462260154151	0.35661668393321	-0.265549585394425
631	0.7165665155016405	0.3459827268436104	-0.3596070492194735
632	0.5127968093194725	0.4500873275599305	0.5611992539649888
633	0.5244147052381072	0.46793701940896276	0.7190799686634376
634	0.7133897459257236	0.5195555945818596	1.1756468163681157
635	0.6331813270553788	0.37575918816672277	-0.0962339313727044
636	0.4082653600644796	0.45478843220720827	0.6027805746881618
637	0.454929116046595	0.4444043415646055	0.510933182250601
638	0.7112902726407653	0.37877820806792645	-0.06953066816109225
639	0.7467114241098222	0.3916262052246583	0.04411000366139826
640	0.6910017208007302	0.33463579170663593	-0.4599708114745399
641	0.8123841028893305	0.42395106661062687	0.3300237472323658
642	0.9531770474561226	0.4435793552481838	0.5036361694867555
643	0.9276684666290305	0.46500858588936017	0.6931779429628193
644	0.6853730311892078	0.40033071376050183	0.12110147445881882
645	0.7271141295467598	0.32961075119914696	-0.5044173483347282
646	0.5222970496571668	0.17648415803278641	-1.8588236973582986
647	0.6958696893441777	0.14808992996347556	-2.1099709473393444
648	0.7296505974256542	0.5559215950539563	1.4973044782380616
649	0.8450460327685545	0.4580013623574656	0.6311989761199108
650	0.8383018247006134	0.3655576584486014	-0.18646657048696383
651	0.9152238275522514	0.3883409063758343	0.015051500319311434
652	1.0242227346641064	0.28020434611163136	-0.9414175280504876
653	0.9000270341632802	0.22100371798006926	-1.465047715006059
654	0.5851158853063839	0.32525085089938355	-0.5429807129665913
655	0.7318212443838985	0.4628330192415759	0.6739350327696715
656	0.6777076607317296	0.4496974632698864	0.5577509001632454
657	0.7401910847125416	0.34391845098838286	-0.3778655911659972
658	0.6358071955385786	0.3275960817994148	-0.5222371206535457
659	0.6154116714230006	0.3589724880324443	-0.24471247302170854
660	0.5934689286650329	0.3878696748143532	0.01088345213425912
661	0.8035698166615718	0.5060314007891393	1.0560251780914436
662	0.8904263784702994	0.5927573064339082	1.8231167380955269
663	0.8028132584082752	0.589898074377152	1.7978268000715347
664	0.5013443619232555	0.42581250171290697	0.3464881605566045
665	nan	nan	nan
666	nan	nan	nan
667	nan	nan	nan
668	nan	nan	nan
669	nan	nan	nan
670	nan	nan	nan
671	nan	nan	nan
672	nan	nan	nan
673	nan	nan	nan
674	nan	nan	nan
675	nan	nan	nan
676	nan	nan	nan
677	nan	nan	nan
678	nan	nan	nan
679	nan	nan	nan
680	nan	nan	nan
681	nan	nan	nan
682	nan	nan	nan
683	nan	nan	nan
684	nan	nan	nan
685	nan	nan	nan
686	nan	nan	nan
687	nan	nan	nan
688	nan	nan	nan
689	0.5346463791473004	0.3822469504396946	-0.03884960490289171
690	0.6412095598742666	0.31380473144439397	-0.6442217615718951
691	0.5895323663268984	0.37471854855682796	-0.10543839981637756
692	0.738142889749641	0.45991868472463554	0.6481577128979088
693	0.8754749501825545	0.4844649632037576	0.8652698077311338
694	0.8696007612232017	0.5105171332015892	1.095701529101502
695	0.6951061606437718	0.5109001752496615	1.0990895401002736
696	0.7912095088438558	0.4893698347959742	0.9086534492546292
697	0.9744963493591783	0.4179531671853842	0.2769722628730959
698	0.9183112798296407	0.33204065940107524	-0.48292478438366704
699	0.6495195416957428	0.3016779136683973	-0.7514835940833626
700	0.4987097289901918	0.3364158649843676	-0.4442260443558223
701	0.8947702682795523	0.3167207093189127	-0.6184299061848318
702	0.9358840560237716	0.3065287954057328	-0.7085774934018708
703	0.7458808201041318	0.23658648570977858	-1.3272179683104706
704	0.6000965457637317	0.37406161822081213	-0.11124895564190537
705	0.5855729859081592	0.330382009608884	-0.49759555947829637
706	0.5620736198261747	0.42687731334191914	0.3559064307670662
707	0.7193863712263525	0.41180834450015225	0.22262124071288636
708	0.7931160347596502	0.19530153989815904	-1.692383754148874
709	0.819976306242716	0.2441584983097583	-1.2602434361391899
710	nan	nan	nan
711	nan	nan	nan
712	nan	nan	nan
713	nan	nan	nan
714	nan	nan	nan
715	nan	nan	nan
716	0.4759242752515162	0.4437106114115608	0.5047971316511338
717	0.48612533941990604	0.40688820404386195	0.17910254592387923
718	0.5649870037157375	0.42068300885176224	0.30111774151477516
719	1.0356717006019096	0.44468140132898737	0.5133837788202646
720	0.9368956881168012	0.2894248291187123	-0.8598622575542205
721	0.8635844682118057	0.19814770580106725	-1.6672093863949644
722	0.7490479662990759	0.17037284497423252	-1.9128783265132976
723	0.6661126326637501	0.20637019210005242	-1.5944814074213463
724	0.7499616267456989	0.2058634207743088	-1.5989638052001864
725	0.6669594065523643	0.21674991675919913	-1.5026726321539996
726	0.5961597995385817	0.2816786119264978	-0.9283776312009955
727	0.8658761458879772	0.34753207075905207	-0.34590308576999346
728	0.852259598776356	0.5051894901995766	1.0485784699512377
729	0.7514115945241489	0.48665368006864207	0.8846290317347261
730	0.8803997860765501	0.5043211408982546	1.040897911123661
731	0.7338859784340629	0.42424777296414096	0.33264811809235434
732	0.49519419478413607	0.36225872856911817	-0.2156456404405504
733	0.4649909449640522	0.4068426942141315	0.1787000109947377
734	0.5807814638346552	0.41331132251811825	0.2359150973048922
735	0.875666612527559	0.40854964031199453	0.19379796742791586
736	0.9165967468472638	0.28235069349899056	-0.9224330625273033
737	0.6636303356209116	0.260408214279281	-1.1165145251521844
738	0.4295447999691646	0.25041638884258205	-1.2048923276616264
739	0.7256230162869441	0.17305052392262682	-1.8891942276682858
740	0.8259834085872473	0.13660215923598576	-2.2115804018939524
741	0.8939819751909275	0.17913252867335674	-1.8353988308084426
742	0.7594470401191193	0.282925950343744	-0.917344909602704
743	0.907984091908782	0.2716546669411	-1.0170395314611016
744	0.7884105488302864	0.3784658344226664	-0.07229361638360117
745	0.8422108241092455	0.44309180087159644	0.4993237458280724
746	0.8891585276164689	0.35308274716454613	-0.29680729378819914
747	0.8327224331748074	0.25620847608905045	-1.1536612542177573
748	0.9595624467103564	0.27587426177678626	-0.9797171701547834
749	0.9146833710711407	0.223191107273058	-1.445700233390038
750	0.5602587768477215	0.3395928430695748	-0.41612563932272256
751	nan	nan	nan
752	nan	nan	nan
753	nan	nan	nan
754	nan	nan	nan
755	nan	nan	nan
756	nan	nan	nan
757	0.7278758709066712	0.19314848333075887	-1.7114275624410467
758	0.7185016929746867	0.3675052684025949	-0.16923993968061862
759	0.7893010678445794	0.3692721199211166	-0.1536121191630691
760	0.66487221588575	0.3752524896883951	-0.10071568481537395
761	0.5949307538167438	0.33740658162350756	-0.4354631451206995
762	0.4648332284067245	0.43825107340365677	0.45650745976764034
763	0.49805531463768693	0.4771006126262067	0.8001320483620998
764	0.7474170387158777	0.4271569894383488	0.35838016882158497
765	0.7814709711734668	0.32456481502441137	-0.5490487075944793
766	0.7663647643640397	0.570997611815902	1.63065200722136
767	0.823148071758336	0.596242758931235	1.8539456025924386
768	0.7426046520081201	0.565346458141035	1.580667492720784
769	0.8299298136146518	0.5694464205266475	1.6169317037308104
770	0.8154561158207362	0.37650196208703923	-0.0896640881288677
771	0.8140427170696467	0.3552519759127145	-0.27762044238472167
772	nan	nan	nan
773	nan	nan	nan
774	nan	nan	nan
775	nan	nan	nan
776	1.0282340247138393	0.25965341577866896	-1.1231907259369283
777	1.1412673105885152	0.3165950099968201	-0.6195417180288088
778	1.372236288299124	0.3488316367606212	-0.3344084106315731
779	0.9491560030105152	0.38790470725821075	0.011193314473656507
780	0.5743836506341043	0.3578745445620277	-0.25442379472260745
781	0.543334340789691	0.3159960938687584	-0.624839137566499
782	0.4198852278379465	0.4018478496928261	0.13452055795425966
783	0.4664573739481132	0.3326627148691229	-0.47742269713711505
784	0.7712854018414965	0.3252581396472732	-0.5429162439138029
785	1.093980210806209	0.30658500996174654	-0.7080802750546317
786	1.1404546028543332	0.4415828264123785	0.4859768506492657
787	0.8555364381249936	0.4304947319773784	0.38790253716263745
788	0.6914773554717283	0.346980501117839	-0.35078172512675104
789	0.6017648537197765	0.395640882902382	0.07961987052093657
790	0.5464376078230044	0.4532587830276668	0.5892508113876825
791	0.6634346034648394	0.500140560529693	1.0039206331949893
792	0.6970836970160574	0.46991996062028185	0.7366191048174905
793	0.6237554838935604	0.4295955372076948	0.3799491498385612
794	0.5705445159811569	0.31454115915437053	-0.6377080506261712
795	0.7818858313325048	0.4051090214928504	0.16336565729249689
796	0.7603252783409199	0.4763488205455544	0.793482439393951
797	0.729486208807894	0.4206529380777458	0.30085176519801815
798	0.7304851087868057	0.44953863607040856	0.5563460718906231
799	0.6390158908972202	0.4238685563059815	0.3292939427081437
800	0.6656420577116957	0.2200227843388245	-1.4737240835205032
801	0.809014044303029	0.25209196439960047	-1.190071843996657
802	0.9995328292041605	0.24314912947799278	-1.269171314216935
803	0.8748891569393588	0.27502445662942826	-0.9872337057428516
804	0.8076186765858975	0.29232402239655686	-0.8342188621036795
805	0.6408340308940658	0.407366977271301	0.18333730022473058
806	0.7189291464290029	0.4642351229988603	0.6863366554505381
807	0.7073906188389637	0.46627848506812375	0.7044102147372499
808	0.5999479862457155	0.3425584214714207	-0.3898950667426647
809	0.7225241152677246	0.36950436540747367	-0.15155790536029506
810	0.7394837832594899	0.3518507996157262	-0.3077038829911797
811	0.6328807630012883	0.3143712522547222	-0.6392108789649211
812	0.6083040179983971	0.3421179149374405	-0.3937913517319152
813	0.6964338778471125	0.4567204818803596	0.619869574644571
814	0.950519826522229	0.5486863240487787	1.4333084290627736
815	0.9344799764360053	0.5336447291505158	1.300265361830717
816	0.6755115104696492	0.4713559051854342	0.7493200498047226
817	0.6095266676469486	0.4918119042254758	0.9302535793932263
818	0.5956571408732237	0.4422616597394686	0.4919811386643512
819	0.48877948198554405	0.6511039111802757	2.3391930791043944
820	0.6630282086160321	0.6691843592726241	2.4991148352350434
821	0.8190456115046342	0.35705392456633905	-0.2616821873330204
822	0.7883162816613049	0.319857508310871	-0.5906848856598642
823	0.535758773446128	0.29194054235449907	-0.8376107471639225
824	0.6762481108214665	0.2810229962098203	-0.9341765592044606
825	0.6332178312804141	0.3078349007367571	-0.697024977824704
826	0.4873552638387039	0.40770399125260043	0.18631819248219597
827	0.36249945416291224	0.4085293358370673	0.1936183741307205
828	0.43095881911841877	0.17883401860593046	-1.8380391555372138
829	0.527926303130355	0.20607204682090152	-1.5971185055939328
830	0.7284135866973023	0.32993154701254834	-0.5015799059452212
831	0.6818420935556745	0.39979436429323256	0.11635745770285474
832	0.5494011723792382	0.4307296722036932	0.3899805859690655
833	0.6112653138940018	0.5173291885459901	1.1559542312453603
834	0.7960607773231776	0.5639751056526099	1.5685378653408135
835	0.6642577048964712	0.4676496933976199	0.7165385670299566
836	0.49513066945418116	0.4075084650684694	0.184588761299072
837	0.49601132472138604	0.41209919756923125	0.22519383920964525
838	0.4347909744683108	0.3655027922240232	-0.18695186282828105
839	0.3705929127834168	0.4124867542917322	0.2286217825518692
840	0.5125635386951798	0.49986869097606856	1.0015159440948072
841	0.801662845617357	0.2891039820889059	-0.8627001529533758
842	0.8357825803502863	0.32612269307481784	-0.5352692596302538
843	0.5908891354238874	0.4374059185862754	0.44903205639779237
844	0.568728513553811	0.44972649666737874	0.5580077008735871
845	0.5665528838564022	0.4684855106347413	0.7239313794028583
846	0.6556367892902769	0.45224072501726187	0.5802460774322373
847	0.7662695698258255	0.4601401025311803	0.6501161557573102
848	0.9609793673518767	0.43096810773617067	0.39208955079576596
849	0.8538832904284314	0.2884798057923606	-0.8682209989505995
850	0.5403498397147531	0.4590698191075402	0.64064948746503
851	0.614958834960237	0.5446094143331592	1.3972481191645976
852	0.6187521293422015	0.3313223259487386	-0.48927845142766474
853	0.7037180317154372	0.433115750954868	0.4110854779609507
854	0.5932042492382122	0.5088285553681007	1.0807660401625385
855	0.6728028588096057	0.31436737456363273	-0.639245177183947
856	0.7292885250212361	0.32424780930233504	-0.5518526265858102
857	0.8975078126186472	0.3096955878527367	-0.6805671804472676
858	1.1123144022258988	0.40006946159323903	0.1187906962541964
859	0.931311544911514	0.49812006644235723	0.9860493414522212
860	0.6276836944753932	0.44572957761858284	0.5226549092762379
861	0.6347042939931546	0.22865239739499943	-1.3973950640392045
862	0.6892360028309574	0.09785942752527235	-2.5542602769075544
863	0.5733611448061297	0.32950177503450256	-0.5053812436727917
864	0.6322781957357236	0.3215117189930115	-0.5760533745409588
865	0.6908256372005067	0.2360130081709137	-1.3322903832555164
866	0.7306696972180413	0.21128411841807426	-1.551017676751572
867	0.5314044980920005	0.2830125990754816	-0.9165785006467317
868	0.4334338921662851	0.35884211901807556	-0.24586558834365096
869	0.4740624575884923	0.5146974492872418	1.132676469445026
870	0.5665595928753792	0.4721062510669456	0.7559568671260525
871	0.5197737925293064	0.49778588974157084	0.9830935449711417
872	0.5819458300008468	0.3777772812236784	-0.07838387676924626
873	0.5115013684434899	0.2558014787822912	-1.157261149735
874	0.6028096629958056	0.3347896545948577	-0.4586098925879016
875	0.6860828475693131	0.4755927327799413	0.7867948350465281
876	0.5530389139532449	0.3450283695547884	-0.36804834961341093
877	0.4729367819162823	0.32453631259781174	-0.5493008118616145
878	0.46556092922583625	0.35345900013294557	-0.2934793322715113
879	0.5015482135197176	0.2523788684513716	-1.1875341746000865
880	0.4691552887056413	0.2798185343136817	-0.9448300375164529
881	0.43033534179528915	0.3879695125257332	0.011766517755774974
882	0.4650579758459425	0.3510050608353106	-0.3151844515202913
883	0.5976079595571843	0.4696525271592854	0.7342536530038959
884	0.6775226210820858	0.5001434896856946	1.0039465416110502
885	0.6031556084477264	0.4823284149638451	0.8463720157715833
886	0.5414206024971575	0.4635346699212932	0.6801411405119981
887	0.8604250181020145	0.42105330952326764	0.3043930549019784
888	0.8003547587635841	0.3746618527277268	-0.10593987502920592
889	0.5264984023526348	0.3363136516071733	-0.4451301227667923
890	0.4764398023234502	0.5116356313640891	1.105594657273009
891	0.5832652086465073	0.43170082300196894	0.39857042513315494
892	0.6058694718209092	0.45749992762576625	0.6267637805722853
893	0.552535336846343	0.4472579053620304	0.5361729844603792
894	0.6691208712079734	0.32756756771490125	-0.5224893280350538
895	0.5050203150573452	0.31277561120390107	-0.6533243410704016
896	0.5357345045621803	0.3387959223569699	-0.42317441152160395
897	0.49851396236672274	0.3918892569724987	0.046436699175414785
898	0.527893751397735	0.2888158199260995	-0.8652489503554662
899	0.8862374899162324	0.3267996063195107	-0.5292819547644417
900	0.8759422071170241	0.33314953129047636	-0.4731168007003432
901	0.7753959873429114	0.5950708136492329	1.8435797340791396
902	0.5049065638232118	0.6622218171129164	2.4375310756054716
903	0.7124299211044112	0.39663918357384353	0.08844985060279648
904	1.008275476565803	0.2643880354870133	-1.0813129641413213
905	0.8653607297802504	0.426541032217617	0.3529320206375549
906	0.6188861494771887	0.40229592708078027	0.13848380722762188
907	0.5578713258317621	0.47652535368860804	0.7950438769262627
908	0.8146042512346363	0.4757531943666107	0.7882141194912835
909	0.8932971148868816	0.5707161005517773	1.6281620370890142
910	0.6766025500300168	0.5139260099798805	1.1258530805471785
911	0.566291437121063	0.35596980313067184	-0.27127125298920585
912	0.6533625687675189	0.42067770636382373	0.3010708409524298
913	0.743472794840246	0.31822126110110754	-0.6051575096740879
914	0.8537437125436498	0.2361787151824517	-1.3308247029718772
915	0.8185471608195184	0.3366269940027386	-0.44235860593750564
916	0.8706374175279175	0.4628125183921988	0.6737537025383735
917	0.8194931054162368	0.5100483729674371	1.0915553398330213
918	0.7387573534082363	0.4779369098820203	0.8075291065054518
919	0.4433797557221782	0.43037725307849484	0.3868634350495815
920	0.44090290779993885	0.419042206454168	0.28660482681562593
921	0.44891168486989697	0.41338511499951813	0.23656779258956834
922	0.46696461017454277	0.42362542711120976	0.32714346238841174
923	0.7047510588932941	0.4519063008866801	0.5772880924319799
924	0.9321088242322065	0.5176593340707277	1.1588743719313128
925	0.9005189825299542	0.45106050457754004	0.5698070150606872
926	0.5062233851921203	0.4450609147474963	0.5167405790529305
927	0.6395096800215336	0.5025822362337116	1.0255172808274908
928	0.7416155384111124	0.49594321853153917	0.9667950984738801
929	0.533943738140878	0.43045585690318544	0.3875586867169573
930	0.5858117921027562	0.38967626737526734	0.026862782595445167
931	0.7192926956986578	0.39760064759025265	0.0969540100780057
932	0.5857474202662708	0.43311150949493965	0.4110479622026668
933	0.4587816328741083	0.44827330591439407	0.5451542131711182
934	0.41381436482621636	0.30181387559478823	-0.7502810093949586
935	0.5304929223973367	0.2663509609675591	-1.0639508673393436
936	0.7384386395515784	0.4825954967170623	0.8487343567261211
937	0.7660996910747909	0.5168710586014672	1.1519020670019784
938	0.6027135949185467	0.5171483831981731	1.1543550060163719
939	0.4564987640784862	0.44518815898062947	0.5178660556515311
940	0.49039048719990225	0.3664843251613532	-0.17827019353357393
941	0.6151742930877532	0.3355426673015023	-0.45194948716983807
942	0.6118111077188277	0.20768677772176988	-1.5828361935612694
943	0.6936215445952268	0.23614695832340754	-1.3311055927286795
944	0.5600740789100228	0.49823016853453933	0.9870231956313591
945	0.6649406763268156	0.5490787268179603	1.4367792357395512
946	0.7333709291774655	0.3986612669287101	0.10633519943381745
947	0.7573572638032623	0.30388503278452095	-0.7319616019713754
948	0.5519488125342781	0.288931170068063	-0.8642286771200628
949	0.5503840814025368	0.29360330148092184	-0.8229036249642063
950	0.5582654690241065	0.25901496199967755	-1.1288378564185986
951	0.5024224907352298	0.22509018681555465	-1.42890285459076
952	0.44056401563604897	0.3358647218947011	-0.44910091085960296
953	0.46358152516496215	0.34673214200464536	-0.3529784641306803
954	0.5722033769935571	0.4487234321335477	0.5491355843782821
955	0.5144916927298937	0.5799097768155278	1.709480201654739
956	0.4892225975650995	0.5757988696597618	1.6731191840360236
957	0.4109330129309188	0.48023550887918687	0.8278602391405213
958	0.3993839665247412	0.3224748231064661	-0.5675347083898976
959	0.4502770850708392	0.3005821414426688	-0.7611757111018479
960	0.4612483601318626	0.29966839417253555	-0.7692578154475438
961	0.4080554501610989	0.26521582412990397	-1.0739911647699822
962	0.36824416533108123	0.3056209650208342	-0.716607262834587
963	0.4284967308716261	0.29765844576179845	-0.78703583056837
964	0.4759605565812557	0.3620221227661921	-0.21773842128986193
965	0.5349215742166341	0.4917975171907016	0.9301263259172694
966	0.5508157979455415	0.4412205526887776	0.482772535701852
967	0.5876458602638002	0.3187049237445469	-0.6008795084365883
968	0.4971885489620857	0.3317732738057213	-0.48528981282514344
969	0.3794589841501657	0.21868410045162676	-1.4855647567743406
970	0.2948387984350729	0.2790014067291775	-0.952057539712707
971	0.2860498058534467	0.31277572818625493	-0.6533233063602345
972	nan	nan	nan
973	nan	nan	nan
974	nan	nan	nan
