ID	SN	ssim	z_ssim
245	0.6080134439628848	0.3154079939078451	-1.6428065516334163
246	0.8770266678402598	0.3287549514563189	-1.5113489137670815
247	0.8234259630007084	0.351742161257782	-1.2849419374458193
248	0.8126492245601332	0.6523120879114057	1.6754490301616989
249	0.7048626081727067	0.5691185679483248	0.8560545291742491
250	0.7816587637317131	0.5328267057041244	0.49860658891774157
251	0.9479515221116003	0.45999870298396867	-0.2186952510966825
252	0.9645020869069566	0.5045620156032594	0.22022034379863928
253	0.8109067033903075	0.4000286205706033	-0.8093561075562054
254	0.9976399827111578	0.5098760607640195	0.2725597493756372
255	1.1695570997763771	0.5204651371125102	0.37685430181601975
256	0.8782853864569095	0.4712451103918264	-0.10792647499545906
257	0.7744136828013644	0.36365188985979846	-1.1676399392964933
258	0.7093103467931786	0.3851914678796064	-0.9554910629074055
259	0.7161272342971807	0.35537216403097205	-1.2491891010200848
260	0.7945354816239165	0.31228816066929665	-1.6735345963272685
261	0.808494222328649	0.5293137523771786	0.4640066027697537
262	0.8171250562859013	0.558168996181125	0.7482093640917703
263	0.9470012851003182	0.5583616394885811	0.7501067578653668
264	1.1967919211436955	0.3959270662275847	-0.8497533773875822
265	1.1654697947391424	0.3454942268631548	-1.3464794596922613
266	1.1426599829995372	0.14068011966242858	-3.363746588663422
267	1.1140107325293576	0.16831731250946078	-3.0915407263361945
268	0.7689176552856652	0.2870130242484763	-1.9224759538286522
269	0.6622813253946884	0.36172426122963525	-1.1866256523688896
270	0.7538152151503309	0.3993612037354847	-0.8159296686316989
271	1.297062007336855	0.5727396491115678	0.8917194943555188
272	1.1750951254134865	0.6190959704560817	1.3482948960521672
273	1.243823779436244	0.5391791118810375	0.5611730807756558
274	1.2601804562324668	0.4353635973998133	-0.46133277930633276
275	1.165205486431819	0.5027430545197712	0.20230492550666357
276	1.4501925398400142	0.5037494307558152	0.21221698541355158
277	1.3383838527292007	0.5236891388669742	0.40860832917240575
278	1.0640257746828876	0.553440784649725	0.7016399854904811
279	1.3090874638751968	0.5191953025947147	0.3643473731332639
280	1.4586064816288569	0.4809226265636809	-0.012610114563136106
281	1.0311416501323893	0.47401919158263867	-0.08060383166875533
282	1.2598380590263278	0.5223205416309623	0.3951286609271814
283	1.4495818338459003	0.6720654401137661	1.8700049063629378
284	1.2375150656552523	0.6314703983983514	1.4701738382253187
285	1.5274955302536113	0.6008503101701399	1.1685886675884554
286	1.6607504701253617	0.6070271204560136	1.229425670087372
287	0.9302927111137224	0.5630834375200376	0.7966129682464859
288	0.794361885713785	0.49977927258835264	0.17311387050853352
289	0.7681837757075509	0.5337594421278539	0.5077933512618977
290	1.1975372089222365	0.5296421263087391	0.46724084257482146
291	1.5530372909058798	0.5053972435941857	0.22844672036185598
292	1.2408995809564134	0.5449098193463489	0.6176163011842607
293	1.5086402327789912	0.5154638129557776	0.32759496631127133
294	1.644217472453588	0.7287663755563526	2.428467088551138
295	1.4807017950928636	0.6749183506822838	1.8981039606244925
296	1.4080746001422317	0.5938637089355604	1.0997758245359306
297	1.428422833735279	0.4058322173065822	-0.7521949818637215
298	1.543613453993405	0.43996391781798516	-0.4160230333657461
299	1.4250353236369975	0.6357706213426723	1.5125278465081784
300	1.2622346610185806	0.6617827230871838	1.7687277661417924
301	1.0443185500799	0.6942675222960905	2.0886789576441105
302	1.05187227593205	0.6027257931166365	1.1870607843318877
303	1.4047773080177794	0.6172734012188316	1.3303439401203307
304	1.8641745261130762	0.5095546316250728	0.2693939106296993
305	1.2036168619698475	0.44250617659711733	-0.39098366894610864
306	0.8325320698364513	0.3186472351370104	-1.6109024267481156
307	1.090154685755898	0.3784552373504096	-1.0218379401095856
308	1.0457547438799335	0.3853630398492282	-0.9538012061914728
309	0.9424016045660515	0.6902000568734286	2.04861743840842
310	0.8391591381669551	0.6775125838215958	1.9236552339637507
311	1.1101630196354784	0.6630943611308234	1.781646428565515
312	1.1030012471731387	0.40716357796266606	-0.7390820663276284
313	0.9208837946877668	0.40190281959813534	-0.7908966364628162
314	0.8454078316915457	0.5215932936434845	0.38796580735327385
315	0.7544101028329966	0.5004945493248011	0.18015881613398846
316	0.952374116927475	0.5333716880737142	0.5039742612674046
317	1.2859671019443653	0.48519934320925306	0.029512374102068226
318	1.3633224656712883	0.4719125461515284	-0.10135272752684772
319	1.3030915191940522	0.4656209740098124	-0.1633200492338232
320	1.0083548848232764	0.6208277632088234	1.3653517709034322
321	1.0420375258298364	0.6290768663361108	1.4465993217172128
322	1.3794136001397541	0.5779767711356967	0.9433012640591664
323	1.3754550663062703	0.31367852472416713	-1.659840541051845
324	1.3384421589895477	0.5034617053982615	0.20938310393000822
325	1.0636947075104433	0.5815113253242415	0.97811400268137
326	0.9556020730159919	0.602851785615713	1.188301717050622
327	1.2953053391330485	0.6204355279122538	1.3614885439929112
328	1.317029523470778	0.5072251341169505	0.2464500870113883
329	nan	nan	nan
330	nan	nan	nan
331	nan	nan	nan
332	nan	nan	nan
333	nan	nan	nan
334	nan	nan	nan
335	nan	nan	nan
336	nan	nan	nan
337	nan	nan	nan
338	nan	nan	nan
339	nan	nan	nan
340	nan	nan	nan
341	0.7948248145555423	0.44480064861945356	-0.36838482039869536
342	0.7444623578352942	0.33143297979323433	-1.4849723198480973
343	0.8835269884548128	0.40130611939271854	-0.7967736911573835
344	0.8977221737407917	0.47841756689383697	-0.03728309533166785
345	1.3109245690506355	0.4437752779312374	-0.37848396157905295
346	1.2552636408215128	0.5972068435401436	1.132703222153822
347	1.3059965847017805	0.5334689576593756	0.5049322945810535
348	1.1108598622632968	0.4256934220348704	-0.5565768382322546
349	1.103822795202009	0.35691988327188834	-1.2339452138081715
350	0.9615551714890798	0.41652764811477033	-0.6468529168349759
351	1.1621621460567657	0.45475014645178713	-0.27038964222834544
352	nan	nan	nan
353	nan	nan	nan
354	nan	nan	nan
355	nan	nan	nan
356	1.3796098577621012	0.4888359977333318	0.06533072534317011
357	1.5179724592211843	0.38493741840827933	-0.9579932618752643
358	1.344055435117748	0.32507246010942775	-1.5476187237344385
359	1.173941790373889	0.4372027544744887	-0.4432184454722798
360	1.1167472350567411	0.4950867939007884	0.1268964339305736
361	1.2508845368088366	0.4393231109113952	-0.4223345063709466
362	1.177936114285139	0.4379118218287471	-0.4362346576584345
363	0.9131115402982823	0.4198538913540423	-0.6140918866439752
364	1.3097609631758786	0.36984207909258815	-1.106671164088154
365	1.4395039650290085	0.4399780134106473	-0.41588420222696704
366	1.2717622696526127	0.29656808784524913	-1.828365660487831
367	1.1718598226349188	0.24052923348563898	-2.380306834803791
368	1.2607107390902583	0.45672587527041153	-0.25093017795586736
369	1.4096444366661598	0.5412536805647801	0.5816060444503962
370	1.6387136473845922	0.5174931223802821	0.3475821598328211
371	1.1976323870600516	0.440374501652186	-0.41197908696117264
372	nan	nan	nan
373	nan	nan	nan
374	nan	nan	nan
375	nan	nan	nan
376	0.6781235982038892	0.3666594774007484	-1.1380174315172051
377	0.7982644864062968	0.444041049780175	-0.37586630588142905
378	0.9420986078399726	0.4354120964005487	-0.46085510010098596
379	0.8078815698766281	0.49729107319703836	0.14860695098513774
380	0.8291214440665076	0.5366671725046972	0.5364323399980027
381	0.9457703664747118	0.5520789937442142	0.6882273545552177
382	nan	nan	nan
383	nan	nan	nan
384	nan	nan	nan
385	nan	nan	nan
386	1.2573396872866962	0.4520699999881908	-0.2967870981249869
387	1.0433393249860525	0.6338032943062593	1.4931511335623129
388	1.1580277229253675	0.48378507489312544	0.015582879573287413
389	1.6400636085860223	0.4795067225095989	-0.02655571989820877
390	1.591221805094142	0.3865208898030683	-0.9423972424504725
391	1.3783138280453266	0.41877573321867584	-0.6247109450478772
392	1.046632256428538	0.438330527558496	-0.43211071660340483
393	0.7885161221513084	0.4809447642978516	-0.01239207429206878
394	1.000574905656074	0.5598220461625065	0.7644906810164839
395	1.1375484041999526	0.49786837257552174	0.154292921916079
396	1.0465594148732813	0.4963455091850744	0.1392938464058542
397	1.2141857295104992	0.41047231628605363	-0.7064934465818434
398	1.330390065727672	0.27180706580558245	-2.0722433724434697
399	1.1726693332714904	0.4843555083187599	0.021201225958339145
400	0.9761580861587313	0.4784486830385856	-0.036976624372027096
401	0.8805030486867637	0.42627875544176275	-0.5508117380770418
402	0.9978990033529623	0.4009240279265074	-0.8005370088584087
403	1.123146364431189	0.4919452180240576	0.09595424036825757
404	1.1738916372802841	0.5604641695610224	0.7708151204912503
405	1.1636945663073863	0.5453530868216034	0.6219821572251083
406	1.012683330530166	0.6201477003077224	1.3586536554524327
407	1.003039868907647	0.5617152230829906	0.7831370702872998
408	1.194948221565854	0.644239792430029	1.5959429035941348
409	1.1912839054599178	0.4321596349298487	-0.49288943456535034
410	0.7876253330560522	0.4244155290857114	-0.569163136490294
411	0.9066760383720225	0.45632658252985175	-0.25486291545806805
412	0.8280207893683061	0.40369897124427545	-0.7732058742202774
413	0.8619828491246855	0.509488684749266	0.2687443827888611
414	0.9191248387052627	0.5373153068197447	0.5428159825447644
415	0.8939560725912097	0.5232737614155035	0.40451716919119196
416	0.7213581872614785	0.4714191447360379	-0.10621236571515538
417	0.9854788374943482	0.5128359102325043	0.3017120725289713
418	1.0536133620611823	0.4857263286972492	0.034702790508969114
419	0.9555736514372662	0.39524211359913725	-0.856499653028231
420	0.9956126754230814	0.37813269354310164	-1.0250147575125874
421	1.0036312458329368	0.5096402318938734	0.27023700982263454
422	1.0075009768866565	0.5002380654244202	0.17763263984457078
423	0.8291664305259174	0.5061619337321182	0.23597835136219408
424	0.898309754540624	0.3937947717819395	-0.8707548970254474
425	1.046449739976534	0.46132375911878803	-0.2056444304215566
426	1.3714286748607407	0.5266275658831423	0.4375496570507018
427	1.3474059999000227	0.5248813784067007	0.4203510048416791
428	1.117912450674787	0.5058786331889146	0.2331880510199224
429	1.0624926099820953	0.3168340980796818	-1.6287604826997197
430	0.856253126593715	0.35211913719484716	-1.2812290039147842
431	0.871762272437797	0.4466331169053707	-0.350336366175569
432	0.6770217030605533	0.5172606386298193	0.3452923672289897
433	0.8815792130029934	0.396731318493079	-0.8418320887578286
434	0.9322798904688924	0.37010688852047396	-1.1040629875244556
435	0.8259984091269268	0.4946141403893684	0.12224114721711524
436	0.7415355446625529	0.48246109634470025	0.0025426723253384625
437	0.7719875054882389	0.49326229095744156	0.108926432427124
438	0.8111624053194785	0.5612794969166433	0.7788454905488803
439	0.941000758889594	0.46755981529530544	-0.14422389981827435
440	1.2308603855783073	0.4342861326958057	-0.471945007925385
441	1.1376292559558714	0.5808886426654062	0.9719810400812017
442	1.0242657155967794	0.5614303084660234	0.7803308725149554
443	1.0966121864955374	0.5747081455561179	0.9111077251046625
444	1.0259053677054757	0.4121505509702211	-0.6899640790038943
445	0.8702169650461101	0.3279216166997727	-1.5195566433750927
446	1.0795045635260982	0.3314166883034068	-1.4851327789461555
447	1.2306871286578671	0.6984800067856057	2.130168807186905
448	1.139631628384879	0.6758261009948288	1.9070446282954732
449	1.0277779211282825	0.7524191284521495	2.661429170990152
450	1.153361864752699	0.4220827754258275	-0.5921390307896993
451	0.8628600051731466	0.49797546560407413	0.1553477088601686
452	0.7871666960495021	0.6331829038805715	1.4870407477594356
453	0.968505044080013	0.6357997898632977	1.5128151348139622
454	0.9661823104386466	0.47841037456250696	-0.03735393446365438
455	1.0569570283100511	0.3982246674495397	-0.8271237085435732
456	1.0158304033184786	0.4709957124150712	-0.11038286018989857
457	0.7396056371288973	0.5327579392510886	0.49792929033132605
458	0.835152725665383	0.5586168910550896	0.7526207965796601
459	0.9311791942383144	0.55384454761609	0.7056167514031231
460	0.9327539707275075	0.4714062441258271	-0.1063394271626192
461	0.9328392307625294	0.4210332500807389	-0.6024760774346087
462	1.2596522879708638	0.5345489475662131	0.5155693945760682
463	1.1920580828593983	0.5647675865230368	0.8132005874806933
464	1.0151952948311687	0.4915440439209682	0.09200297283977785
465	1.2262115242963967	0.49129602217402957	0.08956014248884446
466	1.2033390302382534	0.48371838276852475	0.014926011584275376
467	0.8787837170554381	0.42251719962321044	-0.5878602744804408
468	0.9453816514525619	0.44100317511734416	-0.40578711935965844
469	0.8127692626426172	0.4918217703906347	0.09473837268972267
470	0.8585424610048216	0.5526572318499917	0.6939225712541355
471	0.816747142311482	0.5088617959098978	0.26256999242844975
472	0.6021876964832981	0.46214057283284043	-0.19759942083520077
473	0.8906812486439712	0.40801677875685033	-0.7306786709754067
474	1.0257405959779118	0.574192561394438	0.9060296033102696
475	0.9601119700806603	0.5469444585408982	0.6376559889898391
476	0.8318267400508591	0.5106833168097888	0.28051062301442337
477	0.7151046313930726	0.3453247035885083	-1.3481491382813673
478	0.5900840016901155	0.2781125542155008	-2.010138985810712
479	0.5456253171760508	0.35765718377046873	-1.2266833504517443
480	0.5616063798948315	0.43042825669085394	-0.5099422267634833
481	0.5691262596526654	0.41384202684744636	-0.6733042954899092
482	0.4348684314055724	0.33677409977326705	-1.432366247371597
483	nan	nan	nan
