ID	SN	ssim	z_ssim
5057	0.8919407507576347	0.5031916023115278	-0.40165846677597244
5058	0.8788425064011364	0.5554044281772236	0.043761114444506574
5059	0.7258142388757751	0.48274173455819547	-0.5761131410763728
5060	0.9140736629062086	0.6086046063599014	0.4976036463146684
5061	0.9900480937835937	0.6470287577688287	0.8253941680025835
5062	0.8625542089089646	0.5291751098532798	-0.17999716314041822
5063	0.6735238265402481	0.541628720755022	-0.0737573253119643
5064	0.574688729071443	0.6303917834560313	0.6834667007889996
5065	0.556412193503129	0.6502279231379026	0.8526857553725776
5066	0.458100235463109	0.547168445451741	-0.026498786560655154
5067	0.3227475208831867	0.47744597170232295	-0.6212904789123523
5068	0.3134028088209822	0.3632002012127288	-1.5959035630342626
5069	0.30646971336123163	0.3302751483695867	-1.8767821212409697
5070	0.38098411113713726	0.6287669484508246	0.6696054834430324
5071	0.42854379128562187	0.6672818518402588	0.9981701963087298
5072	0.5013470356653533	0.5653177705540353	0.1283303124674735
5073	0.5028645813959595	0.5726750895159449	0.19109446814348996
5074	0.5433672912416573	0.6702423588738519	1.0234258261513904
5075	0.5472934159606414	0.6845765897689062	1.1457089436906693
5076	0.7486057396421473	0.6774203430150497	1.0846601040738997
5077	0.7413665925734638	0.689592556033152	1.1884993798678514
5078	0.7573617320409585	0.6275463669410499	0.6591928904466727
5079	0.7103316500703629	0.5429440252974649	-0.06253666470303106
5080	0.5683086948591547	0.5960117549447099	0.3901759690969229
5081	0.4425580337029554	0.5326002845906798	-0.15077752463504415
5082	0.4586356533600503	0.519428496853118	-0.2631440185130255
5083	0.4346506729325757	0.5152404156925096	-0.2988718942934705
5084	0.3781336396058978	0.5075464258334507	-0.3645081375749939
5085	0.4320486181403826	0.5253779607577507	-0.21239005764325147
5086	0.4266926628517104	0.4384509526463973	-0.9539509846327807
5087	0.5193805214578149	0.40377341590145155	-1.2497797132754815
5088	0.6002804287017869	0.47708862721453893	-0.6243389297376271
5089	0.3719797236475252	0.29791482346521736	-2.1528430723210548
5090	nan	nan	nan
5091	nan	nan	nan
5092	nan	nan	nan
5093	nan	nan	nan
5094	0.44142309988118245	0.5228353305598838	-0.23408084451706576
5095	0.4491982021013524	0.535010894414191	-0.1302129832551873
5096	0.44131568840760277	0.5294749925595474	-0.17743890992913638
5097	0.4973375202566827	0.4095509835612924	-1.2004921728129367
5098	0.4569854032500021	0.6394215239009661	0.7604980267290684
5099	0.40319718165194535	0.7627722599689231	1.8127841708261863
5100	0.4078044751952946	0.7467881065755647	1.676425818398622
5101	0.630779642333127	0.5174874771466917	-0.2797025588801176
5102	0.5079078071178328	0.5440854120342334	-0.0527996701260706
5103	0.5274114412489704	0.5605025557406167	0.08725245601901195
5104	0.5316524645622297	0.5954919438488735	0.3857415406440982
5105	0.413407998795196	0.43609826422702286	-0.974021407428811
5106	0.40891535779077515	0.5553603013623962	0.04338467537891091
5107	0.35220028669635	0.5657243224438447	0.13179854406576136
5108	0.37941117461313184	0.5586359065738085	0.07132835927879812
5109	0.45634275573219313	0.4548065187754693	-0.8144241673221423
5110	0.5247877763174366	0.40651339044555135	-1.226405412157841
5111	0.7272719375679435	0.5073106304294213	-0.36651967187475865
5112	0.6806787372638932	0.43291051018603127	-1.0012156465152888
5113	nan	nan	nan
5114	nan	nan	nan
5115	0.7489698710185886	0.5245629207449076	-0.21934303854745113
5116	0.8914437599267515	0.7067140653313496	1.3345603404655855
5117	0.6311483688093198	0.6751724045335836	1.0654832868757738
5118	nan	nan	nan
5119	nan	nan	nan
5120	nan	nan	nan
5121	nan	nan	nan
5122	nan	nan	nan
5123	nan	nan	nan
5124	nan	nan	nan
5125	nan	nan	nan
5126	nan	nan	nan
5127	nan	nan	nan
5128	nan	nan	nan
5129	nan	nan	nan
5130	nan	nan	nan
5131	nan	nan	nan
5132	nan	nan	nan
5133	nan	nan	nan
5134	nan	nan	nan
5135	nan	nan	nan
5136	nan	nan	nan
5137	nan	nan	nan
5138	nan	nan	nan
5139	nan	nan	nan
5140	nan	nan	nan
5141	nan	nan	nan
5142	nan	nan	nan
5143	nan	nan	nan
5144	nan	nan	nan
5145	nan	nan	nan
5146	nan	nan	nan
5147	nan	nan	nan
5148	nan	nan	nan
5149	nan	nan	nan
5150	0.47645368495752144	0.7566760437097766	1.76077828820717
5151	0.5235338315539543	0.7380010514518571	1.6014648035814836
5152	0.49367842778291077	0.44836162762556026	-0.8694045417686078
5153	0.5498952201916956	0.47043733518780095	-0.6810800782965141
5154	0.6504941335702503	0.5526749912657023	0.02047670824851329
5155	0.683783902640304	0.4946584014904145	-0.4744538896091911
5156	0.6579262548376624	0.48971393003705466	-0.5166344145586965
5157	0.5198145943444326	0.5084245243423536	-0.35701721434643796
5158	0.3823801852301325	0.33222231707852967	-1.8601711246798198
5159	0.29323616391288587	0.38481153519582784	-1.4115405990926324
5160	0.3723869648657962	0.5034647264126233	-0.3993284871069139
5161	0.43486449951073425	0.6011319717836662	0.4338557508814277
5162	0.48366308228573046	0.4986160527830473	-0.44069177556626243
5163	0.4625105189224106	0.6685018138322797	1.008577504294484
5164	0.45526558044070936	0.6588924347143833	0.9266013700493856
5165	0.42412485933410965	0.5593519070946705	0.07743644952038685
5166	0.4934534041182458	0.4993426059989066	-0.43449366190785077
5167	0.5907507906762051	0.4665670074820309	-0.7140972482601636
5168	0.6905408419053884	0.4237912288917875	-1.0790108316593
5169	0.9326558369200777	0.5008341343320772	-0.42176966326337545
5170	0.9428859465353173	0.5147992009347014	-0.3026358294835845
5171	0.9168101391088893	0.5956937769873284	0.38746334808348565
5172	0.6826161933901819	0.6391313143927474	0.7580222940815105
5173	0.5045021406126056	0.6051363344721259	0.46801635265265823
5174	0.3652089940990209	0.5115931480084517	-0.3299861735437609
5175	0.3011184348445602	0.41883492754080226	-1.1212922756446708
5176	0.3436562757442168	0.3165788238320217	-1.9936233578266749
5177	0.3323624959578558	0.3265890250144155	-1.9082278722411299
5178	0.2963835550859766	0.3662697080928248	-1.5697180722775939
5179	0.2861386847350113	0.3190265808972947	-1.9727419190447972
5180	0.2902779110102572	0.30194633062346476	-2.1184509052559557
5181	0.2836876274046292	0.2900278880089026	-2.2201253047959058
5182	0.31358021793407953	0.2502117563734913	-2.559790595551914
5183	0.3154188347486919	0.3843568891964474	-1.4154191141373553
5184	0.33283682676363413	0.4225028468337998	-1.09000182069707
5185	0.3720574215679195	0.29953112414595195	-2.1390546599836147
5186	0.49861565502501287	0.36559084479359283	-1.5755093505973623
5187	0.6950453036305464	0.6264687399847323	0.6499998207432713
5188	0.790780676980002	0.7240123637154466	1.4821294615449645
5189	0.8491375959521673	0.7397727634439257	1.6165790058960718
5190	0.8403302284182382	0.6570589258548258	0.9109599881695994
5191	0.8932284700354536	0.6331806982328735	0.7072585034996207
5192	0.7434599703492343	0.6199426529434229	0.5943267766443834
5193	0.7193311972470238	0.529236533737261	-0.179473165440117
5194	0.5736248318710903	0.5397021776053246	-0.09019236840173511
5195	0.5483411595284148	0.4866336566483412	-0.542911752743274
5196	0.4994265786861179	0.4878417575200648	-0.5326056301491935
5197	0.500514833280715	0.4555892700332728	-0.8077466368175212
5198	0.45331869090926746	0.5142130106848495	-0.3076365282826919
5199	0.44949210326084044	0.4936523034492427	-0.483036757146723
5200	0.4527776608720142	0.6529125762719767	0.8755881180559814
5201	0.37204535716206605	0.6374283125283967	0.7434942472910924
5202	0.3577126744369437	0.4532359207021906	-0.8278226977496078
5203	0.45723942109807125	0.5581252719489056	0.0669722138871283
5204	0.5304428642290802	0.6274948321571814	0.6587532551373704
5205	0.5872979675986808	0.5875552092713701	0.3180344795311253
5206	0.5378355329852065	0.6005506591367775	0.4288966621624731
5207	0.4252290292256148	0.6531593522401609	0.8776933258584969
5208	0.31137568825306305	0.7420568878908728	1.6360645199962203
5209	0.3170878271899403	0.6125108829928148	0.530927491042765
5210	0.3831514890872423	0.5684732105071555	0.15524888504388287
5211	0.4153064948141458	0.49465485227188083	-0.47448416744623056
5212	0.40635147133933186	0.4245187860582549	-1.0728041534527717
5213	0.43564249939410615	0.41116913289205004	-1.1866879899266811
5214	0.4809137805633116	0.7164498680258924	1.4176149747848052
5215	0.48894989793900684	0.658381116438528	0.9222393925366638
5216	0.6172936648167539	0.5883781576219911	0.3250549252477118
5217	0.6846581290184462	0.6377785498515942	0.7464820679891655
5218	0.6879949959605725	0.6411625675316033	0.7753506019725492
5219	0.6561935625930133	0.6981002479187215	1.2610771898981066
5220	0.5529591997904262	0.7276928039547033	1.5135267307579634
5221	0.42325859764111906	0.6720118126787347	1.0385207642186616
5222	0.5247170078789923	0.6971981923342001	1.2533818925447584
5223	0.7043914194080027	0.7197344129152626	1.4456349217014184
5224	0.8075490650622271	0.7024977776238481	1.298591838974954
5225	0.819284615322645	0.6837369781857732	1.138546346502213
5226	0.738034527977907	0.7053263992522414	1.3227223747247514
5227	0.6636576818427531	0.6861420859052796	1.1590639502796505
5228	0.5790329183073868	0.6489361751325685	0.8416660519560594
5229	0.5135602098700887	0.6307271862972588	0.686327970804608
5230	0.5207374868498128	0.6326773025273039	0.7029641122146185
5231	0.7459843169504432	0.5726342620059015	0.19074617493919968
5232	0.8353674346634813	0.6111719886698186	0.5195055896467089
5233	0.8901918443461877	0.6484831638476127	0.8378014824084891
