ID	SN	ssim	z_ssim
5057	0.31001212778566456	0.34608953714253354	-0.31621482702786624
5058	0.3735445572107385	0.33970053163107655	-0.37685965206001804
5059	0.4093054226095266	0.19163404264179887	-1.7823156814494858
5060	0.5216378561032781	0.36697324204734694	-0.11798544254785832
5061	0.4795247422798606	0.4210651074874592	0.3954578013804476
5062	0.4017844973821505	0.3394049343857097	-0.37966547891258745
5063	0.5150923816307608	0.32686502930031414	-0.49869501308028885
5064	0.794483756814089	0.4116565546746023	0.30615125153974415
5065	0.9080052372788384	0.37074380678955116	-0.08219501496827264
5066	0.6799255568123564	0.33945741999404994	-0.3791672823577726
5067	0.2524810168712465	0.3842789057797093	0.046280959669571464
5068	0.20836014136322453	0.2941172272395048	-0.8095391221679995
5069	0.1970063616022226	0.3038047966713413	-0.7175841297788054
5070	0.21492049098092936	0.38954742547985693	0.09629006591011922
5071	0.4940869972975932	0.4220261182991988	0.4045797738732627
5072	0.675350278642645	0.3452413114309478	-0.3242662365586057
5073	0.6012839705363482	0.34036090220155113	-0.37059137484050436
5074	0.3734083174095993	0.4636493242225791	0.7996697508617124
5075	0.33101111438024217	0.5286419625454994	1.416583787389533
5076	0.45526533582326495	0.6015538355681889	2.108667676548537
5077	0.4438416414412531	0.6239321509109321	2.3210839933041463
5078	0.5653095274190784	0.5924083482459704	2.0218581601856034
5079	0.6692135302912469	0.483766926481431	0.9906272428949712
5080	0.6157881844918472	0.4061709018209872	0.25408110433169334
5081	0.3508952160781589	0.45530784217583153	0.7204919009871583
5082	0.3303532007829405	0.5372373273448608	1.4981715076395843
5083	0.40368402776425966	0.42111637101902905	0.39594439790896996
5084	0.35889039949920226	0.532021611072916	1.4486636147191243
5085	0.38880945253720406	0.544056558376936	1.5629000592197047
5086	0.27750864372400075	0.30330455265894607	-0.7223324760669231
5087	0.41619687351433643	0.28935152252891416	-0.8547754782503972
5088	0.48891275599582473	0.3699259942319818	-0.0899577410097438
5089	0.3435035214407454	0.39444052338102137	0.14273564582849296
5090	nan	nan	nan
5091	nan	nan	nan
5092	nan	nan	nan
5093	nan	nan	nan
5094	0.35389564827304026	0.3438119440984512	-0.33783387734878534
5095	0.3560526844781713	0.4264158632639337	0.4462474974093799
5096	0.4112790239348443	0.41350816900325	0.32372688624322016
5097	0.46958743614939896	0.2563271649723698	-1.1682446687565626
5098	0.35723162914408496	0.3854330562481063	0.05723622541338686
5099	0.3373932399986722	0.5906788120888095	2.0054412988368817
5100	0.41568438335391916	0.5283503059300974	1.4138153652338765
5101	0.5211850160515836	0.36220826902580633	-0.1632148533937342
5102	0.5107219599240039	0.43198004199482426	0.49906301697300687
5103	0.4528776046073862	0.42870527029914324	0.46797868684546423
5104	0.5095182612768109	0.3984908913042161	0.18118198205053967
5105	0.593911047012263	0.2585170212460397	-1.1474584211435148
5106	0.5246394205568871	0.35076070411773824	-0.27187582882239236
5107	0.289688245331058	0.46629134638999375	0.8247479843655977
5108	0.2961170684764162	0.5175197759314066	1.3110113223201172
5109	0.36544633411318395	0.3709030168038122	-0.08068378392599007
5110	0.45178253817143216	0.3207271616363761	-0.5569560225413902
5111	0.4937027814412439	0.5107372220243043	1.2466309122187713
5112	0.3920710595591059	0.35371518634267407	-0.24383170563756576
5113	0.24527862965130615	0.30480332652919573	-0.7081060242410389
5114	nan	nan	nan
5115	0.33294440559936467	0.39120233164021223	0.11199853483527591
5116	0.5717211601773343	0.5546940359621553	1.6638716370000382
5117	0.679080057630768	0.5558795029586222	1.6751241611140348
5118	nan	nan	nan
5119	nan	nan	nan
5120	nan	nan	nan
5121	nan	nan	nan
5122	nan	nan	nan
5123	nan	nan	nan
5124	nan	nan	nan
5125	nan	nan	nan
5126	nan	nan	nan
5127	nan	nan	nan
5128	nan	nan	nan
5129	nan	nan	nan
5130	nan	nan	nan
5131	nan	nan	nan
5132	nan	nan	nan
5133	nan	nan	nan
5134	nan	nan	nan
5135	nan	nan	nan
5136	nan	nan	nan
5137	nan	nan	nan
5138	nan	nan	nan
5139	nan	nan	nan
5140	nan	nan	nan
5141	nan	nan	nan
5142	nan	nan	nan
5143	nan	nan	nan
5144	nan	nan	nan
5145	nan	nan	nan
5146	nan	nan	nan
5147	nan	nan	nan
5148	nan	nan	nan
5149	nan	nan	nan
5150	0.3566919972537982	0.5783483065845286	1.8883993981022296
5151	0.3650660418920888	0.5921092814248972	2.0190193999115063
5152	0.3688329533950105	0.37363264089589265	-0.054774027678180216
5153	0.3245346641711033	0.4015509095618731	0.2102278596128646
5154	0.39125965008783636	0.4222371126861587	0.4065825452994268
5155	0.43525925236321733	0.47439010011001803	0.9016218423468778
5156	0.4670950541060144	0.45361540921311316	0.7044272253942747
5157	0.47539828788908095	0.4902764881061061	1.0524163938131403
5158	0.3686375924902825	0.3519839598129002	-0.26026461210491564
5159	0.2566376294835922	0.3413948659343568	-0.3607769288280308
5160	0.32810664953655716	0.39965858204585203	0.19226577288327365
5161	0.4116303593545221	0.3505491912623612	-0.2738835215819913
5162	0.42509340668645	0.24622381627235282	-1.2641462629956979
5163	0.3694854760541727	0.2871350741336067	-0.8758141398832872
5164	0.30821759890359296	0.4073089308670723	0.2648833445641642
5165	0.3008554796739988	0.29463025757862554	-0.8046694072966676
5166	0.4080978283491619	0.19481756443741505	-1.7520975008680206
5167	0.6862722111313236	0.32387226552014914	-0.5271025070924952
5168	0.8549815177541893	0.4378798226005347	0.5550640897408717
5169	0.6815471813711185	0.35149767451881325	-0.2648804613983194
5170	0.4582317738438772	0.31995136349697895	-0.56431994519565
5171	0.7043438930662685	0.3919607928187816	0.11919789401340404
5172	0.8477832713533613	0.3578834424793071	-0.2042663673948608
5173	0.665129319640846	0.30399687062605435	-0.7157609522348326
5174	0.3505799948331571	0.3189959082725552	-0.5733891837191303
5175	0.18878758825924472	0.26579593834004944	-1.078366501783268
5176	0.22121331663153182	0.1826255432985766	-1.867824899666983
5177	0.2197915285924983	0.20002069037823167	-1.702709116128763
5178	0.2565707069706725	0.18890458972030708	-1.808223812935761
5179	0.26803350657191927	0.21686319613126384	-1.5428390373404421
5180	0.25457371140487967	0.2556205163687803	-1.1749522198530595
5181	0.2709075202725621	0.2405024158830108	-1.3184541400085328
5182	0.2665851141070576	0.13691772620506984	-2.301686251839331
5183	0.21568986403129134	0.21759383080030592	-1.5359038090663355
5184	0.20914314990961302	0.2482593027744432	-1.2448253025499418
5185	0.23474307041872422	0.1961925980300508	-1.739045599208335
5186	0.30599917452095327	0.14406944155442927	-2.2338017390988263
5187	0.7080194683727083	0.2807998827271255	-0.9359481581905634
5188	1.0531475855480235	0.5712203013065734	1.8207399427872084
5189	0.9958179510227584	0.6083539853976481	2.1732151082044417
5190	0.6658711523829675	0.4915638536632938	1.0646361452013753
5191	0.5427765128861287	0.43711845282784567	0.5478371220122171
5192	0.4095982469433568	0.4463656131497221	0.635611724610199
5193	0.31532473241751513	0.37944229358470727	0.0003715454754083887
5194	0.38608189506292306	0.35247997771289663	-0.255556380330165
5195	0.4335678045624512	0.34366743409111467	-0.33920557504017174
5196	0.44589914960719723	0.3222481295264677	-0.5425189037427415
5197	0.3988833290092687	0.3195528106070834	-0.5681030332256151
5198	0.4181942067070273	0.27266960703265475	-1.0131212246514023
5199	0.48511530321450147	0.3082590359148645	-0.6753042226648724
5200	0.4169695767396759	0.43181655600434343	0.49751119810696603
5201	0.25607401377198175	0.3540410890234872	-0.2407382177668825
5202	0.30699336353728607	0.27107744006939544	-1.0282341693398496
5203	0.5887697306644875	0.32156418716703217	-0.5490109258024605
5204	0.7078077492664364	0.4017522129021093	0.2121386430399751
5205	0.5496357996107778	0.3722638544122938	-0.06776663140271444
5206	0.4919227039200327	0.32771056876502364	-0.49066910156665283
5207	0.35720331783467224	0.35475772615887224	-0.23393585492511715
5208	0.19459270008202048	0.4231611970039465	0.4153540092881025
5209	0.22304526720202322	0.30770165617750245	-0.6805949046948334
5210	0.314393508425674	0.22708488378119376	-1.4458141626628898
5211	0.3582918475423352	0.2661211079643335	-1.0752799721292998
5212	0.3544553375550623	0.2770150176797981	-0.9718743251274794
5213	0.29524224698195717	0.3252389051376068	-0.5141302815506479
5214	0.2809534290282663	0.3556959438010542	-0.22503023657024643
5215	0.27784750306974504	0.27266622825584885	-1.0131532962042988
5216	0.5482616554944724	0.3348038931972904	-0.42333883892723195
5217	0.6397277022411885	0.5353687608486583	1.480434961940893
5218	0.5761810922546445	0.48684360972406887	1.0198313054982255
5219	0.5397474605242257	0.4668177621835346	0.8297447547762975
5220	0.5009069926523793	0.41326424426704467	0.32141153795910005
5221	0.2957177688461598	0.35422129817988623	-0.23902766160295152
5222	0.4935782641229621	0.30677728688405614	-0.6893690736896197
5223	0.6625040443207547	0.36463702593111236	-0.1401609465996665
5224	0.6491361787618366	0.33357432059290004	-0.4350100161274809
5225	0.5317112552171085	0.39268444203949876	0.12606681599137823
5226	0.566807421829199	0.3829941100814639	0.034085601537162266
5227	0.5705700094974197	0.37681951948704506	-0.024523984191353727
5228	0.4717865292873661	0.4917182013240713	1.0661012224916027
5229	0.426811960723268	0.4497612502095997	0.667843316052668
5230	0.39304562269756305	0.4355630844703872	0.5330734719058796
5231	0.5505046253838926	0.45788623585977883	0.744966169094548
5232	0.4498438623143555	0.5986030405242807	2.0806585523080505
5233	0.46339998480617495	0.5499135908724322	1.6184953643513154
