ID	SN	ssim	z_ssim
494	0.8707045259678509	0.4061489620974734	-0.16077726323532893
495	0.968176146806097	0.4064364593243768	-0.15886312639771502
496	0.8057808852692623	0.2488901498807127	-1.2077956597108521
497	0.9038884050992567	0.2933353662731831	-0.9118824543248824
498	0.9474700076773783	0.39459321034919664	-0.2377146665833395
499	0.9780868841596961	0.42953843588703505	-0.005051749374789735
500	0.8779797011989848	0.5132274288144089	0.5521438312244852
501	0.5763223250509983	0.5712102050147976	0.9381891822274588
502	0.41909350641714527	0.4316655179503909	0.009110217256860153
503	0.662246405956847	0.1360781376631527	-1.9588903072553028
504	0.9639876970254565	0.4646534016864178	0.22874128686463827
505	1.4910135739874664	0.40244550968067183	-0.18543459566842818
506	1.7116937799479732	0.2532518045562211	-1.1787560617388408
507	1.778340391901487	0.40944305478620213	-0.13884541982269702
508	1.889415037747488	0.3268663019186639	-0.6886357823134965
509	1.9884022001422283	0.27524705932161203	-1.032313162610319
510	1.341109052036099	0.4990044978442101	0.45744853137017005
511	1.1314139249523256	0.5253659722136331	0.6329614214520284
512	0.9682885029148386	0.5234477017386365	0.6201897080680504
513	0.7248347652307692	0.6551547028705345	1.4970858971327563
514	0.7978370396762412	0.7256475551364542	1.9664224773983856
515	0.8842980029946764	0.69494832002169	1.7620290734943744
516	0.9830476261330529	0.6619910753556665	1.5426019967153108
517	1.2749047401883382	0.6790794214239082	1.6563750339561603
518	1.2305575979702488	0.5294130597847695	0.6599066531970484
519	1.2058504950785442	0.560558058793911	0.8672679225663942
520	0.9307491261270256	0.5220098455175275	0.6106165598688077
521	0.9060195922125227	0.3141376568647583	-0.773382228924556
522	1.1691110222045216	0.3066599382991436	-0.8231683667663798
523	1.1257368018468024	0.3624183097390913	-0.4519329502437664
524	1.1978300456778748	0.448007271960644	0.11791249573158633
525	1.1866535725207452	0.3974637283758353	-0.21860295424786386
526	1.221711248883748	0.2721641796749741	-1.0528387640608803
527	1.092540942701045	0.25753482637813424	-1.1502399959181984
528	1.104738476965717	0.2727900316898816	-1.0486718842285678
529	1.1861115090447922	0.5068830377674791	0.5099033103472579
530	1.1000669694699619	0.6243764014843852	1.2921660754114288
531	1.055254807600869	0.6572721643227772	1.5111838103948132
532	1.1915330921859364	0.5453043249191319	0.7657096076032769
533	1.1763761288267505	0.5368678358358348	0.7095400413490073
534	1.2867861795928597	0.5035559858370116	0.4877520265614729
535	1.1123340874991063	0.40643740440887005	-0.1588568340899153
536	1.1711173231040584	0.27842825776718705	-1.0111329613331699
537	1.387910089584256	0.16921137854165433	-1.7382914597526973
538	1.421773258485965	0.24989743130568548	-1.2010892490016012
539	1.5287324884578606	0.433284315795462	0.01988806239044919
540	1.613895493010575	0.6118895877761585	1.209029725329785
541	1.6880836833955004	0.523510035653987	0.6206047230053777
542	1.8053516855948948	0.5026371502525523	0.4816344821981138
543	1.7624461275251526	0.45259531263242775	0.14845935615498917
544	1.3978276215822032	0.40213560500802964	-0.18749791974442878
545	1.121783671380106	0.5153222885050939	0.5660912635067472
546	1.1114715051223822	0.5594959939995088	0.8601967679372002
547	1.0012745857280627	0.7156116703639055	1.899604244234552
548	0.8851142996772109	0.7395115952530638	2.058728306540454
549	1.057643371227329	0.7253947062189814	1.9647390266308824
550	1.1279628383643758	0.5227146459469392	0.6153090728353988
551	1.027145361292417	0.609093534397064	1.1904137935153931
552	1.017898755983705	0.6385394922802257	1.386462963485073
553	1.1363301569597062	0.5935694215435179	1.0870553138378225
554	1.2143946274679456	0.5834970358466753	1.019994060021058
555	1.2463284728995832	0.5212660265715483	0.6056642642924315
556	1.2339881070236873	0.4192276148330272	-0.07370048946213724
557	1.2172515683459826	0.5089640786270041	0.5237587377985131
558	1.2984421137898132	0.5804527049998298	0.999725113838178
559	1.086699734256166	0.5824102931006571	1.0127586012809202
560	0.8653900098306977	0.47278743613868934	0.28289713090951873
561	0.639291789647689	0.5154936222006378	0.5672319915120136
562	0.6672468701126281	0.4324879292318405	0.014585775217706657
563	0.893473646640367	0.10606862123181982	-2.1586916114240697
564	0.9152627757441838	0.2133911439214	-1.4441456090209313
565	1.4490708116492006	0.46052444492830286	0.20125097568233427
566	1.8422183222983295	0.6475385198380238	1.4463778723578273
567	2.247779052793911	0.6085902930915462	1.1870632473849971
568	2.1810328408216306	0.5712221419112434	0.9382686572660875
569	1.7294456483513159	0.5252875733857889	0.6324394474280743
570	1.3206726361315433	0.5936473419175244	1.0875741023489087
571	0.967704857469247	0.593557442290805	1.08697555679407
572	0.8232582859477326	0.4856916866861982	0.3688127468646234
573	0.8813729903082437	0.3654994384483757	-0.431419006414132
574	1.1267759164396847	0.3923843476700502	-0.2524211229513728
575	1.199187052054395	0.4656012487220518	0.2350519874820744
576	1.3313833579374654	0.5816038691698988	1.0073894860055348
577	1.412562678089256	0.7252825245604223	1.9639921288348048
578	1.2851479790675837	0.7131520218093998	1.8832280726920496
579	1.2519201225903518	0.7142674093906085	1.890654246782161
580	1.3053837831771369	0.656905527989394	1.508742770808812
581	1.088157133006285	0.4749793796861149	0.2974909408578416
582	1.2338753868579937	0.5168785318870559	0.5764526253111438
583	1.2612271237299093	0.557215806441821	0.8450154354149695
584	1.2992161696046725	0.6072794007542842	1.1783354160249315
585	1.1209602397892542	0.6702980540953072	1.5979092919754736
586	1.1256666481460007	0.6664834878634697	1.5725121713753059
587	1.197587543700847	0.6268617337656963	1.3087132474471708
588	1.4211025337732195	0.6403561816595157	1.398558356894102
589	1.1270153603166464	0.6235709736886254	1.286803592334608
590	1.0196527111071174	0.4967778223335655	0.4426234783905448
591	0.7585524271743432	0.46529514565822355	0.23301397425707362
592	0.7936102766300922	0.3847812810199111	-0.30304181975119726
593	0.8499968887981875	0.26586427422031633	-1.0947831029128823
594	0.8174625240619546	0.25424646082162705	-1.1721337084769186
595	0.7463954036183625	0.23142701677706584	-1.3240640033532838
596	0.5918491075344726	0.2020481742218027	-1.5196663240685107
597	0.7210272723851259	0.1883269417219206	-1.611021349883485
598	0.827441330414724	0.26727632987728256	-1.0853817331018658
599	0.8805271380853733	0.27193681253952207	-1.054352558869683
600	0.8988546308680345	0.4894528910842175	0.3938545880315449
601	1.1826809464350596	0.4723418975583815	0.2799307655698207
602	1.2475199182953138	0.5105943936400689	0.5346132634474554
603	1.2427130802417623	0.5773593392969929	0.9791296969439411
604	1.116820961805731	0.5600755279741509	0.8640552654311058
605	0.941052458134125	0.4298048515507415	-0.0032779721404469185
606	1.0929824457391522	0.530929116354647	0.6700004539601587
607	1.2970200750894207	0.41400718196699426	-0.10845777378378073
608	1.4023030224301956	0.3627643126383945	-0.449629286648082
609	1.4984437095588683	0.278208693507088	-1.0125948051325202
610	1.2705836527631762	0.0607017366959145	-2.4607412201569736
611	0.9306166503530393	0.2831514933974902	-0.9796859821394089
612	1.081236658894887	0.5493381807782343	0.7925667435162019
613	1.4336902425695834	0.5673071966220511	0.9122032197799542
614	1.6558220651070275	0.6042783208245975	1.1583544314849725
615	1.707862304863728	0.6184258083652453	1.2525474341546678
616	1.4592822709413604	0.5931598134531167	1.084328171237991
617	1.1564034387588447	0.5822764919271741	1.0118677622358334
618	1.084888671931869	0.4680588503210277	0.2514145305349157
619	0.9873105467462742	0.5408240969305187	0.7358805566371737
620	1.2598208634259698	0.6443938129547216	1.4254406294019148
621	1.29311557368673	0.5659274202015587	0.90301676291363
622	1.641633912967949	0.621099236458062	1.2703469352152208
623	1.7151549396266086	0.6127993951107044	1.2150871602238298
624	1.4967148497738365	0.4461700661233308	0.10568050515081244
625	1.2555539532831383	0.3108836709307198	-0.7950470443125474
626	1.2021178163775312	0.49555199911703984	0.4344620314074653
627	1.2442942204918341	0.5444158716157641	0.7597943463856519
628	1.301620008575129	0.5062415086252481	0.5056320532754112
629	1.5048580130949218	0.5312586676623923	0.6721945839865018
630	1.3774504480815188	0.5411632027125014	0.7381382996983239
631	1.617325928637839	0.5717833232143908	0.9420049639306932
632	1.6442162208401123	0.5448610939876918	0.7627586064316213
633	1.306487315534425	0.6120113224277295	1.2098402262987713
634	1.5844626608443146	0.5670427798082625	0.9104427507514044
635	1.3122793562670887	0.4332159355393632	0.019432791330710714
636	1.12538077194311	0.5993393417141435	1.125471046982959
637	1.277764386169584	0.6617362181699454	1.540905175035416
638	1.502335328487955	0.527133816181917	0.644731605461432
639	1.3464621587380696	0.6196895123119932	1.2609610884440061
640	1.0915959572786629	0.581447211248249	1.0063464682972816
641	1.0656222584874873	0.643922318179452	1.4223014494946613
642	1.2745926046546612	0.5877992124800191	1.048637657263731
643	1.233193175789019	0.510072537045704	0.5311387779994224
644	1.1052640422681632	0.4086816642757475	-0.14391470567135958
645	1.0220002576730867	0.2580387370214271	-1.146884993382759
646	0.8674467833175824	0.15833556564055704	-1.8107018768451204
647	0.6716011749813353	0.1999211008966315	-1.5338282325219261
648	0.6077893323042742	0.3701617901342676	-0.4003773883505357
649	0.7428825550617227	0.30894514784924637	-0.8079535981627535
650	0.9450162452645773	0.23508412051009947	-1.2997152572809323
651	1.2224909561236907	0.34094409089634636	-0.5949068279003275
652	1.4243425248488142	0.21592675839891318	-1.4272636615681764
653	1.277379263789552	0.18472427805340907	-1.6350076377364435
654	1.050374317232118	0.18660872868636635	-1.6224610945434517
655	0.5950530853792892	0.2801796250580375	-0.9994724779131477
656	0.5344079097274415	0.29978236402060104	-0.8689587850663437
657	0.7003666400096041	0.21996245232511633	-1.4003942879304372
658	0.6687114739541853	0.21762292861261578	-1.4159706765057396
659	0.8443218184989	0.22767133874157913	-1.3490690503771259
660	0.9113617277896543	0.331211121459682	-0.6597082715133898
661	1.1327434334082684	0.46000168002970737	0.19777044280697026
662	1.1143162929570531	0.627647802342868	1.3139468381731114
663	1.0926837528432016	0.6981344053084272	1.783241811025138
664	0.9963985195502955	0.6063995683009927	1.1724775518364203
665	0.8398052665312397	0.38132332645224937	-0.326064644326064
666	0.6549417250933735	0.36998347513858687	-0.4015645973737593
667	0.4534702778271799	0.3694361401930016	-0.40520871593845903
668	0.671739692787379	0.2418967094777885	-1.2543575067278834
669	nan	nan	nan
670	nan	nan	nan
671	nan	nan	nan
672	nan	nan	nan
673	nan	nan	nan
674	nan	nan	nan
675	nan	nan	nan
676	nan	nan	nan
677	nan	nan	nan
678	nan	nan	nan
679	nan	nan	nan
680	nan	nan	nan
681	nan	nan	nan
682	nan	nan	nan
683	1.0097008574840536	0.42939860912109334	-0.0059827064015975625
684	0.7469522987163624	0.49346766931797587	0.4205847064221153
685	0.6245104197521638	0.615342509198212	1.2320190395660595
686	0.6914418393163206	0.20382853311787666	-1.507812816527395
687	0.7306006496779506	0.5342252232120474	0.6919457075697969
688	0.8309524964551318	0.4413095149734058	0.07331928863617222
689	0.7973834251263332	0.4818484758391328	0.3432249123789774
690	1.248687841407161	0.2805204403713703	-0.9972033529094045
691	1.2273394764564145	0.4269005260226497	-0.022614772504130968
692	1.2137949653014197	0.45974159427101907	0.19603880964651757
693	1.0394622045351247	0.4953381288525244	0.433038097840562
694	0.9132949702610457	0.40515281633976796	-0.16740953343492224
695	1.045741687886433	0.4751659205612626	0.2987329172229248
696	1.1394043494431267	0.49733673158197866	0.4463446578704095
697	1.2520710796617283	0.5516560434307837	0.8079989142385504
698	1.3103320914713712	0.492566220201986	0.41458291997451674
699	1.1412529767474096	0.45596601142469484	0.17090123775598307
700	1.1113851058582147	0.4891209461929596	0.39164452169018105
701	1.0977637310863322	0.38384881250216196	-0.3092501312502813
702	1.2141843499294265	0.47439071243434905	0.29357163463065217
703	1.2602790768637122	0.4207387590494795	-0.063639394811541
704	1.2352170069751183	0.3718506417000392	-0.38913313034455493
705	1.2838389821093117	0.38760996525105335	-0.2842086339597145
706	0.9443370726607231	0.6017499202560895	1.1415205137440823
707	1.123962974794905	0.42476062703259904	-0.03686207335550839
708	1.258488108873023	0.31633091874449526	-0.7587796416100352
709	1.1695483444138868	0.36231697584604194	-0.4526076243603615
710	nan	nan	nan
711	nan	nan	nan
712	nan	nan	nan
713	nan	nan	nan
714	nan	nan	nan
715	0.776424722255602	0.5037911402443762	0.48931766849309144
716	0.9056093300848425	0.48870728546108033	0.3888903968810726
717	0.8049463530733011	0.5307177428808131	0.6685931438545347
718	0.8954464074883385	0.5940009499251727	1.089928400234858
719	1.2224315088821527	0.5366244935170768	0.7079198848643617
720	1.2506311309056846	0.40280010509970476	-0.1830737236651367
721	1.542356398387264	0.15692613798278476	-1.8200857496175724
722	1.4219025702458525	0.06858379905844338	-2.408262989020649
723	1.023995553443061	0.16018233274063287	-1.798406228032004
724	0.6372609252698435	0.24159290898478622	-1.2563801895940954
725	0.6735100460212761	0.2855265628758197	-0.9638729322907883
726	0.7124319098930417	0.31211122032308425	-0.7868741045690093
727	0.9086200807580254	0.39221113469683083	-0.2535743630586358
728	0.9930110034220239	0.49089076738810683	0.4034278699405626
729	1.0700906016577896	0.500035300485433	0.4643115447255572
730	1.3827690265915509	0.5339406638846119	0.6900511310655376
731	1.3675583165769427	0.5152286308242113	0.5654676970847899
732	1.407392204165784	0.46953318632770036	0.26123055864687184
733	1.4433398276941112	0.463903136252017	0.22374607101006005
734	1.5913325640735245	0.4596524738449384	0.19544545195614166
735	1.8104761195144123	0.4987053900746015	0.4554570923347711
736	1.8227628069888056	0.40560519133094425	-0.16439765174008808
737	1.5038918937541315	0.4051386376474151	-0.16750393419709358
738	1.1286186320725304	0.21005913202128887	-1.4663299159447494
739	0.7158827353090302	0.11568598655778538	-2.094659852058927
740	0.6249665501116296	0.08699550285348273	-2.2856791267103254
741	0.6959938148597411	0.13919783313440953	-1.9381195885670233
742	0.8353385247141714	0.3260720161299525	-0.693924082670831
743	0.8854474223021471	0.3378937882786749	-0.6152155337241851
744	0.7863308122275353	0.19732505773602613	-1.5511125100061776
745	1.1507125203402762	0.4432248409096463	0.08607139748286978
746	1.4174366415469046	0.5484407544948631	0.7865917408125369
747	1.6425892992259612	0.48050155697601515	0.33425721887827714
748	1.5748916605079444	0.3723996736549806	-0.38547771320783986
749	1.4135370331036312	0.4101837528749814	-0.13391390269971906
750	1.3234881736467319	0.5270665813718437	0.644283960702846
751	0.8987707431974982	0.5389014178734934	0.7230794912161219
752	0.8860217504503354	0.3074301123506574	-0.8180406007031875
753	0.9789573349893925	0.18586352801806125	-1.627422589532399
754	0.8531343137166747	0.19071778262746872	-1.5951032949530901
755	0.7822094129600538	0.25009012104930833	-1.1998063338915264
756	0.8229068166939152	0.2123287217366351	-1.4512191431306718
757	0.7351449340473714	0.3280655390718518	-0.6806513435184611
758	0.8454219600740361	0.46358924186026795	0.2216561836576187
759	1.027022648659111	0.58176513195868	1.0084631626036262
760	1.0898807855002106	0.5367384789115963	0.7086787918108737
761	1.232758022680196	0.572053356406168	0.94380282641906
762	1.3703334265024933	0.6676892941934994	1.5805403472996389
763	1.5131162535955605	0.6252273766605999	1.297831809826443
764	1.7738622757909868	0.569150967856908	0.9244789223277179
765	1.6494135116058442	0.416885907584271	-0.08929141587221513
766	1.5825294759053934	0.4850220569151311	0.36435439773142153
767	1.3104686992079975	0.49507796512450075	0.4313059455656172
768	1.2984821271062115	0.5971484556530455	1.1108842777061472
769	1.2459208353568492	0.6141981894266979	1.224400236935308
770	1.047715010394596	0.39612101840411407	-0.22754262523803717
771	0.788895726094209	0.3685665985448662	-0.41099806465135985
772	0.7501132307306477	0.1987673670608854	-1.5415097133472893
773	0.6047942152338652	0.15382653347221287	-1.84072270406623
774	0.5377574304831954	0.17740676066204678	-1.6837271671369676
775	0.6057102011268652	0.16777611327476935	-1.7478473575562465
776	0.7994302900122312	0.052371179404479384	-2.5162054997993977
777	0.9732817902555289	0.18507665366508055	-1.632661545058465
778	0.859245953122118	0.3293641227398868	-0.6720054624347277
779	1.1126100199736668	0.37843806766503374	-0.3452744996354344
780	1.4154994222169717	0.3210407256178225	-0.7274220701600908
781	1.2034008542199006	0.41127693655049385	-0.12663556069233678
782	1.0394037880931668	0.3514599728667073	-0.5248928062825314
783	0.7863914322702656	0.24500602654572612	-1.2336558867377823
784	0.9336936581413755	0.294969504065077	-0.9010024768764296
785	1.4669809074184954	0.1697329907852217	-1.7348186011755315
786	1.4928293527763596	0.3644960656668239	-0.43809939364330347
787	1.233923916851072	0.41676518184626404	-0.09009519956382259
788	1.6306659606772798	0.4281276353152831	-0.014444762914447287
789	1.6358425652466633	0.45873954653183746	0.18936724445865566
790	1.7075541033671469	0.44557900930042804	0.10174528932272525
791	1.318392835680437	0.5364533980644047	0.706780743063812
792	1.150170677116788	0.569159113290165	0.9245331540642235
793	0.8414867879225609	0.7172934252014179	1.9108012527100462
794	1.0491784245850753	0.5160050483024795	0.5706370314555176
795	1.47904671891241	0.48705861611201456	0.3779136693206617
796	1.6950410736823291	0.5602905357081661	0.8654867721919994
797	1.594147235408202	0.5514908022278117	0.8068987496313742
798	1.3358781925421792	0.49604472756534446	0.43774258365486923
799	1.0809380888501787	0.3809343445354658	-0.3286544592752404
800	1.0663434204004836	0.09474554152620716	-2.2340799002545477
801	1.0787886248003582	0.24720458056412536	-1.2190180647266617
802	1.0374728987867103	0.2537952829783531	-1.175137619643047
803	1.0359357568900796	0.28916646849815153	-0.9396386900610867
804	1.1858622852199148	0.5539911841302706	0.8235461210135291
805	1.2604905571979999	0.5304785030042748	0.6670003011490916
806	1.5625682926763915	0.45000270722639896	0.13119796700515607
807	1.61711576434214	0.3360116916482487	-0.6277464041296199
808	1.5087480208323911	0.53545811066368	0.7001541877461823
809	1.3136036927419017	0.6008008922221142	1.1352019501206108
810	1.6749111993131018	0.6204505888302365	1.26602828375404
811	1.7939088479557548	0.5910238636515023	1.0701071638126265
812	1.7634611990432	0.6090893163858192	1.1903857102855402
813	1.3072416817152777	0.5900245355905678	1.0634537060561833
814	0.9998731678607552	0.4478821450603979	0.11707940940335552
815	1.0439323950638428	0.22561481858451532	-1.3627612206715358
816	0.8076172149625414	0.26217337276790964	-1.1193568718850238
817	0.736158560423462	0.22297420212404706	-1.3803422641321432
818	0.8348004638992055	0.14059885341043576	-1.9287916915661687
819	0.7634237069705985	0.456224290631258	0.1726208430161704
820	0.7419750403425505	0.5636958443879373	0.8881590840525503
821	0.9001895709023587	0.22364350824178514	-1.3758860698606294
822	1.1345186265202034	0.2839458832297765	-0.9743969890670817
823	1.118540198110115	0.31185986317781744	-0.7885476232193802
824	1.3284211256027738	0.3389041991694952	-0.60848828724575
825	1.327728816430184	0.3361856422330748	-0.6265882530548199
826	1.237716782327773	0.3612381310331601	-0.4597904992028378
827	1.1479595980314388	0.5360823359282438	0.7043102367861704
828	1.6934955336161146	0.35738404444063177	-0.4854507436565776
829	2.1624961515669696	0.30515343261597977	-0.8331985783801704
830	2.2111025639820157	0.4488702984161819	0.12365846673858959
831	2.064066635035539	0.438861561703746	0.05702098349882079
832	1.401163439335147	0.6362453112146971	1.3711884631464633
833	1.7647659273543062	0.6120489646859835	1.2100908458750053
834	1.7485640944603313	0.6041687474449455	1.1576248994311407
835	1.8624643165983417	0.5859615677961272	1.0364027448725055
836	1.3931758015605646	0.6162047395955227	1.2377597104719311
837	1.0510045165814863	0.7072674629876127	1.8440490832624394
838	1.0744439302711408	0.5005090139013497	0.4674654961902193
839	1.1840528869800868	0.5403712578353969	0.7328655849700701
840	1.3966094211701126	0.5608897831642482	0.8694765206945779
841	1.2625365439129421	0.5144604223740493	0.5603530178607162
842	1.137800060577505	0.5044063676220729	0.49341381021884706
843	1.270467923401177	0.48857445189029575	0.38800600006845204
844	1.1584993490566842	0.5693843689402973	0.9260328907484452
845	1.8082472688216384	0.5505301463196075	0.8005027684180209
846	1.9742198629074543	0.555385344040582	0.8328283421695222
847	1.8682217103807244	0.5281407756750066	0.6514358727702634
848	1.911908292859804	0.4991246318722388	0.458248375497286
849	1.8596626647295686	0.3045041820961245	-0.8375212438551759
850	1.7856268354242508	0.3065579467570347	-0.8238474194653521
851	1.4082821324966517	0.3417652973614642	-0.5894392915240646
852	0.9625300778531445	0.2929717804594461	-0.9143031837600978
853	1.1918162679558515	0.3141704722407482	-0.773163746399702
854	1.3145397143743087	0.40360808018932254	-0.17769428088034878
855	1.335540488164889	0.23802384355792716	-1.2801427826562597
856	1.5206028356853256	0.2503542877017535	-1.1980475304200606
857	1.744435972494274	0.2948558734779458	-0.9017590215396609
858	1.7167809962566027	0.30087990980158186	-0.8616514004596417
859	1.5089703042482854	0.34524136602669037	-0.5662958645287792
860	1.2889131987162525	0.32016303889917097	-0.7332656481943933
861	0.8093441633192978	0.20787297063553786	-1.4808852286568326
862	0.8075072300920092	0.06331200929714789	-2.443362204032012
863	0.9603054610557271	0.17737174917782336	-1.6839602711999642
864	1.0951835961865737	0.2656416341677321	-1.0962654251278476
865	1.152063949580076	0.3490529457285603	-0.5409186280405005
866	1.1951434589229093	0.323464139818882	-0.7112871444600802
867	1.2738981335440271	0.30940924246495044	-0.8048636880108339
868	1.053768911141935	0.1435768530373499	-1.908964374100623
869	0.9286668614091903	0.2275603120448265	-1.3498082585166333
870	1.0063423517342769	0.38711254944958196	-0.2875203942833287
871	1.2405250340723137	0.5328396779920104	0.6827208424313788
872	1.1894850614759744	0.4643117015044845	0.22646627046638348
873	0.9894570881613268	0.39328960878539754	-0.24639395647324785
874	1.0693602646805531	0.4696202272151684	0.2618100709116533
875	1.0877796256799268	0.4599327082250063	0.19731123325717037
876	0.8099327855653555	0.29217789155114077	-0.9195888417148828
877	0.718225241767835	0.24851448352338693	-1.2102968205775315
878	0.7161829352133199	0.16130968243848756	-1.7909004109888993
879	0.6785576612149441	0.07785606204375305	-2.3465288973934224
880	0.5372175252179693	0.07369132868313678	-2.374257406743793
881	0.5564889931169348	0.20929014940557786	-1.4714497495100032
882	0.5821502222103411	0.3741759563463791	-0.3736513447581545
883	0.8119592704528312	0.4674918115335966	0.24763922514130007
884	0.8990286289882866	0.3482657091464759	-0.5461599952631193
885	1.0690881146382636	0.3050190459547592	-0.8340933155624971
886	0.9738232129973332	0.2967817583590463	-0.8889366119615769
887	1.1598604399611632	0.2988519218956942	-0.8751536049807307
888	1.3155847310101576	0.3670004228977166	-0.42142555479682325
889	1.1057435078551539	0.4643701900309243	0.22685568306782683
890	1.067557848382357	0.5832364797043592	1.0182592950786418
891	0.9534059442084286	0.42140063881623796	-0.059232644676001166
892	0.9244833102987907	0.6000058736873012	1.129908771189939
893	0.8337993365267724	0.6449929553670506	1.4294296785303824
894	0.6226725687838354	0.5000773173032735	0.46459128981977665
895	0.6749504180241312	0.46881478129458615	0.25644746716100714
896	0.873048402891283	0.44200008879160224	0.07791708180008967
897	0.9074095924294369	0.506796393756204	0.5093264404569751
898	0.927741078289251	0.45369977159446945	0.1558127682475083
899	1.0069720802026572	0.5944248138171201	1.0927504569845865
900	1.0314917332782108	0.42801735320300005	-0.01517901366157463
901	0.7884220451381878	0.4626299869215125	0.2152695300028616
902	0.8379703394863346	0.6114065714110055	1.2058138354665393
903	0.9865419711941137	0.3922036675013192	-0.2536240791347053
904	1.0521074242927588	0.27192534655322453	-1.0544288986208106
905	1.0026974537792142	0.47201929958920363	0.27778293039522123
906	0.801665043270433	0.4458160930759692	0.10332377685546404
907	0.9309712122461655	0.5713883244752656	0.939375089390634
908	1.165972979620541	0.5452122347190301	0.765096477360955
909	1.055202699489456	0.6418144501270824	1.408267408431627
910	0.7649242422972027	0.5105193472622556	0.5341136098060997
911	0.7487712337424896	0.17558614086529117	-1.6958487289961728
912	0.6112355025909367	0.24432209552441755	-1.2382094526151801
913	0.7164406127166483	0.2184957364173739	-1.4101595819458395
914	0.8494630765758976	0.12370305250636107	-2.041282776297054
915	0.7059324764975919	0.1161379632359798	-2.091650622304634
916	0.7136489296671585	0.3010813985769746	-0.8603099019989467
917	0.8078572332014079	0.35002796595314534	-0.5344270101929164
918	0.8197714708446785	0.3110946012303599	-0.7936426848303397
919	0.6063764292017588	0.33670094334109496	-0.6231574135856927
920	0.5930360608538194	0.4077333641327292	-0.15022842304671366
921	0.7719921674739371	0.30968507595400885	-0.8030272075406004
922	0.8917354815991975	0.39260507272989115	-0.2509515506268783
923	1.1549109317268471	0.5504640787484215	0.8000628950559683
924	1.5088872223740972	0.6211130794747773	1.270439101071998
925	1.4259758605480402	0.5803803966791559	0.9992436899936463
926	1.161476532585179	0.5406464348486979	0.7346976946696923
927	1.1509084569815413	0.5661321607076122	0.9043799111742579
928	1.2401424905766998	0.5345168195682437	0.6938871361293741
929	1.0409092774903608	0.5175986498079769	0.5812471210866601
930	1.181533395110229	0.5346877691161345	0.6950253065058876
931	1.4420863147061376	0.569186311089892	0.924714235151232
932	1.2229597619188906	0.4915389022837551	0.40774310766603955
933	0.6758803144251221	0.3651991771286889	-0.4334181257069114
934	0.7720470819979761	0.5200955184932359	0.597871101709421
935	0.9522231104879958	0.39037217406433533	-0.26581803694549627
936	1.2384037204606404	0.2538871483414356	-1.1745259863501938
937	1.244182195974675	0.3084605878949639	-0.8111797651366576
938	1.266422539140936	0.3124048249549459	-0.7849193050476581
939	0.9733014360662098	0.34946097167001994	-0.5382020192799142
940	1.0769522678178651	0.20964814065181903	-1.469066268321839
941	0.9886687617766412	0.2397546222690499	-1.2686193765893496
942	0.9061126089309252	0.24565926941500285	-1.2293066404738817
943	1.0172469007149951	0.1614256288843437	-1.790128447496958
944	0.6005228058443666	0.36585660057477265	-0.4290410454490797
945	0.6676177175708666	0.5777437728788377	0.9816892293907441
946	0.7393278309619339	0.4330373757500073	0.018243952487970592
947	0.7865258483866043	0.38252981892768445	-0.31803190009263665
948	0.7481390029778189	0.3974178453380668	-0.21890844036945317
949	0.7417123160492197	0.44829052987861323	0.11979840754079137
950	0.9306924990019297	0.4675872420067398	0.2482745946926583
951	1.4609545766767378	0.40809992237832776	-0.1477879033638327
952	1.6159506130528123	0.5196318201269083	0.5947838297586996
953	1.427702624047139	0.5244289516430645	0.6267228026971755
954	1.3405111814711932	0.5805121246337154	1.0001207256891964
955	1.3810886687396406	0.6468414977119474	1.441737146801879
956	1.0514873559213989	0.6307023892200848	1.3342840683034676
957	0.7401125165150599	0.6091143817502761	1.1905525937646328
958	0.7043379462311106	0.4836453606070421	0.3551884480424317
959	0.9260326508170575	0.4969092783405492	0.4434987034777689
960	1.1205837079848875	0.4228035604180164	-0.04989208877856572
961	1.0020568950213953	0.3168915360312608	-0.7550470901278541
962	1.0655384407298347	0.32129067471507833	-0.7257579261968984
963	1.0403040494691225	0.35162667017069066	-0.5237829470545929
964	0.9515003268550047	0.33425946467628653	-0.6394126112475791
965	1.0660058464076296	0.5404790286418542	0.7335831156150826
966	1.0005374533542095	0.5727498446207467	0.948439997228841
967	0.8918537641959335	0.5159401515148	0.5702049530898299
968	1.0175278624709678	0.3881802913882939	-0.2804114416163143
969	0.8400835206257488	0.422288511738684	-0.05332124759478635
970	0.8877844856448379	0.5658628191021485	0.902586653220179
971	0.8102465479445491	0.5008996318028791	0.47006620341373695
972	0.7126232701089046	0.4675730829817347	0.24818032487434105
973	0.873238211791112	0.3715042864887287	-0.39143913960944365
974	0.7037588065827325	0.43868866386538075	0.055869841537823595
