ID	SN	ssim	z_ssim
5057	0.2836614405368416	0.1017419590332783	-2.050756602883015
5058	0.2916876270990104	0.1351651490194608	-1.671682802305029
5059	0.29326923946142	0.059840135399299714	-2.5259920170564465
5060	0.5252310483725114	0.17560293199136823	-1.2130520107963239
5061	0.5540559151931972	0.24288432291876094	-0.4499706718348469
5062	0.47819948018935193	0.16009214705187583	-1.3889697553141844
5063	0.5006111931147814	0.1742819506596506	-1.2280341059857354
5064	0.9243647124507791	0.2301524711579119	-0.5943707556501804
5065	1.1805972762257668	0.14341484642458507	-1.5781177012398213
5066	0.9416154340173354	0.2369856566112279	-0.5168712237110222
5067	0.29349727254648605	0.2915247243926711	0.10169126875121831
5068	0.2777399955377581	0.22518223014049404	-0.6507414417827753
5069	0.2906453649553064	0.24875621075769788	-0.38337383171893685
5070	0.26199156499681303	0.31005066206592896	0.31180579121230034
5071	0.7174668070168054	0.33292485304427677	0.5712366388630981
5072	0.8828737368209005	0.2466570172193996	-0.40718212988079555
5073	0.7430534431618001	0.22925258679662883	-0.6045769204433462
5074	0.33663823463879	0.40547511099326106	1.3940755726992844
5075	0.29799691352378876	0.44819941734195257	1.8786392900270474
5076	0.5188231867049907	0.4503811212448265	1.9033833910700702
5077	0.5061570843766445	0.4389364795541105	1.7735823809406812
5078	0.6243321700829436	0.41472471568065344	1.4989812625554386
5079	0.8119467675307986	0.38032505260035326	1.1088326553206866
5080	0.7361836653982059	0.33420349369049424	0.5857385212248812
5081	0.302511290792914	0.35878920342558485	0.8645807990876732
5082	0.4522494660343468	0.4429201088381087	1.818763271615785
5083	0.5347706972855619	0.31764082222959367	0.3978906580794511
5084	0.4499263306935811	0.36001214891463595	0.8784510070069639
5085	0.3836774829413691	0.36669782896946135	0.9542775857649709
5086	0.2827921108518805	0.19143853541021305	-1.0334502919026785
5087	0.428303608382032	0.3271671002960478	0.5059342778986953
5088	0.5626204611206499	0.2333968967784954	-0.5575736470798847
5089	0.43555209420161	0.320095943735755	0.42573576324763157
5090	nan	nan	nan
5091	nan	nan	nan
5092	nan	nan	nan
5093	nan	nan	nan
5094	0.38755513761144234	0.2816006888248997	-0.010863573599300435
5095	0.47843842145104376	0.38131615046348666	1.120073330848008
5096	0.49549675897703527	0.40111596808961836	1.3446357415990953
5097	0.6013266675746042	0.20193797263885868	-0.9143694508507594
5098	0.39937114234567456	0.3408300415078458	0.6608944434116527
5099	0.41298195145873356	0.5411843407564415	2.9332408504931555
5100	0.42291920625238044	0.5012597612245628	2.480430627833858
5101	0.6675432433390037	0.2789437717764591	-0.04099737123469022
5102	0.5011276177303531	0.3608420839918542	0.8878638321766787
5103	0.4796647842568579	0.377917756796736	1.0815299720708267
5104	0.47819227130893693	0.32655962172373076	0.4990444744037834
5105	0.6206797455238942	0.16774698712642558	-1.3021513121591217
5106	0.5926358451959739	0.29151969572688036	0.1016342354323187
5107	0.32670814239201895	0.3700218971801591	0.9919779719498498
5108	0.36355979010146355	0.4234919969476356	1.5984166136390743
5109	0.4669513900992483	0.2339465198685194	-0.5513400196581173
5110	0.4671116030640867	0.1603154406634487	-1.386437239476567
5111	0.5173419989335315	0.31438404201697046	0.36095342816942033
5112	0.36938171472067655	0.23013830911886887	-0.5945313764038006
5113	nan	nan	nan
5114	nan	nan	nan
5115	0.35278472117824716	0.21194306641220823	-0.8008952754841746
5116	0.7844282997115793	0.26845766456258713	-0.15992702805302514
5117	0.8167661615033786	0.38171568583486265	1.1246047173420992
5118	nan	nan	nan
5119	nan	nan	nan
5120	nan	nan	nan
5121	nan	nan	nan
5122	nan	nan	nan
5123	nan	nan	nan
5124	nan	nan	nan
5125	nan	nan	nan
5126	nan	nan	nan
5127	nan	nan	nan
5128	nan	nan	nan
5129	nan	nan	nan
5130	nan	nan	nan
5131	nan	nan	nan
5132	nan	nan	nan
5133	nan	nan	nan
5134	nan	nan	nan
5135	nan	nan	nan
5136	nan	nan	nan
5137	nan	nan	nan
5138	nan	nan	nan
5139	nan	nan	nan
5140	nan	nan	nan
5141	nan	nan	nan
5142	nan	nan	nan
5143	nan	nan	nan
5144	nan	nan	nan
5145	nan	nan	nan
5146	nan	nan	nan
5147	nan	nan	nan
5148	nan	nan	nan
5149	nan	nan	nan
5150	0.33870390727293703	0.4937607700739828	2.3953797671252826
5151	0.4339805487388466	0.5099735775683187	2.579259598986273
5152	0.5067546575337439	0.3554823865054544	0.8270760708361906
5153	0.43938929840305674	0.33823940108955824	0.6315123314798715
5154	0.5062164856006612	0.34284046305592525	0.6836959215862201
5155	0.47342299609873506	0.3150513099911333	0.3685213415575334
5156	0.63692972328961	0.3010228303267538	0.20941537037687225
5157	0.5883184681897177	0.3606695867612626	0.8859074306238477
5158	0.5620725265132748	0.2825504103050394	-9.217412737846405e-05
5159	0.35989739469968973	0.23472216954816877	-0.5425428799445429
5160	0.43590255301338104	0.2564219525712385	-0.29643174496091795
5161	0.4297711125697978	0.30223011144908135	0.22310791868228397
5162	0.5071214234672958	0.18661240215578745	-1.088186559614026
5163	0.4652417846045262	0.25878600449283756	-0.2696195182687703
5164	0.3094433311351906	0.3643407179817475	0.9275440806487264
5165	0.35975172160158253	0.2942940318403506	0.13309975787493086
5166	0.5013563334167417	0.16397991439415138	-1.3448760963065125
5167	0.9161113511468885	0.2416725592482994	-0.46371405958910045
5168	0.9961641694205341	0.27662481808481787	-0.06729811002168848
5169	0.8507774814266952	0.18160127386642186	-1.1450209744804403
5170	0.6203121395746524	0.16247862089889314	-1.3619032272077167
5171	0.878235694786371	0.2344331362498391	-0.5458209916668743
5172	0.9966849305243681	0.2306005095162597	-0.5892892657213663
5173	0.8644305662549138	0.28640949489107126	0.043676175374383175
5174	0.4354096980482833	0.29112729734838877	0.09718379414478932
5175	0.249290538327577	0.23040548195800298	-0.591501198147816
5176	0.27967251885215944	0.20398691149341514	-0.8911311232384125
5177	0.28607341710741163	0.21527471666378264	-0.7631088965184615
5178	0.3237427799234183	0.2356292913976805	-0.5322546301627626
5179	0.3265254356249367	0.20581460027037438	-0.8704021344362637
5180	0.34170470607470915	0.29519829405409426	0.14335557469626325
5181	0.3329447665028954	0.2677072634151476	-0.16843780799460392
5182	0.327264484476225	0.13334660630263706	-1.6923080597823907
5183	0.2979522200891664	0.1940996128047753	-1.0032693091177947
5184	0.2764061551234922	0.2369818863817899	-0.5169139842973905
5185	0.3092162315666343	0.16748878750822294	-1.305079719370412
5186	0.44338545471049423	0.1817277629184523	-1.143586381142566
5187	1.0314141552886624	0.27010015441562363	-0.14129849884145906
5188	1.469779910306208	0.3914943360566108	1.235510651384101
5189	1.3515787964208814	0.4005252792646219	1.3379363613800639
5190	0.8059617414967707	0.3106641182190099	0.31876339027847217
5191	0.6505459765932473	0.2961178266180631	0.15378458233805276
5192	0.5164846959951213	0.33784947070477056	0.6270898812893477
5193	0.33365511905288003	0.3186540120439734	0.4093818925727062
5194	0.3811338247046818	0.33010291419041915	0.5392312232587608
5195	0.44799863572480364	0.2571077368667505	-0.2886538261152335
5196	0.4562675878006117	0.20963943203264532	-0.8270222681429852
5197	0.4156353856474566	0.23330106798531244	-0.5586605027885014
5198	0.4658726131184693	0.22621236503113912	-0.6390580223286103
5199	0.48964458370807457	0.23230745928531893	-0.5699296553244982
5200	0.4399592391309455	0.3780705392974399	1.083262776247435
5201	0.2422124926514957	0.3203239695634731	0.4283219501788841
5202	0.31391745502473783	0.22094190837883587	-0.6988336462231598
5203	0.6821095524640433	0.25319838145229245	-0.3329923292737106
5204	0.8441534218483556	0.28725753734019244	0.05329436784412432
5205	0.626973721425163	0.23868508658002624	-0.497596900184308
5206	0.5460960844532913	0.2811196469813106	-0.016319377188417684
5207	0.46308946354284125	0.34985951179297126	0.7633034480459661
5208	0.2982643909717343	0.4447193158941897	1.8391692309828394
5209	0.33515416552036215	0.2742747175021266	-0.0939521056453738
5210	0.4685701866058182	0.24421942664647772	-0.4348284055089616
5211	0.5560386625528185	0.25099012764905576	-0.3580375497382978
5212	0.48714574112501247	0.2470252590467201	-0.40300566350903766
5213	0.35279951779603347	0.2929359632276552	0.1176970320826609
5214	0.3755296585661973	0.2693710615838902	-0.14956760752957715
5215	0.3682044720845778	0.23215183500123615	-0.571694689986177
5216	0.6994665631703569	0.29316545881711487	0.1202998885230045
5217	0.8232909500527188	0.3980181331863375	1.3095012122248708
5218	0.8769867086467474	0.3726602789557292	1.0219015491863288
5219	0.7353699198956748	0.3515557398950249	0.7825414571515746
5220	0.7306244412214881	0.3001011913238066	0.19896247226174488
5221	0.3245499304318919	0.24019187137259895	-0.48050748896384154
5222	0.5194283394354635	0.1786509292075445	-1.1784827225457195
5223	0.6465049273977286	0.19743670530554985	-0.9654212061188927
5224	0.5271009773397988	0.11833288695115743	-1.8625882651646264
5225	0.4509847367462292	0.17786535072224155	-1.187392471202242
5226	0.4922582165338026	0.21507814923984125	-0.7653382935477125
5227	0.45380938233134066	0.19225827355258024	-1.0241531167008402
5228	0.3887711975894158	0.3222894362178808	0.4506135661169094
5229	0.3843060317539113	0.30142681592710885	0.21399722976757296
5230	0.391521476170925	0.2612964314838241	-0.24114715818165008
5231	0.5473073107602039	0.16936907389991748	-1.2837541873380303
5232	0.47246482880898627	0.29333509964885035	0.12222389382727875
5233	0.4551889061656418	0.27769414356837363	-0.055170204957152386
