ID	SN	ssim	z_ssim
5057	0.31315652055070115	0.15435133413189248	-1.8672571233636013
5058	0.3074635769458225	0.18863846938292134	-1.5409466679390438
5059	0.32298186050611394	0.12809851277588016	-2.117105062835385
5060	0.7483484200845466	0.2515999483437418	-0.9417426596866332
5061	0.8218785660360886	0.30395678804132165	-0.44346293811685933
5062	0.625273215093624	0.25112883310704187	-0.9462262604984094
5063	0.49724595449274744	0.27285023795740737	-0.7395037840567164
5064	1.4550571074078136	0.33056502021644063	-0.1902325560643109
5065	1.8446142779430892	0.18967533139355824	-1.531078858557296
5066	1.4192738752281047	0.24419196935496473	-1.0122443501867415
5067	0.39075922092369564	0.3365640329480321	-0.13313998877306732
5068	0.3110131729922546	0.23679366912079464	-1.0826539280387497
5069	0.3008057161705904	0.23918358864910905	-1.0599090785783705
5070	0.3108451782509418	0.2619464571974538	-0.8432749985247787
5071	1.2498531509092417	0.33106823355759757	-0.1854434777897208
5072	1.5765157039902729	0.30160289063579415	-0.46586496525609994
5073	1.1864488222918095	0.3616000698823603	0.10512782083699732
5074	0.3700510639308259	0.5199382678072113	1.612031477199232
5075	0.39797834788102565	0.5367221382862631	1.7717634693796473
5076	0.762875660200522	0.5747932136325089	2.1340856594308946
5077	0.814313009543503	0.5901314824827163	2.2800598697955614
5078	0.799529435423878	0.5464963474946956	1.8647845583352427
5079	1.2616752664652966	0.4384508194067904	0.8365159316673674
5080	1.1363135683586731	0.4000003585399444	0.4705831319486113
5081	0.4013359568080993	0.4445855699992812	0.8949003153464231
5082	0.615513929974156	0.5388456444718779	1.7919728646951694
5083	0.8517518665112699	0.48044071544632255	1.2361335141680343
5084	0.8171770360927885	0.396540176900094	0.4376526045515347
5085	0.7276507401335055	0.4206243332329325	0.6668613723283336
5086	nan	nan	nan
5087	nan	nan	nan
5088	nan	nan	nan
5089	nan	nan	nan
5090	nan	nan	nan
5091	nan	nan	nan
5092	nan	nan	nan
5093	nan	nan	nan
5094	0.48909751828654946	0.3514752986003775	0.008770434782291829
5095	0.5751173861193941	0.4368570652226509	0.8213481828935539
5096	0.6244281026430353	0.3669293070425977	0.15584613813270515
5097	0.9229678161000505	0.28767535295160257	-0.5984132557854135
5098	0.6025732370185909	0.35381553137784316	0.03104241574026285
5099	0.6874298129453678	0.4775390882837344	1.208518746297686
5100	0.6437291035451403	0.5100723047229081	1.5181371671709758
5101	1.023910926718854	0.33368164163162783	-0.16057168921352466
5102	0.6295334817423752	0.4736490727209806	1.1714974920984824
5103	0.45724086399345254	0.48367487540382936	1.2669129946035789
5104	0.5739448094006953	0.46641588877728457	1.1026593249679628
5105	0.8907660529530042	0.3015519732226437	-0.4663495459640686
5106	1.0895463694052556	0.3467534324691671	-0.03616753616361338
5107	0.6072801298825111	0.4402841850700425	0.8539640614150279
5108	0.682479548633666	0.4873336467871831	1.301733499368866
5109	0.7735724439240176	0.31909673234728253	-0.2993761812207058
5110	0.6980339567488535	0.28302272539029305	-0.6426922836871743
5111	0.7969413594822288	0.34475103559710896	-0.05522433488646389
5112	nan	nan	nan
5113	nan	nan	nan
5114	nan	nan	nan
5115	0.4716445298599333	0.37810782896953554	0.26223206259815135
5116	1.0896531913699006	0.43789484078583113	0.831224686549241
5117	1.197464942298385	0.5180203444092849	1.5937786120104436
5118	nan	nan	nan
5119	nan	nan	nan
5120	nan	nan	nan
5121	nan	nan	nan
5122	nan	nan	nan
5123	nan	nan	nan
5124	nan	nan	nan
5125	nan	nan	nan
5126	nan	nan	nan
5127	nan	nan	nan
5128	nan	nan	nan
5129	nan	nan	nan
5130	nan	nan	nan
5131	nan	nan	nan
5132	nan	nan	nan
5133	nan	nan	nan
5134	nan	nan	nan
5135	nan	nan	nan
5136	nan	nan	nan
5137	nan	nan	nan
5138	nan	nan	nan
5139	nan	nan	nan
5140	nan	nan	nan
5141	nan	nan	nan
5142	nan	nan	nan
5143	nan	nan	nan
5144	nan	nan	nan
5145	nan	nan	nan
5146	nan	nan	nan
5147	nan	nan	nan
5148	nan	nan	nan
5149	nan	nan	nan
5150	0.4281642312527738	0.6059254474103968	2.430370936928423
5151	0.5667542224105638	0.6280137241063719	2.6405849304696596
5152	0.6836021503957552	0.4184849127839156	0.6465005210658363
5153	0.6481189263808281	0.41958811823893827	0.656999720599997
5154	0.9059551044659188	0.4104867629197602	0.570382177972472
5155	0.819383873373208	0.4134195321356786	0.5982933245729375
5156	1.0713836454704828	0.4019468486384845	0.4891078662515434
5157	1.196328643395274	0.4068210043154083	0.5354951758678949
5158	1.0671539616998849	0.277629065743462	-0.6940237093917957
5159	0.5287770792635889	0.24942246290103867	-0.9624657752600602
5160	0.62354114170763	0.32960938144180907	-0.19932736440826648
5161	0.6033540535412633	0.38760491353981963	0.35261575807594564
5162	0.7107600934651053	0.2550864188591617	-0.9085619412223562
5163	0.6868962176032941	0.33578737928016833	-0.1405313969561169
5164	0.49937790238986784	0.38795360764427944	0.35593427772470293
5165	0.5541070690134896	0.3353822484841181	-0.14438702425183
5166	0.7989809166036558	0.23400984996917001	-1.109147517792912
5167	1.397416839929558	0.2881254366326455	-0.5941298121595459
5168	1.7551400144824998	0.31282932185836465	-0.35902308831861135
5169	1.4589420725709552	0.26495142528531845	-0.8146767357037997
5170	0.8310820261470403	0.24499485908593827	-1.0046032535523468
5171	1.370898176240143	0.35225449934175507	0.016186083448315382
5172	1.8223002798282957	0.3297681782032694	-0.19781609660555557
5173	1.6963336834250262	0.31260007050957256	-0.3612048719958813
5174	0.7923579446703027	0.3184308716394919	-0.305713173483772
5175	0.33438050492866156	0.2587807279166678	-0.8734032246306078
5176	0.37959271951731954	0.21449977502021786	-1.2948247811556712
5177	0.37427921945237336	0.19314898466911898	-1.498020121685973
5178	0.42836904332597997	0.18697159136490032	-1.5568103357904224
5179	0.4471996185395116	0.22160888838902165	-1.227167392923752
5180	0.44148885625434586	0.28308680892709837	-0.6420824010613131
5181	0.4761302775748588	0.24252394660107268	-1.0281189124823682
5182	0.5084877444013083	0.12497652085920082	-2.1468170407158604
5183	0.4267938431540124	0.22562335132827172	-1.188961773807399
5184	0.4103037573015867	0.25640512955995726	-0.8960117795888638
5185	0.4607412861697252	0.18872930926009293	-1.5400821453863849
5186	0.6388761574539744	0.13197492886822515	-2.0802132347124678
5187	1.6457538712938868	0.22564982906805953	-1.1887097853205943
5188	2.5632624662942947	0.4067257683325246	0.5345888156041965
5189	2.627537669947161	0.49073914790360124	1.3341436325605533
5190	1.2139349333926066	0.4463935799128518	0.9121071345802236
5191	1.096133355452145	0.3992500808292614	0.46344274358792054
5192	0.9284524260731462	0.4581878588637534	1.0243532148577381
5193	0.5032973430669394	0.46268855519157714	1.0671863141443205
5194	0.5684604248417782	0.45507478949586544	0.9947261528192647
5195	0.6151876635312673	0.35363959538750533	0.029368034001678135
5196	0.7556087664754887	0.31363348791214607	-0.3513698449278994
5197	0.6865635008818995	0.2915801995019173	-0.561250855168757
5198	0.7284795113430736	0.2750810846092347	-0.71827283018406
5199	0.7137656280811369	0.3458538650060565	-0.0447287141804885
5200	0.5831920270500869	0.44839518663801964	0.931156413479976
5201	0.3200712542513217	0.3694574973217616	0.17990690947898308
5202	0.4248962229766955	0.266156217728995	-0.8032107334230648
5203	1.222872561767956	0.3452752415838893	-0.05023546973251568
5204	1.7487607488234642	0.41172885504111656	0.5822031610564081
5205	1.0842576871557572	0.361922819025792	0.10819942245113079
5206	1.0224216074353871	0.40298581732027916	0.49899572480974974
5207	0.7501817927498273	0.5134587177383986	1.550365639023467
5208	0.4128447834329399	0.5456081938096254	1.8563320051738195
5209	0.5833488491098207	0.3720351349200499	0.20443827065742062
5210	0.7737061493254836	0.32814494701369457	-0.2132643778589048
5211	0.79036541856632	0.3124569827698924	-0.3625666371348716
5212	0.6567657934329312	0.2761330911919348	-0.708260890003079
5213	0.4782969440347971	0.28691855167158825	-0.6056157289153303
5214	0.490839126464275	0.32964267422119925	-0.1990105172314574
5215	0.48617850105960897	0.2887585711980372	-0.5881042743925258
5216	1.0016024551343796	0.3566073222730592	0.057611872529183095
5217	1.0933917272490807	0.4683165731689619	1.1207481266402453
5218	1.0880917651140265	0.46163737827701323	1.0571822699098918
5219	1.1608527824910437	0.41329892785507744	0.5971455343757981
5220	1.159336433550606	0.3886607702969936	0.3626643403437276
5221	0.6019133294866746	0.32925064410753796	-0.2027414654134032
5222	0.9044527398030294	0.21494339407772595	-1.2906028613122473
5223	1.1064366008623594	0.27036372336494846	-0.763167928148799
5224	0.563123932973122	0.20466638328147935	-1.3884091098884008
5225	0.4827310494327999	0.2883511186763712	-0.5919819975366527
5226	0.4883319801575968	0.3348376206221018	-0.1495702442668674
5227	0.39696800114477965	0.25297183363069076	-0.9286864358435771
5228	0.3622001365788392	0.41897075400342587	0.6511242689654998
5229	0.4032564154463406	0.38461288464833104	0.3241406375073418
5230	0.37408233584837136	0.3024731295494756	-0.4575829068638626
5231	0.5483024447585627	0.2604908406136978	-0.8571280926048593
5232	0.5279115886850404	0.3925316352443745	0.39950333825414425
5233	0.5412080829020011	0.3281974163487467	-0.21276502751973705
