ID	SN	ssim	z_ssim
494	0.2885635237606126	0.3375448788599073	-0.24637788176504213
495	0.4364374861504968	0.26675022149521954	-0.764583494822681
496	0.4948591628535445	0.13202872438579813	-1.7507233901257613
497	0.47928586945906987	0.1522443516529271	-1.602748219240442
498	0.49348034228162563	0.28990163783603407	-0.5951188156415567
499	1.3359543869116621	0.27646806484448305	-0.6934504297318812
500	1.6248682880949483	0.20902028484065957	-1.1871574337252644
501	0.9076755951009676	0.3470030189668072	-0.1771458030329847
502	0.3122071111733169	0.283423137682057	-0.6425404046280194
503	0.39415692702524574	0.19111197075215147	-1.31824343973923
504	0.4049867689000702	0.4509884784665543	0.5840111937663937
505	1.281329440252104	0.4840144626080719	0.825756136053854
506	1.8502592034652436	0.37931068392078826	0.05934115724276964
507	1.3816142732468188	0.46240146042240204	0.667552403391569
508	0.37524804342347123	0.5780761035203394	1.514272361834221
509	0.7955378018757533	0.4356842949397921	0.4719870085799525
510	1.1272896935055148	0.34499511275222616	-0.1918433566284373
511	0.8196111916899117	0.35809378077222426	-0.0959631935735435
512	0.6269229091360714	0.33279797556769486	-0.2811244575976593
513	1.063378448276139	0.4542323553478333	0.6077558557298987
514	1.193713400791555	0.4644162526994964	0.6823003618675464
515	1.0673088623991207	0.44472059163853894	0.5381312607715102
516	0.7471095888855066	0.5192001991651107	1.0833101219358408
517	1.3732063844833449	0.5756544118398561	1.49654596455177
518	1.6750749660908204	0.4668263530703261	0.6999419126100354
519	1.2208320053723376	0.5374991032548124	1.2172551845305881
520	0.4230522381040629	0.5722822640501048	1.471862379974092
521	0.5572915677976937	0.16028789598567506	-1.543870756204834
522	0.7377585612856834	0.16013723006216207	-1.5449736067611795
523	0.9309084948110459	0.19321053379902836	-1.3028822925746222
524	0.9329454623085496	0.31714942150106296	-0.3956693802715761
525	0.6163821356539629	0.2734098167599356	-0.7158363184772905
526	0.6853477981209082	0.15225614310163493	-1.6026619077144888
527	0.49178974926589525	0.2275961727849689	-1.0511848934432584
528	0.7835115536409422	0.20359104800111624	-1.226898582416437
529	0.7902185210394476	0.35715052762361377	-0.10286765634431834
530	0.47956890269121094	0.5095671056898405	1.0127974124205052
531	1.0400843609664765	0.50980268816328	1.0145218385935915
532	1.3232977209063024	0.3754472777200881	0.031061639363174527
533	1.4465866923116721	0.373191742855397	0.014551483500577752
534	1.7206110080211285	0.341544227062623	-0.21710329008867926
535	1.0166182863528916	0.24768240890076634	-0.9041568451713674
536	0.4334786263348907	0.21807402923992486	-1.1208854671456416
537	0.7187025082720091	0.1461065848312228	-1.6476756945195667
538	1.3792120141346305	0.1009154909514217	-1.9784673019722587
539	2.04129788405508	0.2538274420552534	-0.8591761814939292
540	1.9878176057130572	0.519976834069023	1.088994965700683
541	1.1988773421075276	0.5354920206220005	1.2025636594224742
542	0.5649101791204704	0.5304604647783966	1.165733472263901
543	0.6969919809584352	0.4426568046812348	0.5230246690421236
544	0.7601767729689612	0.4213436226615508	0.36701557222815373
545	0.8379806843915801	0.3728506956895852	0.012055072581732731
546	0.9463804854049366	0.3376971754965046	-0.24526309464872126
547	0.9100274680730613	0.5982829059413591	1.6621829362519756
548	0.8508198341866426	0.6352885126869461	1.9330580819763474
549	0.7189388144912385	0.6468183825087428	2.017454892157947
550	0.7334756875851014	0.3789332200708566	0.05657818199799513
551	0.8085309238974703	0.49129994041856756	0.8790846729200961
552	0.8772809837200248	0.5706996494555349	1.460277893280578
553	0.7704437942178114	0.5102947584098834	1.0181237144031594
554	0.5824862838570468	0.5593867744554197	1.3774694506225413
555	0.8468311209435935	0.3790302408606755	0.05728835872232669
556	1.1443199789999543	0.21986758426722036	-1.107756930091151
557	1.1351403254131451	0.41890684455118576	0.3491787446825062
558	1.368648585193327	0.5000422343573936	0.943076871748918
559	1.2823222705550699	0.4714925043065506	0.7340973962580638
560	0.9655779376391834	0.3326366530618452	-0.2823053126389257
561	0.4516578678705184	0.5077715890356813	0.9996545165698943
562	0.40993470280752853	0.4019183590496467	0.22482573738005043
563	0.48744045412571996	0.1002816191878276	-1.9831071422946878
564	0.5981034061426819	0.1899952281971704	-1.32641781732468
565	1.8321218126909635	0.3331216112810324	-0.2787554957369712
566	2.545176393773137	0.6551112290740416	2.0781572078175343
567	1.5175998300875155	0.6442104224526591	1.998365040041977
568	0.534907121926635	0.5825780061479988	1.5472255718352863
569	0.9815542526178963	0.47247177785996763	0.7412655226533296
570	1.505847255559543	0.4634621365659468	0.6753163837776848
571	1.6483760178713964	0.4172451062444629	0.33701508502185223
572	1.080685768112919	0.38800057701726376	0.12294979025397469
573	0.48760233932605274	0.31375547522098224	-0.42051252632557745
574	0.4436144097412537	0.27002479461317863	-0.7406141412971355
575	1.0054096687082563	0.3197874319176751	-0.37635956430409584
576	2.122911100033966	0.44157504840504136	0.5151063854434607
577	2.346801247419244	0.555260443393746	1.3472653646492405
578	1.3360183136043269	0.6361470629467213	1.9393425330955294
579	1.1215335052916595	0.6577986380244716	2.0978286131824935
580	1.3065380115864693	0.5640828468476303	1.411843952365414
581	0.4971723145266111	0.44004511563841253	0.5039075213373209
582	0.4319271129706618	0.5060877540979607	0.9873291130907241
583	0.5892802924401672	0.44429566794863173	0.5350208870593137
584	0.5959487155358164	0.436046525095824	0.47463847561237993
585	0.5835217222833021	0.5257504590727904	1.1312569808867976
586	0.7970681952139332	0.4971677056820569	0.9220357798091524
587	0.7158507136292401	0.48944945446226307	0.8655394105353722
588	1.3878238100937048	0.5026477242587047	0.9621486427254932
589	1.8458246068320527	0.45353453652594405	0.6026479331286567
590	1.5215084182938567	0.3582265227698699	-0.09499154329894584
591	0.3806007455869937	0.34110681484393623	-0.2203050778418966
592	0.6144510759395223	0.2688808045210778	-0.7489879665132834
593	0.8496575286674592	0.16853841335830871	-1.48347828349176
594	0.7926650330779793	0.18261756975134474	-1.380421101755518
595	0.5209007683320849	0.16689216225483244	-1.4955285792920368
596	0.49776775148113717	0.143119870707533	-1.6695379660681342
597	0.4366532993960247	0.11860496897335955	-1.8489831411010984
598	0.7742839637822152	0.15389700570496606	-1.5906510548767903
599	1.0317493226679733	0.1498120306707994	-1.6205524213174924
600	0.9976474029827014	0.3384026184037573	-0.24009936495727138
601	0.6435428733579951	0.38230568804234305	0.08126411025496408
602	0.9399288546822604	0.375596969165438	0.03215735689461792
603	2.133989406739745	0.41087724013214044	0.29040331959432436
604	1.9331009498563194	0.4070278900380049	0.2622266901753934
605	0.7278948879389168	0.33862784414695746	-0.23845074839952504
606	1.1001665689451459	0.42809555652141623	0.41643865237885225
607	1.5172569707010224	0.41894941724052515	0.34949036998588157
608	0.9813812837413032	0.49405633582965824	0.8992610481863176
609	0.6070889581022678	0.4456951142504074	0.5452646110315502
610	0.5549273014295875	0.19827563806528206	-1.265806536307115
611	0.30492068238235515	0.28097553005922377	-0.6604565024795999
612	0.8616365988426052	0.5636047861378617	1.4083446241335071
613	1.9777414136491864	0.5076018667079572	0.9984121761707481
614	2.0643741703720506	0.46681021238105314	0.699823765336057
615	1.0935649892710968	0.5839347130311272	1.5571564500721764
616	0.7819602930944441	0.5714869734735032	1.4660409796573444
617	0.5377814015799732	0.5581949170085772	1.3687452439958072
618	0.4124092726156665	0.4716480899354487	0.7352362582740317
619	0.7807910257807422	0.46938396475418653	0.7186632226627254
620	1.3552734481522037	0.5421377559869487	1.2512093835096931
621	0.7415904102589548	0.5117148879827185	1.0285188366243367
622	1.398076568279913	0.5633510228142841	1.4064871170339435
623	2.234285585564996	0.5179696464948382	1.0743026724384392
624	1.6129595537603019	0.359596218713948	-0.08496558720529307
625	0.5987910375822111	0.27005631518487166	-0.7403834157341319
626	0.3912314315695687	0.3617414947864599	-0.06926250813525534
627	0.7911203463243751	0.36839649007391584	-0.020549002890550425
628	0.9218232742188504	0.3735212076948542	0.016963113635777762
629	0.9711534115485457	0.4121755923000406	0.2999070506126908
630	1.2003470272308079	0.4780778568802954	0.78230112793373
631	1.4330085602317786	0.46902900324507557	0.716064960967734
632	1.0469745099952137	0.4931770355836389	0.8928247104736716
633	1.1541529624096054	0.4948156950333799	0.9048194365780923
634	1.2205136568728414	0.3991367785431448	0.20446501122785385
635	0.7717427113504293	0.2766680656828159	-0.6919864554589864
636	0.545201330673835	0.40668293781324594	0.2597016948472012
637	1.0157321390879712	0.4328758171494233	0.4514293985950674
638	1.8235223255248356	0.2521539632725669	-0.8714257795681701
639	1.6485171411109496	0.45760252170277654	0.6324249365204601
640	0.8854013242475687	0.397966171766316	0.19589635612001
641	1.5376567293898211	0.49061179178337616	0.8740475345448491
642	1.819158167568957	0.56473246121071	1.4165990260080001
643	1.2105127715445927	0.5384323798747336	1.224086620700796
644	0.8733368241157248	0.4871910337799544	0.8490081309475769
645	0.5709119411000042	0.28725524446071193	-0.614489993531239
646	0.5610563098638288	0.1017320228541798	-1.9724904185321683
647	0.48364141814121225	0.21140085560133484	-1.1697320350245124
648	0.43084477850240355	0.2514054664653347	-0.8769046569482155
649	0.5207550067162721	0.15134010530691183	-1.6093671584306994
650	0.6077421565006997	0.13987255116512265	-1.6933078277626434
651	1.2304311948314435	0.17670527039103512	-1.4236981911382225
652	1.1259852518590412	0.1797986722576689	-1.401054982308566
653	0.8360632744730151	0.2896665372742583	-0.5968397142980417
654	0.432154684030045	0.28001010352075895	-0.6675232709314918
655	0.4920028499679067	0.1885279306984229	-1.3371582012488439
656	0.4700791137849181	0.19867270048370905	-1.2629001026633562
657	0.5081306119575961	0.1506433142439952	-1.614467558000002
658	0.4321188196756238	0.17842964194673422	-1.4110760660736563
659	0.49285249084348093	0.15202188022623855	-1.6043766746401351
660	0.9610206346623527	0.2408189000400601	-0.9543966365523325
661	1.3155575045222891	0.39434583495670233	0.16939606745787764
662	1.9045782418814874	0.47670940764585484	0.7722842975560008
663	1.7922022008553606	0.5101238204061069	1.0168724754489893
664	1.1238050847647452	0.38555024192155257	0.10501372773546286
665	0.6974159227221994	0.2752268011276848	-0.7025362823833907
666	0.5385151737100313	0.5412680843497572	1.2448435256796575
667	0.4015720737404519	0.5182351767427748	1.076246311549629
668	0.4716505259482053	0.11826549395101985	-1.8514680441801974
669	nan	nan	nan
670	nan	nan	nan
671	nan	nan	nan
672	nan	nan	nan
673	nan	nan	nan
674	nan	nan	nan
675	nan	nan	nan
676	nan	nan	nan
677	nan	nan	nan
678	nan	nan	nan
679	nan	nan	nan
680	nan	nan	nan
681	nan	nan	nan
682	nan	nan	nan
683	1.3913475891644167	0.23691862923838886	-0.9829459974378475
684	1.1957408013001685	0.23511111255490133	-0.9961767315913229
685	nan	nan	nan
686	nan	nan	nan
687	nan	nan	nan
688	nan	nan	nan
689	0.44297270419269114	0.44451021220563813	0.536591316839873
690	0.8285619510507932	0.3048857599099706	-0.48543742929830047
691	0.7340404731529488	0.448462381968487	0.5655205698527778
692	0.566534108173301	0.42052468140655774	0.3610210527135562
693	0.512753859013914	0.4110681676468162	0.29180087858359166
694	0.6507567190573451	0.26156285592779593	-0.8025541843363456
695	0.648894604319367	0.39092085467923443	0.1443257574872715
696	0.9419334518672567	0.404173398845519	0.2413322694177671
697	1.838891219735472	0.31427131299103794	-0.41673667603092884
698	1.7588579345587871	0.2422039905163221	-0.9442579949357172
699	0.7095579941347215	0.29128545710543363	-0.5849894790566484
700	0.3776886557577734	0.3717573329558569	0.0040518315630304474
701	0.948594399612863	0.254678711265819	-0.852945026494961
702	1.6026670279204307	0.2939824729652545	-0.5652477526455003
703	1.1978034721032973	0.33649962185417026	-0.25402899651894917
704	0.95612849681029	0.37347709851198324	0.016640241444542098
705	1.2981507772528085	0.3371576009380697	-0.24921269445261168
706	0.9129068559672256	0.39663483554016554	0.18615118705020023
707	0.7099517417281578	0.254612806530609	-0.8534274386568979
708	1.1757364290139096	0.15121406278544713	-1.6102897696069987
709	1.1212706528729997	0.16963767735547075	-1.4754318461648992
710	nan	nan	nan
711	nan	nan	nan
712	nan	nan	nan
713	nan	nan	nan
714	nan	nan	nan
715	0.5762038313373083	0.3730507766642699	0.013519633439956174
716	0.7407552130915053	0.3134864984363813	-0.4224813935360559
717	0.6126995526608341	0.27467732814605156	-0.7065583370680975
718	1.1035081874887234	0.31185673515032797	-0.43441100113960046
719	1.878070835842326	0.4147821194185697	0.3189864138540541
720	1.3512176489667416	0.274561235727505	-0.7074081150762648
721	0.8632946545367842	0.14847004052419313	-1.6303755753876792
722	0.6569578655907733	0.0679655783154629	-2.219655412958577
723	0.5838450451069468	0.1279571825230648	-1.7805264278917152
724	0.4526154554209655	0.20754562226246184	-1.1979517288576156
725	0.44470626632183213	0.16880264890586355	-1.4815441213810951
726	0.49394231641090924	0.198357622707732	-1.2652064217859975
727	1.2291247527475688	0.20573259405013203	-1.2112228065241315
728	1.2086073461025875	0.35308347453119265	-0.13263783702672816
729	0.8687768754866788	0.39177702018626603	0.1505927525963038
730	1.2964967158214369	0.4164581941443533	0.3312550138181857
731	1.3056154197281655	0.32825958805426275	-0.31434473114988787
732	0.9015316357074137	0.34810650966112977	-0.16906842695629695
733	0.8485970930944015	0.38218729389406214	0.08039748395184776
734	1.3680299413954622	0.29902762582959846	-0.5283180374613577
735	1.5595504190266518	0.22680878501549526	-1.0569484464708871
736	1.3731687241657102	0.20395232769606153	-1.224254072607738
737	0.9052868887254454	0.34498656356841845	-0.19190593529187228
738	0.4944769204698455	0.23059367384465784	-1.0292436632417288
739	0.5824051765399172	0.058126847378918586	-2.291673355928723
740	0.6018879267615302	0.051283057478628755	-2.3417688076610217
741	0.5837589364990844	0.13828089339078387	-1.704958509091325
742	0.40075139803072546	0.3745944628379995	0.02481917029491065
743	0.3472848371759152	0.4591795046799817	0.6439682006720806
744	0.42479323536320707	0.28451169309960644	-0.6345723523978551
745	1.4989304443128662	0.22226175747194593	-1.0902319636670628
746	2.893506002736548	0.27188523228583233	-0.7269960339342214
747	2.4925148187308737	0.2152070456297352	-1.1418713304105947
748	1.4976921964308918	0.16116987605210017	-1.5374148026337608
749	1.4292070149018725	0.3423376926256487	-0.21129524858055032
750	0.6796959106275642	0.43121057385843764	0.4392400830080161
751	0.8729993594894206	0.36028451793488936	-0.07992734656634713
752	0.9903458068144797	0.11189166820190906	-1.8981234331995396
753	0.762438385517556	0.4684338016778206	0.7117081803216556
754	0.6794385305624178	0.4876836198282241	0.8526137823431663
755	0.8231614717904637	0.09390898753664677	-2.029753790707423
756	0.8148941748644444	0.09650594711974073	-2.010744460301166
757	0.5922181606312	0.23329201531283095	-1.0094922335886352
758	0.4331460020940183	0.32358123941874517	-0.34858949781747844
759	1.0043863600174578	0.4566872236830678	0.6257251008394953
760	1.0571498194693432	0.42582588105513314	0.39982498956545215
761	1.2282683901040667	0.46242460236923594	0.6677217987554681
762	0.9286712757970509	0.6265223271715944	1.868891000613712
763	0.9270905649689516	0.6429134057902386	1.9888710847109512
764	1.2738782808065146	0.6482056500628866	2.0276094696378095
765	1.5963196178764536	0.5222246162411707	1.1054483730890046
766	0.9634980719316252	0.4336094408162276	0.45679940695673704
767	0.7911152322318629	0.3298642872313854	-0.30259858883055646
768	0.8763092558804183	0.5536888904086299	1.335761847174617
769	1.0713569891052177	0.549674882098904	1.3063799458505563
770	1.1722260250451728	0.25968441424245536	-0.8163040782037673
771	0.8810216422214421	0.1936458545207301	-1.2996958142461226
772	0.4848897678013395	0.13504986261506594	-1.728609139608737
773	0.5341847227560597	0.14454148714066278	-1.6591319602664831
774	0.5544638574960556	0.17237719128353385	-1.4553790406649183
775	0.5683633223658155	0.19124284435188904	-1.3172854658396502
776	0.6246928691461224	0.16479048309569974	-1.5109125359019047
777	0.8676553257199836	0.19708257785669922	-1.2745395469581662
778	1.0429799434973441	0.20594809939921307	-1.209645341702705
779	0.8502611093988877	0.2799066805340528	-0.6682803107170538
780	0.5216157437055429	0.37226290503065906	0.007752538603931577
781	0.46044146650632134	0.4152521326217867	0.32242683562011426
782	0.47336177205011176	0.3319658614030449	-0.28721540071226587
783	0.40937153169410456	0.26678551290324926	-0.7643251673384542
784	0.5830276811565064	0.2643308744325473	-0.782292729876294
785	1.4208113650682492	0.27568578534637744	-0.6991765910269346
786	1.314558678192113	0.6061493624533132	1.7197641446526215
787	0.6697100023329817	0.5696546652362895	1.4526287752803302
788	0.535492602472009	0.5711007261101888	1.4632137104939786
789	0.5603652136108748	0.498278157619625	0.9301641110773471
790	0.9247092768302969	0.4317353806174792	0.44308158487312105
791	1.0522889796041432	0.49840248723795855	0.9310741840756223
792	0.7048746438814979	0.5003362108055052	0.9452287325134021
793	0.46660410878111	0.5682207347955106	1.4421326329045288
794	0.9353428453122236	0.2650174811088936	-0.7772668783941316
795	1.2526475815518874	0.28100796372069986	-0.6602190932448557
796	0.898708533724577	0.4650033262643322	0.6865976468308526
797	1.0157139449129682	0.5004062173301058	0.9457411691201906
798	1.1320563782311002	0.49143707584454216	0.8800884823901104
799	0.8623365212318939	0.2533076460285655	-0.8629810055965049
800	0.6082305533985837	0.10428154306806056	-1.9538283367506142
801	0.5363981398146368	0.4319070413232795	0.4443381138909666
802	0.6518456006272473	0.4512437803296316	0.5858799627299779
803	0.7875562808732846	0.4046347930582386	0.2447096015465451
804	0.6285955605999564	0.47559775358665446	0.7641471669489772
805	0.5158694048180549	0.4873580596346053	0.8502307335934235
806	0.6690901086513867	0.4756341958046386	0.7644139181787258
807	0.7146480080472664	0.3307941482519594	-0.2957921543034037
808	0.48557514139290037	0.4757390188986835	0.7651812065269453
809	0.7960475150829361	0.47686428050825824	0.7734179422347839
810	0.907700148995655	0.528996485116233	1.1550173743749406
811	0.8336437960865066	0.5109499052451997	1.0229192848610962
812	1.3977055311589603	0.5248453000345269	1.1246313609346914
813	1.2292390143389151	0.5235520286630422	1.1151648205366245
814	0.604244408035781	0.4935421133956124	0.8954970218939092
815	0.7454093769854364	0.33405423590245364	-0.2719288320919077
816	0.6730084902855381	0.28249833292411985	-0.6493098281182232
817	0.7564645753934162	0.22629235810702122	-1.0607286091648975
818	0.8764464132900849	0.16506547217041445	-1.5088996596856583
819	0.6030641943905408	0.42942279549882983	0.4261538302406731
820	0.5285838404771781	0.4846002275342497	0.8300438419906728
821	0.9431633061934056	0.18499562185230634	-1.3630141392426025
822	0.9606449147797774	0.2375534393189037	-0.9782992887850496
823	0.6780631979450266	0.2800958216098165	-0.6668958281760113
824	1.2239867639218784	0.2599753737191908	-0.814174301189099
825	1.2903290168303991	0.27683100438074537	-0.690793770149184
826	0.6548946786870079	0.2994010307528511	-0.525584772913214
827	0.7097107347224093	0.4159369622538231	0.3274396794210433
828	1.0804044609679762	0.473705218917615	0.7502941146861437
829	1.142146415691414	0.487703297005636	0.852757816146896
830	1.404262597270469	0.5648872944896965	1.4177323809424782
831	1.54748623010365	0.3444435848651499	-0.19588045289360387
832	0.7183522797491662	0.47419436611435417	0.7538745942363996
833	0.8672043131350946	0.6060518433309197	1.7190503202132368
834	0.9468645596615934	0.6394123515409738	1.9632439253867324
835	1.0243906847956046	0.5640869107122286	1.4118736992068275
836	1.1266885682183096	0.5796628189376144	1.5258868658966012
837	1.0122595717199425	0.5534267089150997	1.3338427204121652
838	0.7798490524877042	0.32351094697956645	-0.34910402727342715
839	0.5052823899786789	0.44477215490371036	0.5385086956576169
840	0.7006724981784703	0.49792888939033564	0.9276075232836086
841	1.1695519736309563	0.4058283931960172	0.2534465643932893
842	1.2833553981558605	0.2796912567037206	-0.6698571788342266
843	0.6072863291941761	0.40267202864197327	0.23034247872286975
844	0.4490885733379757	0.43260396714025146	0.4494394998384857
845	0.40958091626405135	0.47293920408992984	0.7446870081873157
846	0.46866898132194434	0.4709561356725359	0.7301712633101685
847	1.1125281557663047	0.40573118778282524	0.2527350362552805
848	1.6467898313842546	0.37147523878358957	0.0019869471646677757
849	1.3327203906480292	0.375842845851594	0.033957135064737354
850	0.5746267916573	0.38869310194532863	0.12801896239583407
851	0.940645768025703	0.4267558242667442	0.4066320257179015
852	0.9508802438637146	0.32459821615932066	-0.3411453900990032
853	0.653109632921339	0.4826021971009001	0.815418577540446
854	0.4424064161811647	0.5463154262643716	1.2817892643630249
855	0.7437175077598945	0.4439059459312883	0.5321681839820297
856	0.7621059657985172	0.5054224939358072	0.9824595146915723
857	0.722729866839326	0.39990555375897474	0.21009232332812258
858	0.7054950943317769	0.3694345430837104	-0.012950620239217458
859	0.666768909783635	0.3139879612267033	-0.4188107658028674
860	0.42581483064630066	0.25725409971867397	-0.8340935933253872
861	0.49982198603776484	0.17437962641278848	-1.4407215345424134
862	0.5813927961136002	0.09029862743870819	-2.056181051429562
863	0.5360861036499901	0.16217432375205612	-1.530062405496521
864	0.42270269097185337	0.24623554547246723	-0.9147476549553611
865	0.4347371301402994	0.2736190769173744	-0.7143045674637145
866	0.5654757304643263	0.31576233427123646	-0.4058226378061651
867	0.5679777113299389	0.29993081601094257	-0.5217068292282275
868	0.5366030980075316	0.24161974890235588	-0.948534550469838
869	0.4127170863670887	0.298028050095034	-0.5356347725881228
870	0.9721340803752068	0.3716119909244754	0.0029879510488963197
871	1.5016324267263719	0.4670070762283185	0.7012647773341165
872	1.22199963163063	0.4682246913338913	0.710177525919101
873	0.886129474663286	0.4094682150329626	0.2800894803511775
874	1.1774164583480187	0.4578653204736929	0.6343485816550352
875	1.0898729727789194	0.47843495839631184	0.7849150541383282
876	0.4896900464649366	0.3524949929645063	-0.1369454283392602
877	0.5063521531224481	0.2735349637727249	-0.7149202622818244
878	0.4577988288125994	0.12648412705346362	-1.7913089592451805
879	0.5283009330360912	0.10983745928199724	-1.9131599152211667
880	0.4640649947816856	0.11589992202398319	-1.868783653808297
881	0.43049212758727307	0.20239744198915205	-1.2356355882612835
882	0.3586052167603838	0.35583509017086906	-0.11249644892575632
883	0.38818102402289634	0.43978067541276233	0.501971861015607
884	0.573958927992628	0.3238542940080165	-0.34659078172647945
885	0.8690401809185369	0.4319049973382913	0.4443231522464962
886	0.6075309619155036	0.37537705986974684	0.030547655885632578
887	0.8039559316778263	0.4230750732768021	0.37968951488082175
888	1.3135149482643578	0.4479271618847535	0.5616028441099563
889	0.7291868958238743	0.5756041618150777	1.4961781423761173
890	0.5554233230584993	0.5986922461587504	1.6651792414280804
891	0.9853781047744056	0.4956620949244325	0.9110149489339948
892	1.3489587506514953	0.49776473486113926	0.9264059382826361
893	1.1394632728629113	0.5461565322275688	1.280626185328283
894	0.822640297167407	0.37816314153362807	0.05094132979273114
895	0.5484817308243543	0.4049299253720926	0.24686992306411393
896	0.8152930436887773	0.4201375116775557	0.3581870319803061
897	0.7070389180670594	0.4894411420548681	0.8654785650375558
898	0.6203894905254057	0.4355512141663364	0.4710128785203982
899	1.2689658376695987	0.4932713543084356	0.893515108512528
900	1.5010579180412211	0.3063903686933118	-0.47442393271526356
901	0.8186468368705141	0.3343004808583643	-0.27012635824585624
902	0.3810789797566295	0.46137628229547833	0.6600482628316519
903	0.9979117211832101	0.31836331725059475	-0.38678385678025184
904	1.3359384802189322	0.20176371517589373	-1.2402743675703476
905	1.0225617354452055	0.49689883220832975	0.9200676688178105
906	0.45269461180714926	0.48161830774343467	0.8082166641949262
907	0.7451348455178768	0.5776551752451153	1.511191233920964
908	1.8464817629581884	0.5126258042036141	1.0351865982360886
909	1.4112751210479257	0.5456485664613325	1.2769079568474424
910	0.522406997188655	0.4334256775579778	0.45545428918311376
911	0.38747227634211406	0.25128140074796673	-0.8778127982334669
912	0.48465953513124754	0.20668545625445256	-1.2042480069964532
913	0.5631295139543618	0.22268137996130044	-1.0871603938983363
914	0.683522796967236	0.19548228497373776	-1.286253435906239
915	0.5737080647125223	0.19811049213196652	-1.2670153782282914
916	0.6521810997768952	0.4221235061096863	0.37272419481915947
917	0.8621689197232487	0.4957944072034871	0.9119834537369683
918	0.7661111537971435	0.44136462218014416	0.5135660990018647
919	0.4421476058988427	0.4489139726661996	0.5688261418135797
920	0.36427558672061366	0.5084710779909121	1.0047746642811142
921	0.36762330972012897	0.31026050737085015	-0.44609513417781654
922	0.4515082771782472	0.324833067609603	-0.33942631489896213
923	0.9011813624152137	0.44115295935267107	0.5120167608264261
924	1.9906315565889556	0.4497446178388772	0.5749063321409853
925	1.6345171736618556	0.44785591416613163	0.5610813221606767
926	0.5065108070279782	0.6251713018151301	1.859001710246835
927	1.020657176963153	0.6508404284388116	2.046895627582382
928	1.8551932629684813	0.39171231180700683	0.15011909756932562
929	1.4281512818108946	0.3069243940423113	-0.4705149522403522
930	1.9074199521887325	0.3031580449336625	-0.4980840276690579
931	2.8025360986148975	0.2996514816726381	-0.5237515120816728
932	1.931766455534824	0.24657144281811405	-0.9122889398996659
933	0.5793241679279074	0.3034069299967095	-0.4962622286593845
934	0.33852251998643157	0.4900663532992606	0.8700550117392043
935	0.5810064670840075	0.4849829378386322	0.832845220446174
936	0.9810329219524613	0.358545631812792	-0.09265571594451946
937	0.8055581019472743	0.3623749296279769	-0.06462586601282139
938	0.588063596712739	0.3860641046651775	0.108775121151295
939	0.5219523579746874	0.34325718493471463	-0.2045647113697162
940	0.6130317134052968	0.3336775184153594	-0.27468634407962117
941	0.6691298493700153	0.3418523108379724	-0.2148481659363631
942	0.7123285717002138	0.4386397285545467	0.49362031178665716
943	0.7936452949192468	0.3021652944892432	-0.5053508027593512
944	0.36347130032252595	0.4023984318014607	0.22833979343917518
945	0.4423061445819005	0.4994966616096338	0.9390833661547879
946	0.5786806548472483	0.38200951643557957	0.07909618127887595
947	0.8459666256359836	0.2900069990307351	-0.5943475884822629
948	0.5235264129327208	0.31616632687934076	-0.4028654762780711
949	0.41055298518965955	0.38625859941215446	0.1101987917126835
950	1.004115569092545	0.36124493858879325	-0.07289722039191444
951	2.1068609201496677	0.29217238016630026	-0.5784973435537708
952	2.2791391972568396	0.56906589792541	1.448319092365828
953	1.205601373299877	0.581778979973371	1.5413768275361348
954	1.4963868224721477	0.6059092508663149	1.7180065660898531
955	1.7411727617116546	0.6055301022757493	1.7152312588120477
956	1.1558392557911623	0.5862016489702623	1.5737500599833085
957	0.6700469588274355	0.5302214097427922	1.1639836274890085
958	0.6814381569473715	0.2780954337352424	-0.6815383487204187
959	1.045809168799524	0.3044729800585226	-0.4884589120477056
960	1.3069195887172294	0.3230961160707302	-0.3521405234361443
961	0.49802229941800635	0.3276242007378968	-0.31899566507715216
962	0.3169160165872158	0.3295903853940332	-0.3046035066425256
963	0.36481123858085224	0.3399206433562344	-0.2289876641535951
964	0.44184118266737843	0.29091973711802604	-0.5876664910987536
965	0.395629267904214	0.5039772760114263	0.9718807497341018
966	0.7290038696478544	0.5317993820326758	1.1755341332518205
967	0.8222914350484908	0.30971650113028365	-0.45007717318886425
968	0.7858765774742735	0.26918993511957695	-0.7467251797822888
969	0.8414254528937335	0.2257177690972472	-1.0649345091741638
970	0.6238601038473104	0.39465402858776266	0.1716519957364957
971	0.26542917039416475	0.37950377313316236	0.06075453951479185
972	0.2524103383262656	0.3107231114500051	-0.44270894601948496
973	0.6653151116868125	0.18203139474936775	-1.3847118093818545
974	0.5702940486930413	0.22872797100059933	-1.0429003108204904
