ID	SN	ssim	z_ssim
5057	0.5402113680319812	0.273955876334428	-1.538961852694677
5058	0.5132942450589407	0.33765001353985963	-0.9356487582761424
5059	0.46002361958142124	0.3480461940177283	-0.8371757733292384
5060	0.5091197319461199	0.4981604544902827	0.5847117500066377
5061	0.5331381258260008	0.55008628514736	1.0765550333677727
5062	0.6302414504755152	0.43304938896172795	-0.03202253902570425
5063	0.6919995572159852	0.39923643732366565	-0.352299999074947
5064	0.7790924627491475	0.5211625663062398	0.8025885573034762
5065	0.8352312493153533	0.5255551829630812	0.8441955758472082
5066	0.74632801759101	0.4796365957163425	0.40925311208784426
5067	0.7474031083620352	0.42787613988589157	-0.08102373513382133
5068	0.6576525534369734	0.273384013176006	-1.5443785605241391
5069	0.6657450358783124	0.2803221586621454	-1.4786602039151455
5070	0.6655523912890079	0.38815249456528955	-0.4572874923876524
5071	0.7818689780540311	0.4901508069735176	0.5088440887028091
5072	0.7328595083220923	0.4618010558046154	0.24031425449622695
5073	0.7406990922011653	0.4331425948613726	-0.03113968948570192
5074	0.7090090151948749	0.5414434260497717	0.9946895698326966
5075	0.819891656553968	0.5410018319693727	0.9905067752646007
5076	0.9244101622419139	0.5368068541362279	0.9507717985685677
5077	0.864676262213695	0.5903427110731678	1.4578653071406387
5078	1.0536655026548905	0.48542960719154604	0.46412471931026056
5079	1.1182996418177447	0.4179108119921686	-0.17541566934067368
5080	0.940644441378562	0.4681235361309327	0.3002010091871364
5081	0.9397111077889039	0.38421300171987965	-0.4946025063478578
5082	0.9358891661441853	0.444464867566567	0.07610527341551221
5083	0.7905836224046923	0.5014770752038711	0.6161268973580173
5084	0.6697778741368053	0.43088029917716286	-0.05256823329858312
5085	0.6053012176320762	0.4418007092640723	0.05087027283272931
5086	0.45314494284797224	0.30259589154065863	-1.267682627378608
5087	0.5406262023542563	0.3171724023529665	-1.1296134073555013
5088	0.70287727177599	0.4191984883082653	-0.16321875425619572
5089	0.7515093033864398	0.3066726518451163	-1.229067411247299
5090	nan	nan	nan
5091	nan	nan	nan
5092	nan	nan	nan
5093	nan	nan	nan
5094	0.6160339030736577	0.460771304246693	0.23056041173847486
5095	0.7044431776856487	0.4697571576266624	0.31567472910767685
5096	0.6581043472251179	0.472695320176134	0.3435051074972784
5097	0.6532812700561353	0.37456172174121666	-0.5860197677238432
5098	0.6007402982436311	0.5677846487301436	1.2441945519758195
5099	0.5125637208419899	0.6993564744838455	2.4904474853932603
5100	0.5507968701206051	0.6955139986796846	2.4540514202395745
5101	0.6297350012625897	0.3853508571878546	-0.4838246995746705
5102	0.6975082519599917	0.4336865081481851	-0.025987723817278725
5103	0.6716757799430175	0.39349715765731696	-0.40666265672537394
5104	0.58463013637774	0.48439159263189246	0.45429260911122815
5105	0.8065385844036154	0.3186168038957045	-1.115931985445011
5106	0.8519570139995076	0.4505852281570296	0.13407754290210422
5107	0.8408214266102726	0.5365100567164675	0.9479605230322721
5108	0.9773533652025952	0.513262073774562	0.7277548158345585
5109	1.2673189233506137	0.26861482582433116	-1.5895524698546093
5110	1.1381395890550565	0.27778579839897594	-1.5026846970014962
5111	0.7931896421944454	0.4376937208969296	0.011968735434865369
5112	0.47928430312596976	0.3938399143716544	-0.40341605314406337
5113	nan	nan	nan
5114	nan	nan	nan
5115	0.4233435051370645	0.40766220519993474	-0.27249083117792605
5116	0.575989010855622	0.6271170436203518	1.806193070693825
5117	0.7999682050143765	0.5818881643666745	1.3777835451575975
5118	nan	nan	nan
5119	nan	nan	nan
5120	nan	nan	nan
5121	nan	nan	nan
5122	nan	nan	nan
5123	nan	nan	nan
5124	nan	nan	nan
5125	nan	nan	nan
5126	nan	nan	nan
5127	nan	nan	nan
5128	nan	nan	nan
5129	nan	nan	nan
5130	nan	nan	nan
5131	nan	nan	nan
5132	nan	nan	nan
5133	nan	nan	nan
5134	nan	nan	nan
5135	nan	nan	nan
5136	nan	nan	nan
5137	nan	nan	nan
5138	nan	nan	nan
5139	nan	nan	nan
5140	nan	nan	nan
5141	nan	nan	nan
5142	nan	nan	nan
5143	nan	nan	nan
5144	nan	nan	nan
5145	nan	nan	nan
5146	nan	nan	nan
5147	nan	nan	nan
5148	nan	nan	nan
5149	nan	nan	nan
5150	0.6906703592293035	0.7000780211502573	2.497282000643483
5151	0.680409644939081	0.6873064960298549	2.376309668198152
5152	0.6303100138850716	0.4270105804883956	-0.08922234400769771
5153	0.7768296445424526	0.3765432753253342	-0.5672504228980505
5154	0.8219530957311801	0.44754335540091844	0.1052648178094034
5155	1.0019004125032722	0.38237558465356214	-0.5120065850378964
5156	1.0916761678126232	0.37780486519376943	-0.5553005995578292
5157	1.0773428310087152	0.40306157694142675	-0.31606814288493057
5158	1.218080525671119	0.28306734896274865	-1.4526576654133214
5159	1.092064039713175	0.3028309309178736	-1.2654563261804237
5160	0.9954831061838192	0.3990277216137963	-0.3542769615757328
5161	0.9655932660562482	0.4882361687581405	0.4907085685891523
5162	1.0365942622064226	0.2542748728144014	-1.7253810061033006
5163	0.9453251100280872	0.4136547153548663	-0.21572956548645905
5164	0.8755740418473035	0.5178317144970581	0.7710386125171041
5165	0.7510900517243223	0.428266579576825	-0.07732547673115026
5166	0.8423221839225511	0.3135135510105672	-1.1642701751876916
5167	1.230709618886632	0.3341313214638071	-0.9689779326373927
5168	1.3838123953918704	0.33163815102603195	-0.9925933301876505
5169	1.2095309550684856	0.3370006997038861	-0.941799081631124
5170	1.064923798483572	0.33483035576407544	-0.9623566553063352
5171	0.8316663761548142	0.48067989552837176	0.41913528438215675
5172	0.6312905966245999	0.5585402278258884	1.1566310739768122
5173	0.5272492177121136	0.5060002138200264	0.658970224463544
5174	0.4191419943186465	0.469761093499006	0.3157120098281173
5175	0.33936674137370804	0.336655407699201	-0.9450696995712438
5176	0.26931032761736573	0.30098400151000165	-1.2829505061022266
5177	0.3245557796331069	0.2537891043815713	-1.729982221682002
5178	0.3573143587219586	0.3296343232151563	-1.0115736572680245
5179	0.39448236654248786	0.24481385004490325	-1.8149961445425007
5180	0.4301843136536235	0.3195570238428165	-1.1070261892349669
5181	0.4428804580937749	0.29802211742098506	-1.3110055757437262
5182	0.4620525166313	0.22578153514556504	-1.9952708966571824
5183	0.33858417814619485	0.3835776750434756	-0.5006203428383924
5184	0.3399198798936798	0.41332878814105445	-0.21881675945041584
5185	0.41591779589969613	0.2360158157406593	-1.8983314330600942
5186	0.6116758850311566	0.2135771651655368	-2.110871115784597
5187	0.6629081629987206	0.45216723631753897	0.1490623795069853
5188	0.7210974999899153	0.6564865357299096	2.0843819267414267
5189	0.7050144965860023	0.6870923972109744	2.374281716700613
5190	0.7633533259860227	0.5597410058100063	1.1680048850227374
5191	0.8002602291373059	0.5352663772748693	0.9361803478812168
5192	0.8990300467116407	0.5334638901134003	0.9191071264710875
5193	0.7618958686817493	0.4462175242517897	0.0927064988125155
5194	0.7167901976971112	0.43146164873807846	-0.047061669933047216
5195	0.6325718271518219	0.3604701269565646	-0.7194958461798603
5196	0.5602804875361767	0.31611138490985385	-1.139663401670861
5197	0.5418718652426244	0.342498853876751	-0.889720373084956
5198	0.6316326965154623	0.3838805323266695	-0.49775166806379595
5199	0.6776051673008489	0.439433539959587	0.028448362422114754
5200	0.756476794338802	0.5766551704682624	1.3282164440013071
5201	0.6915395213586649	0.5337530244376	0.9218458168983223
5202	0.598484782018737	0.3627216058986625	-0.6981697589264262
5203	0.5804530597644579	0.45448929651234665	0.1710570148536756
5204	0.626458291449781	0.537988628448743	0.9619656061726845
5205	0.6690410251037064	0.5005108663922795	0.6069749337150264
5206	0.6857686712566973	0.5250931121277658	0.8398188247406565
5207	0.6248915217272496	0.5681000905937714	1.2471824283362554
5208	0.5832945037469021	0.6517503491027926	2.0395206014277063
5209	0.545439664736713	0.4601096459291122	0.22429316102213429
5210	0.6111287900935313	0.43510937625790147	-0.012510267337198979
5211	0.6202574233098058	0.38446245051059846	-0.4922397186811981
5212	0.6498205544347219	0.3385786909089475	-0.9268522937686825
5213	0.8409985456316263	0.33834932837622483	-0.9290248236973676
5214	1.0068516362561182	0.49726953659734097	0.5762729445773419
5215	1.1365909628243995	0.4271225273383138	-0.0881619795315021
5216	1.1024127023951311	0.3837125105382111	-0.49934317631827857
5217	1.0623667461207627	0.5097965623348495	0.6949293703199673
5218	1.1863224164388535	0.44385462105622425	0.07032499713473704
5219	1.2365707385668483	0.48053258927757864	0.4177399944246752
5220	1.218993046639453	0.5931504544677068	1.4844603507351382
5221	1.0214622142017482	0.5205556246393286	0.7968395846152251
5222	1.1918106364735852	0.5106704056317896	0.7032064445789911
5223	1.138596316359065	0.5208808381721804	0.7999200185681778
5224	1.0814869747542901	0.42625505893091536	-0.09637867061391517
5225	0.8731029867554857	0.43428860522163676	-0.020284639287648173
5226	1.023922229679283	0.4120948603394374	-0.23050456672664305
5227	1.038159614672906	0.39847886392137477	-0.35947576082694566
5228	1.0465411227469823	0.46351971304567063	0.25659343596942286
5229	0.8876044110979479	0.44359260851829346	0.06784320521524467
5230	0.7861909071394818	0.38642541817340204	-0.4736464203518732
5231	0.7535151836448545	0.3783095167506054	-0.5505205223683718
5232	0.6579432553273931	0.49609718169417294	0.5651683579478722
5233	0.646648379168779	0.5126273706453963	0.7217428856052653
