ID	SN	ssim	z_ssim
494	0.6211159235876805	0.3382775490171921	-0.3034265160199063
495	0.7364066256922596	0.3166912388582802	-0.4638913114943414
496	0.646167367019625	0.19267517329529413	-1.3857817341561744
497	0.7137956606098578	0.23971756281713055	-1.036085683386991
498	0.7440239746791133	0.3118554766081152	-0.4998386130351453
499	0.7315662806641402	0.3473962599662729	-0.2356413282475233
500	0.5421455003292339	0.39108176876989115	0.0891008895638508
501	0.39258355866531375	0.48121063921225354	0.7590862022646744
502	0.31851470484783057	0.3648211840550546	-0.10611076654059098
503	0.4992537195923137	0.12717969013746153	-1.8726513858961684
504	0.7443598075220731	0.3898245906231497	0.07975548348440992
505	1.0850715329045795	0.368307072782931	-0.08019793485942495
506	1.2563695674523774	0.25389814741476424	-0.9306723640000376
507	1.2535866376594262	0.3735295595245958	-0.0413758638014301
508	1.3558027243174309	0.28400515768995876	-0.7068677762501815
509	1.4513254254815044	0.23419599408073866	-1.0771310214489649
510	1.036647224006905	0.43045798650964784	0.38180940156298454
511	0.8820027775267453	0.4409597518693027	0.4598757138762914
512	0.7803333232456202	0.43308706745578407	0.40135303515305937
513	0.5844420727714419	0.5880358603034828	1.55318612613881
514	0.6823314264857556	0.6675482217193419	2.144252163750509
515	0.7164996511815878	0.6198844268448462	1.7899368111142102
516	0.7554816191524568	0.6060037738276047	1.686753074242733
517	0.8724848076591141	0.6153674064723793	1.7563589210122967
518	0.7626786481084824	0.47627779983276103	0.7224172645763257
519	0.787845436302617	0.5001827541431457	0.9001180191750893
520	0.7060789001554204	0.4528076537182392	0.5479487163021314
521	0.6677060877076911	0.25070397486883966	-0.954416683456146
522	0.7840572646160325	0.2325924124960549	-1.089051464967035
523	0.815650454401039	0.31263273244673917	-0.49406077521766095
524	0.8955814017080411	0.3876775614977016	0.06379524817988512
525	0.9854028535518231	0.3164188004579542	-0.46591651968721315
526	0.9905414764050066	0.22867134034397796	-1.1181992922840518
527	0.87564753778844	0.21479342913155583	-1.2213626475735757
528	0.8506746690557869	0.21668442044165145	-1.2073057044654385
529	0.8804378183759325	0.436904796111126	0.4297326444214556
530	0.8613709586691491	0.553539306557082	1.2967512653062492
531	0.8284537665737917	0.5656058238203986	1.3864493753812341
532	0.9038404469953215	0.4721632151249948	0.6918309351511757
533	0.8916667166163704	0.47029182207560083	0.6779196784003636
534	0.8902957465318052	0.41580971532949274	0.2729194698574848
535	0.799904366322398	0.34174849152434317	-0.27762478911923083
536	0.89411234181033	0.2508666473220447	-0.9532074354771858
537	1.0471160086181626	0.1607681145866925	-1.6229672286744576
538	1.0694546159361749	0.19153479554287567	-1.3942588884941927
539	1.087719795937465	0.372673959467308	-0.04773608410725758
540	1.058507617155827	0.5744662703091548	1.4523147188866155
541	1.2024470469670134	0.4798271318195044	0.7488017104186605
542	1.3283515906583494	0.45094403092139324	0.5340952207887296
543	1.3043220791039851	0.40022662391143493	0.1570804237745799
544	1.071763941865731	0.3669957399660163	-0.08994590710276175
545	0.9168166695516328	0.4460966496340901	0.4980615475426992
546	0.8586460969529377	0.4861003387745753	0.7954344542087644
547	0.7606160907005585	0.6525656733375764	2.0328773366463375
548	0.6590505300349477	0.6948967571243523	2.347551250439419
549	0.8053086590528734	0.6697057658912873	2.160290564094504
550	0.8414229728966393	0.47099083787037865	0.6831159081272915
551	0.7627025109306405	0.5497443505984768	1.268540940000576
552	0.7438958933244799	0.5842810014125205	1.5252738678817
553	0.8307834719987679	0.5249678818740886	1.0843616635439042
554	0.8999806949639195	0.520945971619964	1.0544642423730985
555	0.9437774194770684	0.43037774618855307	0.3812129241373158
556	0.8983260210626853	0.34427354328581145	-0.25885447073301554
557	0.8382521268672798	0.4423670781068555	0.47033726637008266
558	0.8822592029562029	0.5250596989402649	1.0850441982910002
559	0.774438018517506	0.514209934350641	1.0043909860002929
560	0.6625211531910079	0.3984051249074624	0.14354006124955282
561	0.42606568054965793	0.45840697823504156	0.5895720626160329
562	0.4777563252958947	0.39016885613039987	0.08231462832218524
563	0.6253645160211823	0.1331559135137731	-1.8282263102473102
564	0.6532345276192857	0.1791212123759017	-1.4865369605375054
565	0.9736178186975	0.3612195895219838	-0.13288371318485345
566	1.1066803838712291	0.6213682630911035	1.8009671112451904
567	1.4952098609154492	0.5686521766796071	1.409094856933997
568	1.58328711547913	0.5076730052932668	0.9557978278134411
569	1.1931322064122094	0.4635642903286584	0.627909648994055
570	0.8327908334211875	0.5356560021020501	1.1638132703150574
571	0.6711957983569928	0.5219609380676224	1.0620091345866334
572	0.6803704568581804	0.38246653825838045	0.02505839263790268
573	0.6898340876244312	0.3076056222911073	-0.5314304876424542
574	0.8452846502692769	0.34912086348835647	-0.22282125156890747
575	0.9130043666061524	0.3816310323298306	0.01884754479241848
576	0.9312259430953893	0.53174728975888	1.13475732133175
577	1.0062649194516742	0.7006561273292199	2.390364318313555
578	1.0230758039904646	0.6706055979857514	2.1669795893117154
579	1.0086774558795062	0.6708971334784566	2.1691467583584902
580	1.0033460180894218	0.5923949928209775	1.5855903352285685
581	0.8338146643311779	0.4088115526268103	0.22089766814538686
582	0.9613170372534485	0.4530528681885581	0.5497715516796194
583	0.9710773637614639	0.5055296824286362	0.939865143506733
584	1.010939355540734	0.5465360610858498	1.2446916801374253
585	0.8765529420429229	0.5973564449500642	1.6224719697130714
586	0.8519999691170724	0.601718906288585	1.6549009240502195
587	0.9101611916203227	0.561216286172106	1.353819145583956
588	0.8948029592709338	0.5751678564345988	1.4575300555188744
589	0.6925675666429787	0.5535777005829414	1.2970366725602738
590	0.668345314018041	0.3966628042151018	0.13058828155713087
591	0.5778326392372061	0.3731650449718682	-0.0440855326943671
592	0.5463034779771231	0.32829342576499415	-0.3776448647724868
593	0.544936565336192	0.21997686588767107	-1.1828308599358766
594	0.5178988820235838	0.23832864506694612	-1.0464103938666163
595	0.5142021236952472	0.23421391030097366	-1.0769978387700114
596	0.39331787457636996	0.18476927407297586	-1.4445513197134843
597	0.492726049679986	0.18091115525182108	-1.4732311748158662
598	0.5922575381490371	0.23724251023083157	-1.0544843260510302
599	0.6106936438081003	0.21411277046073926	-1.226422417103265
600	0.6862593539787523	0.3775002869361033	-0.011858917307022728
601	0.8584746675020227	0.3836746000592592	0.034038685627830495
602	0.8588460349320948	0.43449146099754943	0.41179278705072025
603	0.7890951298610048	0.5152434239970262	1.0120735729506
604	0.784378702479869	0.48211552196114804	0.7658127722139046
605	0.7632299128746812	0.364601255360969	-0.1077456366344424
606	0.7467371882361107	0.45983998461076403	0.6002245119369712
607	0.8931495305189742	0.34425326078141566	-0.2590052435096328
608	1.0172553182797182	0.3037631193098451	-0.5599942602584786
609	1.0552828223299715	0.25392194477274793	-0.9304954630774819
610	0.8950630004862148	0.05402775700664899	-2.4164363080056677
611	0.6956764408875316	0.2200274417198115	-1.182454897555061
612	0.810013023579228	0.49480720621126406	0.8601581467790052
613	0.9651162099807284	0.5241993772981164	1.078648879436907
614	1.1481243680652862	0.5652814069134686	1.3840377778346533
615	1.2653977700015324	0.5694489331430012	1.415017655318726
616	1.1527897884894662	0.5452686188751639	1.2352699747317226
617	0.890231902315139	0.5128102068353236	0.9939859196498211
618	0.81584876171675	0.39593848286286865	0.12520393950014086
619	0.7304931263182255	0.46265451229250654	0.6211466892559834
620	0.9281908718623489	0.5770526418767248	1.4715408664568004
621	0.9876764603301408	0.483128484897032	0.7733427710480357
622	1.122274275676967	0.5794157170993999	1.4891071100392272
623	1.0924653557558879	0.5733768701491991	1.4442165134698401
624	1.0055599236026918	0.3749492173618907	-0.030822642670622343
625	0.985661883973535	0.24293217300984682	-1.0121894378819996
626	0.9398974136750428	0.4362939714381729	0.4251919954872656
627	0.9828006374713307	0.45296455386382967	0.5491150550412088
628	1.111428721311836	0.4089626598967204	0.22202094474904574
629	1.163560841673754	0.44153543329848993	0.46415512069074516
630	1.0334748295355145	0.4765047955876204	0.7241046686351447
631	1.1538612040754197	0.5243443281999632	1.0797263918346933
632	1.2266737178588851	0.4816727673289382	0.7625214949655057
633	1.0258211375626818	0.5575913737749757	1.3268728624009496
634	1.232565248491364	0.48783660355596603	0.8083412164568877
635	1.080169303606341	0.34132553530769527	-0.2807688921317147
636	0.8810720154726173	0.516730278363425	1.0231263086913567
637	0.9236657608987272	0.5991995571477631	1.636172996876256
638	0.9697573391591741	0.4591771652938814	0.5952973536900504
639	0.9245552525567118	0.5641550852558153	1.3756651114037877
640	0.8858474537992876	0.5157225403992267	1.0156351504004553
641	0.8444147713444033	0.5847733320275506	1.52893367499394
642	0.9890836127396017	0.5433419834441922	1.2209480661651935
643	0.988566659223593	0.45955658545339917	0.5981178254542235
644	0.8431793529916738	0.36345360129457055	-0.11627688044981953
645	0.7213995188416392	0.21992347130015918	-1.1832277759211218
646	0.5837507655712758	0.1417222710584485	-1.7645471172195142
647	0.45590488197772316	0.17525238887298747	-1.5152963903590733
648	0.432199656284971	0.3098362629204723	-0.5148487147626529
649	0.5353629304857008	0.23870820128073988	-1.043588910724333
650	0.6818729093989737	0.17769257743337413	-1.4971569142105825
651	0.8352663404427616	0.2647486219200144	-0.8500138744542121
652	0.9822660794225162	0.2055189450636949	-1.2903057961767566
653	0.9047674449501508	0.15425861012401273	-1.6713565223774665
654	0.8077712276130141	0.16140288559537808	-1.6182485713711954
655	0.45362218097695106	0.242306928740043	-1.016837276865922
656	0.39841760144103355	0.25923122906983254	-0.8910281704936411
657	0.49070171584282163	0.1789415769100654	-1.4878723053960374
658	0.4815531965523783	0.1646756640889354	-1.5939199238285773
659	0.641511513800591	0.21043998379961032	-1.253724580189992
660	0.6586799040068945	0.27616597554157624	-0.7651414112932561
661	0.8392117434917917	0.3989402388642357	0.14751790419709768
662	0.8209799916544093	0.5708882359504838	1.4257169100282263
663	0.8304892196268332	0.6409013822685399	1.9461692301210314
664	0.7610714412048684	0.566362780472643	1.3920763164142882
665	0.5667302671992398	0.3810338972852422	0.01440865958716079
666	0.3875100508163138	0.36399802157497074	-0.11222985766994507
667	0.32829788957789324	0.35475617333319714	-0.1809304033864031
668	0.46366482176100804	0.24963180829987822	-0.962386780612
669	nan	nan	nan
670	nan	nan	nan
671	nan	nan	nan
672	nan	nan	nan
673	nan	nan	nan
674	nan	nan	nan
675	nan	nan	nan
676	nan	nan	nan
677	nan	nan	nan
678	nan	nan	nan
679	nan	nan	nan
680	nan	nan	nan
681	nan	nan	nan
682	nan	nan	nan
683	0.5720931222571477	0.3750465170231664	-0.03009935230133751
684	0.5806717384485626	0.4336052033077364	0.4052046690311715
685	0.5077534377584585	0.5935179216342105	1.5939377804853663
686	0.5118839978529536	0.20077419710167907	-1.3255765305309686
687	0.5400809425218709	0.504017023994659	0.9286205896925825
688	0.635315093962322	0.41179608683007196	0.2430836122454776
689	0.6145213151020258	0.4263123561924653	0.3509922903447122
690	0.9282894838296312	0.24629883159132657	-0.9871629198373505
691	0.9257697430139874	0.3945696798768439	0.11502875487709495
692	0.9310698929151907	0.404847420329951	0.1914297473397317
693	0.8150633283940236	0.4238851659239546	0.3329494387806009
694	0.7192924034822026	0.34257780506218666	-0.2714599732588743
695	0.8164029355112865	0.4171701379556262	0.28303235792655446
696	0.8872726034044502	0.42626107774187116	0.3506111049533107
697	0.8746367405849679	0.490716743647563	0.8297511326182668
698	0.8555617807005552	0.39436855288715317	0.11353364983007583
699	0.8406584360119485	0.3997385002666287	0.15345188975216256
700	0.8310078585882065	0.4320559375417993	0.39368798959700674
701	0.9170032817599708	0.3230729070550779	-0.416452306196714
702	1.0160056242774358	0.36050249640683424	-0.13821432315068377
703	1.044680354642726	0.3609400528894249	-0.13496168706000694
704	0.9755948296105096	0.3116074295719829	-0.5016825046788765
705	0.944026149414438	0.3050696809023614	-0.5502817555657151
706	0.692973431826562	0.5537854023392067	1.2985806520358503
707	0.8375538981509919	0.37765375642773014	-0.010718080804435233
708	0.7981714943883162	0.2644335405606298	-0.8523560749284598
709	0.7637646061146591	0.31542765117617444	-0.47328436373348975
710	nan	nan	nan
711	nan	nan	nan
712	nan	nan	nan
713	nan	nan	nan
714	nan	nan	nan
715	0.5913494550960106	0.45422777438968986	0.5585053779740784
716	0.6264322916005115	0.43648119947416353	0.4265837807567789
717	0.6165994320024158	0.44594104490353953	0.4969048384488874
718	0.7303295914475831	0.5274404569974122	1.1027418896473213
719	0.8730929968302522	0.475752793792371	0.7185145602107421
720	0.9441920901801578	0.3336395043789796	-0.33790405659044276
721	1.1297558296501478	0.16611552056569712	-1.5832165533425973
722	1.1065487504171054	0.0944804297153182	-2.1157258204418183
723	0.8122292646583128	0.1676893676030261	-1.5715171456581032
724	0.4812089062058024	0.2057375222614979	-1.2886809726157757
725	0.4925040153722469	0.2714200632546123	-0.8004208008165679
726	0.5346553376763366	0.2602029944351203	-0.8838044194476263
727	0.6569992742952436	0.2989377063358113	-0.5958646290365511
728	0.830190616141605	0.40192869653540264	0.1697330139336653
729	0.8758814661036964	0.42940775403946885	0.37400235453701064
730	1.0414458593760683	0.45324117337643777	0.5511713441053485
731	0.9507265932823618	0.45438778453416806	0.5596948353161859
732	1.0341128553417986	0.41606057819719855	0.27478429337119326
733	1.0873827006360484	0.3993687727162588	0.15070346932668854
734	1.1577661545437516	0.38776709048021285	0.06446077414342131
735	1.2437708728371748	0.4268506185849509	0.35499353762069075
736	1.2911730192827628	0.3431356590052583	-0.26731308950613447
737	1.1162773881668073	0.3372805938787246	-0.31083751869769954
738	0.823661687467845	0.18279360657592403	-1.4592377148642102
739	0.525903725406657	0.1309058067905261	-1.8449527870042661
740	0.4461539879848731	0.12661702178318246	-1.8768340582345462
741	0.4970315921596733	0.17249174380662247	-1.5358180238708052
742	0.6047826390825617	0.2756125953857641	-0.7692550385351654
743	0.6412293071606214	0.28032727221560116	-0.7342078420639554
744	0.5964316472317914	0.12310111006363603	-1.9029700699396435
745	0.7466981621925817	0.33514870603339864	-0.32668519922097017
746	0.9562703489426329	0.4644509433995988	0.6345007061334099
747	1.189168187249843	0.38708647493539794	0.059401325196776926
748	1.1319828656260311	0.2968758955864553	-0.6111913818612258
749	0.991489678755906	0.3169444806465246	-0.46200880394872285
750	0.9745753098960002	0.45060960775390996	0.5316092403327338
751	0.6781834971915565	0.4756489506534382	0.7177426280033568
752	0.6367976042710232	0.2768050710279788	-0.760390607392114
753	0.7487645895154322	0.19242640033414407	-1.3876310220630304
754	0.6904696830862902	0.1868945460086491	-1.4287528194614822
755	0.6162406269827064	0.22004566194493838	-1.182319455014073
756	0.6242820945859946	0.1711270078682995	-1.545962975537276
757	0.5761887150016974	0.27592987078655906	-0.7668965283533494
758	0.6705010267920177	0.4319577316592308	0.39295796270752315
759	0.809243651779636	0.5051847778958267	0.9373012483848693
760	0.8825998229390376	0.4553776479381767	0.5670531206137915
761	0.8485899806785744	0.5051225987229616	0.936839030980268
762	0.9693221173956204	0.6065356973159084	1.6907072004055805
763	1.0651563665291506	0.5735917499325135	1.4458138517934023
764	1.311630460850095	0.5139634577847768	1.0025587686625692
765	1.206297756237783	0.38218238102480695	0.022946070891745968
766	1.217333040761313	0.4268798260195223	0.3552106550891387
767	1.0030041123003697	0.41687294005511466	0.28082309659518584
768	1.0107853060809309	0.5131071657151018	0.9961934041878052
769	0.9437801831629679	0.5400284476555528	1.1963164436828435
770	0.7256382386530903	0.3444972252406002	-0.25719170026125504
771	0.5743260340560649	0.29927894968724206	-0.5933279498083163
772	0.5545734098742207	0.21134463275016108	-1.2469997482127975
773	0.425880927343368	0.16800880516015562	-1.5691425627908002
774	0.3838141788245407	0.1824768788059532	-1.4615921541572294
775	0.4258437227264922	0.18485453255132997	-1.4439175391279724
776	0.5986992883467742	0.10184839796335649	-2.060955018517827
777	0.6979636013140614	0.15013607074163815	-1.702001983966692
778	0.7159159421971356	0.2474745999201265	-0.9784226847986953
779	0.9242544096105147	0.30498523461132077	-0.550909498645503
780	1.0298245308930782	0.2595096114419063	-0.8889587769720222
781	0.846266502531606	0.3433521170733254	-0.26570401878652167
782	0.7465842967261278	0.2969186620655009	-0.6108734713770951
783	0.5546063371749126	0.21365409302047847	-1.2298320587279035
784	0.6341726922084294	0.24675386238581656	-0.983780386053907
785	0.934874251476229	0.13351752120746285	-1.825538249889484
786	0.9844256517781804	0.34117454073328257	-0.28189133099794583
787	0.9103057503576497	0.3844592487828224	0.0398714794688782
788	1.135506831357106	0.3684870989566937	-0.07885968561996677
789	1.1835536787036176	0.38422539471706596	0.03813309321591413
790	1.2963586365411326	0.3648751828460497	-0.10570935912593293
791	1.0163438818684138	0.44365806530417307	0.47993399666130165
792	0.7969414986353598	0.4961640689943539	0.8702445722668504
793	0.6381318094769882	0.634070953148579	1.8953942989879005
794	0.9078745458410638	0.40620315542102553	0.20150778997440452
795	1.0331008427273718	0.42698194273764833	0.35596975371081074
796	1.2027940363803247	0.49797881866358257	0.8837347626869049
797	1.1178579996594973	0.470491626675314	0.6794049532802203
798	0.8159123274988184	0.4619518113396502	0.6159230654013418
799	0.6919971205972327	0.3427567324474152	-0.270129892014599
800	0.7615137352879381	0.14768460997560898	-1.7202252536009452
801	0.7933772734179996	0.23989164518078862	-1.0347916182746835
802	0.7237030385045506	0.23618186703604052	-1.0623687626254408
803	0.6934812972499855	0.23716636985160844	-1.0550503259968032
804	0.770463501364807	0.47799696207110953	0.7351968927264417
805	0.855342789543183	0.45483458428471657	0.5630161825062334
806	1.1455523274728838	0.37310807295299486	-0.04450904200600836
807	1.2148617652384808	0.23401430209539817	-1.0784816537271251
808	1.0578686166338043	0.4687525923041521	0.6664776029068958
809	0.9391798572363907	0.5463636205262132	1.2434098196003587
810	1.247064712237805	0.5709414251786133	1.4261122994463542
811	1.3835798718582084	0.5092772502293091	0.9677232024447633
812	1.400730222092047	0.5403788443165808	1.1989211652926441
813	1.0390899641573568	0.5264254005176998	1.0951963281681727
814	0.7155165056540298	0.3954309514938006	0.12143113549914102
815	0.7902303254344153	0.22624689503384177	-1.1362217388238252
816	0.6642316528545374	0.19967375010484723	-1.3337568541238907
817	0.5426982224852094	0.2016407446056879	-1.319134930879337
818	0.532637648834549	0.15188405309244601	-1.6890081175601395
819	0.5197425248223303	0.40643918245511956	0.20326232928536223
820	0.4986362969055244	0.5030405489016299	0.921361828239824
821	0.5194466094976672	0.19200765664708302	-1.3907438106594046
822	0.7078187973695921	0.2145412568222117	-1.2232372050011922
823	0.7547209803984647	0.28569327053497456	-0.6943189580214489
824	0.7499253030208942	0.2931185475682546	-0.6391221433868554
825	0.7413016866198034	0.2611286321218256	-0.8769235648232304
826	0.8249528171720771	0.30663356864649416	-0.5386563816523494
827	0.8063056551386159	0.43716792251556985	0.43168863061651064
828	1.2226971442813106	0.2934720352520219	-0.6364944442358249
829	1.6213750600927137	0.24867156723428555	-0.9695248641965569
830	1.7112960244050504	0.3801165882432702	0.0075897170850254365
831	1.4042742223167863	0.36174097590564225	-0.12900791603374248
832	0.9555525886666422	0.5615471808160776	1.3562788962767613
833	1.1663528694235559	0.5628437041401985	1.3659167801254284
834	1.1854553401550307	0.5442064349047266	1.227374084590347
835	1.2183025946466628	0.5337915281496272	1.1499534476200035
836	0.9760289657034962	0.5753607362846958	1.4589638543232604
837	0.8407820922500931	0.6248274337848633	1.8266813307574195
838	0.7991801935275479	0.41278965991480665	0.25046947396325864
839	0.8548456694394448	0.4574514694736919	0.5824691572637394
840	1.0022746949502934	0.48076446780297016	0.75576952593555
841	0.9252562171687382	0.4138624796344113	0.2584444264039485
842	0.8428668291233048	0.4225222496796233	0.3228180140588491
843	0.8277724800489921	0.41915809327627074	0.2978100962982903
844	0.7732472264827357	0.49057122043987583	0.8286693659065685
845	1.2221436668630767	0.4681346878722098	0.6618843256138132
846	1.3036458857888096	0.46477076655720373	0.6368781554147025
847	1.2570997993096937	0.440810073829494	0.4587630616505009
848	1.370404298023642	0.433924787804337	0.40758034419317457
849	1.3966955707956925	0.2779198200436853	-0.7521039677814613
850	1.2973817657810018	0.2617252740028667	-0.872488345616801
851	0.9441694713809909	0.29483439402019473	-0.6263671635895122
852	0.6292008507330668	0.2583640146065266	-0.8974747280786303
853	0.8829542804792894	0.29612167436547104	-0.6167979886910525
854	1.0067425230317206	0.3781232750478234	-0.007227849783474994
855	1.012121729093732	0.23136728373254295	-1.0981586275631228
856	1.0884854938326838	0.23843700017121508	-1.0456049213464342
857	1.2200486525679393	0.2390087830298991	-1.041354495090206
858	1.180486880317198	0.27339789828269034	-0.7857182930268478
859	1.059718287593933	0.2899269512256908	-0.6628473122821529
860	0.8699805763307222	0.2682992876062674	-0.823619514373758
861	0.5506484764700775	0.2144432417497681	-1.2239658134774576
862	0.5163119614723375	0.08928359614608	-2.154357195126213
863	0.6339578146292907	0.19093780082619285	-1.3986967305527287
864	0.7449892287457051	0.22534708677032317	-1.1429105868904368
865	0.8039172917028111	0.28422959690292243	-0.705199376595978
866	0.874021092344951	0.2563900090751961	-0.9121487687793554
867	0.9683180869397902	0.23418521046621046	-1.0772111829257065
868	0.8374239855789254	0.12421759474651634	-1.894670528009141
869	0.6864465307539611	0.21582696959177558	-1.2136796828916638
870	0.6687142552899767	0.34767051487915646	-0.23360261675955954
871	0.6958183454035043	0.46091528803460047	0.6082179273335178
872	0.7912760849247502	0.3997125979516678	0.15325934134338315
873	0.7569536464851412	0.3517313443741757	-0.20341588407677194
874	0.7783016174634816	0.41927385313901855	0.29867061310562
875	0.7009402067646843	0.41597344249826	0.2741365582091502
876	0.608555251945359	0.25814026791041295	-0.8991379798139034
877	0.4965407239973162	0.2648231677537401	-0.849459727780964
878	0.4863854077199045	0.1902319963082777	-1.4039434251836511
879	0.491090043485205	0.12994755324036267	-1.8520760961204443
880	0.39940796672214063	0.10841215636005924	-2.012162420759489
881	0.4344758782533741	0.20631889731620853	-1.2843592414555496
882	0.460587607881899	0.3126110668787679	-0.4942218291869478
883	0.6347000804883117	0.3960024304149328	0.12567930239391606
884	0.6722377137066059	0.30926285009186477	-0.5191112576237326
885	0.8046183771520304	0.27510662369876926	-0.7730162484256832
886	0.8022819407240691	0.2551282106921933	-0.9215285200183564
887	0.9153901968508735	0.2652899043530692	-0.845990177292695
888	0.9578365716596764	0.33109320084848026	-0.3568323529148019
889	0.8648553330841489	0.41927027725748656	0.2986440313000938
890	0.8704256252988096	0.5254127147946608	1.0876683900337227
891	0.7365408066615637	0.3696249171201326	-0.07040155833747938
892	0.5902430420535574	0.5539040354765128	1.2994625277234584
893	0.5571978695911018	0.5811084034571234	1.5016899261015797
894	0.46418065152289256	0.42378133387324346	0.33217758899903116
895	0.516468666035172	0.3917610235262462	0.09415022290295098
896	0.631946408033799	0.37577507440774005	-0.024683521117297103
897	0.6701692791034464	0.4457655909902471	0.49560057773436983
898	0.6987968763783157	0.39383512008334337	0.10956830396352647
899	0.6768453144947579	0.5437848144086993	1.2242399108401876
900	0.6514770038743856	0.3682435983831252	-0.08066978051103096
901	0.6482844815840813	0.38450808395170033	0.04023450239073326
902	0.6727190153664421	0.56066382678667	1.3497123630148515
903	0.7601593803597635	0.33070357901376135	-0.35972866022996075
904	0.7475204511152188	0.23091280365639846	-1.101537067506256
905	0.7384431725132993	0.4359174024523214	0.4223927183133608
906	0.6848961927400669	0.3974519949038575	0.13645483871901953
907	0.7132531988512884	0.4992850208236843	0.8934445954895462
908	0.7045194581701785	0.5094724211149905	0.9691740319762054
909	0.6714051196686067	0.5827362350246102	1.513790635190843
910	0.5887340222029449	0.44830896090731265	0.5145070666411486
911	0.5861393253733089	0.1510435816873273	-1.695255876956333
912	0.48981162803136	0.19006552867391224	-1.4051808851619856
913	0.5276297223927089	0.20981665195293672	-1.2583582029144338
914	0.6053020559230032	0.16257473735732192	-1.609537450669122
915	0.4943933343884329	0.13829583188014027	-1.7900180225250153
916	0.5214606563887484	0.3101660790895614	-0.512396981060717
917	0.5657071479263827	0.3411633551806976	-0.2819744803363274
918	0.593525452974871	0.29986443993389533	-0.588975627804701
919	0.5184258132340647	0.2877179872609554	-0.6792679487041365
920	0.4993668255885311	0.36415300293280756	-0.11107778250264894
921	0.6023320975014976	0.2548916729616014	-0.9232868556617339
922	0.7124891508770037	0.3288973867471161	-0.37315523802491934
923	0.8362886099428027	0.4857097291181245	0.7925308037853572
924	0.958004747652449	0.5922834259290388	1.5847609874444928
925	0.9536541846728604	0.5327839707789503	1.1424636317957986
926	0.9166420356093186	0.5021402940628201	0.9146696604945721
927	0.8584409807747153	0.5301233903281017	1.122685842319701
928	0.8258138676438233	0.4764958806273111	0.7240383980556818
929	0.7506606782269063	0.45721800657877354	0.5807336788328191
930	0.7631017164498454	0.481511002606119	0.7613189947247943
931	0.7502866188520069	0.543841715436654	1.2246628924311045
932	0.7179580046941774	0.43727068458339896	0.43245252653366073
933	0.5602062686421295	0.30790753326565823	-0.5291861910291765
934	0.65085014008814	0.45536167878535294	0.5669344117273306
935	0.7968376961504384	0.3588561771726459	-0.1504524628445395
936	0.9610017190441303	0.23875149978544924	-1.0432670453545043
937	0.9886243785157791	0.2762787653653644	-0.7643029726776462
938	1.0004696950835765	0.2849947441522656	-0.6995115496366775
939	0.7811626099477575	0.3241479740309733	-0.40846064846834806
940	0.8902493664920145	0.21002445946056297	-1.2568134373216198
941	0.8240534862676726	0.21870910990817796	-1.1922548977850163
942	0.7466211919368614	0.22499353317365467	-1.1455387760140532
943	0.8005856603448962	0.15868218402049114	-1.6384732794638366
944	0.493815116838723	0.3069888657466529	-0.5360152319565503
945	0.5397616419280683	0.49451139353675416	0.8579591827149972
946	0.5835291420460723	0.37837173603261137	-0.005380880995670383
947	0.5707537393534304	0.32827908164485625	-0.3777514937557287
948	0.5602584636618263	0.33423133305937797	-0.333504616970753
949	0.5865365921792666	0.39160867539539657	0.09301772218940933
950	0.5719952730904447	0.4008560832319873	0.16175959591601285
951	0.8581706369076478	0.3288815775312924	-0.37327275799776743
952	1.0338280457393272	0.49681209013887007	0.87506172627105
953	1.0793842147524288	0.493117894368054	0.8476004156328447
954	1.0256597244246506	0.540113352028762	1.196947591979222
955	0.9685314892935379	0.6192494552182966	1.7852166624905559
956	0.7500509241560228	0.59503622643073	1.6052243073094408
957	0.6146783591891081	0.5484786855332672	1.259132445249371
958	0.5671007187730206	0.43546452110901906	0.41902616276995325
959	0.6792239118165528	0.4314825018194324	0.3894252765520285
960	0.7695995103737578	0.38394742699059986	0.036066782019256845
961	0.776097037546644	0.28139133181730136	-0.7262980091604873
962	0.8247220136957195	0.2644267455783091	-0.8524065863609518
963	0.8171860003588363	0.31675479781644655	-0.4634188372665716
964	0.7688759195708924	0.28734116671631904	-0.6820690958747506
965	0.822653007056922	0.46631151678588	0.6483315334353855
966	0.7712355774947235	0.5221298175831903	1.0632645236144904
967	0.6732786412123914	0.4567612558954919	0.5773383600202919
968	0.8271583743465867	0.33329599742345667	-0.3404575626299766
969	0.6371893549782207	0.3547701004193505	-0.18082687448244975
970	0.7021370834966131	0.5150937648490168	1.0109610611595896
971	0.6696682372286168	0.4437759123393218	0.48081002875076934
972	0.6008225704428933	0.40060702629949096	0.15990819706922968
973	0.6425762056361336	0.30667158095203984	-0.538373811968601
974	0.5219991312292231	0.38438958728764816	0.03935364119576501
