ID	SN	ssim	z_ssim
5057	0.26806008041321183	0.35526416583608394	-0.9126738937460555
5058	0.29963464597790596	0.3756708143490589	-0.7297506413048461
5059	0.2932003998655718	0.2820376205763673	-1.569069666693489
5060	0.3831959453181345	0.4573296082270866	0.0022310046326389733
5061	0.36890818159116856	0.5035098941785919	0.4161866867498362
5062	0.33014961020487654	0.4661395650679809	0.08120261813293544
5063	0.39497567028714087	0.48396532435185274	0.24099102549275625
5064	0.6492332160552899	0.5274769642209503	0.6310252184590943
5065	0.8042988874051786	0.42612510974698714	-0.27748314583882583
5066	0.5672641010371364	0.4544986761194559	-0.02314520098186007
5067	0.2565813867084923	0.4599973906135859	0.0261447516956876
5068	0.21954771196581407	0.34261639891488804	-1.0260472710486772
5069	0.21295179828693755	0.41537909466945155	-0.3738094008588628
5070	0.23175632061897197	0.45503924650724015	-0.01829957954411971
5071	0.39162782134382396	0.49854920210513465	0.3717195157756719
5072	0.5557572353480104	0.4364079374566586	-0.18530885824085297
5073	0.5065497444198863	0.4025431344065638	-0.4888697253408885
5074	0.36181206219284967	0.5298513895231742	0.6523093405767146
5075	0.32237996424736953	0.6038390276165815	1.3155274771503878
5076	0.39975744617983827	0.6638823070664212	1.8537497117920874
5077	0.41753748666355855	0.6839896709157325	2.0339902050311514
5078	0.453942717952727	0.6482855196690184	1.7139415959933084
5079	0.5577495982826605	0.6161740171793657	1.4260971480210465
5080	0.4420095494264257	0.5274869764615888	0.631114967229975
5081	0.26249479962028455	0.5212886820799689	0.5755540471135195
5082	0.2859500399313541	0.6075974552906229	1.3492176646284335
5083	0.30948943498544773	0.5517448377303473	0.8485601237792046
5084	0.2865586197032918	0.6179561887974336	1.442072364557859
5085	0.2901414320754783	0.6267294645766114	1.5207151725167698
5086	nan	nan	nan
5087	0.2854502275082037	0.540589164551431	0.7485617325803235
5088	0.34251393417147014	0.499478436211393	0.3800490817447236
5089	0.29312240704297865	0.5069440635200506	0.4469702534376288
5090	nan	nan	nan
5091	nan	nan	nan
5092	nan	nan	nan
5093	nan	nan	nan
5094	0.2839390248277067	0.30961218021027415	-1.3218939420926936
5095	0.2686390708964597	0.47300720551724645	0.14276349260861027
5096	0.29589575701098475	0.4952206733439046	0.3418829011811109
5097	0.3358797264214791	0.30553133138835414	-1.3584742820123947
5098	0.29258961312367826	0.4922616835389907	0.3153587985725377
5099	0.26103656022641075	0.7216091372611402	2.371207516077069
5100	0.30389828208285696	0.6383191542815373	1.6246040464914204
5101	0.378355430689612	0.43558592696859205	-0.19267728191524114
5102	0.4068056356254382	0.5134540142010644	0.5053248309198528
5103	0.3653503499203149	0.53062766939084	0.6592678393281277
5104	0.3875696696614827	0.5052896027942836	0.4321398251680811
5105	0.430843309486214	0.3564360764155158	-0.9021689989994423
5106	0.3704285574129489	0.4387030592723147	-0.164735605018912
5107	0.2864498145105942	0.566418966378706	0.9800976144843446
5108	0.3155946505368278	0.6178645012624429	1.441250486232363
5109	0.3925692506377413	0.39295186687184785	-0.5748449334388032
5110	0.4273857727954525	0.34453978799382295	-1.0088061946511995
5111	0.4860345429476002	0.527908111201997	0.634889978907295
5112	0.3832251568798577	0.43226137957226196	-0.22247820793427797
5113	nan	nan	nan
5114	nan	nan	nan
5115	0.28051151875822267	0.2825665005860158	-1.5643288366912214
5116	0.49621786163248455	0.6151951559093182	1.4173227288854409
5117	0.5690892868458174	0.6429587467567054	1.6661929112684999
5118	nan	nan	nan
5119	nan	nan	nan
5120	nan	nan	nan
5121	nan	nan	nan
5122	nan	nan	nan
5123	nan	nan	nan
5124	nan	nan	nan
5125	nan	nan	nan
5126	nan	nan	nan
5127	nan	nan	nan
5128	nan	nan	nan
5129	nan	nan	nan
5130	nan	nan	nan
5131	nan	nan	nan
5132	nan	nan	nan
5133	nan	nan	nan
5134	nan	nan	nan
5135	nan	nan	nan
5136	nan	nan	nan
5137	nan	nan	nan
5138	nan	nan	nan
5139	nan	nan	nan
5140	nan	nan	nan
5141	nan	nan	nan
5142	nan	nan	nan
5143	nan	nan	nan
5144	nan	nan	nan
5145	nan	nan	nan
5146	nan	nan	nan
5147	nan	nan	nan
5148	nan	nan	nan
5149	nan	nan	nan
5150	0.2987411484540368	0.6419894031739245	1.6575038077744817
5151	0.33337848955834687	0.6539710798641202	1.7649064157272807
5152	0.33981206892676596	0.46096133243505005	0.03478543431607046
5153	0.3372066250554965	0.45792013734253434	0.0075244513439028955
5154	0.33339796892508533	0.47886917612896823	0.19530963850459845
5155	0.3715067862862405	0.522594377752028	0.587258178680229
5156	0.4244229660709774	0.5192913083747301	0.5576497795768625
5157	0.405851013404863	0.530781374776787	0.6606456397590642
5158	0.3298734954421906	0.3711342863828353	-0.7704156456461764
5159	0.26897813119487746	0.3442885966099297	-1.0110578502769503
5160	0.3355013658969007	0.4226197131529852	-0.30890518683019563
5161	0.36862747761847886	0.4232162574810689	-0.3035578203261347
5162	0.3741406489338074	0.3181623282025196	-1.2452512303509407
5163	0.33736802465375165	0.3943887203418254	-0.5619651158713755
5164	0.29782109062259743	0.5288221040000489	0.6430829232421376
5165	0.3219460551131318	0.42724653603266627	-0.2674307874900719
5166	0.3868055149287477	0.282044825784784	-1.5690050798919244
5167	0.5987545414293932	0.44633767817677344	-0.09629960876676966
5168	0.721244006105352	0.5550995282574139	0.8786312499494118
5169	0.5469827137049514	0.46374159634750783	0.05970745505790549
5170	0.38176710557521665	0.417565335736303	-0.3542121442924681
5171	0.5868017298244611	0.5191427335139387	0.5563179686844618
5172	0.6438141234159894	0.4804034276302277	0.20906252274204423
5173	0.4052328904213806	0.40325835239254687	-0.4824585794774564
5174	0.24677665936750665	0.38785682295075713	-0.6205164215709255
5175	0.154484083267286	0.32306778254493107	-1.2012792051335108
5176	0.14153428663576378	0.2927890870540276	-1.4726945458422724
5177	0.1445269294644351	0.2485267764476738	-1.8694576797556777
5178	0.16369708459612728	0.27624401942224974	-1.621002955287375
5179	0.18006234434957122	0.27400762756468644	-1.6410497587621549
5180	0.18392115702919942	0.3347850761184002	-1.0962465022423595
5181	0.2049670527618432	0.34326666137921147	-1.0202183802909006
5182	0.19288232518827642	0.17836237918688547	-2.4984046498747503
5183	0.17802411492996154	0.27514826610482424	-1.6308251835954324
5184	0.19899937521447342	0.2897449188485165	-1.499982179515982
5185	0.21464661034957302	0.22984547363219132	-2.0369150977963923
5186	0.28336840091301047	0.20272799607730635	-2.2799935822024486
5187	0.5002906953895443	0.3750764980813711	-0.7350780356878606
5188	0.770925508795137	0.6578803791323508	1.7999490017970168
5189	0.7865531970631764	0.6945906999016156	2.1290168185433265
5190	0.4825431512330688	0.5956324759035813	1.2419647297097924
5191	0.40253680350322524	0.5710407377771405	1.0215267328279984
5192	0.338142038277936	0.5537252428652563	0.8663122866685925
5193	0.28941446555866596	0.4917374732758483	0.3106598277329069
5194	0.27227001191610334	0.5324829788353257	0.6758986563706432
5195	0.3313661649308027	0.4738157294020606	0.1500110236567671
5196	0.27656810114145897	0.42360737198121845	-0.30005190722145286
5197	0.3102424369141273	0.3934811428375325	-0.5701005541243637
5198	0.3103115188982171	0.36957900697433266	-0.7843570220401126
5199	0.32251650149046024	0.4134400283574188	-0.39119100647973143
5200	0.33400663777256784	0.5538525636786391	0.8674535783056118
5201	0.24695249170063757	0.4402455191283506	-0.15090914187153678
5202	0.29822128989885616	0.3372709189303198	-1.0739636441863287
5203	0.3999442804966789	0.454020457823981	-0.027431904206524308
5204	0.4747845099336449	0.5103951486304601	0.477905451466161
5205	0.414297896448839	0.45281973511021595	-0.03819506817939735
5206	0.3329130167454886	0.4226029689713412	-0.3090552800786699
5207	0.28051505433597695	0.4717709474037496	0.1316817926991961
5208	0.20333621540912725	0.5497547609466731	0.8307212651520286
5209	0.20585172573158983	0.3312060113005538	-1.1283288981714166
5210	0.28098705222025583	0.3105313192656155	-1.3136548671979662
5211	0.30435205811586796	0.3272594232775572	-1.1637057370851192
5212	0.32937684651690136	0.3272702425529547	-1.1636087541315727
5213	0.2666621267336459	0.3898909022200253	-0.6022831288564849
5214	0.2737098595870447	0.39701486531152297	-0.5384246026443379
5215	0.3174082775462581	0.3612996654561461	-0.8585722503572605
5216	0.5118683358515664	0.4104745424922842	-0.41777333915302384
5217	0.6412206505675582	0.6028535545671646	1.3066937906546423
5218	0.5589004518094559	0.541940585092955	0.7606757375191668
5219	0.48640718871724736	0.5258355602818295	0.6163118299806841
5220	0.43372761350881445	0.47946032863208526	0.20060867320351902
5221	0.25855429210439584	0.35447167170269783	-0.9197777356301059
5222	0.356865925676463	0.3700347121458496	-0.7802721243130235
5223	0.46679128383106644	0.4253823462833717	-0.28414120673856885
5224	0.4706002847687581	0.3823507362742341	-0.6698724577888476
5225	0.38904972929498627	0.4349653862288785	-0.1982397499662054
5226	0.41090036065662827	0.42688779152492434	-0.27064653906779174
5227	0.4444301553982233	0.41173468829355964	-0.40647751228694773
5228	0.3984608882376395	0.5027895624482964	0.40972970176974605
5229	0.3534381743225145	0.47048906694825426	0.1201911384640858
5230	0.37901213424063307	0.4617062124702099	0.04146246796142006
5231	0.5371310705094899	0.45009639815426755	-0.06260680110843182
5232	0.4251504174100327	0.611695532840247	1.3859524412213124
5233	0.3773199651079777	0.5837423793905161	1.1353830377368617
