ID	SN	ssim	z_ssim
494	0.20877118178052087	0.42704048665586286	0.0325923672756133
495	0.20790557033165807	0.34203283746273266	-0.5806035297920322
496	0.23779187862130716	0.21921767043323237	-1.466520941166034
497	0.26755785649197567	0.22665866705153978	-1.4128459055692484
498	0.33528025506555426	0.31886425355270576	-0.7477282618525453
499	0.40100866013181646	0.3624703595179413	-0.43317909458607384
500	0.41768977721040884	0.28902240995977463	-0.9629900203626085
501	0.28013926286466195	0.3907783776443651	-0.22898146373755
502	0.18633667826001804	0.34983532639982773	-0.5243208981870514
503	0.23238266763070825	0.20481371637845797	-1.5704227148507994
504	0.2837167482524977	0.4573903266601166	0.2515185173799013
505	0.3996663036455301	0.5731651967713669	1.0866513084828398
506	0.4443546073299254	0.5817722635473872	1.148737698154105
507	0.4435402251135116	0.6527879800675108	1.6610039049106846
508	0.37296446663497457	0.6863008348959367	1.9027462101604942
509	0.41897190896268327	0.6109912277197267	1.3595063656458894
510	0.48221082399446835	0.5375770098486642	0.8299387607037712
511	0.4160779973910681	0.5126974102726006	0.6504717536104729
512	0.4044486539715832	0.43329793232618696	0.07772995251160791
513	0.454982783223206	0.5461153981774955	0.8915297438741748
514	0.5490643874944676	0.6064978497814809	1.3270937422895284
515	0.4595648021984596	0.5155108464219178	0.6707662508680503
516	0.38488865598719246	0.5831309951987149	1.1585388005456936
517	0.3669078358997788	0.6353297427530366	1.535070302548063
518	0.3327057186014069	0.5598917379840438	0.9909042722391792
519	0.26284280543207983	0.6387663769476337	1.5598601891976946
520	0.23331223316791905	0.6264153015269759	1.4707666917982574
521	0.2608125990758365	0.2839142270985575	-0.9998374899927032
522	0.31949389313357685	0.2684172570592625	-1.1116236473005785
523	0.41490640174756593	0.29186218000801095	-0.9425055656256244
524	0.4140110149103966	0.3986033927697421	-0.1725363412701333
525	0.3717714388466722	0.2975851743707349	-0.9012232022680551
526	0.36678903550037995	0.20719899680212966	-1.5532166847695739
527	0.36462046422198435	0.23246790978959647	-1.3709413964355661
528	0.36692151916072224	0.2607805816186731	-1.166710196474145
529	0.3448377817051528	0.41558709637347874	-0.05002574998012133
530	0.3373305389108775	0.5173649491700427	0.6841406731545558
531	0.3894602245220423	0.5570443005765121	0.9703645096174826
532	0.47213059674971464	0.4535315127795524	0.22368327123947673
533	0.43538150761676664	0.47766432435602585	0.3977633826630967
534	0.45267529421615565	0.3962605100989435	-0.1894365385427419
535	0.3014729003799147	0.2367280434081545	-1.3402112623752205
536	0.22706440708401898	0.20356554552154238	-1.579426295770455
537	0.26034534641848833	0.15966480762786928	-1.8961007669522547
538	0.33830538585798087	0.16220112478551946	-1.8778052454374798
539	0.5143238970625762	0.43644869237811096	0.10045770883498323
540	0.5555585398324605	0.6611134936161916	1.7210593328338077
541	0.5034428992500807	0.5969276417520124	1.2580598100086653
542	0.38086561162682186	0.5505670298106072	0.9236412335882231
543	0.38927773511937175	0.48658760301627996	0.46213074153956457
544	0.3808001655059287	0.4920728462485844	0.5016981060813777
545	0.3053129607398094	0.4366259427139306	0.10173628999456276
546	0.34354115697681153	0.4443852792914659	0.15770764549578078
547	0.3136356465881452	0.6476977606287944	1.6242860129959984
548	0.35911141255707885	0.6919354909983413	1.9433913525232929
549	0.4150473347666994	0.6881215076045214	1.9158794875232255
550	0.4567120569275302	0.5280344886308465	0.761104545030393
551	0.4108216746853604	0.5812251659098677	1.1447912529835043
552	0.40740664041704094	0.6310824686095421	1.5044329292853897
553	0.3431973252178133	0.6028019597745562	1.300433734516455
554	0.3513445133487979	0.5941146204022539	1.2377683048746193
555	0.4209020882271933	0.46322530480323715	0.2936086668053023
556	0.484668589130531	0.32082464245600095	-0.7335871528633238
557	0.45628121742935934	0.39708429260574785	-0.18349424913651557
558	0.4229835508094548	0.5050405672679261	0.5952397273219852
559	0.3472065553366518	0.4876055641497325	0.4694737229810261
560	0.2891484071132417	0.33668357391877823	-0.6191900156979555
561	0.2310729238595126	0.47263087342877086	0.3614549858778633
562	0.18569879025673244	0.44282079181930784	0.14642233990214523
563	0.2141560811217824	0.18247617666678395	-1.7315527758723084
564	0.2814193766853954	0.2547572832723716	-1.2101587786643804
565	0.37635860699030815	0.39791072355306845	-0.17753285541587058
566	0.36701257370906326	0.7322758509773035	2.2343833216004776
567	0.34979695200002603	0.6801076699290608	1.8580723086516602
568	0.3201140082828101	0.5741021292857922	1.0934097964439595
569	0.3854455094811341	0.5511050805488834	0.9275224196727317
570	0.45042827410774605	0.5585999712388614	0.9815862158568098
571	0.3818538584006146	0.4385246935525181	0.11543277772039541
572	0.2990686624289493	0.366844796809985	-0.40162444009413834
573	0.22425631326394602	0.32718097066219376	-0.6877362863419171
574	0.23433421407328683	0.2915577478133986	-0.9447015629793152
575	0.3042689054240561	0.3501472177584514	-0.5220710947487233
576	0.4545696988862528	0.5374429457861731	0.8289717002822206
577	0.5016375129070572	0.712011072824324	2.0882049607548354
578	0.3753218342718988	0.7361338238244828	2.2622125010136624
579	0.37277716683986317	0.7315953043524916	2.229474252804212
580	0.3868059954335761	0.6257403266907041	1.4658978146542085
581	0.36684284270822887	0.4270719342080934	0.032819211685306215
582	0.3808897610951768	0.4977343217004374	0.5425367076822559
583	0.4311799141117082	0.566746869254112	1.0403532148762806
584	0.42338050725682264	0.5322486872409208	0.7915033305709134
585	0.3992173693973949	0.5563931723950881	0.9656676484161194
586	0.3589614806896918	0.5906021436050125	1.2124313336601769
587	0.3420229088105641	0.5595886823305587	0.988718204455114
588	0.41863476463301796	0.5950237581416384	1.2443262974429514
589	0.417142844082193	0.5376518669706927	0.8304787365827638
590	0.3477849380913787	0.36967667040120145	-0.38119694582002916
591	0.2593828673833953	0.28388955262658316	-1.0000154773282028
592	0.2607835263995022	0.2799572685444503	-1.028380694907507
593	0.2673985708186912	0.20836631933537778	-1.5447962967840632
594	0.23496138810332462	0.18492610814470722	-1.7138803905679418
595	0.17877706966272153	0.22321488368764117	-1.4376873621814035
596	0.19542372206820074	0.22742900094821333	-1.4072891634490283
597	0.20471151820527586	0.19664520147640785	-1.6293456455589908
598	0.2384903244077465	0.19895510747277337	-1.6126833228971171
599	0.3225230519297402	0.21430801302923985	-1.5019363632452425
600	0.3838403367730388	0.3544613981341338	-0.4909510987167429
601	0.31069226888120277	0.3182929619403193	-0.751849228331087
602	0.33593522519287833	0.3989652011561106	-0.16992646533365385
603	0.4200323919556304	0.48848037385025955	0.4757840929791358
604	0.41801049606798346	0.4430648682985064	0.1481829661167961
605	0.30716108275408055	0.379365674196265	-0.3113060897594437
606	0.314835301409102	0.44286292428489066	0.1467262590820538
607	0.3388843749239342	0.434611101423786	0.08720239305603869
608	0.26111224148281714	0.4739908901173495	0.3712653577831642
609	0.29268422875251515	0.47128632862762126	0.351756219198462
610	0.2629077355872942	0.1998598911564106	-1.6061567379626296
611	0.2694997589472419	0.2908014572189027	-0.9501570048593997
612	0.33688387914941553	0.5353268713267414	0.8137075659516121
613	0.46203436076876825	0.5937178959861159	1.2349065649423725
614	0.49758058053373205	0.5795842872625163	1.1329549057407304
615	0.4841653466055344	0.6248824516809126	1.4597096016969735
616	0.40115502620279697	0.5682789730627055	1.0514049234957816
617	0.3615964067717515	0.5280382579511269	0.7611317347215873
618	0.3230201597467239	0.41533025318474626	-0.051878467835695864
619	0.32847427085486514	0.4497976123334578	0.19674907819524295
620	0.42074118986335163	0.6129884941784041	1.3739134879394295
621	0.4318541413699052	0.5619624701369725	1.005841333458425
622	0.5482571911037895	0.6639234305295292	1.7413285886317524
623	0.5719901623803855	0.6464134182309924	1.6150215115512765
624	0.38129829282442557	0.44505566707690786	0.1625434343145417
625	0.2757498635036384	0.2675797840725988	-1.117664691891289
626	0.2732953300623545	0.4070218364886975	-0.11181056897603824
627	0.32802541244400024	0.3956928638812936	-0.19353120925711567
628	0.3717216522282222	0.35430213694755636	-0.49209991658311564
629	0.41868861933817414	0.367921704179943	-0.393856254677319
630	0.42090533201058344	0.47616461798383236	0.38694537036698007
631	0.4394850557231286	0.5795430553812114	1.1326574828536784
632	0.4822889927274996	0.5433189290621417	0.8713576369627661
633	0.42196365086639387	0.5708238829204119	1.0697624277670406
634	0.488844387190759	0.49201559746590884	0.5012851465538296
635	0.4534278929334914	0.3603063695323066	-0.4487888637431054
636	0.33902015094778526	0.46156222400194424	0.28161216609596146
637	0.4043140865359532	0.499543050942835	0.5555838318042828
638	0.5069818707767966	0.3972623354447444	-0.18220995131848147
639	0.5012782166285104	0.5660338694454299	1.0352100476267008
640	0.44245819549258203	0.4964132286014595	0.5330071079859134
641	0.46349939313219485	0.582761926692263	1.1558765543120748
642	0.4818437468993755	0.6899521663829533	1.9290847986042905
643	0.36553169291967064	0.5923800076944852	1.2252558144634484
644	0.26674229874653543	0.49493906702829343	0.5223733610600749
645	0.25211825244961145	0.3507168692388083	-0.5179619592317565
646	0.2121002289304968	0.24417272088890735	-1.2865096751707779
647	0.18199169002733112	0.23401094819606993	-1.359810811966424
648	0.18901538420546415	0.2659148381522449	-1.1296746464882101
649	0.20838366490499716	0.23445062487055213	-1.3566392393445734
650	0.2517372354523025	0.2182601205477362	-1.4734281508888891
651	0.32659493172710996	0.2651047586902928	-1.1355180900733781
652	0.3092773396297194	0.3166283041140632	-0.7638571047842133
653	0.29846950849880743	0.35571740745584485	-0.4818909756564975
654	0.23380392395520477	0.30574518305335446	-0.8423616304952521
655	0.2121106086917246	0.231425714269361	-1.3784591906931012
656	0.17920709760395742	0.22796927073583742	-1.4033919704290445
657	0.19156606414219302	0.20831971390571805	-1.5451324813335674
658	0.1879371157310014	0.24519041362033367	-1.2791686298259242
659	0.21712429367369082	0.22772571255189308	-1.4051488579622193
660	0.2602520617781842	0.2930712417482323	-0.9337840951998182
661	0.47448264840869947	0.4368950978298057	0.1036778189545553
662	0.6737117923710056	0.6048234207725661	1.3150153821896637
663	0.5461567270099845	0.647072404271799	1.6197750547945369
664	0.4270317122948111	0.5504202428603848	0.9225823976308264
665	0.3031917315282562	0.40324695828384705	-0.13904035181458588
666	0.2329973937639038	0.4991386495810474	0.5526667148369221
667	0.20816943030777083	0.47585158499889557	0.38468733189830084
668	0.2354065392592367	0.21695177786655406	-1.4828657764634616
669	nan	nan	nan
670	nan	nan	nan
671	nan	nan	nan
672	nan	nan	nan
673	nan	nan	nan
674	nan	nan	nan
675	nan	nan	nan
676	nan	nan	nan
677	nan	nan	nan
678	nan	nan	nan
679	nan	nan	nan
680	nan	nan	nan
681	nan	nan	nan
682	nan	nan	nan
683	0.47140087472126396	0.3693198700157221	-0.3837706969415433
684	0.5414752479170228	0.43165100846964183	0.0658499986344936
685	nan	nan	nan
686	nan	nan	nan
687	0.33902529447410784	0.5852225585169062	1.1736261257140235
688	0.27237740774199803	0.4808854752464201	0.42099889768525756
689	0.3181100963911207	0.42706889651245017	0.032797299510076566
690	0.38164905068657035	0.3795589086651391	-0.30991220833100375
691	0.3615255408091004	0.47341782439234387	0.3671315938847507
692	0.3161840543033098	0.43835467209163714	0.1142063414735961
693	0.3420419841162628	0.42741649293630934	0.03530465858857062
694	0.3875757843565738	0.40825795232091855	-0.1028939460154828
695	0.39259600608815504	0.489642613991091	0.4841678195323312
696	0.39009356515818927	0.48481048930799275	0.44931167355112234
697	0.40682942071226746	0.5079964141306614	0.6165614929018295
698	0.35608731747154637	0.3412218277716918	-0.5864536835105348
699	0.24070272774207715	0.3194318363413679	-0.7436340486781152
700	0.2124050952895452	0.3656739949076782	-0.41006992623083216
701	0.2991452215345967	0.2813861683057042	-1.0180734404517204
702	0.42269162629700785	0.3791828443173339	-0.3126249185082215
703	0.40577834272164554	0.38605822419453417	-0.26302991415864385
704	0.3623419540379417	0.39379785603257983	-0.20720069722404297
705	0.3126450066982649	0.3785342185606129	-0.31730372866858814
706	0.25699819629357323	0.4789820064569483	0.40726837739703414
707	0.28898520884047474	0.3484419394145579	-0.5343719840658496
708	0.3805115765545576	0.267123098396007	-1.1209589575931838
709	0.45214920999416885	0.33857920412080217	-0.6055160384350655
710	0.42263106515808946	0.3839205979216053	-0.2784495107768962
711	nan	nan	nan
712	nan	nan	nan
713	nan	nan	nan
714	nan	nan	nan
715	0.23106999870593042	0.37582018469255946	-0.33688119549880263
716	0.31096863973835787	0.4448188545659406	0.16083520615533817
717	0.31281018946971073	0.4017721508056796	-0.14967875792463345
718	0.36478216718774326	0.4327626330928004	0.07386861418815464
719	0.5274813232545764	0.5225093269708384	0.7212492320943168
720	0.4586526067193531	0.3781397972380057	-0.3201488554193497
721	0.3399201519703152	0.2921372311438682	-0.9405215061957691
722	0.249306719004379	0.1335819717708659	-2.084247222985483
723	0.20642414763900394	0.23000670368307288	-1.3886951103740532
724	0.20002047764042094	0.2991825772046793	-0.8897004643375714
725	0.20609343975976355	0.3082144280517576	-0.8245499286513908
726	0.2608783281454308	0.23306415409266498	-1.366640435713068
727	0.37966055764948564	0.2741209447031727	-1.070480551419228
728	0.4661519892794883	0.40167837283375113	-0.15035521784521308
729	0.4343468259397657	0.4349418837351749	0.08958846487535693
730	0.4130175410973556	0.4304151272502055	0.05693506803454738
731	0.43570709428005144	0.4421217337890771	0.14137974055939903
732	0.36398935695265566	0.4300611271755613	0.05438151673188406
733	0.38600421435318666	0.4007512372954589	-0.15704303610042405
734	0.5315575559356589	0.3841436252919417	-0.27684072063010207
735	0.6296563104251317	0.4217632855419539	-0.005474302039026272
736	0.5063596826772752	0.4740194800820755	0.37147158921332
737	0.3487985757908064	0.524208135220672	0.7335034499040103
738	0.26944746045345036	0.4421522386393215	0.1415997848635068
739	0.2372221309777899	0.17624020798115353	-1.776535438592264
740	0.22585041057806585	0.12939214797763138	-2.1144701827289154
741	0.27132194709010116	0.19346559919359194	-1.6522814530143886
742	0.2582351644179794	0.45653021716282977	0.2453141861253462
743	0.25116565445223654	0.4790237009539814	0.4075691373257427
744	0.30420525826582173	0.29128122497574305	-0.9466962384127066
745	0.4462722946187368	0.3093270198669955	-0.8165243363348105
746	0.6618669418115624	0.44889868398888827	0.19026473028208626
747	0.6692608343019174	0.42567263283340734	0.022725462830197753
748	0.6347313878676764	0.34831747356894616	-0.5352698085155152
749	0.49924282658921376	0.47976495075970216	0.4129160836756824
750	0.3445031479667858	0.5327124769539301	0.7948488406728734
751	0.36967837754903565	0.4561308596047941	0.24243345223404583
752	0.34996815976328954	0.25170651843060793	-1.2321652275150905
753	0.3465350681474066	0.7497433522773342	2.360383748983996
754	0.2818326793109088	0.7510836375086712	2.3700517895963062
755	0.3344532215615123	0.17905577739754205	-1.7562255531828213
756	0.309144590162275	0.17227502730969932	-1.8051379530947376
757	0.24088950149412733	0.28023650248041426	-1.0263664631827107
758	0.2381276781337057	0.3960447476641702	-0.19099292365631815
759	0.345324472881289	0.5409142804773382	0.8540118961960613
760	0.3780065896062429	0.47040484836755103	0.3453977316511453
761	0.4498183360930605	0.5450438478223335	0.8838002008562996
762	0.4838897412015676	0.6591851999288442	1.707149740124844
763	0.4833647158777471	0.7130692566388542	2.0958380852980065
764	0.4394267346801304	0.6811886640952278	1.8658699738469617
765	0.42294746719090226	0.6021378818212092	1.295643461168226
766	0.3523201179845937	0.4831641913026106	0.43743623420145317
767	0.2851630446653126	0.39830348797499954	-0.1746996805859783
768	0.3011113159614736	0.602526293837311	1.298445240265826
769	0.31715901016004516	0.5997433644683201	1.2783708012348476
770	0.30046227964846234	0.36513161435767394	-0.41398234506688664
771	0.27298834236513253	0.238116557576959	-1.330195326169329
772	0.19961368545586147	0.20958158311089994	-1.5360300884713016
773	0.20386560479422258	0.21152843254567757	-1.5219866453582955
774	0.2004820293405935	0.21392392634184887	-1.5047069419291839
775	0.20514282211385926	0.22330114330275228	-1.437065135328046
776	0.2495629931241765	0.14915180705547457	-1.971935458042421
777	0.3468661688804626	0.1843025763527511	-1.7183781874150241
778	0.3851772958340723	0.27040445945873515	-1.0972891212953813
779	0.4715591968217571	0.3216811718285595	-0.727408646552938
780	0.4453462493116167	0.4421380684799264	0.14149756954895173
781	0.3559789418612525	0.412333130694733	-0.07349797186067983
782	0.34553576418266874	0.2694142983323022	-1.1044315696035936
783	0.21213738498426157	0.2605460895904089	-1.1684016860164566
784	0.20959614050570688	0.27903605690043143	-1.0350257816238793
785	0.2715787961229335	0.2991610801768103	-0.8898555314334565
786	0.2754902804116113	0.5867830088894532	1.1848823100116226
787	0.2807716703881693	0.5479463561215254	0.9047372129624185
788	0.27484792252313356	0.5228644822265854	0.7238111162037257
789	0.30452896221912273	0.45823185377613707	0.257588806109361
790	0.3479935452691829	0.4307936202422604	0.059665297043347054
791	0.3436395609564953	0.4692002482993173	0.3367084451403493
792	0.25948278672907654	0.46751267724227946	0.3245352859245863
793	0.25244702187135815	0.5978615833247105	1.2647967230501997
794	0.3277549994260908	0.3043742520502535	-0.8522507319378114
795	0.376194197513043	0.3291610252999527	-0.6734533201457211
796	0.35235535819892083	0.5159980509104447	0.6742806615855953
797	0.3169208252374064	0.4901928795289119	0.4881371160990778
798	0.3514854428923979	0.5191166933754477	0.6967767402574818
799	0.27885661147163804	0.33286763279537324	-0.6467160026242326
800	0.2267313899341131	0.20370695994226162	-1.5784062141261053
801	0.2109158639389365	0.38898864811579775	-0.24189153493931914
802	0.2332278756118629	0.43722241694784264	0.10603890930486093
803	0.2548480671272357	0.37390626920964903	-0.3506870721768952
804	0.2465315830639646	0.5146795833152076	0.6647700007510714
805	0.296955143052103	0.5086671861559549	0.621400053404111
806	0.3047386033882923	0.4864704794324585	0.46128587990968944
807	0.30605300278871433	0.2768934963776768	-1.0504809710596839
808	0.33484346010320687	0.4066884241093535	-0.11421561258077081
809	0.31838219622633906	0.4362384062697475	0.09894082676516121
810	0.36971903989910543	0.5432871672517865	0.8711285256771567
811	0.339702011653561	0.5186158580961966	0.6931640049182678
812	0.2981358896329332	0.5444404272613106	0.8794474747694405
813	0.32756580936428437	0.5221999272767868	0.7190174020796387
814	0.28049757723603436	0.4461931472796553	0.1707485570292724
815	0.3252508918395442	0.31727753259587166	-0.7591739469145026
816	0.3101104023598037	0.29481311171735786	-0.9212192551127045
817	0.25639504506115335	0.2863761879858233	-0.982078331503535
818	0.2718922462430562	0.20964155320026184	-1.5355974990150287
819	0.2180238305196338	0.36293895839210905	-0.4297988939836863
820	0.22269425514726898	0.42562598064897506	0.02238894101887079
821	0.25727697144435885	0.19738292447182232	-1.6240241395738897
822	0.27494421802475566	0.33544358631324966	-0.628134567386444
823	0.2639993879249717	0.30743946928935967	-0.8301400318716246
824	0.28835687426618806	0.35126635602705814	-0.5139982801129259
825	0.2538749825920845	0.34628543889756086	-0.549927728538239
826	0.20578357447631745	0.30946168570176513	-0.815552935076927
827	0.27437954924435204	0.3696532212371808	-0.38136609449433795
828	0.3814111098841639	0.46726497274108764	0.3227484892626656
829	0.4577428360309553	0.49939130020617994	0.554489189969376
830	0.4922486231995444	0.5899560801353241	1.2077710063529463
831	0.4370894270887845	0.4085937854250696	-0.1004714407054366
832	0.3513881730543622	0.5147133928313169	0.6650138829988086
833	0.33779702781863735	0.6225747725751547	1.4430633425328765
834	0.3896120237168486	0.6452683263712797	1.6067614827561487
835	0.4415884654897665	0.630897947304888	1.5031018995720709
836	0.4361170431661885	0.6327952726731637	1.516788104781508
837	0.3733820528413091	0.5642359822437868	1.022241131700873
838	0.3547673644393879	0.3320482021887655	-0.6526268999455069
839	0.33417654744855857	0.4314450373878965	0.06436424266500594
840	0.33824300229516324	0.4899779153503816	0.4865864891432398
841	0.35192918598729817	0.4232812845838098	0.005475662970638751
842	0.3292220463467966	0.3100466569186556	-0.811333291862409
843	0.30450466752183275	0.3536170363770874	-0.4970418349031462
844	0.24656047548772603	0.42801803089169377	0.03964380464981705
845	0.2635981748995845	0.45401978457766407	0.22720538090958056
846	0.2791855816855457	0.4598466951155246	0.2692373353079275
847	0.32558729187245006	0.4815871271272671	0.42606020756253304
848	0.3887448674692061	0.45141025892189446	0.2083817757328832
849	0.37455482804243795	0.42006824578967816	-0.017701336092169413
850	0.29597254909058096	0.3407138898705156	-0.5901176530464853
851	0.279025762466675	0.40824261119462896	-0.10300460800633261
852	0.2906252180896498	0.39207379988247487	-0.2196370387485188
853	0.2818826257427324	0.4675925937321459	0.32511175714993235
854	0.27199551538765054	0.4253075691835332	0.02009210531006695
855	0.2909463856557118	0.39682778838438754	-0.1853445218779877
856	0.2712773824502298	0.4508892239468778	0.20462333149943443
857	0.28093272799777086	0.37754352473449304	-0.32445001956350267
858	0.26311436854214276	0.3631837649026467	-0.4280330017461997
859	0.2594492561391309	0.3190131917318364	-0.7466539081770054
860	0.21497787341607924	0.2761658153534931	-1.0557300400862801
861	0.1896946218618124	0.17171345280191122	-1.8091888260143152
862	0.19258457207565677	0.13780567723001508	-2.053779860547447
863	0.20481865818540285	0.20486650262494951	-1.5700419454720735
864	0.2584888928001146	0.21454243330865205	-1.500245391257552
865	0.253568429932826	0.29410869489366814	-0.9263005096846385
866	0.27941177469889217	0.27715424173645853	-1.0486001052117042
867	0.27021538674498324	0.26756812677353337	-1.1177487808882869
868	0.23751034616089342	0.2151490493581963	-1.495869614769123
869	0.20472616441855415	0.27112499069743573	-1.0920916266760856
870	0.26879210696287303	0.32463395720288757	-0.7061089647755285
871	0.27650619418669947	0.42225111055361103	-0.0019554152273757444
872	0.3490286928699801	0.48402082753691766	0.4436155113505383
873	0.369366021871658	0.4208803988487512	-0.011842934779563948
874	0.37187569921308394	0.5034168272584885	0.5835270082767887
875	0.3640882722615605	0.4937641558245266	0.5138982328050654
876	0.24793257652678238	0.30161541321267793	-0.8721513958419359
877	0.21426520101957272	0.22225282314705164	-1.4446271091549954
878	0.1834282477118245	0.1441549824750694	-2.0079796535960472
879	0.17212414338938636	0.11850883900675141	-2.1929760639149865
880	0.19652562171152055	0.16474566357912868	-1.8594504178074889
881	0.1894781589097799	0.2465445457304857	-1.2694007058577375
882	0.2111914761072696	0.3469179735219216	-0.5453649904776907
883	0.24924499486261667	0.3884481872342076	-0.24579010640038512
884	0.29554477790704925	0.32048524512711324	-0.7360353684242181
885	0.428550332784995	0.4505747180412369	0.20235466823473922
886	0.4195743621534163	0.4034403080671883	-0.13764563857443496
887	0.376298750810954	0.43069982038812904	0.058988679277241884
888	0.3786469580450791	0.48233647888674175	0.4314655967096478
889	0.23352940324336224	0.4987036893213201	0.5495291636967145
890	0.22692279315280253	0.5705979446806808	1.068132640296045
891	0.271231659563929	0.4994707732219232	0.5550624622295067
892	0.37238291422717296	0.5188229576017949	0.6946579006832133
893	0.4224649663738773	0.5707684839040696	1.0693628113813969
894	0.40573410920361097	0.408886311947883	-0.0983613239656462
895	0.39186764980471245	0.3926401340031169	-0.21555183274125536
896	0.3862165674346659	0.46402771107115787	0.2993967604173547
897	0.36869710312753584	0.5075678947867688	0.6134704027942545
898	0.36316684100624413	0.43000832477037876	0.054000630793729694
899	0.39248084776851494	0.5228998500762163	0.7240662393660248
900	0.37684889271688293	0.31713356676630455	-0.7602124329430707
901	0.29961499580224576	0.33130838970041787	-0.657963478321219
902	0.24814027861125013	0.5185968003535459	0.6930265334117425
903	0.29784140300164164	0.3740069348174301	-0.349960928844465
904	0.34357869232844535	0.28726790719760686	-0.9756459860947143
905	0.3645212009738789	0.5385275494393967	0.8367954022245045
906	0.3219113050208757	0.5028828702677699	0.5796753521137611
907	0.3596026770816736	0.5738426164625281	1.0915378213926268
908	0.35927662651342507	0.5548564530435176	0.9545826459454988
909	0.32762621081594034	0.5488910427558975	0.9115516346492897
910	0.24125742528669997	0.408577140189981	-0.1005915097810896
911	0.23251132451511064	0.20010621578765078	-1.6043798948825436
912	0.23780503338993897	0.20793737036097226	-1.5478904859970744
913	0.2663168428435769	0.2232197704389287	-1.4376521119907681
914	0.26374251658975323	0.18045604312084013	-1.7461248480759186
915	0.22522278058192843	0.20423149693623577	-1.5746225083582348
916	0.25293440334753936	0.36283535200809625	-0.43054625037090183
917	0.30892913071584266	0.43926493237811226	0.12077243144582968
918	0.29205091604039624	0.4050957075406204	-0.12570454651093918
919	0.23211482929774246	0.4328208264139136	0.07428838706838455
920	0.23017265333451933	0.422564044006037	0.0003019052714754369
921	0.24056223901471768	0.28990947388574223	-0.956591255486706
922	0.27145231781771095	0.36211052012595113	-0.4357747673386564
923	0.3336432989423608	0.5445041361750644	0.8799070339372483
924	0.45163488828152304	0.6548610517496977	1.675957842137628
925	0.3972203564612574	0.6186398347424367	1.414678982335395
926	0.36136628417773126	0.7216248442942916	2.157553134439029
927	0.3613315342015535	0.7520530033209738	2.377044232564716
928	0.5044628063006329	0.5894527566001331	1.2041403221779785
929	0.49969625779762994	0.5194649640803497	0.699288963208496
930	0.5512987405488865	0.5085620295152118	0.6206415143636234
931	0.6045405281267243	0.5225556365375195	0.7215832824598232
932	0.5072523334701154	0.38329386154733003	-0.2829704236229336
933	0.3165033142134089	0.3262098637524401	-0.6947412885779172
934	0.26617667898095243	0.562850851965443	1.0122496049189138
935	0.2788427473185861	0.5447335611653681	0.8815619728053891
936	0.36639410056009325	0.389876032010367	-0.23549046199542978
937	0.3779134516495546	0.40095258326612887	-0.15559064300076997
938	0.38572086609195294	0.38218548116000345	-0.2909656371401877
939	0.37878138402321027	0.293423775952066	-0.9312411178393256
940	0.42867353945122977	0.37280004099245573	-0.3586667611865545
941	0.4517348570275736	0.3838426779180224	-0.27901158050768
942	0.3666406974572153	0.3627566724291511	-0.43111379923797566
943	0.3331747505971562	0.31085891318163733	-0.8054741460966404
944	0.24841271719117988	0.3930915331548988	-0.21229570096441244
945	0.2713350270634449	0.48044319745444214	0.4178085621098215
946	0.33119267502401734	0.39109459035264293	-0.22670048858817168
947	0.3579766150674408	0.35532071766941303	-0.48475246579012055
948	0.2813545179811286	0.34942079449555935	-0.5273110910145641
949	0.28477823152615317	0.4002445394358281	-0.1606980606955952
950	0.3063394099631366	0.37656998199195635	-0.33147259248499605
951	0.5171135183626461	0.42609808582605097	0.0257944340576165
952	0.6044764132474314	0.6893570192453797	1.9247917521975775
953	0.5649878205925697	0.6706952994577368	1.79017692500702
954	0.5473246464556136	0.6918475797992656	1.9427572121007406
955	0.5758454094474372	0.7517970655490968	2.3751980458614104
956	0.5028640204022174	0.7062922406244417	2.0469526208269424
957	0.4633518475339041	0.6146077380503335	1.385593774455332
958	0.46503863682766444	0.4122531987949949	-0.07407455424390592
959	0.477378532857575	0.45222651431218885	0.21426976888454327
960	0.5428978631269417	0.41838315796579756	-0.02985658270362068
961	0.3193764479052531	0.397115326684289	-0.1832703872863016
962	0.2968956777178658	0.4208870375588333	-0.011795046973904396
963	0.2615771992524867	0.3748585067860689	-0.3438181823718411
964	0.2676028782309164	0.3742415519353247	-0.34826853697808163
965	0.23378704729636723	0.5251357127129701	0.7401944561591915
966	0.3348212363500647	0.6259312234801571	1.467274833418602
967	0.411792482113468	0.4564664828223134	0.24485444354361496
968	0.38395517919244776	0.3767108952741408	-0.33045612576349503
969	0.4347285859984024	0.38932216710142825	-0.2394857223386419
970	0.38696051619036	0.606642742784498	1.328138916409825
971	0.25282041789065407	0.5134581862577016	0.6559595504979228
972	0.31834095647958627	0.4205276710596801	-0.014387308551726131
973	0.4706032509555909	0.3543785493905894	-0.49154872152011236
974	0.33484248871582795	0.3941433782332715	-0.20470830038892335
