ID	SN	ssim	z_ssim
5057	0.3994827203894302	0.2409088780187088	-1.330918721440916
5058	0.39785041412107913	0.25471749241626923	-1.1945472682003877
5059	0.3731944540712616	0.19256576129590766	-1.8083468609962936
5060	0.5423024245248341	0.37304276846083506	-0.025987600683355944
5061	0.5409387026282456	0.422804864276217	0.4654541274481033
5062	0.5353890036936612	0.32615644526662757	-0.48902870292666184
5063	0.5740121054336734	0.33676481049969004	-0.38426234899077316
5064	0.7026769949866672	0.4273449235823283	0.5102909566582784
5065	0.9257862428972632	0.38039409155316606	0.04661277647823286
5066	0.7805203990472996	0.34872819680633593	-0.2661140446537813
5067	0.6421480990965864	0.3525145942576238	-0.2287202477012364
5068	0.5971837937887521	0.2493268539883068	-1.2477842675944288
5069	0.5917870358186713	0.2442753994930345	-1.297671545974828
5070	0.5812519593608785	0.3490830139137839	-0.2626099331488771
5071	0.6312179972344033	0.43550259994925494	0.5908547372951135
5072	0.5844014462693106	0.4161610429958877	0.39984091405944333
5073	0.5925716372034102	0.40110505504850563	0.2511506184770632
5074	0.6488967895591774	0.5025300938623047	1.2528065080396238
5075	0.7202191419053294	0.5017041431596724	1.2446495638032122
5076	0.8298587319952425	0.5165392100105386	1.3911580813942628
5077	0.7600238625277629	0.5644194891714106	1.8640153183871262
5078	0.754651481678701	0.4585443940036437	0.8184114529798605
5079	0.7879684104104863	0.37983732468155146	0.041114244531995026
5080	0.6504174214690768	0.40391713221300535	0.27892219920967326
5081	0.6451608909110021	0.35963823996271377	-0.1583683724728723
5082	0.7024772644002476	0.40047709083915484	0.24494895411403078
5083	0.6069363707596722	0.39996881164312714	0.23992927794532917
5084	0.46324072626344903	0.30583510372850825	-0.6897187068303151
5085	0.4167316070774153	0.3530431617817499	-0.2235002075635704
5086	nan	nan	nan
5087	0.3602911044448786	0.18339585117192403	-1.8989072846339912
5088	0.5184216135151808	0.39584477784977806	0.199201043712688
5089	0.6143514383311702	0.3030056539610228	-0.7176618563422049
5090	nan	nan	nan
5091	nan	nan	nan
5092	nan	nan	nan
5093	nan	nan	nan
5094	0.47826991340104236	0.2979559237933574	-0.7675321055656701
5095	0.482153938837051	0.42735812971782283	0.5104213781355702
5096	0.4828593851959283	0.41269094084562585	0.3655707940097523
5097	0.520202709085155	0.28284314579018016	-0.9167832497759739
5098	0.48543042476330855	0.43176641655242237	0.5539568455349376
5099	0.4517015086077433	0.618713130728979	2.4002097972650382
5100	0.47485138950784306	0.6618772129035233	2.826490700219076
5101	0.6010372082544386	0.3445021116841535	-0.3078501199063432
5102	0.5748556022933351	0.36623731028712125	-0.09319711167389719
5103	0.5890085669654984	0.3633114971608933	-0.12209192881097451
5104	0.563818704447597	0.4287722835875688	0.5243873136574605
5105	0.690737964232295	0.2706137476590468	-1.0375586402231356
5106	0.7104540828418163	0.3645359914625862	-0.10999903790976215
5107	0.6601405665129088	0.4595253778047454	0.8280994768981247
5108	0.7914491292726913	0.44485627340806216	0.6832299753885355
5109	0.9200097028679789	0.21554381145251963	-1.5814196688629159
5110	0.8924081113075915	0.18173445268471175	-1.9153149646219834
5111	0.723141829696887	0.33055955995413333	-0.44554431474460365
5112	0.4997904174147382	0.28647041795071726	-0.8809609462783292
5113	nan	nan	nan
5114	nan	nan	nan
5115	0.37104639224191516	0.2924668298204722	-0.8217414346485671
5116	0.4984365022840937	0.5978795180712178	2.1944606936554023
5117	0.6204462135338918	0.5334277809612222	1.557946645213337
5118	nan	nan	nan
5119	nan	nan	nan
5120	nan	nan	nan
5121	nan	nan	nan
5122	nan	nan	nan
5123	nan	nan	nan
5124	nan	nan	nan
5125	nan	nan	nan
5126	nan	nan	nan
5127	nan	nan	nan
5128	nan	nan	nan
5129	nan	nan	nan
5130	nan	nan	nan
5131	nan	nan	nan
5132	nan	nan	nan
5133	nan	nan	nan
5134	nan	nan	nan
5135	nan	nan	nan
5136	nan	nan	nan
5137	nan	nan	nan
5138	nan	nan	nan
5139	nan	nan	nan
5140	nan	nan	nan
5141	nan	nan	nan
5142	nan	nan	nan
5143	nan	nan	nan
5144	nan	nan	nan
5145	nan	nan	nan
5146	nan	nan	nan
5147	nan	nan	nan
5148	nan	nan	nan
5149	nan	nan	nan
5150	0.5590594142108843	0.6414456151683526	2.6247118254564232
5151	0.6558677289112768	0.623403426209795	2.4465303325795276
5152	0.6273522123818318	0.38177390968078173	0.060239618234623545
5153	0.6899842131770637	0.3734913363697705	-0.021557622710374248
5154	0.777271886647531	0.39543390698061637	0.19514335509103467
5155	0.8768446901468804	0.31177324667593487	-0.6310746488549089
5156	0.9117531874612743	0.3028423795050531	-0.7192743262248875
5157	0.9547423910427827	0.31442008282705947	-0.6049349593809095
5158	0.8311374071811535	0.25312986997943576	-1.21022634885793
5159	0.7697052707186507	0.3084658823380253	-0.6637375988201356
5160	0.7675685176793265	0.3941096493167794	0.18206521872752948
5161	0.8391791842069978	0.42905516913909447	0.5271810417355738
5162	0.9091435438975637	0.19702201989276913	-1.764337632888877
5163	0.7704213597165847	0.40684576674035156	0.3078448800092145
5164	0.6173747777282794	0.49609627061729056	1.1892671984061907
5165	0.6944468348764207	0.3426402892367252	-0.3262371517635363
5166	0.7338985182716142	0.21411320935894929	-1.5955480441576593
5167	0.9500072174856714	0.2896432529470221	-0.84962658448929
5168	0.9974989424522976	0.2819594141316884	-0.9255108285955023
5169	1.039715222957842	0.26959183013863197	-1.047650918372024
5170	0.8569950606775427	0.2590152040990331	-1.1521038216015131
5171	0.8871814743401493	0.42336448648271613	0.4709808581807278
5172	1.0344497453682644	0.44568018051977504	0.6913667374795488
5173	0.8911704382467776	0.4387325433545717	0.6227530917125939
5174	0.47167761609175707	0.411963896030497	0.3583906269665165
5175	0.3040790120997099	0.349956854976599	-0.253980032117069
5176	0.24154739996816432	0.294948519712636	-0.7972327006552052
5177	0.22714212389216967	0.33662575598990496	-0.38563562693402503
5178	0.23419526938989826	0.32457804107886534	-0.5046167457736037
5179	0.2924149888108093	0.2685695055010684	-1.05774721713845
5180	0.3105975545223163	0.2645672712311047	-1.09727258064635
5181	0.3017009915254023	0.29394147227976086	-0.8071781244283242
5182	0.24518084773592172	0.20061546678905087	-1.728849381766796
5183	0.1807931411572865	0.2755775459217263	-0.9885370394176265
5184	0.21075914485505556	0.35237565124094095	-0.23009242455817108
5185	0.26735276225106497	0.24926643003178278	-1.248381003988428
5186	0.3807680262341367	0.2704131238766764	-1.0395399655008766
5187	0.8051107896889573	0.41470104967514454	0.3854222761614669
5188	1.0908265081851496	0.6032539304975784	2.2475374479042745
5189	0.9569256457902321	0.646193797114368	2.67160403734576
5190	0.6637262335209719	0.5180284666861915	1.405865719051436
5191	0.6759426059067851	0.48837071784395636	1.1129709945689608
5192	0.7179185160767164	0.4744514838570766	0.9755070816711467
5193	0.6502212968024973	0.3892860839505716	0.13442853340545644
5194	0.6024080567909916	0.39334261410047366	0.17449011349808993
5195	0.5374594737575515	0.33120461555789166	-0.43917385876887516
5196	0.41583520505932015	0.3025529380655216	-0.7221327991027976
5197	0.4352994813689476	0.29216933634621955	-0.8246794280087533
5198	0.5725484546479952	0.31831653235663	-0.5664543074105147
5199	0.5569033404925915	0.3324598070606025	-0.42677780769585194
5200	0.5903548126731215	0.4992639090077846	1.2205502394279226
5201	0.5273838243695326	0.47614755843771095	0.9922572166742858
5202	0.5335847503197555	0.3091182629895425	-0.6572948019578293
5203	0.6842879095605761	0.3834184360801907	0.07648067244346857
5204	0.8859899216197384	0.46284136419300703	0.8608475767199969
5205	0.7671387178354716	0.4108345070727583	0.34723697975714557
5206	0.791886285592251	0.4091760124996414	0.3308579783153037
5207	0.6390947332014142	0.5125128269954718	1.3513942291163223
5208	0.5173273729561298	0.6030762466442052	2.245782673340785
5209	0.5508488891625191	0.4244912825977076	0.4821088989300091
5210	0.6638870200842365	0.32504663340539036	-0.49998901016554254
5211	0.5775543520591897	0.308815814207213	-0.6602817330712354
5212	0.4902957295878555	0.2769066659523625	-0.9754108831726537
5213	0.6290987706275842	0.26946845236593187	-1.0488693756101135
5214	0.7760767012104367	0.4263548896055037	0.5005135547923157
5215	0.8961059943372095	0.3675018661981097	-0.08070857934759354
5216	0.9482421922668779	0.32396920419827746	-0.5106295119934258
5217	0.9201451649798359	0.43385129254392707	0.5745467150614567
5218	0.9839544825375504	0.3854600210353697	0.09664300729010918
5219	1.1647873175217685	0.37544565534424346	-0.002257111379454538
5220	0.9958701922370665	0.5010403615519263	1.2380941730973456
5221	0.6748761528282872	0.43584705493825493	0.5942565143361306
5222	1.053557542464014	0.38538627629570965	0.09591471717882466
5223	1.239360662269249	0.37796847529047134	0.022657815812086826
5224	1.015038337923213	0.3113450357134582	-0.6353035851960374
5225	0.7084695231085826	0.34851600239306435	-0.26820963945237886
5226	0.8015786457257189	0.3187719559087926	-0.561956624307759
5227	0.7624530036993873	0.2949467773414717	-0.797249908007147
5228	0.7238664450988316	0.4119059274879678	0.35781813981035837
5229	0.5892554124752656	0.41944060257612353	0.43222926911588355
5230	0.5621440280672829	0.3033265464917704	-0.7144927780051482
5231	0.574924039494187	0.2690772527873928	-1.052732794016661
5232	0.47706214614312725	0.43775253537893083	0.6130747048753843
5233	0.4721949153966283	0.45849553202960097	0.8179289006964404
