ID	SN	ssim	z_ssim
5057	0.8877256216879446	0.33870649065216585	-1.064612364924306
5058	0.7783165372045485	0.4058377798384375	-0.4438038586076035
5059	0.6724876807305236	0.37625832405805965	-0.7173451235418183
5060	0.7053602866931716	0.5028289620680976	0.45313930598456303
5061	0.8021337854130356	0.5511809056909733	0.9002824826147156
5062	0.8365227146086746	0.40942613559485386	-0.41061990215039096
5063	0.8735058912602812	0.44227547286920943	-0.10683982800045692
5064	0.7601836848198252	0.5316278328894026	0.7194619730284462
5065	0.7423437499172886	0.5223397013106756	0.6335683284737744
5066	0.5993069578945508	0.5033338817264678	0.4578086401016685
5067	0.5721848486657015	0.43385494959049486	-0.18471011088090014
5068	0.5810622161166331	0.316529770422207	-1.2696955195582502
5069	0.6683065288627426	0.2856363889570197	-1.5553875453624721
5070	0.7156522323255647	0.4185383581799797	-0.3263530072215484
5071	0.7814354874515063	0.5322072571840515	0.7248203019871894
5072	0.8021360549817527	0.46352933100938787	0.0897089957359649
5073	0.8112587220469604	0.41741803714089054	-0.33671337478342067
5074	0.9338072768221062	0.5092864058727893	0.5128556631647632
5075	0.9885079038328121	0.5300365597058866	0.704746391960737
5076	1.0560647422579574	0.5612273683434776	0.9931889283074521
5077	0.9403352822819845	0.6281819900181249	1.612363670468339
5078	1.1826984276460686	0.5269066631780766	0.6758021185539789
5079	1.3004436217811075	0.45947782501656653	0.05224197530146171
5080	1.0411963450241628	0.5220346133056897	0.6307469730228916
5081	0.945370517235518	0.41790068531689806	-0.3322500001505828
5082	0.9338725638713206	0.4534875675501156	-0.0031539933336881334
5083	0.7890747900732086	0.4576652115229826	0.03547951044905946
5084	0.6405416160305993	0.3719266717293568	-0.7574028469173322
5085	0.6286746650128963	0.4127298119227697	-0.3800685692123859
5086	0.47110808492800993	0.3080817638912071	-1.3478199586899255
5087	0.5677389541458574	0.2694154684597025	-1.7053933853677141
5088	0.7805419949448447	0.4416153254061772	-0.11294465877968773
5089	0.8281071686154029	0.3183144441151734	-1.2531914329687768
5090	nan	nan	nan
5091	nan	nan	nan
5092	nan	nan	nan
5093	nan	nan	nan
5094	0.6295217294613098	0.43298818507721903	-0.19272566948758832
5095	0.6774986415000714	0.47805224247208683	0.22401219595473296
5096	0.6599034666195734	0.484759378631671	0.2860376274839953
5097	0.669271607932618	0.38642754643400323	-0.6233034355281318
5098	0.5832107477871135	0.5905007405830138	1.2638996313963433
5099	0.4438465758717856	0.6842538104355653	2.130897777317105
5100	0.5204334394496679	0.7122660808346857	2.389946217408343
5101	0.7190443670788054	0.4456138150497585	-0.07596791644025808
5102	0.9006622324794543	0.4302858743447561	-0.2177157673951221
5103	0.8810942229127816	0.42853636604816947	-0.23389465574298285
5104	0.7645647530291675	0.5032105857144518	0.4566684383569639
5105	0.85450045563063	0.35049299877574375	-0.9556145400414132
5106	0.8194201669878354	0.4572447485620012	0.0315912046242735
5107	0.7536140609858444	0.5365355818626758	0.7648472523282531
5108	0.9123933628509862	0.5131277162793262	0.5483788626249138
5109	1.2151464624229078	0.2961178802614767	-1.4584580950336363
5110	1.1222305683253837	0.2628369414760961	-1.7662294807259422
5111	0.8754243059791579	0.3226427411920028	-1.2131647378802082
5112	0.5511063405559065	0.2918837989712145	-1.4976135129213757
5113	nan	nan	nan
5114	nan	nan	nan
5115	0.5345193277754127	0.4620681367088741	0.0761963422157351
5116	0.8036356695728138	0.6317739065020125	1.64558055538454
5117	1.0267301202030563	0.6161109246675339	1.5007343521461731
5118	nan	nan	nan
5119	nan	nan	nan
5120	nan	nan	nan
5121	nan	nan	nan
5122	nan	nan	nan
5123	nan	nan	nan
5124	nan	nan	nan
5125	nan	nan	nan
5126	nan	nan	nan
5127	nan	nan	nan
5128	nan	nan	nan
5129	nan	nan	nan
5130	nan	nan	nan
5131	nan	nan	nan
5132	nan	nan	nan
5133	nan	nan	nan
5134	nan	nan	nan
5135	nan	nan	nan
5136	nan	nan	nan
5137	nan	nan	nan
5138	nan	nan	nan
5139	nan	nan	nan
5140	nan	nan	nan
5141	nan	nan	nan
5142	nan	nan	nan
5143	nan	nan	nan
5144	nan	nan	nan
5145	nan	nan	nan
5146	nan	nan	nan
5147	nan	nan	nan
5148	nan	nan	nan
5149	nan	nan	nan
5150	0.694593142621683	0.7108462263436932	2.376815861110637
5151	0.7404350626811911	0.7166115981873185	2.4301321600524024
5152	0.735338298646115	0.4840932337391641	0.2798773344117106
5153	0.8147844489600868	0.433268055824464	-0.19013751510138582
5154	0.9038409718631667	0.45566881387843833	0.017017469056039746
5155	1.0536579655321174	0.39429630324177534	-0.550535710975013
5156	1.0247787410591287	0.4165847255157948	-0.34441957187188404
5157	0.9794331081504996	0.4756283769809003	0.20159706981406267
5158	1.038163164932921	0.3223415211843679	-1.2159503233393774
5159	0.8353902990261137	0.3376874029950343	-1.0740365588270055
5160	0.8136791803888264	0.44167954029410683	-0.11235082021138212
5161	0.9213359843966765	0.543872706557623	0.8326986146027175
5162	0.9805428617329701	0.2714993869008936	-1.686121979880893
5163	0.8942490493507073	0.49058363820377454	0.3398985011419642
5164	0.7619305444034736	0.5741805808727666	1.1129760591637912
5165	0.6297805277484263	0.46363543525580314	0.09069021357833572
5166	0.6934122390144324	0.30475522253394177	-1.3785827400432584
5167	1.191207924754313	0.33083469587498787	-1.137408183638463
5168	1.3652111435143177	0.34485358662998866	-1.0077660043309808
5169	1.2564474461231518	0.36149719822016946	-0.8538512534560864
5170	1.1230212304653078	0.3743947624158206	-0.7345787404374718
5171	0.9649284983519842	0.48723670430732	0.3089471361646984
5172	0.7632305819011762	0.5441778036570468	0.835520054156028
5173	0.5760509012730904	0.5247557517446028	0.655911183485992
5174	0.40596626919911316	0.47508624442280284	0.1965836028048967
5175	0.29643248247851267	0.33991562628938965	-1.0534306686098442
5176	0.251271550943834	0.31715369783114594	-1.2639256401549412
5177	0.2506561284976359	0.3039382531592743	-1.386137809271655
5178	0.3062172060613556	0.33301955115323334	-1.1172033468440714
5179	0.42714805349640805	0.28225402401907274	-1.5866665651816574
5180	0.4584362687473225	0.3160422305884052	-1.2742041306643552
5181	0.43020570157497234	0.2929051460240565	-1.4881684248560112
5182	0.3619443697994244	0.19376276402512854	-2.405005190952573
5183	0.2314098680365047	0.37744640382419653	-0.7063581451306936
5184	0.2594023943921291	0.3867537278880833	-0.6202870146646237
5185	0.30610118512277334	0.30677071915882653	-1.3599440774412457
5186	0.46461498527072065	0.28651824537332043	-1.5472324217051507
5187	0.5594166872551242	0.5290189895891095	0.6953362317816879
5188	0.725403759873823	0.6827652161331279	2.1171317374181315
5189	0.7769419944433057	0.7015502574283692	2.290849739395385
5190	0.8330176461594598	0.6009041614189702	1.3601071112174652
5191	0.8264287006298691	0.5728383420885848	1.100563467884393
5192	0.956952963689999	0.5621699267765669	1.0019054046339932
5193	0.8496128923501476	0.4599261150719918	0.05638761711884128
5194	0.7735956620003631	0.47209612739954393	0.16893196516435038
5195	0.6946536112435087	0.39495461094605855	-0.5444478936911998
5196	0.5804304205564689	0.3770273181998107	-0.7102337137909625
5197	0.6135859395090837	0.3515208614424985	-0.9461091976804741
5198	0.7128936357786714	0.389381780021685	-0.595983636324061
5199	0.7181276812750842	0.4436442712428177	-0.09418162220597842
5200	0.7960397943580757	0.6046478124501906	1.3947271882789112
5201	0.6760125320549021	0.5651365902555663	1.029340151463175
5202	0.5738923861583635	0.36119702619351424	-0.8566271475252263
5203	0.4838960406689029	0.4948927613121133	0.3797478815553174
5204	0.5013064559692485	0.5771445509688395	1.1403858984565352
5205	0.5707278167480414	0.4990436346657843	0.418133819287752
5206	0.6144305093525572	0.5542094565882252	0.9282895443234532
5207	0.5448930962839181	0.6106146175365172	1.4499062768682431
5208	0.5296737578363753	0.6658664324815163	1.960857237635823
5209	0.5411798318053432	0.4718901149382188	0.16702682838017507
5210	0.6475775529169335	0.42722969099877317	-0.24597836507569307
5211	0.682687818416243	0.394950537521371	-0.5444855634086524
5212	0.696279720642721	0.33484928013908766	-1.100282603440489
5213	0.8111252517181802	0.2922247194178513	-1.494460790609398
5214	0.9854100553170639	0.4701841095906407	0.15125024127100264
5215	1.0574103703319278	0.40952874118279337	-0.40967103877296157
5216	1.1359465704126728	0.36965310066726964	-0.7784280986616088
5217	1.1848085627520637	0.4951731637152813	0.382340952523988
5218	1.3111739492083745	0.48514466874960066	0.2896006662027483
5219	1.1637971815614134	0.49423124730846807	0.3736304134493339
5220	1.0864549430678827	0.6114080669405048	1.4572438409951673
5221	0.8152481646470043	0.5383900483292491	0.7819967599733887
5222	1.062473754346088	0.5151235056805975	0.56683527918036
5223	1.158002820048903	0.524008799653335	0.6490036115073968
5224	1.2544616887319666	0.44411328726677113	-0.08984431331770107
5225	1.092700707849446	0.4689872846216137	0.1401823900446905
5226	1.1575904643093018	0.42777208641895487	-0.24096246720276976
5227	1.0199866603103869	0.4331620090219446	-0.1911182017211382
5228	1.0771987717940386	0.5087206501499785	0.5076237367489937
5229	1.0008942240936136	0.5061814093521029	0.4841416569913187
5230	0.9658080286552121	0.46062326466319703	0.0628346316427916
5231	1.0299119001219499	0.43403472838722873	-0.18304757456407056
5232	0.9610764119352883	0.5396951358813081	0.7940657886428394
5233	0.8771450956335481	0.5802505646771533	1.1691093112530198
