ID	SN	ssim	z_ssim
494	0.6355103540986081	0.33503022945303756	-0.37528692494044086
495	0.7700059398895545	0.33021393954103634	-0.4097137118802837
496	0.6350165704410926	0.2329993329777667	-1.1046026427261635
497	0.7050122299496175	0.24562154414587395	-1.0143792171156452
498	0.7797971741055705	0.31591572067915297	-0.5119172219203942
499	0.8187175551819407	0.3417049802386011	-0.32757588026296985
500	0.6295862360946216	0.43145397356540666	0.31394892986696554
501	0.417299599898621	0.49024865222199376	0.7342126416221836
502	0.34971364663768933	0.3644577879401718	-0.16493906285018312
503	0.56501184705652	0.14352389201379986	-1.7441721035967295
504	0.8370865467004163	0.3784514873263126	-0.06491225464944866
505	1.153541339354468	0.3916334313801727	0.029312135428142125
506	1.3401690582832975	0.2734850604636516	-0.8152111111266962
507	1.4426825874540874	0.38314120316560835	-0.031390217779214885
508	1.7227494129953158	0.29319162397221565	-0.6743488134615796
509	1.845885551600453	0.27255536444456185	-0.821856567972695
510	1.2784591031798789	0.461008813480118	0.5252065981916192
511	1.0044758549401018	0.4889085305530774	0.7246334667776031
512	0.7176430045970489	0.4856759479400896	0.7015270020680211
513	0.5747685764345785	0.609389250762282	1.5858283202405778
514	0.6216318232655551	0.6773849059331876	2.0718605101988286
515	0.6901285188829079	0.6551183160213757	1.9126991721612931
516	0.8476875906399834	0.6146370120112471	1.623339259517532
517	0.960125731884342	0.6305463492536	1.7370590258945129
518	0.8575349325362809	0.48990676761844665	0.7317688542631626
519	0.9157709523084355	0.4947157207557872	0.7661431980190019
520	0.7621503184886882	0.43411103325483924	0.3329415630941734
521	0.8093886920996545	0.2940055804422295	-0.668530661630302
522	0.8689378483134468	0.2628005936720383	-0.8915835613988726
523	0.7961281463680692	0.3369350519210165	-0.3616712750394802
524	0.8618417843923148	0.4233473341685815	0.25600276125755306
525	0.8461995173047688	0.3905922659564671	0.02186989651272152
526	0.9245808652525389	0.27026776230766364	-0.8382083227069528
527	0.8854436982660997	0.25865095438770547	-0.9212451370367827
528	0.8668249320726812	0.238399688405844	-1.066000961947236
529	0.8759300654117191	0.42476790725454067	0.2661570019399771
530	0.7904872322712515	0.5549882806713591	1.1969707886426155
531	0.9035248350141193	0.607788876500267	1.5743888627434055
532	0.9824851671085297	0.49234896219046886	0.749225634011231
533	0.9354204106786788	0.4744329129540902	0.6211619125297603
534	0.8764279632340332	0.4443397126723614	0.40605605026520664
535	0.6813965210593915	0.32810760341615086	-0.42476977916859937
536	0.7626312256946836	0.2483703043774552	-0.9947311094289465
537	1.0181478034410243	0.20170961054014958	-1.328261232106858
538	1.1569927984937227	0.19229867225708186	-1.395530514707116
539	1.1406607310285102	0.3443316167508136	-0.30880071156952665
540	1.0422730827366826	0.5544839722918509	1.1933659979322297
541	1.1759529122667318	0.4799883099982417	0.6608718290629552
542	1.179695033729835	0.45902234870279823	0.5110073699678608
543	1.2282649388584437	0.4120303181722098	0.17510885627665582
544	1.1693578918980723	0.408179615510096	0.14758407630297818
545	0.9274897077395446	0.49908652502972756	0.7973856585527318
546	1.0402652554587442	0.4689280898133694	0.5818134976980699
547	0.9827556037569232	0.6645624521586265	1.9802057526555117
548	0.8611857911533078	0.6929726319088676	2.1832814028041936
549	0.9194698689931168	0.6861261684059182	2.1343429575249493
550	1.0025365301015758	0.47997878041256914	0.660803711690129
551	0.9744886165887489	0.5749442582575522	1.3396158953718085
552	0.9828401573601571	0.6015715614450394	1.5299475635992557
553	0.9714536630372317	0.5310983439713634	1.0262057857453242
554	0.9952425072212668	0.5357679331136848	1.0595839572085335
555	1.0288333603347828	0.44530319731888157	0.41294302784579373
556	1.0578169942601456	0.32836128904014616	-0.42295643713841446
557	1.0275106649200887	0.45228852360597505	0.46287406276788523
558	1.0710461957964663	0.5424836401044659	1.107587756387219
559	0.9246921685294466	0.5244993224021572	0.979036052667506
560	0.828926627687835	0.3727145527855027	-0.10591979919782549
561	0.5147740219793886	0.41100837618480496	0.16780402627097044
562	0.5046117971470658	0.3241182803619376	-0.45328541616947415
563	0.6417036868393066	0.10515716514686195	-2.0184170422446166
564	0.7339781494060399	0.22102956736553173	-1.190162394730595
565	1.0964153439119115	0.38113416886583273	-0.04573647672163421
566	1.1950384735554516	0.621741848697428	1.6741245534484566
567	1.5079227176876544	0.583644969719047	1.4018084845188075
568	1.4769119001520803	0.5239909967857356	0.9754025467921628
569	1.145300529904273	0.5209726510910803	0.9538274452016703
570	0.8836743010173614	0.5784422128228127	1.3646192358566498
571	0.7237301630255795	0.531409843818028	1.0284323831987283
572	0.7770537780104919	0.391980430298814	0.03179247985480409
573	0.6739778817064891	0.3334636537441285	-0.38648479075440634
574	0.7913505780038804	0.3422549369775625	-0.32364479558486997
575	0.939735484908339	0.4429982706168304	0.39646743731173073
576	0.9747973480733553	0.5454947032285081	1.1291108022436396
577	1.0053368582643247	0.7011009074749591	2.241382226511853
578	1.0102862606029763	0.6385862985542082	1.7945284944349083
579	0.9105839088897105	0.6361148194028933	1.7768623888384474
580	0.9497278858417456	0.5900021824117448	1.4472497704259166
581	0.8682586933351947	0.4422887801414934	0.3913960072532099
582	1.0652785183845317	0.4641418070655659	0.5476012016355161
583	1.1561476852654315	0.526850841759803	0.9958446869876416
584	1.0562772654749935	0.5483206410272735	1.149310574325657
585	0.9175015133968272	0.622729065693962	1.681181169604054
586	0.8512958866706137	0.6273827260145679	1.714445482026088
587	0.9543115130021707	0.5857423704271499	1.4168006815469412
588	0.9650440562116307	0.6132123587145908	1.6131558535342423
589	0.7912438250266522	0.5723000398222055	1.3207150512865604
590	0.7283102317400829	0.4347357678138619	0.33740715880174027
591	0.5385573232771749	0.3879518136859966	0.0029959729322905134
592	0.5148150833048539	0.3322011152152562	-0.3955094021733584
593	0.5188540502049354	0.22149321733672206	-1.186848229872483
594	0.45364239304190784	0.2567499562050194	-0.9348334509888322
595	0.3507559399734379	0.2554150890559772	-0.9443750665835579
596	0.2663511344959396	0.20205957996522078	-1.3257596545331403
597	0.39723693588198844	0.18258112173866284	-1.4649914581692516
598	0.5356361869319283	0.2285905065897116	-1.1361168849104057
599	0.7448185310414752	0.26443195517260004	-0.8799226074638206
600	0.8791820656744384	0.4268831250564292	0.2812765553571264
601	1.0473438871217184	0.39752636104233385	0.07143473137594399
602	1.0284536006108085	0.4746305798920494	0.6225748336126908
603	0.9096530532635945	0.5440097483273912	1.1184963610596403
604	0.9036517996248898	0.49132065881989734	0.7418753329091368
605	0.7306278039388908	0.3585235503464489	-0.20735692743521109
606	0.6402531418744877	0.4648116584715186	0.5523892920651693
607	0.8866855340758079	0.32741351091178517	-0.42973114470118434
608	1.0599410146125001	0.2287829697918037	-1.1347411600738102
609	1.1733162399926969	0.20874738485233704	-1.2779552992823735
610	0.9708811458525569	0.0745787504522798	-2.2369912117574153
611	0.7476451293759651	0.2406887839160534	-1.0496385325970923
612	0.8651296194927621	0.4681869638168903	0.5765159372848587
613	0.9470629163777116	0.5213000096380251	0.956167400469007
614	1.0679496315787118	0.5737162913773073	1.3308384017142867
615	1.2092427757640658	0.5766273023408964	1.3516462758360894
616	1.0617141567161432	0.5565505911347095	1.2081381665285749
617	0.8865310966398325	0.5380393882059658	1.0758202930467318
618	0.7623494955064778	0.41814644023657566	0.2188268290430637
619	0.7571086808022769	0.47241905260904915	0.6067668610913974
620	0.8516453926105726	0.5964665498132002	1.4934569970042475
621	0.949515137672428	0.5218345984801483	0.9599886355907411
622	1.109913703580787	0.5805387204710855	1.3796050493030099
623	1.1128659641861895	0.579773794711411	1.374137368446114
624	1.0478742269338674	0.4142725492244515	0.19113629900037463
625	0.9594666866727102	0.27351649567766634	-0.814986412565134
626	0.8817250290008383	0.44636016168884496	0.4204981974540566
627	0.9868706663549619	0.4581410350677696	0.5047077498671882
628	1.1185091089737005	0.40805058643402814	0.14666177789652948
629	1.3512658938795141	0.4409240039426678	0.3816406021019415
630	1.2755226433738416	0.49963447643778397	0.8013024091477363
631	1.398210017166684	0.5602875381444727	1.234849822359348
632	1.5169504037739703	0.48347888113086096	0.6858223928530649
633	1.1963786300411372	0.5607088423371626	1.2378613000618124
634	1.3646873874883272	0.5007117154803885	0.809002501891451
635	1.1878999012645624	0.3690521532527338	-0.13209859048882272
636	0.9826267133447351	0.5192235337504094	0.9413247738259268
637	0.987201045007686	0.5792500270698399	1.3703934831460571
638	1.065686959674419	0.44997278745479596	0.4463212064111947
639	0.9827382395807284	0.5607514531578184	1.2381658817358503
640	0.9097201717675385	0.5231607650925338	0.9694680598458225
641	0.9251455458749328	0.5992577358178102	1.5134083636465954
642	1.0693881028965295	0.5582239573053179	1.2200993693798252
643	0.9666360929921776	0.48259586197322923	0.679510581695718
644	0.873699577721052	0.3821302029883573	-0.038616835847125684
645	0.7145486200033069	0.23841696116404376	-1.0658774964629583
646	0.5012264958226734	0.13464838914014068	-1.8076140998216756
647	0.42742696750894027	0.13584248594287907	-1.799078709102984
648	0.41578010278991784	0.29670198698879713	-0.649256777504147
649	0.5547626685145344	0.2755871567612806	-0.8001853500766445
650	0.6571633445601646	0.1998334307009025	-1.341672144814924
651	0.8830233825496683	0.2779446601469135	-0.7833339419907434
652	1.0286186927479073	0.2245637379972809	-1.1649001822036662
653	1.020157719530235	0.1942867295530438	-1.3813199031777443
654	0.9205589335906731	0.16300834863884395	-1.604897423474685
655	0.4846215778306431	0.2634940995266516	-0.8866263892322191
656	0.43714257470787987	0.2819511010464576	-0.7546959468210618
657	0.45182099470054027	0.23798269078081735	-1.0689816563517485
658	0.47709775286495415	0.2368814589850201	-1.0768532490295113
659	0.5840410301886247	0.21806007784641934	-1.2113882729194976
660	0.6244777241326986	0.2969001264942517	-0.6478404785139944
661	0.8015625036772533	0.4461825137311304	0.41922837182015976
662	0.8545213139242275	0.6229057142835247	1.6824438517654712
663	0.8993787839151214	0.6658674958989862	1.9895341908553354
664	0.8274935312260449	0.599640925490434	1.516147399181831
665	0.6579542399504964	0.4259543717311969	0.27463783687637805
666	0.4654297205803247	0.40313830064122225	0.1115488134640632
667	0.314291332748821	0.391368377071693	0.02741753016719606
668	0.46949651652245794	0.24847853663001626	-0.9939574664865533
669	nan	nan	nan
670	nan	nan	nan
671	nan	nan	nan
672	nan	nan	nan
673	nan	nan	nan
674	nan	nan	nan
675	nan	nan	nan
676	nan	nan	nan
677	nan	nan	nan
678	nan	nan	nan
679	nan	nan	nan
680	nan	nan	nan
681	nan	nan	nan
682	nan	nan	nan
683	0.6808495627305846	0.36620909114639105	-0.15242076693171303
684	0.667162779407893	0.42925628258174836	0.29823985906010037
685	0.6228529785445533	0.570699218880426	1.3092724009273793
686	0.6482226008956237	0.0918479745441694	-2.113550989243723
687	0.6312892724856517	0.45090484072764137	0.4529835128809269
688	0.6698836472801827	0.3658933127662509	-0.15467794729500553
689	0.6872788600611818	0.42431454777227046	0.26291639338267603
690	1.01631602188701	0.2650289319902372	-0.8756554237841986
691	1.0146049118436216	0.3680518465903635	-0.1392487714308204
692	1.0141970910742553	0.3973287297009874	0.07002206473720717
693	0.8548888340916609	0.4536171350835136	0.47237096289199837
694	0.8007158598735845	0.4303481732785956	0.3060446816660421
695	0.8940129744713914	0.48003998466265596	0.6612411989917761
696	0.910751160881197	0.4719130895710013	0.6031502429000994
697	0.9593689380933823	0.504716522370449	0.8376288171794435
698	0.9145818147330066	0.40861098245257255	0.15066748242945038
699	0.8055431630207355	0.39430199515846426	0.04838699975508049
700	0.8063560859515627	0.4255189596509816	0.271525516150158
701	0.8578672970723256	0.29054903680376315	-0.6932379972691373
702	0.9781007447141701	0.398384628744504	0.07756961940382892
703	0.9746228405304277	0.3497461470473905	-0.27009770898758206
704	1.0330640848607526	0.3088550544229394	-0.5623867861071981
705	0.995895470785412	0.3336173125193785	-0.38538643953103285
706	0.6966821917153829	0.7307438455129598	2.4532696192458956
707	0.7802851844763572	0.36743485413283267	-0.14365902668268457
708	0.8225097324888654	0.2793315074425034	-0.7734207728842905
709	0.8369112754175532	0.3454693769870424	-0.3006680140041928
710	nan	nan	nan
711	nan	nan	nan
712	nan	nan	nan
713	nan	nan	nan
714	nan	nan	nan
715	0.5463438319920467	0.4637904541353548	0.5450897347823837
716	0.6653737057978067	0.4637226046455276	0.5446047473806832
717	0.6974207510004532	0.4610338034400847	0.5253852261486416
718	0.7701718907666218	0.5389765075892892	1.0825188120180425
719	0.8587028028801089	0.5132417114066326	0.8985667739746204
720	0.9129164849417571	0.35442657837380653	-0.2366420377125656
721	1.051359020528501	0.18710354583642008	-1.4326652208144062
722	0.9129185265546801	0.12171877088305855	-1.9000348678989678
723	0.5991997986608597	0.2291925390897789	-1.131813563268776
724	0.40409102473350844	0.243639405042701	-1.0285475254685184
725	0.3973444073451091	0.25922798049134055	-0.9171205608398488
726	0.422648061184459	0.29238225267401535	-0.6801341905355248
727	0.6303308675816481	0.37567004104281754	-0.08479400187315657
728	0.8718819236289331	0.42876062435753776	0.29469689956396217
729	0.8568960061265986	0.44573132934763793	0.416003310844828
730	0.9736829400203362	0.4894405664865349	0.7284364537364736
731	0.971613549899196	0.47654990264065245	0.6362941313589296
732	1.009468955754948	0.3993239638390332	0.08428397625429455
733	1.1256942262191405	0.4351202318565887	0.34015530352035556
734	1.284355136105371	0.42374505069908525	0.2588456346119971
735	1.2955845109721666	0.46974411600139976	0.5876464438508024
736	1.3960163384134274	0.3598404222131465	-0.19794394191934667
737	1.2616191347309376	0.27298523556495236	-0.8187838539659241
738	0.9374528508421993	0.14273180053826326	-1.7498339646896872
739	0.56274068936339	0.07318086360589379	-2.246983291450671
740	0.37304923053585926	0.1008934659962333	-2.0488939165433426
741	0.44960204286304967	0.13948291011125974	-1.773056997473208
742	0.6309022666789239	0.30759649405961825	-0.5713829616428575
743	0.7116277282549632	0.2703007853219541	-0.8379722745666079
744	0.6591513069851874	0.15411792007323682	-1.6684461083803395
745	0.7429347904434698	0.3467718464032508	-0.2913579770448858
746	0.9189894889673894	0.49312160083585344	0.7547484464897455
747	1.1792596200972396	0.3925566709220901	0.03591144144683285
748	1.213402850997779	0.29895676493576206	-0.6331396497159313
749	1.0392775983647455	0.3199556201439227	-0.4830400652971081
750	0.9111228589979394	0.45356561927370215	0.47200272845411856
751	0.5985004737455466	0.4631471044555175	0.5404910783974377
752	0.523924911557229	0.3213858708929256	-0.47281664878644925
753	0.6559755421683418	0.08671255700273477	-2.150258896943706
754	0.6523640141339453	0.09625380788510657	-2.082058141327125
755	0.6322799885808376	0.19978895854116183	-1.341990031320122
756	0.6586311853005011	0.17357863272914043	-1.5293411498866936
757	0.5871145329287916	0.27700387895640394	-0.7900586355192578
758	0.6612592929069127	0.4002606310571054	0.09097926315339842
759	0.850339262870431	0.5389881121762058	1.0826017614767758
760	0.9638733298966135	0.47207537987598164	0.6043102922023721
761	0.9564577471920646	0.5247635035941067	0.9809244169011656
762	1.0655285412776478	0.624772356314801	1.6957865883278145
763	1.205743513043619	0.5650403337571224	1.2688227527507665
764	1.4485044368176367	0.5030751893263046	0.82589658676132
765	1.3404150041343355	0.3851015509737732	-0.01737767336167242
766	1.3229268092343947	0.45431629480864183	0.47736854886246327
767	1.090178129723107	0.4202431806293415	0.23381430614448248
768	1.0895933326759535	0.5108419775501853	0.8814135029511351
769	0.9970573289504262	0.5523835470616568	1.178352181653692
770	0.7616022954422549	0.3789397280204992	-0.06142231557575659
771	0.46231620543619895	0.3395752173064539	-0.3427994021100881
772	0.41285326560298935	0.22633478220725353	-1.1522407778090424
773	0.3396722496017729	0.20061195520075759	-1.3361072603138535
774	0.32550682888994464	0.17834306258168625	-1.4952850580773722
775	0.3565776091612506	0.1996428693085281	-1.3430342755367244
776	0.5285872252439964	0.13787968225454217	-1.7845168524337045
777	0.7216844339017845	0.11681412979925558	-1.9350931880361633
778	0.8817496826730243	0.23535566805719993	-1.087759585680036
779	1.1227775333458394	0.3018779164570303	-0.6122592910001675
780	1.3417655685774497	0.2771075617633191	-0.7893175119639464
781	1.1406594687113003	0.321408255299618	-0.47265664529536927
782	0.9440147562008366	0.2566227666641143	-0.9357426004183141
783	0.62951042396924	0.20608133109522625	-1.2970122220057156
784	0.7025302520338488	0.2460058182713975	-1.0116324299230948
785	1.0137055852977443	0.12379636102618075	-1.8851842765698703
786	1.0313757312180725	0.33218910788990846	-0.39559523040193606
787	0.960245080776113	0.36882497129720254	-0.13372248459041364
788	1.3131005179620905	0.3918082587686807	0.030561799664594394
789	1.2711917082425592	0.41146470351705977	0.1710658489870859
790	1.3924332533368098	0.38490729874757795	-0.018766186122739743
791	1.08453612851925	0.46458272780810783	0.5507528982190262
792	0.8788184834364158	0.5011511965828358	0.8121439079435118
793	0.6507671153796324	0.6098609402317543	1.5891999513433541
794	0.9641056761266305	0.3809982639147219	-0.04670792380672422
795	1.274729119923665	0.41760178354509414	0.21493362904564023
796	1.399553812644483	0.4885159220767336	0.7218271057377111
797	1.3675862347973338	0.4807240497783906	0.6661308888615022
798	0.9738708109796557	0.4558220812912882	0.48813189396047924
799	0.6919294887972879	0.36079273690456565	-0.1911368070540896
800	0.6474286689202495	0.1531851852250679	-1.6751132867429341
801	0.7353656940357419	0.21527859073714917	-1.2312703119653936
802	0.7050680766463424	0.24346917417590827	-1.0297643338186666
803	0.6769925834347241	0.2401255905186196	-1.0536642327633272
804	0.8213794773975991	0.4372661596023358	0.35549437127602446
805	0.9552958480838547	0.42830126191657003	0.2914133819243874
806	1.2213772306340536	0.3450764186916641	-0.3034768755466681
807	1.2988960188736403	0.2072922711692013	-1.2883564357708015
808	1.1222929976605795	0.45371358388703376	0.4730603778711751
809	0.9595511591411369	0.5243875035938235	0.9782367730641787
810	1.2876879917172694	0.5799202330650026	1.3751841081754559
811	1.437064023565682	0.528144566160141	1.0050922146703776
812	1.477393678697226	0.5407388062428314	1.0951157032721783
813	1.1029239729752782	0.5386880822713569	1.0804571510404155
814	0.7864521049852797	0.39533066706444187	0.055739935144175086
815	0.772319928937559	0.22626456619238944	-1.1527426811054922
816	0.7128906049886135	0.2398600774659498	-1.0555621171226621
817	0.6004073854990097	0.2081676410422815	-1.282099301614696
818	0.5262185561121154	0.16840908331957605	-1.5662930318019817
819	0.48245928033512897	0.3471071558004373	-0.28896118918809566
820	0.49099211860412806	0.44024710352442087	0.37680212541049285
821	0.5643850973283682	0.2000898643385283	-1.339839160013749
822	0.7923251349795799	0.19746599510473056	-1.358594548231737
823	0.8174522208542888	0.22224643486299236	-1.1814642393382653
824	0.8052135225852604	0.2872878921296914	-0.7165486232749586
825	0.8050080642290979	0.24682006381395105	-1.0058122118045056
826	0.8258488037466067	0.28679275906272217	-0.7200878289529529
827	0.8488491877824046	0.43543944102959237	0.3424370071530328
828	1.2620701489563468	0.2793148564530571	-0.7735397939724059
829	1.616705558468368	0.23348538115386988	-1.1011283757474444
830	1.7258900536322033	0.3734959943613152	-0.1003340634701243
831	1.481495508168175	0.4025186617823628	0.10711964176481674
832	1.0207338033409397	0.5723390656525498	1.3209940074895636
833	1.460575316782873	0.5732544485885559	1.3275371545762298
834	1.4837868791234854	0.5656225492001942	1.2729844222885105
835	1.4776061102608873	0.5630898483258284	1.2548807044938495
836	1.0832374849955984	0.5960580004792096	1.490536690890477
837	0.888801381499083	0.6446747166664001	1.8380484396580594
838	0.945213989369536	0.4189919627776194	0.2248706148003984
839	0.9202933194273133	0.45994126703569355	0.5175757880323285
840	1.076490617917507	0.4775289878962205	0.6432926219201794
841	1.022349082148379	0.41962121560081334	0.22936850701021153
842	0.9314036188906539	0.405172296575242	0.12608779386939953
843	0.8700510371025775	0.4354456398509866	0.34248131625969314
844	0.8443628772156171	0.5285891424300259	1.0082700409228416
845	1.1732576083409254	0.4964160358477555	0.7782970314616134
846	1.3719309068734393	0.4971641784517551	0.7836447465076561
847	1.4092156266059943	0.47727670996427485	0.6414893420571721
848	1.495361263732441	0.4316132459220509	0.3150874069079625
849	1.4674116815932476	0.26312011018542747	-0.889299660900524
850	1.4636952133748025	0.23500221974358876	-1.0902860303105009
851	1.1473805977161033	0.27260541709347447	-0.8214987921927123
852	0.7788504332606533	0.2528422060107739	-0.9627660060902588
853	1.000944653305913	0.2513391415007097	-0.9735098945584093
854	1.0948369254767574	0.3053715900718744	-0.5872865507014815
855	1.1665606306310017	0.2153956267036998	-1.230433740172924
856	1.1994787386533434	0.23332577983353828	-1.1022692042172346
857	1.2948015200158898	0.22873286952232272	-1.1350992762450882
858	1.1475855115165272	0.23509927058255778	-1.0895923119886046
859	1.0049929295425202	0.24103167613035148	-1.0471875428475848
860	0.7404775902300116	0.2800370927405173	-0.7683772569900164
861	0.4267962945672953	0.20521222007661055	-1.3032246179394398
862	0.3933862950488843	0.07709620741302103	-2.218996457288482
863	0.5537201393008426	0.15629151732764449	-1.652909259283266
864	0.7940343059025795	0.2537239098724426	-0.9564635966538858
865	0.9184976502480883	0.2928879928959092	-0.6765191650316272
866	1.043451142025092	0.26911702365299117	-0.846433789863557
867	1.0977210030014835	0.22659080584459665	-1.1504107236853462
868	0.8645749293145584	0.08342896654845836	-2.173729965137794
869	0.701715729879245	0.21963469529830967	-1.2001329248157822
870	0.7042337637409101	0.3767488673453504	-0.07708256341305669
871	0.7257847221126285	0.4635210020398267	0.5431636941883312
872	0.8332227566530349	0.4220041018785772	0.24640135172789263
873	0.8419816443944379	0.3671527683897576	-0.1456753724494572
874	0.8808793031829038	0.44440286467531737	0.4065074600827868
875	0.8374532356919465	0.44447609943257893	0.4070309413164544
876	0.6142194106767089	0.29224208641132327	-0.6811360974285943
877	0.4700498235990321	0.24251210947634141	-1.0366054216895466
878	0.43094500445394557	0.16284739184066585	-1.6060479408851067
879	0.4110652687178771	0.15169771409848848	-1.685745713878667
880	0.3383737913029201	0.1281670034355794	-1.8539429730420915
881	0.4305284843662748	0.18743510960204313	-1.43029520669054
882	0.5408585416930346	0.3255884728203663	-0.44277649676228326
883	0.7319151224421293	0.37068413270750045	-0.12043321942395922
884	0.7924493042668077	0.3094122557959592	-0.5584039168650993
885	0.9663959547231634	0.30176587816334927	-0.613060139482326
886	0.9411926879391543	0.2825992050199918	-0.7500633067974348
887	0.9483825502002028	0.2956663228753825	-0.656659693114547
888	0.9328279465599869	0.36912873260946916	-0.13155120209516522
889	0.8651195198061891	0.4004194166843197	0.09211426105782144
890	0.8661813067788293	0.4926165541324548	0.7511383782483696
891	0.7929062576101389	0.35201846689718364	-0.25385519187226596
892	0.6774713054474037	0.5605010376116921	1.23637591418605
893	0.6495413660795127	0.6122502917029817	1.6062790091922965
894	0.5220164400851142	0.47772778632401447	0.6447136308799152
895	0.5155070911470563	0.44829391768020516	0.4343206638596431
896	0.7409846177011227	0.46241136953321677	0.5352320533227357
897	0.7667032579229971	0.48942057749708506	0.7282935726613089
898	0.8189196661770787	0.4130628411112198	0.1824893188072073
899	0.6396516765066569	0.5355007340258573	1.057674021088568
900	0.623968811965424	0.4004690699365926	0.09246918195504779
901	0.6420699082698503	0.3872223858112222	-0.0022179694365581197
902	0.6297381399690357	0.5656170773221826	1.2729453093650969
903	0.7532137361315361	0.37859855717342616	-0.06386100101140728
904	0.7389414978870417	0.25392727055166087	-0.9550099767715061
905	0.7682148777799234	0.43540229155334187	0.3421714631083075
906	0.7249938911934354	0.3955750691103248	0.05748691826084913
907	0.7605042309228799	0.5076143684177958	0.8583425886257774
908	0.7082150704585618	0.5202779022150534	0.9488613879317223
909	0.6557334420893557	0.6036602812830103	1.5448777098638455
910	0.6231504304758978	0.4683734914496863	0.5778492347378756
911	0.5970795539873848	0.18041127114990452	-1.4805015261417662
912	0.5545458283804271	0.25382417254270384	-0.9557469201974909
913	0.5532031342830567	0.2222234425175719	-1.1816285883686393
914	0.6010681413125883	0.16655589188185982	-1.579539623670553
915	0.46249783179125115	0.14194328884519286	-1.7554702375372304
916	0.5088444857710044	0.305424428648585	-0.5869088611404593
917	0.5752775558394998	0.2995427440976456	-0.6289510771578127
918	0.6265057920023106	0.2627381611667529	-0.8920298282550733
919	0.5646212558780004	0.2793205751993945	-0.7734989164369338
920	0.5013343930156295	0.3255024935854321	-0.4433910753811813
921	0.5959424012030164	0.2247387997427912	-1.1636488427859575
922	0.7328998868138293	0.32764800538601113	-0.42805498079696597
923	0.937598301157611	0.5022308556872961	0.8198612992625637
924	1.1325227493316397	0.5937542438036064	1.4740694636925034
925	1.1994646078534579	0.5405038296058232	1.0934360928737334
926	1.0485724318288667	0.49496581874799284	0.7679308956968954
927	1.044669717721745	0.5246317242757251	0.9799824597931235
928	1.0674807038839558	0.49606451495040826	0.7757843639812524
929	0.9048512908464054	0.4739165645892236	0.6174710601374026
930	0.8113249161999295	0.47247666273526595	0.6071786576354345
931	0.7596604930517219	0.5529393747288516	1.1823252316617703
932	0.7317561833599457	0.4365634236838445	0.35047122271501474
933	0.5864458390549594	0.2825568270147482	-0.7503662243094852
934	0.7089781145175097	0.4498918927385571	0.4457429718756087
935	0.8676880196463886	0.3559702463442049	-0.22560791615972045
936	0.9746543126234457	0.24660016071248952	-1.007384076737836
937	0.982368599938954	0.3165736042144961	-0.5072146776972876
938	1.0326144975317009	0.28658452288587444	-0.7215762988383808
939	0.829141640360809	0.32309911930709095	-0.46057036810003865
940	0.919324151497494	0.1946348161527848	-1.3788317840186302
941	0.8620718679108476	0.24062340929193488	-1.0501058296861217
942	0.8034045824701821	0.21063511867299764	-1.2644617988431495
943	0.8662669251246953	0.13822118063323383	-1.782075825805672
944	0.5328276163259837	0.28418698702944306	-0.7387138585821007
945	0.5636490253889138	0.4927515318284358	0.7521031973240628
946	0.6002369350616987	0.3829239020519364	-0.03294348373264808
947	0.5914595578780848	0.35585355386501955	-0.226442032708308
948	0.5982193153479622	0.32947348693460743	-0.4150064589088751
949	0.6095856963579073	0.4096939037802184	0.1584081920836965
950	0.6062707557985317	0.4222553302889742	0.24819712962249627
951	0.8619460026356575	0.339003634013395	-0.34688507315731454
952	0.9899458215127771	0.512079456760033	0.8902589906352864
953	0.940346561652416	0.5048920572880705	0.8388835388261622
954	1.0002538679983697	0.5595770092047153	1.2297709693686532
955	1.0024101086987411	0.6517104022860216	1.8883394425312199
956	0.8991231604557438	0.6330428633380965	1.7549040809160377
957	0.7233639968050628	0.6138740498355605	1.6178856143372302
958	0.6434722901407622	0.4273324340204945	0.28448821085516696
959	0.8211189326970291	0.43852536960690464	0.3644951904401262
960	0.9473842406292547	0.39314964066298985	0.04014998258632303
961	0.8793954687994959	0.2912763356140219	-0.6880392734298626
962	0.8568518099669654	0.2756754657437314	-0.7995541184483047
963	0.8579906660643409	0.36344991367193086	-0.17214333695511624
964	0.8599214596623583	0.33949654948583347	-0.34336171882046157
965	0.9389194486441051	0.5131819896324359	0.8981398833942144
966	0.9333074450096643	0.5448309422345281	1.1243662460113024
967	0.8111622347397974	0.47177456080460045	0.6021600408123808
968	0.9974312041407148	0.3407729827604157	-0.33423778791309045
969	0.8404470612952722	0.3856009066234474	-0.013808284709277403
970	0.9194965900251781	0.5327742160218508	1.0381849005981916
971	0.8353216996634817	0.4657832984136789	0.5593345636086535
972	0.7256931182627298	0.4008562281175171	0.09523658434365662
973	0.8247960288005847	0.3338498810657694	-0.3837240421376454
974	0.6885601762510559	0.4022077967884603	0.10489758223192425
