ID	SN	ssim	z_ssim
5057	0.623981086515286	0.33134187021685363	-1.395684705899373
5058	0.7532924997350606	0.3771266809776697	-0.9955563838287685
5059	0.6932985884354619	0.3861047134380481	-0.9170944440681468
5060	0.7708464759002771	0.5663438360871924	0.6580737507691088
5061	0.8116776606204834	0.6329622234585078	1.2402734610002333
5062	0.7670154157502784	0.5186886163780413	0.2415993178017516
5063	0.8230804576558951	0.47710912709334363	-0.12177733492599728
5064	1.0056358706043418	0.5411782206205074	0.4381432689514034
5065	1.001725100909687	0.56473952469023	0.644053152743733
5066	0.832351317080772	0.5385449849659404	0.41513056787063146
5067	0.7669029767683856	0.46729163056239637	-0.20757562367253118
5068	0.6132316110685346	0.3686734314575551	-1.069432075140402
5069	0.6258087363310095	0.36500359930008053	-1.10150392951853
5070	0.7218528609489038	0.42145697526423875	-0.6081395533335011
5071	0.885283504689313	0.5073989589599293	0.14293533722836957
5072	0.8491530748554953	0.5451203545898812	0.472594857247429
5073	0.9500968320705527	0.4606366585892898	-0.26573558381601525
5074	0.9852786041438278	0.610540330840825	1.0443212637173986
5075	1.1046391029588156	0.6003131801291846	0.9549428741202509
5076	1.238497730682714	0.6259435117545631	1.1789346612863287
5077	1.153362330876401	0.6985522847527513	1.8134862958697942
5078	1.285147084737011	0.621625383876766	1.1411971401845062
5079	1.2195836726220572	0.5734832102677302	0.7204670590305813
5080	1.0050398782528225	0.5356594138679478	0.38991262544673605
5081	1.0209981311924645	0.4182275195648378	-0.636362814907153
5082	1.0631121999227562	0.4694832713145639	-0.18842216377668153
5083	0.8559775019086057	0.5512644601614702	0.5262901900910579
5084	0.7051619407856907	0.576588819697868	0.747607987859126
5085	0.7022441776925906	0.6095249870224775	1.035447844528608
5086	0.6498668811110432	0.5955350227754216	0.9131850061116157
5087	0.6676576481025784	0.6213040083660235	1.1383885352840786
5088	0.7900143154976803	0.5460806049798373	0.4809867970832847
5089	0.8675958941091481	0.40159665899576735	-0.7817053034642405
5090	nan	nan	nan
5091	nan	nan	nan
5092	nan	nan	nan
5093	nan	nan	nan
5094	0.738983193628606	0.5343114006806392	0.3781319006647861
5095	0.8403485801436031	0.5474667940668798	0.4931011534441408
5096	0.7449125097681597	0.5219145474586645	0.2697917765878838
5097	0.7537626115905256	0.4540542788884382	-0.3232611365302671
5098	0.6876732348443422	0.6571111877692609	1.4513190983816624
5099	0.6270781633448042	0.7138151395733321	1.9468733381635857
5100	0.717226265250086	0.6886425087739683	1.7268815470765642
5101	0.8961823192669647	0.5081556139066128	0.14954799040246577
5102	0.8668433761070474	0.5039523730531364	0.11281450429620744
5103	0.8274863532145403	0.4947580257214661	0.0324621186638938
5104	0.7359864767410681	0.5724039170144213	0.7110347649729588
5105	0.9164356956383688	0.40654369299100857	-0.7384715676717543
5106	0.8557386972493168	0.5241469206504186	0.2893012104942135
5107	0.9570512209055871	0.5851951439970644	0.82282144935016
5108	1.065124934261474	0.5443329474420923	0.46571345060632485
5109	1.451565087389855	0.32533710975137276	-1.4481622566320942
5110	1.4276798283297634	0.3703878011684846	-1.054449641786545
5111	1.1700288849616634	0.6126467833144729	1.0627302355968566
5112	0.8013746583829527	0.5820824834297468	0.7956188983451433
5113	0.6212627722993762	0.4520139056083435	-0.34109262088928294
5114	nan	nan	nan
5115	0.8778344623523943	0.49696355518985597	0.051736956558809236
5116	0.8986384437310241	0.7106949305261175	1.9196048185426644
5117	0.9150087076864049	0.6401204382734763	1.302831423681288
5118	nan	nan	nan
5119	nan	nan	nan
5120	nan	nan	nan
5121	nan	nan	nan
5122	nan	nan	nan
5123	nan	nan	nan
5124	nan	nan	nan
5125	nan	nan	nan
5126	nan	nan	nan
5127	nan	nan	nan
5128	nan	nan	nan
5129	nan	nan	nan
5130	nan	nan	nan
5131	nan	nan	nan
5132	nan	nan	nan
5133	nan	nan	nan
5134	nan	nan	nan
5135	nan	nan	nan
5136	nan	nan	nan
5137	nan	nan	nan
5138	nan	nan	nan
5139	nan	nan	nan
5140	nan	nan	nan
5141	nan	nan	nan
5142	nan	nan	nan
5143	nan	nan	nan
5144	nan	nan	nan
5145	nan	nan	nan
5146	nan	nan	nan
5147	nan	nan	nan
5148	nan	nan	nan
5149	nan	nan	nan
5150	0.7757236605187824	0.7449340189684008	2.218831325761576
5151	0.7972798756452301	0.7285240534712472	2.075419310936082
5152	0.7651332997477551	0.5052271948881314	0.12395558609384255
5153	1.0680365868602788	0.4743148538075559	-0.1461973961355947
5154	1.1523919352800749	0.5140837518881117	0.20135591237754638
5155	1.2585272876252236	0.42851835457214926	-0.5464278675794907
5156	1.4116228003528655	0.4043005176552442	-0.7580754050207492
5157	1.041545871844027	0.42080768360209786	-0.6138139239160091
5158	1.127767361129376	0.2820924107067846	-1.8260917179452356
5159	0.9590424811570623	0.2953002212558585	-1.7106643745663206
5160	0.8305517221631888	0.3904179402782381	-0.8793997547247507
5161	0.7792316215595556	0.5024310010915818	0.09951874091733788
5162	1.0316717294288509	0.26645005750563455	-1.9627953197643895
5163	1.0973735872071078	0.413920295543692	-0.6740050436665267
5164	1.1206560149976474	0.5326439254628033	0.363559293507086
5165	1.0500345275132463	0.4493708318674252	-0.3641913001999245
5166	1.1181220623707024	0.35553728794513906	-1.1842330970242807
5167	1.4886798103966894	0.41662152729841717	-0.6503981025963008
5168	1.462433756559548	0.44577582467050814	-0.3956092349610583
5169	1.4496555145436218	0.42507929002445316	-0.5764829689132243
5170	1.19966114734129	0.4367694406751825	-0.4743189479879244
5171	0.903858029520811	0.5753031125577759	0.7363717758470947
5172	0.7225604687724657	0.5723685657546455	0.7107258188394675
5173	0.5840462530287541	0.49735064897477776	0.05511989478812426
5174	0.465044232527232	0.445841053898422	-0.39503917556621926
5175	0.439539399881916	0.3371965138851961	-1.3445190745817477
5176	0.4127033139872907	0.2724543139214113	-1.9103221740856373
5177	0.4573852290841151	0.27476505445453914	-1.8901278625465738
5178	0.47365328995275874	0.29340031353475915	-1.7272682848129708
5179	0.5100171318360102	0.25293126489135054	-2.080940436349721
5180	0.5229725487623437	0.339621178134297	-1.3233291467114414
5181	0.509883343693882	0.2871555003396564	-1.7818437342661617
5182	0.5257432535916121	0.1754655143481594	-2.757938774176521
5183	0.43502494285659843	0.3188039412452982	-1.5052577367422217
5184	0.45451770251988305	0.3462477242978962	-1.26541760894369
5185	0.5426903110055482	0.2380096614972097	-2.211345171664481
5186	0.8565007238591309	0.2523002557516342	-2.0864550300346205
5187	1.0066682264183864	0.47217042649420243	-0.1649382424651122
5188	1.082649183377433	0.6813607410051131	1.6632438150286817
5189	1.0877866495860808	0.7400584394133318	2.176222053514434
5190	1.1560419812119829	0.6591574147266517	1.469201739926555
5191	1.3188315792511387	0.6344321171344284	1.2531193389321267
5192	1.2488977789009992	0.6106844772536081	1.0455810060057458
5193	1.0672655397629123	0.5347843164433604	0.3822648650141841
5194	0.88802791905004	0.5572985700791989	0.5790242352132167
5195	0.7809120307014678	0.4991813946057548	0.07111937508056758
5196	0.6494156190339482	0.49060299824183157	-0.0038500151192662297
5197	0.6467768010081832	0.4687093973104085	-0.19518529988298533
5198	0.7147609961333231	0.46812178227790124	-0.2003206583801273
5199	0.8223689919611477	0.4941453634884224	0.027107864551444816
5200	0.8973391631805486	0.6184749318716225	1.113664317537986
5201	0.7689065635089954	0.5405446384850974	0.4326061890219943
5202	0.6940903554323772	0.36804724342264256	-1.074904535625587
5203	0.6591401710892757	0.5170237298438282	0.22704933399046592
5204	0.7619168559286913	0.6097585839261852	1.0374893236909823
5205	0.8281386458533848	0.5635256318541091	0.6334445492435895
5206	0.7104081883079317	0.5395703605946456	0.42409165830626194
5207	0.628575856432715	0.5755998800294579	0.7389653231068969
5208	0.5642652223887279	0.6442628837552784	1.339033599301526
5209	0.5629823113834862	0.4513207645004757	-0.3471502060106493
5210	0.6051517741051458	0.45543665332439387	-0.3111801176434177
5211	0.7096150408711671	0.4438606327757833	-0.4123467185619583
5212	0.7630341671175228	0.3725165121599847	-1.0358461454949068
5213	0.949299605993944	0.3584136993641421	-1.1590952040081233
5214	1.0134664014817611	0.48193685909121303	-0.07958621801158024
5215	1.16834061298001	0.4005485514263032	-0.790865055708496
5216	1.1913572249787472	0.4112304684583471	-0.6975123156293108
5217	1.2248536009547366	0.5681596653186385	0.673942871804487
5218	1.394720000357695	0.4847568663494293	-0.05494125926419806
5219	1.3917168478430397	0.5177317878932334	0.23323728310566816
5220	1.2601490829567914	0.5709866562501016	0.6986488631391333
5221	1.0297721319933852	0.5051796130312551	0.12353975280248397
5222	1.2528817991404717	0.4984063554889374	0.06434605667653867
5223	1.3300044971157137	0.5332059522192113	0.36847102775395535
5224	1.4729910083247069	0.48269360226865277	-0.07297279376026766
5225	1.218198069149134	0.5170624565590829	0.22738777932499254
5226	1.3938022831933659	0.480711146704597	-0.09029811639988926
5227	1.4576427620334587	0.4375383017381404	-0.4675996216018456
5228	1.4151708721562173	0.5023133144103684	0.09849023881147652
5229	1.2119123925933515	0.49142651507581575	0.0033469657899787624
5230	1.0102749551028325	0.4291579938581399	-0.5408378522451275
5231	0.9348522547757177	0.4359468578620588	-0.4815077661857052
5232	0.7890465346527287	0.5821371228671679	0.7960964101236326
5233	0.8502751418468872	0.5610708966367002	0.6119918214208058
