ID	SN	ssim	z_ssim
245	0.49784433369997516	0.2201637830228239	-0.9622755573334322
246	0.5976388844243801	0.23061703376465034	-0.8638415251963297
247	0.6068257687647627	0.24300664110146453	-0.747173606586261
248	0.5479201014832694	0.5116279466819839	1.7823245255520384
249	0.6763771198747599	0.43812671682647086	1.0901931876166786
250	0.8069981520278314	0.4210583615524175	0.9294673930223651
251	0.7900244413235518	0.3655697845236666	0.40695391760794
252	0.620976752841457	0.3949646530893163	0.6837534997206622
253	0.6673923703433777	0.32705479250810526	0.044273823591789045
254	0.6796794489899082	0.42006224914260326	0.9200874055542094
255	0.6627562451497827	0.3803967971829565	0.5465738957992177
256	0.6629013395054716	0.3318605377873324	0.0895275821537421
257	0.71065714282664	0.28993576820425776	-0.3052610073869625
258	0.6613792086549302	0.3356397965530129	0.1251153326041273
259	0.9081038991341679	0.19705562957628384	-1.1798756872035006
260	0.98189453181211	0.14062240161418643	-1.7112845581870106
261	0.8574156426966205	0.31226543483928804	-0.0949915727919868
262	0.6686168431269311	0.3359013769892679	0.1275785297190436
263	0.7571980489798864	0.3684961957759085	0.4345107481445834
264	0.8140596420547745	0.409494260510305	0.8205729331333153
265	0.5963250156986002	0.3591916360222888	0.346893474204653
266	0.506445304724465	0.24684572724131776	-0.7110224859635301
267	0.5042639080485678	0.17652962993726187	-1.3731607195838316
268	0.5115523108965127	0.1659559074483068	-1.4727291854125535
269	0.6002579935967295	0.26660586380661444	-0.5249492762280009
270	0.7311966302912745	0.37048221198211523	0.45321225908073115
271	0.8032650346118859	0.4360056503076215	1.070219962536949
272	0.9276883115147612	0.3446235894151078	0.20971207453074533
273	0.9342072672183898	0.27927159540725655	-0.40568120716418704
274	1.0571345017364167	0.15188814785147453	-1.6051995847602754
275	0.9198708634603352	0.18744027361515064	-1.2704196032602286
276	0.9577055251221459	0.15278534638500446	-1.5967510292377838
277	0.8699646521297474	0.216182040649653	-0.9997700139768675
278	0.7500569995464358	0.26824893752749995	-0.5094771158981881
279	0.7373146937813891	0.3059873269279767	-0.15410997444186836
280	0.8252117238574118	0.34782475193608786	0.23985612658198163
281	0.9030826299237453	0.3842450712062567	0.5828115350023242
282	0.6870783311824229	0.4044151948194399	0.7727454268590594
283	0.590636378693959	0.5113084422964475	1.7793158820467223
284	0.575107692488705	0.4501380130437492	1.2032987035045766
285	0.7919851557587912	0.39530594898225324	0.6869673450328381
286	0.9186809806604928	0.3883877730997081	0.6218216823130334
287	0.7678042137539088	0.41787181726416534	0.899460994953193
288	0.7457557439841621	0.3989843527506972	0.7216053847870618
289	0.6870875588522641	0.42062617348986525	0.9253976529300973
290	0.7729879067097534	0.3400148760582824	0.16631368584948625
291	0.7813217608094531	0.27729240979371966	-0.4243183971732866
292	0.9003118568617776	0.23905742082992099	-0.7843618157593332
293	1.0322551678852252	0.2072673953892753	-1.0837156209199537
294	1.1086793459223812	0.3281210740268249	0.05431456516329632
295	0.9961821095807114	0.4110130030248268	0.8348743168056924
296	0.7812671847789595	0.4094507149676862	0.8201628823799724
297	0.9060131562466125	0.3602640209711876	0.3569916893082929
298	1.0223773790610169	0.33766150735759964	0.14415296512874876
299	0.9992319719357738	0.4177522766857693	0.8983353297007142
300	1.0378025180724166	0.3832778461165545	0.5737035677378822
301	0.8111295014471795	0.352835726725898	0.2870424483952285
302	0.7856879001650923	0.34518810421976753	0.21502788200500844
303	0.8546677550355568	0.3670122514620206	0.4205370450458488
304	0.9950080876557119	0.32212621131680647	-0.0021366310463495635
305	0.8521472254286437	0.2462096547787477	-0.7170121229452225
306	0.6082039781759172	0.2004032171099047	-1.1483528100617795
307	0.6560285490091696	0.2802855790006006	-0.3961329339926318
308	0.7808594438351166	0.2821877781605663	-0.3782206942628386
309	0.7282806017263488	0.4415312651127243	1.1222524411157324
310	0.7546743397146827	0.43364708599215157	1.0480103168142612
311	0.9145804843118281	0.3367956512502223	0.13599954855005159
312	0.7934661825967757	0.3089255985922473	-0.12644145920468267
313	0.856032953814359	0.31778760328527345	-0.04299154718237953
314	0.7259848267079585	0.38970694155407903	0.6342437578222553
315	0.6330024900098234	0.39271533364801875	0.6625725687701238
316	0.714310007105085	0.3911258313520327	0.6476048688699347
317	0.8810237214720229	0.35360123601430804	0.29425093958688203
318	0.8456318432220779	0.3421315518414594	0.18624556514818036
319	0.8334321881939292	0.35598384886701606	0.31668704065306164
320	0.6705994519260432	0.48450740037443507	1.5269413157978453
321	0.7324891148330036	0.5013209192243737	1.6852674189104802
322	1.226266939429776	0.3315258941767154	0.08637637869220614
323	1.3166455093199512	0.15228650578383918	-1.6014484093140045
324	1.0588645493791455	0.40388782997615585	0.7677794455376616
325	0.5869861849991324	0.5292148051509177	1.9479328549107608
326	0.6005302566190285	0.48923581799786636	1.5714669111172164
327	0.7370827519680608	0.4623033414471658	1.3178546781574036
328	0.901475827378775	0.40878947298075763	0.8139362341727032
329	0.5289694545373128	0.751619140461415	4.042224480556709
330	0.3926798139526998	0.6284329728621417	2.8822301898051323
331	0.23910790105471233	0.5440126162899214	2.0872778542024317
332	nan	nan	nan
333	nan	nan	nan
334	nan	nan	nan
335	nan	nan	nan
336	nan	nan	nan
337	0.12646827822475765	0.09186994953840229	-2.17036667081524
338	0.2647671226795407	0.051781415789662444	-2.547864170570354
339	0.3204627742605296	0.3792371079836582	0.5356535718988233
340	0.4161531734740894	0.3917681668696407	0.6536534825064599
341	0.487615089953663	0.4069567203271404	0.7966779440903977
342	0.5917647774042343	0.37029161765371016	0.4514175094176138
343	0.7450792246142928	0.30178960886017764	-0.1936381868031106
344	0.703013765829594	0.2806139940655576	-0.393040382225081
345	0.9772307725961299	0.2727708511573826	-0.46689608512045544
346	0.9584647476699257	0.3823617206439572	0.5650767848893242
347	0.8445350370343658	0.4106966473064212	0.8318953230245816
348	0.7393130794506735	0.26360449542286574	-0.5532119477392732
349	0.8694948110444664	0.610073700814364	2.709348354345687
350	0.7785765739558788	0.5831144367874035	2.4554838745619763
351	0.6945875602568298	0.4542828325011852	1.242328791058418
352	0.5637112205262248	0.40927091904179586	0.8184698169035656
353	0.36338139440934053	0.23830453463386722	-0.7914514403984326
354	0.3640116512503855	0.18562709859746696	-1.287493538667396
355	0.47601562842710116	0.050347055638825924	-2.5613709596707706
356	0.7373233947610296	0.3520737402305262	0.27986712992005286
357	0.8396186940892214	0.3176019785854338	-0.044739499864346985
358	0.7066730430097319	0.22903337101700594	-0.8787542364328655
359	0.7535174909419269	0.3753475682128963	0.4990273498508082
360	0.7629466469398796	0.3699570751628155	0.44826725815958296
361	0.8093027296472266	0.2963451289440069	-0.2449066509655346
362	0.7754350987124218	0.3022636295609646	-0.18917452568492701
363	0.7325906539560089	0.3356955943850861	0.12564075820914972
364	0.8101853988542408	0.3296821626324257	0.06901470483924638
365	0.744999943774948	0.4272139076647976	0.9874316798085799
366	0.7157352524844264	0.3311791639751753	0.08311136069500633
367	0.8065940882550087	0.18328290947369633	-1.3095678190270352
368	0.7577490251580052	0.2732821813041507	-0.46208109604741526
369	0.5938402738886346	0.5175259620329455	1.837863749372498
370	0.6790296862701879	0.3931576614977603	0.6667377911351037
371	0.6284299634356296	0.3257436393033549	0.03192722444472704
372	0.5422923027641681	0.25395825511561354	-0.6440466891854897
373	0.3981313044079212	0.5788972139014235	2.415771993220904
374	0.3801719108530717	0.5568017713466942	2.2077081520070747
375	0.33774689358859855	0.49753093692231026	1.6495786892574518
376	0.48465562895311154	0.2548074332407706	-0.636050322416311
377	0.6523449190588113	0.3317065450023226	0.08807749441329579
378	0.6398342766077567	0.23797045711796394	-0.7945973131751303
379	0.557247973116261	0.38471132285383525	0.5872020380903331
380	0.7180818933224644	0.3271911112519152	0.04555748203837972
381	1.0265039258616069	0.2999156650271373	-0.21128435755328137
382	nan	nan	nan
383	nan	nan	nan
384	nan	nan	nan
385	nan	nan	nan
386	1.0123055118166722	0.2985886022450693	-0.2237807707518431
387	0.8842481749653675	0.4430252337752547	1.1363205394490985
388	0.8250730223073393	0.3529260412715201	0.2878929039239226
389	0.8902003518249831	0.16138101792726353	-1.5158090687196846
390	0.9038915211966667	0.09272109254303051	-2.162351801571205
391	0.935454194100941	0.1327949437222888	-1.784992561631329
392	0.9219907390232365	0.16718400388172977	-1.461164698270643
393	0.836929790031746	0.2504170719604815	-0.6773925779529801
394	0.9504034640600986	0.33549139937284916	0.12371793641015245
395	0.9030327159695821	0.30077454735070097	-0.2031966102746884
396	0.8958467289442109	0.3609790004168799	0.3637243614188969
397	0.7996460202504332	0.3016363544134104	-0.19508132191110888
398	0.8175736619935415	0.13947853130236104	-1.7220559220254736
399	0.7761116772677444	0.26947745757149943	-0.4979086397869004
400	0.7408743967158864	0.25214202934845364	-0.661149352265933
401	0.7114255243808023	0.120640359737506	-1.8994473604418067
402	0.7090515895145909	0.1432717847318998	-1.6863363894887318
403	0.6774955120139139	0.2626010380532573	-0.5626610997215389
404	0.7201348807652102	0.2593297904073686	-0.593465115032815
405	0.8460567156816344	0.2373870782694364	-0.8000907557168169
406	0.7643408927306726	0.3342841057149064	0.11234934058671647
407	0.8354763806300396	0.3083233560347356	-0.13211253366032874
408	0.813163246100384	0.29657906559596586	-0.2427037641807723
409	0.7790315551585835	0.1416464024416533	-1.701641956775377
410	0.6394881269615981	0.21263164283878364	-1.0332026734285578
411	0.6296971087980043	0.23410297650570902	-0.8310158130541263
412	0.5691123258708132	0.13571554608953912	-1.7574904310139796
413	0.5476155773926371	0.27161256263756006	-0.47780321938903664
414	0.5270600334608	0.30903387194043974	-0.12542189289954045
415	0.5726392275847343	0.3158612025718363	-0.06113168314761292
416	0.5001185735120451	0.2677890253182075	-0.5138079230612268
417	0.5568844959652375	0.3223716506340123	0.00017457168227894766
418	0.5753115814770658	0.29130903388669815	-0.29232952017244085
419	0.5399350182386757	0.28719932290625827	-0.3310290054056957
420	0.6423887627744407	0.24263206909462526	-0.7507007995972681
421	0.623630960643617	0.3448268087369323	0.21162570864795938
422	0.7908290013864014	0.3224170185463381	0.0006017829536972464
423	0.7372321223529739	0.3127796767229539	-0.09014916507086791
424	0.7428663513991306	0.2300167897249497	-0.8694937804184859
425	0.7510279937145736	0.26193411398541555	-0.5689412537854096
426	0.697396513418195	0.30991210405591374	-0.11715193646077446
427	0.7075013798380314	0.3991217051516323	0.7228987767645121
428	0.6146641897457225	0.33622170414796027	0.1305949209462189
429	0.6814927619563371	0.16804093507601173	-1.4530953239869357
430	0.774431538228182	0.12964950161277636	-1.814611917116056
431	0.7125781230425684	0.20091022246810455	-1.143578545772582
432	0.552463921199026	0.2585175348928642	-0.6011137965188855
433	0.6210223367710178	0.248137796740696	-0.6988555903473875
434	0.6005142791361772	0.20172652518318612	-1.1358917534364494
435	0.5756789852556686	0.25431502047868426	-0.6406871741330676
436	0.48805641300598196	0.2915754079472217	-0.2898211834376153
437	0.5369870259753529	0.26781597963092607	-0.5135541052059104
438	0.5615709777047344	0.3231589455981251	0.007588209766054228
439	0.6231269552980924	0.2802061791212307	-0.39688061052604784
440	0.8093290042484247	0.2533556527808398	-0.649721151518022
441	0.7540732698857281	0.31239207891035575	-0.09379901682357665
442	0.7669779878432869	0.31040665920380944	-0.1124949107638065
443	0.7925012501240833	0.38725750617768456	0.6111784160914742
444	0.7726424231454747	0.3150563050344158	-0.06871107754102466
445	0.7513345996436424	0.22711346736111637	-0.8968331922363264
446	0.8566760311435638	0.1942975998384265	-1.2058469371578375
447	0.8772749708067654	0.5191171534812051	1.852847355336101
448	0.8718913111037645	0.48866709486596366	1.5661114755282826
449	0.676152114023282	0.5546092129887047	2.1870617172086395
450	0.6874945803628162	0.30414953589015054	-0.1714157089493955
451	0.5994869627964634	0.32240731084742014	0.0005103694813844466
452	0.6849867287527235	0.4028034943327185	0.7575686955796186
453	0.7769875002024443	0.35736881995266656	0.32972875291280784
454	0.8588373756933462	0.31334794220836637	-0.08479803895373803
455	0.7868129497362821	0.23162078446103831	-0.8543896110744813
456	0.6864443043789379	0.21635191118052893	-0.9981704119288191
457	0.570143522491206	0.2739374669511284	-0.4559105362831218
458	0.6509483221920379	0.3654887537499565	0.406190883602493
459	0.6636500882578988	0.3842507131972731	0.5828646633485908
460	0.6833575076316407	0.3783019924617696	0.5268479674407598
461	0.6616031646104245	0.3841713311585201	0.5821171548130443
462	0.7651966178579289	0.4161794931784196	0.8835250638675506
463	0.7379484061018008	0.46862366197386757	1.377370578924312
464	0.6105530624985591	0.39815170394373167	0.7137646679184023
465	0.6689064409888598	0.24446090539187867	-0.7334793882580153
466	0.6046746453061442	0.24198234350510833	-0.7568190025504322
467	0.5549355435973707	0.21224503794101773	-1.036843175304092
468	0.6017780012974384	0.24833685787843826	-0.6969811121669908
469	0.6525590232858337	0.27882825330320093	-0.40985598035160564
470	0.7113782946263172	0.2742762048397861	-0.4527207786621008
471	0.6240803591679217	0.23542903276590318	-0.8185288778647432
472	0.4820590254934456	0.2574468100491223	-0.6111963790840553
473	0.4980456088932903	0.29056081140762186	-0.29937522847602166
474	0.5728028693230724	0.3796183032165812	0.5392431331496519
475	0.6600137917764232	0.3694638644525295	0.4436228924875342
476	0.5710863583936091	0.3528063975955825	0.28676626784361525
477	0.5792017690030346	0.26041101635583647	-0.5832836478139046
478	0.5381627959004592	0.28491700318132956	-0.3525206866730219
479	0.5300480553017298	0.3115464331225477	-0.10176212100136456
480	0.5667453803581918	0.3513623836505898	0.2731685728702139
481	0.5717761011356125	0.37702717909459477	0.5148435658385679
482	0.4471743940602974	0.33278357785115886	0.09821947690978947
483	0.5386156986086226	0.2664419184491001	-0.5264930833162328
