ID	SN	ssim	z_ssim
5057	0.23428432601012666	0.16861327750698385	-1.4117030081793158
5058	0.22237049457063854	0.1570117625144386	-1.5283232375724245
5059	0.22636128134281702	0.059651878403201436	-2.506999904028034
5060	0.4849483715869617	0.15938867742200963	-1.5044301199970949
5061	0.5812833349779462	0.2440851243705231	-0.6530482894117149
5062	0.47400418473292605	0.18259678541706387	-1.2711386162665566
5063	0.4560657818199928	0.20949716005161956	-1.0007318751936654
5064	0.8911601474078469	0.24325318223044273	-0.6614111009307544
5065	1.2035936545463555	0.1702367177988478	-1.3953839343889665
5066	0.9750144321043667	0.197762563718829	-1.1186898588746688
5067	0.3386296204139201	0.2873323817462036	-0.21832014580155135
5068	0.28334380310507745	0.20704813204415323	-1.0253498848419218
5069	0.27848897217671825	0.23505099211842895	-0.7438607890105937
5070	0.2761560290086343	0.30488304512992564	-0.04189815340434479
5071	0.8678498494554313	0.32367563809630306	0.1470079079194137
5072	0.9992491353440297	0.28723309761748217	-0.21931816527349368
5073	0.8059060859281516	0.3174836751467268	0.084765335286683
5074	0.3750210449316208	0.43795273605902374	1.2957390337555437
5075	0.36714041924138646	0.48880959312037536	1.8069600545031264
5076	0.704042105192527	0.5232983642737832	2.153646535189598
5077	0.7241783554541444	0.4912293446491827	1.831283772443858
5078	0.8012505716920612	0.462651355744101	1.544013392338684
5079	0.9945856836004467	0.3966337920998957	0.8803945959049002
5080	0.9310760689705375	0.35786614884927515	0.49069622876727415
5081	0.3417388778484889	0.3768057016607822	0.6810795532641274
5082	0.540517006957892	0.46569627300498034	1.5746213732510874
5083	0.6420214615437867	0.3528304433149474	0.4400765351370193
5084	0.5787922735492894	0.37271090738831564	0.6399180456783089
5085	0.46363843632893575	0.3897476451300854	0.811173977755464
5086	0.32230841390686454	0.30422109963306176	-0.04855213228034545
5087	0.5014880314935565	0.39400638016246725	0.853983443305435
5088	0.6110200855107851	0.28155296111825756	-0.2764157789859607
5089	0.4786355324480193	0.30123655777615377	-0.07855321026107433
5090	nan	nan	nan
5091	nan	nan	nan
5092	nan	nan	nan
5093	nan	nan	nan
5094	0.4731274330294933	0.294291993488094	-0.14836104836059177
5095	0.579893217958941	0.3815408905512274	0.728678406946449
5096	0.5819164022462163	0.403996403898083	0.9544047124619827
5097	0.7533807350145016	0.2296663799269067	-0.7979877465132783
5098	0.44830891923888566	0.3669809625781642	0.5823197510935849
5099	0.5287563319608772	0.5739183646503176	2.662486635778528
5100	0.4718618627418877	0.544584810421211	2.3676211957638604
5101	0.7744517149874561	0.2957120132274718	-0.13408678953703326
5102	0.5835940554047618	0.42904299580051963	1.2061769417832944
5103	0.48391287784002224	0.4398344369981113	1.314654183656796
5104	0.4674139661854799	0.41526893485817395	1.0677179432987698
5105	0.6623653648847474	0.23505176632616734	-0.7438530065542415
5106	0.6851824803009413	0.25851450941312076	-0.508001871357649
5107	0.43745140607350885	0.37230908679084984	0.6358788826654224
5108	0.5067302136003831	0.463018824434847	1.5477072446534137
5109	0.5673943528102143	0.29139930091682475	-0.17743884306601831
5110	0.5133790937905816	0.20723992615352665	-1.0234219406858571
5111	0.5481156698241604	0.36235259849028534	0.5357947169070936
5112	0.38908529864044805	0.28571247925827825	-0.23460365703760236
5113	nan	nan	nan
5114	nan	nan	nan
5115	0.42039064314149205	0.30963856492499076	0.00590506968680527
5116	0.9881812208125594	0.45898505109627136	1.507159128966215
5117	0.9983273743464024	0.422299667695685	1.1383919610317175
5118	nan	nan	nan
5119	nan	nan	nan
5120	nan	nan	nan
5121	nan	nan	nan
5122	nan	nan	nan
5123	nan	nan	nan
5124	nan	nan	nan
5125	nan	nan	nan
5126	nan	nan	nan
5127	nan	nan	nan
5128	nan	nan	nan
5129	nan	nan	nan
5130	nan	nan	nan
5131	nan	nan	nan
5132	nan	nan	nan
5133	nan	nan	nan
5134	nan	nan	nan
5135	nan	nan	nan
5136	nan	nan	nan
5137	nan	nan	nan
5138	nan	nan	nan
5139	nan	nan	nan
5140	nan	nan	nan
5141	nan	nan	nan
5142	nan	nan	nan
5143	nan	nan	nan
5144	nan	nan	nan
5145	nan	nan	nan
5146	nan	nan	nan
5147	nan	nan	nan
5148	nan	nan	nan
5149	nan	nan	nan
5150	0.38809185812953984	0.5652077499780834	2.574926185106036
5151	0.5217287318528997	0.5673886082039947	2.596848510487079
5152	0.6346831642969613	0.35936767954388144	0.5057898483642232
5153	0.5759672308451054	0.34700569542859755	0.38152526531582526
5154	0.7133617179406684	0.34447595143966137	0.3560958860937887
5155	0.6202257733280852	0.38093358409644396	0.722573668202046
5156	0.7608539497414983	0.35777638711146276	0.4897939298467339
5157	0.7115144489996449	0.40865409706978706	1.0012245671512947
5158	0.7116087093770935	0.27603916307357484	-0.3318413327357388
5159	0.4341106655709804	0.23848665790280885	-0.7093249432913152
5160	0.5474071806239772	0.27059541486456284	-0.3865627346648178
5161	0.4970290208175572	0.322207807925223	0.13225305121565784
5162	0.6123277797661444	0.18417429394007895	-1.2552812557458128
5163	0.5334544621126792	0.24889286568601288	-0.6047201274918779
5164	0.3227402326835427	0.34616234986612116	0.37304782482491916
5165	0.36513805087316314	0.25653878761242044	-0.5278621335529478
5166	0.5635064277706994	0.16009483632719973	-1.4973317010781715
5167	1.0058029610157506	0.25593497695530776	-0.5339317319965762
5168	1.0774651412983685	0.28259705448969114	-0.26592039036105714
5169	0.9505487628444655	0.2626892402729514	-0.4660368287885729
5170	0.7629793283904922	0.21163744507684298	-0.9792173979233626
5171	1.0024448552428074	0.2840477045760279	-0.25133823053568666
5172	1.0524826609043025	0.2560650566397987	-0.5326241508182156
5173	0.9341414809738269	0.28316223844534427	-0.26023907351580666
5174	0.5500399195622211	0.2867334895962309	-0.22434030264800023
5175	0.2873535593282821	0.2180524854578249	-0.9147324163259689
5176	0.32228852799223545	0.1974833652144458	-1.1214964055755354
5177	0.34230893136703544	0.15070198963552428	-1.5917500539003124
5178	0.37968929220271974	0.16942689336950778	-1.403524415246722
5179	0.38437882059441064	0.17090906056429095	-1.388625440555432
5180	0.4038321973551623	0.26971593814792316	-0.3954033711253423
5181	0.40385693629391634	0.2863418437286638	-0.22827718769671065
5182	0.4113641247386455	0.11059992782706125	-1.9948622034984196
5183	0.36601671411189285	0.1833761148155853	-1.263304676191768
5184	0.3139594165056014	0.23251208601183537	-0.769382267261388
5185	0.3893790180363176	0.16844657914751976	-1.413378685962144
5186	0.5123104678290615	0.1449592906606642	-1.64947655532828
5187	1.0392865521425287	0.24447286380481204	-0.64915067243664
5188	1.4764389506898214	0.42493704093686	1.164903246202552
5189	1.478585552622689	0.4485328905657817	1.4020923890186696
5190	0.9008744506060427	0.3574095932373098	0.4861068608931369
5191	0.8111583352068317	0.32908453204170407	0.20137894938089393
5192	0.7017213195006624	0.3747252985846816	0.6601670186407721
5193	0.45122429483100973	0.36466254835712564	0.5590146914992564
5194	0.47689783145036585	0.38167268318717673	0.7300032069787386
5195	0.49117101050068507	0.295114275766843	-0.14009533926697607
5196	0.574530799014324	0.24445771830683752	-0.6493029173330347
5197	0.5779928889181314	0.2683188354727374	-0.4094472640626514
5198	0.6436443287840266	0.2515473666752719	-0.5780366715388804
5199	0.6264829065747675	0.22919507780817433	-0.8027253485622645
5200	0.56376517065369	0.39396750627508004	0.8535926769557459
5201	0.30363843481473574	0.3760517034435509	0.6735002461553564
5202	0.3809388661004136	0.22923418919304522	-0.8023321948510073
5203	0.8360299258921947	0.24304507942845535	-0.6635029825962706
5204	1.0565499718932512	0.3220773600662904	0.13094176909066485
5205	0.7433714377855978	0.301905094794351	-0.07183297238955104
5206	0.7277316215069729	0.3141724661057293	0.051480548068996664
5207	0.6357894688221285	0.4125256809351664	1.0401423290802598
5208	0.385864871182142	0.4864342667331693	1.7830829049810621
5209	0.40589036955081154	0.3066896178499704	-0.02373820402167112
5210	0.5502812270642141	0.2535111818259074	-0.558296096838082
5211	0.6435470701458936	0.2684086933864811	-0.40854399836672184
5212	0.5575211761447855	0.22256857760196344	-0.8693359571438474
5213	0.4516620846738496	0.27034899876460877	-0.38903974754815795
5214	0.4548288321637682	0.28488177808918264	-0.24295399412369015
5215	0.4917668975044242	0.25278053401279404	-0.5656406820604087
5216	0.7795521967354282	0.28148754617117683	-0.2770733401871655
5217	0.8591566524664814	0.4475133347179463	1.3918436553894795
5218	0.8239006724507815	0.43470914081638123	1.263133910933358
5219	0.7614517467862549	0.39494345449141605	0.8634030599047
5220	0.8011315399250003	0.3491175191376326	0.40275364501828026
5221	0.4733232317232806	0.2784072277901156	-0.3080371786542963
5222	0.6481315801641918	0.17083981535731366	-1.389321504123617
5223	0.7635945607719947	0.2642253238369552	-0.45059587838543874
5224	0.5089159532090682	0.2161546679376478	-0.9338095726018115
5225	0.46819761492695733	0.2490611597983646	-0.603028408953344
5226	0.4876868953145139	0.31000831841529786	0.009621889161350162
5227	0.4463334924481903	0.2495582544169932	-0.5980315366921093
5228	0.42756783214599037	0.3823044016675602	0.7363533391934987
5229	0.4227136104875744	0.35236359570708586	0.4353837105226978
5230	0.3923831753654058	0.31134490797172976	0.02305749483661591
5231	0.5095185403533011	0.1984909817174496	-1.1113676880937156
5232	0.4488742004744566	0.3367169071817401	0.27810076892060076
5233	0.4201428943267695	0.325317848902515	0.16351566583338809
