ID	SN	ssim	z_ssim
494	0.29175959299928966	0.2757667819925114	-0.33701657951838937
495	0.3773536809075279	0.2340227140964585	-0.6704779187009567
496	0.4196702360306356	0.13618429293813933	-1.452034019658861
497	0.3912323025307422	0.1289221596020406	-1.5100456325569618
498	0.4578665432255999	0.25298179319290115	-0.5190283781120826
499	0.8718066088141566	0.25697827658146083	-0.4871035377709714
500	1.01830981801787	0.18606111393205435	-1.053606354098919
501	0.6438616506922336	0.2985047218665292	-0.15538061870299405
502	0.3201435062360737	0.22973088215126433	-0.7047620721177897
503	0.37194574763310123	0.12707729525570913	-1.524782838740838
504	0.40142571147409783	0.36480917299514076	0.3742747834051099
505	0.8826812809123382	0.4149907570488838	0.7751369672855158
506	1.2210158858710063	0.3684293466530706	0.4031935739516555
507	0.9198175511907282	0.4519759664121734	1.0705834358697706
508	0.3397694566741428	0.574403140515719	2.0485602236270983
509	0.6874483794820165	0.4037468402749392	0.6853179406771526
510	0.91550379071177	0.2926692632086447	-0.20199562190891449
511	0.6998297978572623	0.34281810480830305	0.1986050076204782
512	0.5320228688784265	0.28405534804371785	-0.270805582971026
513	0.8335851714817045	0.39491293350649653	0.6147506354362235
514	1.038753772310618	0.4406528538579336	0.9801317749187121
515	0.9083818082344173	0.3916958482655231	0.5890518090690668
516	0.670509356362412	0.45760851513670947	1.1155775472575697
517	1.0080708230696165	0.49800919902604873	1.4383076220355595
518	1.1600441114389322	0.42003355969898554	0.8154200496416398
519	0.9089172016114333	0.49328498997259695	1.4005695395500384
520	0.23399498217522474	0.5078538605791498	1.516949071964943
521	0.4103945542093014	0.13784624306200605	-1.4387579748963037
522	0.650721149402012	0.1059895318420662	-1.6932368055604783
523	0.7900419871356822	0.1364434996078942	-1.449963416395261
524	0.7573726852610551	0.25732116899636803	-0.48436443327940093
525	0.5025192331842485	0.21490856919507584	-0.8231661610643077
526	0.5259679879282406	0.1508946516114644	-1.334524247605077
527	0.44966343174066437	0.20012591445553635	-0.941253450937331
528	0.6778132408226941	0.2210715846262506	-0.773934558044692
529	0.6642710605454653	0.2866426206590806	-0.2501378465803707
530	0.4721142037220039	0.41841960163645375	0.8025273766454071
531	0.946747445532242	0.40178578012600896	0.6696525353527791
532	1.1451648880438552	0.29954033857726226	-0.14710787115714358
533	1.1515517423256048	0.32569388681756345	0.06181276499895423
534	1.0612257676555716	0.275832042151624	-0.33649526616418696
535	0.6844141340837778	0.20448566638371712	-0.9064267368735489
536	0.4289574471955786	0.2047934136254112	-0.9039683802131345
537	0.607593414512085	0.10046019226756683	-1.7374064582138575
538	0.9536895855105096	0.05728793295525957	-2.0822765231454134
539	1.3350161983799547	0.2472265268733871	-0.5650027862372416
540	1.1825818253261482	0.5020616204815722	1.470679308687085
541	0.7407234794010797	0.4713661880658686	1.2254770436462994
542	0.40639021737582126	0.4563872254608514	1.1058216008113448
543	0.60155039462044	0.34945114959074275	0.25159131459750916
544	0.6681357164673407	0.33957394583199196	0.17268990994826186
545	0.6582296374704707	0.26295370597467743	-0.4393704157231968
546	0.7345345855287851	0.2530469008284097	-0.5185082831519615
547	0.7594657146876456	0.4964946176741022	1.4262087933545917
548	0.8764306760831094	0.5332639719957307	1.7199309615797904
549	0.7667430445040314	0.5489047653724431	1.8448732628012177
550	0.8034163800432892	0.3704804721524525	0.4195784422773435
551	0.8384395922324674	0.41490057941729686	0.7744166073563358
552	0.9430286765154492	0.5126832564100401	1.555527410933284
553	0.7766623599635518	0.4438478380190063	1.0056540527108848
554	0.6194245329831051	0.4915416370655038	1.3866432303912208
555	0.8396631199023156	0.31831734006538126	0.002887191079070993
556	1.0079997190096441	0.1902051598254637	-1.0205027500924448
557	0.8609350752814051	0.28206740680803777	-0.28668572067865966
558	0.999433137979016	0.3758962613196337	0.46284102782400627
559	0.8051895397186704	0.3608282505256974	0.3424742473110202
560	0.5844180479244282	0.2759935928650854	-0.33520476142969663
561	0.3308489668680028	0.45337294536070294	1.0817428291552187
562	0.3917949739676101	0.37360840831311737	0.4445651250225464
563	0.461938148215748	0.07646578244759673	-1.9290793936686967
564	0.5402789956640394	0.16872777408505069	-1.1920691108259633
565	1.232313493348098	0.2993577351578022	-0.14856654981165565
566	1.475487163991897	0.6422285377733126	2.5903652977378884
567	0.9145721177105098	0.593666026773476	2.2024366465964205
568	0.42039218397601696	0.5306928396597944	1.6993921575012834
569	0.8151925907478246	0.43923816831737694	0.9688309372511676
570	1.0982037684859862	0.4180538890368358	0.7996059792021055
571	1.0223415288497402	0.3528011469314557	0.27835187378100473
572	0.675326154541842	0.30769956728698566	-0.08193005142437906
573	0.446669657577967	0.28138836995274935	-0.29211002526925767
574	0.3699238903322852	0.23240501253091125	-0.6834004956713753
575	0.6739662274157979	0.3046771876896748	-0.10607352375072256
576	1.1936360035622722	0.40861499533068096	0.7242058973630782
577	1.3791029296266684	0.5409155202531996	1.7810533115891158
578	0.9953376720683061	0.6053751291375299	2.29597168406967
579	1.0340024589101102	0.5870652711072654	2.149708272602001
580	1.0876066663514665	0.5027592903911453	1.4762524584561239
581	0.4915667889138319	0.3938052328738699	0.605902064729391
582	0.43430186969209245	0.4492684156877248	1.0489548899233718
583	0.592024469044554	0.4570972268412489	1.111493257242107
584	0.5410139876323448	0.3983369355825045	0.6421023616856307
585	0.44683316538739093	0.44410512143756875	1.0077092925959135
586	0.6269006890850545	0.43382135155934165	0.9255601430693717
587	0.5614056365075263	0.42243035443501176	0.8345662043578314
588	0.9566396753622173	0.47072554574086645	1.2203594435081382
589	1.172217841036101	0.423076702714187	0.8397293849872043
590	0.9315731665116778	0.3195480701167128	0.012718549443837792
591	0.30579133518683127	0.3440042150254384	0.20807993235490904
592	0.4319643341883433	0.2170344652076055	-0.8061840084608225
593	0.5586775863641573	0.16146241413475562	-1.2501064986699462
594	0.5448329944489526	0.183431980992364	-1.0746084805122156
595	0.40923316703060975	0.13391168919002716	-1.4701881078316734
596	0.4186894894180289	0.09748736001574045	-1.761154134801766
597	0.3978386695317344	0.11873358559103124	-1.5914343353190403
598	0.5931006009556747	0.15459847223187476	-1.3049372656355782
599	0.7217587133459349	0.15377593660298125	-1.3115078718596578
600	0.6261282166263953	0.2481183267185379	-0.5578788813176898
601	0.44183518030181845	0.2808963446532915	-0.29604043798508295
602	0.7557111859470779	0.30556045225360706	-0.09901780064595021
603	1.269159634788559	0.32129190151898457	0.026648680933613705
604	1.2310404848066951	0.3192104494377295	0.010021556806947626
605	0.581647032999904	0.2884819583324045	-0.23544478874798996
606	0.6907587294676586	0.3094077516333521	-0.06828467692162463
607	0.8465603468689864	0.33196432444715873	0.11190248156496514
608	0.6671952688805098	0.42901413078595363	0.8871589436263294
609	0.4759679086938189	0.3851523539345162	0.5367808519600347
610	0.48363358033373827	0.13571066650316804	-1.4558174579589105
611	0.28945013740825476	0.1820412105587356	-1.0857182787342785
612	0.6120265269202086	0.4406971282942217	0.9804854494300926
613	1.1886606225579475	0.403410135415791	0.6826282638224578
614	1.2435065711869748	0.4106296304098149	0.7402992717109028
615	0.8007922561676815	0.5327414331653839	1.7157567996706964
616	0.6091626475788772	0.47767166401169175	1.2758466544449745
617	0.4344730693598611	0.43685585558541	0.9498004681571749
618	0.4076250163855124	0.37782263707660035	0.47822936614519
619	0.6726547017437694	0.3503981322965243	0.25915603306335133
620	0.851644639554213	0.44690548282328435	1.0300792317259753
621	0.5229883471580534	0.4234840867492678	0.8429836635648913
622	0.9210022893801474	0.556096284649557	1.9023207941456741
623	1.3116290288014825	0.5296925074800171	1.6914012710087019
624	1.098252810639169	0.33447566068691176	0.13196362049687407
625	0.4861907523098435	0.21224780916883051	-0.8444209320129508
626	0.3597199392522419	0.29557682033044114	-0.17876937826638442
627	0.6455070656522389	0.30547533980431407	-0.09969769871896557
628	0.6222643680128046	0.2834157235603017	-0.2759150523534787
629	0.7104025149015111	0.2948866064736919	-0.18428296734848063
630	0.9763757338485496	0.3369882802341379	0.15203501078784165
631	1.0852812332075024	0.38168847960908764	0.5091106168934916
632	0.9336254430171474	0.43406031772374043	0.9274690604608958
633	0.9259383269585563	0.39014598416319624	0.5766711335584807
634	1.033179757898637	0.3377837036959498	0.15838903870513776
635	0.7692435421128934	0.2190583460240349	-0.7900167770095659
636	0.6076960499920347	0.3612705628007664	0.3460075408067256
637	0.761253265746918	0.34843709972373543	0.24349084802361937
638	1.2900609811127695	0.19413640839225466	-0.9890990207049307
639	1.2705774869941435	0.39345567712273993	0.6031097319557612
640	0.8360146375563172	0.347937908853566	0.2395031950596363
641	1.0556866459327507	0.4068930927239498	0.7104509382006814
642	1.2833666848773613	0.4801027564260859	1.2952667870060637
643	0.871556798304869	0.4137166917145365	0.7649594365844963
644	0.7095304392718024	0.37375672419861006	0.44574990686799554
645	0.5175086601354648	0.2360802730835817	-0.6540416581764259
646	0.4597443881447461	0.11118494984552565	-1.6517345962079821
647	0.4364031515496044	0.14895201246033857	-1.3500425017075754
648	0.3344920159448664	0.1511082490062019	-1.3328179818555952
649	0.4389343698771044	0.16336488196252785	-1.2349091424568335
650	0.5295897399416735	0.15025688460562273	-1.3396188790239407
651	0.8436895160319324	0.17359033148126912	-1.1532258695483586
652	0.7785054252974607	0.229607481040797	-0.7057478289361122
653	0.5882937072713753	0.25354529052518293	-0.5145270301477111
654	0.33187396341172276	0.25197781823367177	-0.5270483639755602
655	0.35079486949225513	0.15760267908458164	-1.280938961426711
656	0.37890308200935635	0.13749722245246596	-1.4415460328342453
657	0.39667339580487193	0.11947107554048818	-1.585543093794808
658	0.35510066453465244	0.12334908175699077	-1.5545646767049024
659	0.3830117071665819	0.1327130432882034	-1.4797631705357477
660	0.6613980475425931	0.20251011265855368	-0.9222079202613424
661	0.8660839235073045	0.3333455353103871	0.12293591571164503
662	1.2518385770587996	0.43724571607747703	0.9529147645909284
663	1.2231667994632431	0.45752858604845037	1.114939055080025
664	0.9119101179580633	0.3312683746436776	0.10634307240411021
665	0.5572494525985527	0.27109461227853227	-0.37433895963695557
666	0.34185533442074423	0.5134851793088508	1.5619333578674564
667	0.3040124769622151	0.5023460222457533	1.47295117623449
668	0.3896854144810046	0.0987679509643786	-1.7509244759735632
669	nan	nan	nan
670	nan	nan	nan
671	nan	nan	nan
672	nan	nan	nan
673	nan	nan	nan
674	nan	nan	nan
675	nan	nan	nan
676	nan	nan	nan
677	nan	nan	nan
678	nan	nan	nan
679	nan	nan	nan
680	nan	nan	nan
681	nan	nan	nan
682	nan	nan	nan
683	0.8001015852402332	0.17345894185823085	-1.1542754404661266
684	0.7593196137253737	0.24614651292396608	-0.5736301892686514
685	nan	nan	nan
686	nan	nan	nan
687	0.5957924416069614	0.39670948953671076	0.6291019435368986
688	0.36834391970026686	0.3281468617130098	0.08140769991649954
689	0.36331779797901764	0.37553318217154275	0.45994066700499925
690	0.7361022895634661	0.22804526954779739	-0.718227138279879
691	0.7353939406699603	0.3382552835013225	0.16215612805116453
692	0.5993223717846922	0.3270277024303465	0.07246759484373111
693	0.4951025127374347	0.3012279439147542	-0.13362688657142888
694	0.6414361833496853	0.19191367754986463	-1.006854712488286
695	0.5675805291169838	0.3159044907085107	-0.016387211688560065
696	0.6844609979425728	0.3674392694688697	0.3952846067527746
697	1.2407099996796132	0.305717093243774	-0.09776651592492071
698	1.0473254582751592	0.21945506482273058	-0.7868476948247299
699	0.5813467485955094	0.25544540314206354	-0.4993484879078779
700	0.38868925971053014	0.33439762275166407	0.13134023529015357
701	0.6993131655022055	0.20193213264216497	-0.9268249592802915
702	1.134531388101876	0.25389624877121203	-0.5117234939180976
703	0.9158607970232703	0.3191016874386544	0.00915274062079942
704	0.6382266337030204	0.34627337480002734	0.2262065092648991
705	0.813123621155954	0.29701315478986423	-0.16729560399153515
706	0.6818516388205018	0.4669825263879826	1.1904593329317816
707	0.6350880314951884	0.22965345234666126	-0.705380599435249
708	0.8189020732445271	0.141471685304501	-1.409797097668866
709	0.8137005535050017	0.15430019241451565	-1.307319994304844
710	0.6107219087317617	0.2244447313963252	-0.7469890758264919
711	nan	nan	nan
712	nan	nan	nan
713	nan	nan	nan
714	nan	nan	nan
715	0.4365944203969958	0.3091694622791494	-0.07018818779563082
716	0.5795689873359736	0.27892339431277474	-0.31180082492982597
717	0.5338678764747604	0.22969952306938646	-0.7050125757693402
718	0.9352000603479389	0.3177674879666867	-0.0015051555805695599
719	1.3029446244430907	0.3609513720716358	0.34345777090275753
720	1.0982862731617606	0.2342998904830048	-0.6682637691533451
721	0.7595113503836148	0.1567315985377545	-1.2878973557644207
722	0.549235103616223	0.053114387050403465	-2.115615780115739
723	0.49627794529924457	0.146742210834637	-1.3676949118959925
724	0.38213104444898094	0.160498847357003	-1.2578036945661708
725	0.37377431668975236	0.16026963669032676	-1.259634682769216
726	0.45279064007243064	0.1555472690341265	-1.2973580557445143
727	0.8317945213848271	0.17379601071691983	-1.1515828558983012
728	0.8975829305742826	0.3101754797073557	-0.062151886214145406
729	0.7432299953887093	0.33694895105053047	0.15172084010693554
730	0.8435589082858651	0.3421707888591453	0.1934340970178538
731	0.8942172712744855	0.2621613221545133	-0.445700162274886
732	0.7553262870217624	0.3127795938666835	-0.041349615646838075
733	0.7124728742729173	0.31559744909798504	-0.01883993160281482
734	1.0625289615258715	0.2587737530137262	-0.4727608537502185
735	1.33191183914921	0.23063950296226685	-0.6975037974043496
736	1.1475256889268741	0.25000269123927205	-0.5428261385386005
737	0.6822171722992669	0.323095042116617	0.04105258809278677
738	0.4290414362629417	0.20057757928402353	-0.9376454470661213
739	0.4885706662271641	0.011329027181086061	-2.4494069692002505
740	0.5141360654833163	0.0488084858551079	-2.150012321979999
741	0.453325243811614	0.10715146212474289	-1.6839550357755366
742	0.3358116231184728	0.31553081499697666	-0.019372220324958767
743	0.3538232144167565	0.3825182614932633	0.5157391078928752
744	0.3991875005730728	0.2019141768253251	-0.9269683945282519
745	1.028175181503903	0.2144787676167518	-0.8265995161998829
746	1.5103654027789322	0.2553770889052715	-0.4998941979460715
747	1.3866864464006106	0.18394195339577823	-1.070534702148973
748	1.1374614519818196	0.10981899638080134	-1.6626461507010004
749	1.129058633275992	0.2791393248199494	-0.31007592173466697
750	0.5691629657567451	0.36919354656493897	0.40929818087806685
751	0.6498171242752205	0.2990657191506724	-0.15089924170557237
752	0.6952898771390762	0.10897294904839866	-1.6694045738900714
753	0.595047777494082	0.6101464401627155	2.3340860280784237
754	0.47176966003789356	0.6290879276525164	2.4853950428152483
755	0.5603015951801401	0.09146281249384045	-1.8092796239041766
756	0.6263623358286935	0.09865213659116336	-1.751849628167286
757	0.5057166322577809	0.22100540037537647	-0.774463253259165
758	0.3633486370069045	0.35124333988784806	0.26590774820505536
759	0.7740502839944431	0.45248108657334113	1.0746184533915542
760	0.8704159364509514	0.34446367161621366	0.2117501786384695
761	1.0422923570391907	0.36849925320763177	0.4037520037951403
762	0.9601753352450877	0.5440790314490175	1.8063241760027933
763	0.9941039920283608	0.6020633838763094	2.2695166914084846
764	1.0560191926751323	0.5727437508741402	2.0353046325935553
765	1.1882290169558578	0.5029152812642212	1.477498549890377
766	0.9037876032142446	0.426489461150931	0.8669912944268174
767	0.610782021923215	0.30001201292545254	-0.14334002658106504
768	0.6644545024531197	0.5588525045533163	1.9243381208345312
769	0.8322212765560547	0.5464815338858454	1.8255159251626727
770	0.8342285780238968	0.20702238293204983	-0.8861628541240292
771	0.656710899901827	0.17980114911999534	-1.1036124113586696
772	0.39800214047704124	0.14192353620008868	-1.4061876074503108
773	0.40951951687734756	0.14677407871941556	-1.3674403438083391
774	0.36570469936870714	0.1253678817948452	-1.5384380316965367
775	0.41847715900629906	0.1461805136565888	-1.3721818798089769
776	0.48058694472979957	0.14130436290190396	-1.4111337080007624
777	0.658378126353444	0.16354028876081333	-1.2335079520888117
778	0.8090499113995451	0.18693621094300994	-1.0466158753100632
779	0.677870363267636	0.23149150034754917	-0.690697843806733
780	0.38246052799458324	0.3511441955168403	0.26511575987246183
781	0.36319720443352976	0.3858737839785835	0.5425438032186487
782	0.40478012302641353	0.23551040382258726	-0.6585939065917787
783	0.34519282495844905	0.18984978270769773	-1.0233415852989267
784	0.48225313553249066	0.23927178112766773	-0.6285471484165496
785	0.8811528934171169	0.23257230881869467	-0.6820640939506938
786	0.8640476806292195	0.5095060449932993	1.5301471059632288
787	0.5997914108704349	0.46638299986880105	1.1856701754289825
788	0.45964891139720016	0.47525965540784904	1.2565789678083945
789	0.5284360746170456	0.43898910550273623	0.9668413654653637
790	0.7081055079851626	0.34763335045620897	0.23707031163066938
791	0.7669828459628514	0.3807218993904669	0.501389348929592
792	0.4914423024387713	0.3636886528495157	0.3653238074419715
793	0.3799943427713589	0.45904880815661225	1.1270829434357295
794	0.6901840352120945	0.22255966178589323	-0.7620474510263474
795	0.8493998717328896	0.2310425292681939	-0.6942843293823329
796	0.7574050713262338	0.4393831667792968	0.9699892187442796
797	0.8254445955756441	0.4421779217668569	0.9923143726597912
798	0.8958620955098496	0.44178851969884503	0.9892037382241862
799	0.7400466806077256	0.24186721884755075	-0.6078141872688179
800	0.5370539699411124	0.11685153024280591	-1.606468631890177
801	0.5059819435210327	0.3285005591118603	0.08423311713697237
802	0.6796505295705968	0.3663167512095702	0.38631766939211826
803	0.7092585812759208	0.3007923821919041	-0.13710625508337995
804	0.5724435489653733	0.485643008553456	1.3395236116739966
805	0.44780253607159975	0.42193120831114206	0.8305789088377147
806	0.5333004068937709	0.41804977021312284	0.7995730770787521
807	0.5763525945747143	0.2727276078115554	-0.3612942108914089
808	0.43609484508371366	0.41931093308312706	0.8096475398888009
809	0.7033445062301541	0.4048280837087589	0.6939551651163638
810	0.7564502746088987	0.4185346388515293	0.8034463207188608
811	0.8491395903845119	0.4135246981379716	0.7634257471674704
812	0.910945148308666	0.38637669893509297	0.5465612050518908
813	0.9650987594637356	0.424753430310441	0.8531234756417974
814	0.57643657198336	0.3596115867734244	0.3327552538200626
815	0.6423701677710042	0.23985478286142198	-0.6238899947494094
816	0.6232412340529591	0.21483931333751555	-0.823719392988561
817	0.6847014534077496	0.19401230562521543	-0.9900903825194096
818	0.7223595256996274	0.15660212943005106	-1.2889315851582848
819	0.4738094663158779	0.3310711627029529	0.1047676974784895
820	0.4501445627295901	0.43223585107998996	0.9128947958771493
821	0.6737025868048702	0.16378797640519926	-1.2315293654833668
822	0.7230454611517149	0.21224739857983255	-0.8444242118935187
823	0.5391986302657092	0.23699044123815788	-0.6467710229220454
824	0.7958692999784038	0.22810933731178817	-0.7177153500556935
825	0.8068265231458552	0.2507173486662091	-0.5371172885233932
826	0.4517533923734519	0.2731882610268441	-0.35761440569246583
827	0.5454010758026836	0.3855753585257216	0.5401599111790589
828	0.8629427157186643	0.4383544677086233	0.96177173091878
829	0.9190471911366551	0.4492826711801289	1.0490687661176998
830	1.151558713873804	0.5163784532873332	1.5850455044337481
831	1.122549713383567	0.2346842156873802	-0.6651936898871902
832	0.5793778490453549	0.410593068983039	0.740007210516352
833	0.7058761130597353	0.5318600528745673	1.708716128578538
834	0.7672303685332915	0.5802574389319342	2.0953257232115337
835	0.8561264788839135	0.5323107829871633	1.7123166657214546
836	0.8654871150684628	0.5222735160063366	1.6321366387654355
837	0.919585510216275	0.45206656610040763	1.0713071672857728
838	0.8107820010818761	0.23719159021348996	-0.645164198046797
839	0.5641419226495473	0.3620859174415403	0.35252078362479994
840	0.6585553888882216	0.42026181457216516	0.8172434027435693
841	0.9394015238101393	0.31499095489678347	-0.023684748572803012
842	0.9915000629494126	0.21744108841459395	-0.8029358075551819
843	0.6361686080740834	0.32120096002963183	0.025922219130649647
844	0.4562327086989609	0.37504233248965113	0.4560196453961686
845	0.4115029892309534	0.4088617689036558	0.726177182153146
846	0.35761741563015853	0.4238606921691175	0.8459920753938296
847	0.8181857928886339	0.33247360319960834	0.115970718882707
848	1.2152109187582707	0.2720576463733913	-0.36664601893578036
849	1.0657942968309724	0.3108299572164765	-0.05692376740215668
850	0.5462540367052392	0.30826802280025223	-0.07738909635522766
851	0.7625671684452655	0.3367690335336343	0.1502836170678203
852	0.7249612136536211	0.27562208926801557	-0.33817241870973286
853	0.6282776278540286	0.4438599084251572	1.005750473927178
854	0.4181679954864764	0.42282967362057644	0.8377560590387712
855	0.686036885069133	0.3859203452352363	0.5429157453838472
856	0.6270453669633411	0.4370710849008483	0.9515197700693917
857	0.6332225248827398	0.322202182122055	0.03392021445276257
858	0.5553366561231874	0.2752526909401721	-0.34112325860873893
859	0.577710866421505	0.18729520241939687	-1.0437481677649048
860	0.3906970087750334	0.18168953600118024	-1.088527537027238
861	0.3733814541823208	0.15462086520279075	-1.3047583853671645
862	0.41220404956454787	0.09573364903808959	-1.775163186641247
863	0.4026222534170424	0.10877216711529913	-1.6710084667464589
864	0.3861626736574458	0.15559928247093457	-1.2969425602940783
865	0.40272698055242556	0.1822418340797104	-1.0841156513108476
866	0.5209293636541223	0.23814809605238502	-0.637523406575105
867	0.5329127719853808	0.2382498840353512	-0.6367103004543236
868	0.5104109414476049	0.17395404355415106	-1.150320452778673
869	0.3435182707834203	0.263065377366326	-0.4384783586313905
870	0.6470989030939235	0.31329106649404215	-0.03726385314523101
871	0.931327923810916	0.4064221949814339	0.7066892973316502
872	0.8741026818827089	0.3908108455728574	0.5819822013870518
873	0.6474165510689872	0.32018674963845717	0.017820470252314837
874	0.8498496513191484	0.3730310084426065	0.439952720344022
875	0.7473159328433695	0.388752009322384	0.5655357377853245
876	0.43879590303482274	0.31117220535406764	-0.054189809547879726
877	0.45714221099470037	0.22512861597733808	-0.7415260464734655
878	0.3883968194243758	0.11126245811429758	-1.6511154421004628
879	0.37897175209617445	0.09168355750431113	-1.8075162613350875
880	0.34523629157526636	0.1047760555260151	-1.7029303370683406
881	0.3331768153228066	0.1807785248921285	-1.0958049059983466
882	0.27097673365076974	0.28566470749178535	-0.25794964477844157
883	0.38947342809722585	0.3655680807892913	0.3803371156623229
884	0.49420994608326557	0.2784873340268258	-0.3152841760799571
885	0.6696387090766034	0.36048375545062233	0.3397223403966682
886	0.547953426883532	0.33391373215302783	0.12747480445957676
887	0.5711298707026079	0.374564090882182	0.45219934002304146
888	0.8302160467923969	0.3968932261674003	0.6305696745467081
889	0.5696353706685156	0.42768437214304594	0.8765365218020416
890	0.5024127460056814	0.4894448464723008	1.3698935786578066
891	0.7845357690673797	0.3616025329379581	0.3486593955994162
892	1.029805898375956	0.39194378511289585	0.5910323863660253
893	0.7921328015850507	0.4375681108647733	0.9554901292579513
894	0.6767265440929329	0.2856423976975099	-0.25812786061247367
895	0.45165925199850987	0.3156066811389308	-0.018766183909014793
896	0.6080763040222095	0.30853927029440015	-0.07522230818130766
897	0.5810866025651094	0.36735529785934057	0.3946138219735667
898	0.5439223679663202	0.3823910771669342	0.5147231298648993
899	0.865287859576743	0.43731746512643793	0.9534879127089114
900	1.0519282208595508	0.26733391980312254	-0.40438024723323474
901	0.6310296421190781	0.30629976517207513	-0.09311199682057252
902	0.2805182374757979	0.4426154354297993	0.9958093337239295
903	0.739796353985177	0.22621787789089523	-0.7328247685501016
904	1.0000313731730326	0.12128653817446988	-1.571040755338697
905	0.8478097279445813	0.42417984246484736	0.848541522306373
906	0.4228234159230093	0.4405840474728272	0.9795821334851308
907	0.6092102908137265	0.4972346891303886	1.4321206565567735
908	1.1360254601840603	0.4479350171741463	1.0383033919642097
909	0.9406553832623119	0.472125173719928	1.2315399978666028
910	0.449149657046664	0.3974295042630356	0.6348535889076687
911	0.34907157430610475	0.2336338286774465	-0.6735844260239907
912	0.43866583213871424	0.1671754609033269	-1.204469350153317
913	0.4590259178862513	0.21153939832464752	-0.8500798828698952
914	0.5537575467407404	0.12060390841536517	-1.5764937608819936
915	0.43141834691739944	0.13082159095471926	-1.494872532414283
916	0.5458554120625162	0.32941127435589046	0.09150812266936283
917	0.7243765740041755	0.36658969521076346	0.38849800965954007
918	0.6628193928112873	0.3713536654695096	0.42655371391584757
919	0.3936742561727563	0.4047308393154236	0.6931783542480426
920	0.3370271463471706	0.42255315390381554	0.8355471551223851
921	0.2953829836628233	0.25065105948305844	-0.5376468219613365
922	0.38053886619846267	0.27509058922036467	-0.34241816491028526
923	0.7586025945866842	0.39540288021549874	0.6186644438872542
924	1.331848291018976	0.4336945740396141	0.9245474147072996
925	1.408857821196915	0.41645035186359414	0.7867965506972051
926	0.6433267766777492	0.578683753872601	2.0827547603469765
927	0.938325489702542	0.5970176024840561	2.2292098141661167
928	1.4401423321446607	0.3197828863614066	0.014594316309980156
929	1.0534913623227518	0.2515808662310291	-0.5302193090478525
930	1.0385516100837402	0.25270198210444744	-0.5212635742723191
931	1.555460535671981	0.24522314349916485	-0.5810062793449989
932	1.2984278917714078	0.21590083145840894	-0.815239738944276
933	0.5043341165199231	0.1938301612179929	-0.9915453944772352
934	0.3754645646701649	0.4234968539262055	0.8430856507485512
935	0.6518925141170727	0.40661403316790307	0.7082217454563912
936	0.8994042822300453	0.2778118040940642	-0.32068046655642723
937	0.7613447633567665	0.3020204779879679	-0.12729593976337633
938	0.5837669071215159	0.33428033087088704	0.1304032804218225
939	0.5449034352682967	0.26854505260505196	-0.3947054362621289
940	0.5648236661623776	0.2757882027469244	-0.33684546554189243
941	0.6176513875742577	0.30940953848768893	-0.06827040311291087
942	0.6474958441025694	0.31504866817867017	-0.023223721432025047
943	0.6901750740779101	0.213935229054493	-0.8309414288596534
944	0.3315569239097196	0.3084973053170724	-0.07555753419649418
945	0.42371425640164534	0.4175853428280798	0.795863122932569
946	0.49797730496353765	0.2995956842080735	-0.14666575736473192
947	0.7264661135244346	0.22719709176016709	-0.7250025800416258
948	0.574658526909143	0.26940994167133736	-0.3877965009133734
949	0.44382789240150694	0.33967168685437005	0.17347068800507293
950	0.6898958870088563	0.33020299598599206	0.09783257949256692
951	1.2601270851975284	0.25977960236910014	-0.4647258947736728
952	1.2821628192243355	0.5711909611298325	2.0229005863732596
953	0.7930752728119274	0.5385807867488098	1.7624029164492157
954	0.9586104112404182	0.5294786818595305	1.6896931821387686
955	1.1647845126130605	0.5575554855508256	1.9139772308850234
956	0.9947006173065057	0.487040263084158	1.350685206374039
957	0.6617665554816544	0.4382866009144557	0.9612295951565081
958	0.6697144897802534	0.2712520600224222	-0.3730812303792429
959	0.8484605305976087	0.26504771524671616	-0.42264298183118804
960	1.0158847265730004	0.24867505307689436	-0.553431621470421
961	0.607200856192571	0.29321620225997846	-0.1976265453502249
962	0.4489023556817318	0.3098946419209271	-0.0643952838769882
963	0.46960007343263144	0.30362517883386647	-0.11447721557019969
964	0.5670357746217924	0.24364720534074807	-0.5935952404899251
965	0.5258986315694658	0.4359692320756662	0.9427179130107494
966	0.6429534410421399	0.48037732181022463	1.2974600792581763
967	0.6473170390807025	0.2070154510989396	-0.8862182272217753
968	0.6060183133065329	0.17061117337565593	-1.1770240785300066
969	0.6835057398977704	0.13931522939741897	-1.4270233698293644
970	0.6300179506174693	0.3347468737421976	0.13413013356514067
971	0.38009585915415434	0.31037739536668774	-0.06053893688849628
972	0.31311354495697813	0.2727290382139993	-0.36128278450345613
973	0.5449601197273262	0.15146646426476137	-1.3299564749192727
974	0.4020331339253536	0.21404380285897862	-0.8300741160157284
