ID	SN	ssim	z_ssim
5057	0.3061131833852589	0.14710676562849587	-1.9681822915578966
5058	0.2881028748355258	0.19466255550672973	-1.4619949049558136
5059	0.2926833298295467	0.08717413618340888	-2.606109684808594
5060	0.5063617272105269	0.23447200148870423	-1.0382601825321296
5061	0.5280457334025797	0.27300992376072897	-0.6280596536396658
5062	0.4236022836039804	0.2601851479792833	-0.7645675268805412
5063	0.4361917946297348	0.2392765975979459	-0.987119701963039
5064	0.9129132451459283	0.30345426594938674	-0.3040077968887893
5065	1.0884728213328654	0.21952356092957567	-1.1973725026045405
5066	0.8050445630863937	0.2506198795845076	-0.8663809595518617
5067	0.2963276354267191	0.3355786814415678	0.03792688584369562
5068	0.2687245643813029	0.2457121776979202	-0.9186189057315929
5069	0.26133136836614973	0.271075940741061	-0.6486451136428565
5070	0.24903974364978979	0.3115981023569374	-0.21732419267134073
5071	0.6461931736839497	0.3641698977903645	0.3422539324647038
5072	0.8917216916421821	0.2962015903493863	-0.3812058187750205
5073	0.710726279271379	0.2935953973283665	-0.4089463323416855
5074	0.3550964160121719	0.46484655599658053	1.4138638171858164
5075	0.3402037831703528	0.5013699459390624	1.8026215131923637
5076	0.5482978873718903	0.5191485191575973	1.9918579771023646
5077	0.5305356989796202	0.5290339837300746	2.0970796018530455
5078	0.5994029039406583	0.48436223173430276	1.621590130317095
5079	0.8119701437592769	0.4089003523287272	0.8183682382573672
5080	0.7057391333863104	0.3641201107731575	0.34172399572742596
5081	0.34267534624764834	0.41523914462774036	0.8858388178916562
5082	0.44288381415948747	0.4950096247804012	1.7349217787647335
5083	0.535165715177472	0.4191868977384204	0.9278589974567942
5084	0.46276850330014985	0.4757512510102587	1.529934207033193
5085	0.4333285612030538	0.5026292832889651	1.8160259941951995
5086	nan	nan	nan
5087	nan	nan	nan
5088	nan	nan	nan
5089	nan	nan	nan
5090	nan	nan	nan
5091	nan	nan	nan
5092	nan	nan	nan
5093	nan	nan	nan
5094	0.30885162644160696	0.31145705932068257	-0.21882546530508445
5095	0.38467020438264626	0.4040283644841948	0.7665104350141558
5096	0.45946152659974226	0.39161909475483003	0.634425239288651
5097	0.5895668338810142	0.2707956654273096	-0.6516283850586014
5098	0.4525735839031798	0.40324251017324997	0.7581457429140837
5099	0.4603081997664043	0.5717905047883678	2.5521832119520593
5100	0.4652009945191083	0.5003778552720625	1.79206162588344
5101	0.6480436400499201	0.29348771074136953	-0.4100925564330875
5102	0.442190110554863	0.41669443038024023	0.9013289883567737
5103	0.40504648841686836	0.43465610272086574	1.0925143730256868
5104	0.44881200170846725	0.4030944611997107	0.7565698985595509
5105	0.6162998309172414	0.2701034441189955	-0.6589964404710541
5106	0.6392925988646359	0.37183675246528564	0.4238605074221002
5107	0.3814284396030873	0.4255982857964167	0.996102291782862
5108	0.3863421489983708	0.47348842642882494	1.5058485328356297
5109	0.4770314873256366	0.2747886844511828	-0.6091263917256742
5110	0.5045755594949837	0.23394417301936565	-1.0438784282631497
5111	0.5426399923748829	0.4109818366320647	0.840523712963128
5112	nan	nan	nan
5113	nan	nan	nan
5114	nan	nan	nan
5115	0.329320771184485	0.22388394906957157	-1.1509602049052132
5116	0.7011108586923943	0.32915789315068766	-0.030416465264713918
5117	0.7539568886303168	0.4740027522917412	1.5113230558133377
5118	nan	nan	nan
5119	nan	nan	nan
5120	nan	nan	nan
5121	nan	nan	nan
5122	nan	nan	nan
5123	nan	nan	nan
5124	nan	nan	nan
5125	nan	nan	nan
5126	nan	nan	nan
5127	nan	nan	nan
5128	nan	nan	nan
5129	nan	nan	nan
5130	nan	nan	nan
5131	nan	nan	nan
5132	nan	nan	nan
5133	nan	nan	nan
5134	nan	nan	nan
5135	nan	nan	nan
5136	nan	nan	nan
5137	nan	nan	nan
5138	nan	nan	nan
5139	nan	nan	nan
5140	nan	nan	nan
5141	nan	nan	nan
5142	nan	nan	nan
5143	nan	nan	nan
5144	nan	nan	nan
5145	nan	nan	nan
5146	nan	nan	nan
5147	nan	nan	nan
5148	nan	nan	nan
5149	nan	nan	nan
5150	0.3324751601497984	0.5332878973316528	2.14235857659676
5151	0.3894309322670882	0.5627434706851785	2.455885903865724
5152	0.44143609847936943	0.39183703438346507	0.6367450050067321
5153	0.42176940908371935	0.3476246165800995	0.16614472099193203
5154	0.5494142438391969	0.34640673419619306	0.1531814897497045
5155	0.5434236988900804	0.3584949945406965	0.28184983755797854
5156	0.7028782192875763	0.3366309045335374	0.04912682718438641
5157	0.6823382500770563	0.38944971649794974	0.6113342147632815
5158	0.5859449432281254	0.2880536066014009	-0.467933567594449
5159	0.35511943757972453	0.2719503481459722	-0.6393378557831761
5160	0.39858461857730904	0.3280776394673939	-0.04191476631730624
5161	0.375137486339145	0.3709905997068199	0.41485399413380036
5162	0.4811272391166074	0.21955144659310064	-1.197075685514981
5163	0.4258839162149144	0.2968660370514589	-0.3741333983500904
5164	0.36100393774640227	0.3713059175455329	0.41821026080786494
5165	0.3866427967963705	0.3055714048843621	-0.281472811615436
5166	0.5216172177400623	0.18357791291691677	-1.579980670271083
5167	0.8564672804297833	0.2898952305810419	-0.4483311841255778
5168	0.9400138433970782	0.3243897924805636	-0.08116848564846989
5169	0.7708275270774604	0.2645682582016141	-0.7179133736362907
5170	0.5307721050930146	0.23883514135788575	-0.9918185952214076
5171	0.9002614889169694	0.3452457800540945	0.14082420697386533
5172	0.9929593919923734	0.3482542568005004	0.1728466586209849
5173	0.811404733634125	0.31904952358623556	-0.138010707432479
5174	0.3988109943124946	0.33481677469874027	0.029817093450931583
5175	0.21062198156999	0.2757740842377471	-0.598637722648862
5176	0.24633174814127348	0.2506561303997283	-0.8659951031615938
5177	0.26757810782675473	0.21633537819151738	-1.2313077582762424
5178	0.29187859482830303	0.27696483761595425	-0.5859632545736683
5179	0.28419260270855384	0.25402010495723737	-0.8301887062071654
5180	0.2850514432299916	0.2707641531694771	-0.6519638038893895
5181	0.29062487570367773	0.22998669213697798	-1.0860021509583833
5182	0.29475912709648605	0.1446228007235452	-1.9946217999094078
5183	0.2824223927217324	0.247509087502032	-0.8994924632935225
5184	0.27030767014835505	0.23023845010774216	-1.0833224202756702
5185	0.29843519806904967	0.19600720471362612	-1.4476823581622849
5186	0.45487100189342045	0.1662571406223219	-1.7643442668842397
5187	0.9296887923795777	0.2882377702523074	-0.4659733159111491
5188	1.3275058283061816	0.41543470357892254	0.8879203620039295
5189	1.2924893858112876	0.499240826282767	1.7799590042246272
5190	0.7363345020174424	0.40892643737793316	0.8186458894733551
5191	0.6466940543767064	0.37286279956204216	0.4347818295106973
5192	0.5413987734224618	0.416179717123469	0.8958503419298806
5193	0.361748558031165	0.3843068066467426	0.556592697404863
5194	0.4001960154727019	0.417997116338683	0.9151948751931769
5195	0.43088252161089813	0.3209071512422994	-0.11823797963402673
5196	0.4168624027809632	0.2715030402653882	-0.6440990343412252
5197	0.3614605006634307	0.2632228549893584	-0.7322339461192952
5198	0.39894952307317183	0.27117655282176634	-0.6475741911258879
5199	0.41942847728361576	0.2887045345134906	-0.461005042181861
5200	0.4203959457105617	0.4034459216505644	0.7603108699022024
5201	0.26568442125625746	0.31282818321966843	-0.20423111990755435
5202	0.3273441743266381	0.2548670462534333	-0.82117379966425
5203	0.7212562213688504	0.33539249914216895	0.03594514751476467
5204	0.8779107855361825	0.4158897968235864	0.8927644085599116
5205	0.6145151624160125	0.3745703095259639	0.4529566933589823
5206	0.4840335273644403	0.3743934339970437	0.4510740169915579
5207	0.3982475345867046	0.4150662264273975	0.8839982636257799
5208	0.2704168726071614	0.48579604159619344	1.6368517097952842
5209	0.3427920187349302	0.3454375608061662	0.14286553565204158
5210	0.46417240788849834	0.3034054646062678	-0.304527242037304
5211	0.5175256358109854	0.30187805697992415	-0.32078508312531145
5212	0.4779478509917921	0.28080689522253405	-0.5450681058645641
5213	0.3521525926780557	0.28357073059499793	-0.5156496353109667
5214	0.35267639354050034	0.29840391167298996	-0.35776414578194493
5215	0.3663120946425775	0.26490001286084486	-0.7143821522144815
5216	0.7167235348297522	0.3285296031139747	-0.037104031437543136
5217	0.8154164724140139	0.45334537057738644	1.2914443388199983
5218	0.8390487793860453	0.4376503549667107	1.1243854180242554
5219	0.7343611611045017	0.37416636662240643	0.44865709486189614
5220	0.7120677856269652	0.3290156840377788	-0.031930149705633695
5221	0.39240031967554956	0.26006967680824983	-0.7657966106670367
5222	0.5937852921860489	0.20694679822076037	-1.3312405061387125
5223	0.6744129364801261	0.23947072511294087	-0.9850533941646726
5224	0.5080037189705735	0.19351856429015643	-1.4741716330828343
5225	0.4462077218026147	0.2684989463816005	-0.6760748344706178
5226	0.4769841189663548	0.2950163222200481	-0.39382190145072976
5227	0.41522527735543024	0.25209754429394116	-0.8506525857942712
5228	0.3614632202703168	0.3547491870055166	0.2419791818123376
5229	0.3695552813867459	0.3422292755215122	0.10871630696987378
5230	0.3506959548349313	0.27092818454288764	-0.6502178416744829
5231	0.4968101829953176	0.22785891854826837	-1.1086503322819956
5232	0.44740452376777057	0.356971600675161	0.2656347192404084
5233	0.4610443023118701	0.30700443161366064	-0.26621956785916784
