ID	SN	ssim	z_ssim
494	0.23267588643963685	0.3264740156319681	-0.23590772625491285
495	0.31286318762050613	0.25139591843452674	-0.8894393672959501
496	0.3354269055558393	0.1665600875959209	-1.6279090650725128
497	0.3357619573342673	0.19594585599711928	-1.3721150297497644
498	0.3331352698418648	0.2553972373030794	-0.8546091227358522
499	0.633878579398202	0.29311200147066274	-0.5263137524749708
500	0.6943724863966516	0.2407033772258564	-0.9825146351017434
501	0.430304847589546	0.34982598808998244	-0.032636020501675946
502	0.23635541584845945	0.30080853793301887	-0.45931778038276383
503	0.24070877868805876	0.1810445327337799	-1.5018264450559191
504	0.267553671912183	0.4202398738941858	0.580295101349738
505	0.6578378180104426	0.47805079062098105	1.0835212710166593
506	0.9085318366324121	0.39142434918866387	0.32946486122345925
507	0.7494336850908055	0.4466010290798033	0.8097608130723997
508	0.3383112055661704	0.5549809672301654	1.7531746911447668
509	0.6238847665966191	0.42688538409442206	0.6381422145403391
510	0.8262649669819083	0.32887248437376254	-0.21502979685443285
511	0.707319279834727	0.3299688240730417	-0.20548649848175182
512	0.6141319980119063	0.29798849685819573	-0.48386536669925756
513	0.8286179508287322	0.421387505716431	0.5902848818063527
514	0.9297679993915575	0.4448959422532847	0.7949185590269664
515	0.7316262480682602	0.41325759679549723	0.5195165363508275
516	0.5066031934375748	0.49208080233587187	1.2056481884816115
517	0.5777180899872942	0.5586401921658213	1.7850271137074813
518	0.6200238796612002	0.4490485873896871	0.8310660519970817
519	0.537523976647783	0.48381062399544406	1.1336588410650386
520	0.2807082707743271	0.5641206525381305	1.832732828083227
521	0.28884917004798377	0.2569735306284373	-0.8408879763278116
522	0.43692675600388975	0.18014329123374445	-1.509671473878953
523	0.5516642060260036	0.20557470884876516	-1.2882988404698201
524	0.5517860544548423	0.28235412274025873	-0.619957763221703
525	0.38814913893741815	0.2510285657476661	-0.8926370589430029
526	0.4359771530463814	0.16522760727485253	-1.639507894603216
527	0.37870311338624446	0.1742131404917952	-1.561291603992465
528	0.49817664378401555	0.1693082780747573	-1.6039869159961437
529	0.5050785407433421	0.3191013059495989	-0.30008488627225666
530	0.3434871100193644	0.4442285741961275	0.7891093262699701
531	0.6046524163503539	0.45263577580438874	0.8622914189002702
532	0.8411628044007482	0.35648664575792205	0.025342946715536465
533	0.9032877939995794	0.36410862115510034	0.09168988777069816
534	0.8368726304762839	0.321293852857045	-0.2809994428210936
535	0.4820169429869081	0.22106716576097338	-1.1534417893785194
536	0.282636075916535	0.20480200122956296	-1.2950250215702028
537	0.4172576751007972	0.171138100847832	-1.5880588740725863
538	0.6607965225621952	0.1444160138258402	-1.8206663859225116
539	1.0594119215340327	0.2863933745146596	-0.584797324435408
540	1.0165223729336597	0.5296438491258144	1.532622905842576
541	0.6781289970226169	0.4878550391506544	1.1688642254860753
542	0.4216147422221726	0.45909492891927883	0.9185163512371716
543	0.4680118838592812	0.38483920835890195	0.27214324475197377
544	0.5047146488193951	0.38792726991142695	0.2990238665230617
545	0.5606265066729198	0.34336672390634937	-0.0888619196576708
546	0.6363008951306852	0.3314230339180334	-0.1928280510531206
547	0.5926058022221713	0.5672533986447569	1.8600024150926622
548	0.5833150329903519	0.5985061282693841	2.1320477710755323
549	0.6016670415435031	0.6089391276231777	2.2228638072189897
550	0.5889286293262782	0.3763370733487477	0.198134786187471
551	0.5784823133195601	0.47734283985006654	1.0773587782742646
552	0.5854909591971386	0.5131574247455128	1.3891136750235957
553	0.533814271383054	0.4553139536681411	0.8856041297924356
554	0.35295763930025276	0.5009734351442016	1.2830558097365776
555	0.4854406531620333	0.34441426903850325	-0.07974336291693859
556	0.686519569326841	0.23295988394275396	-1.0499193518114345
557	0.6982691632138112	0.3687043483593761	0.13169427325330774
558	0.6896550748632708	0.4261528396981663	0.6317656418874462
559	0.5239980197731987	0.41047519419114575	0.49529658129154236
560	0.3983372998384581	0.3460771763200106	-0.06526826877963493
561	0.2771390537598684	0.4654476008068271	0.9738143973869904
562	0.2867689612555131	0.3672031592990806	0.11862688626948832
563	0.2962971260860462	0.14011741003136224	-1.8580844039178606
564	0.3444343481238597	0.2283723854713323	-1.0898521087167818
565	0.7778586197000191	0.370367710582083	0.14617332751320125
566	1.0263273128503079	0.6765309080717518	2.811229373827243
567	0.7202620511557839	0.6188242035111111	2.308910338870786
568	0.3628877460043096	0.5259981737403115	1.5008884279278667
569	0.5418118792322741	0.4522948421486538	0.8593236967571178
570	0.7517503742810301	0.4763590968540617	1.068795599417308
571	0.6965814385016219	0.4018499194636001	0.4202162295306456
572	0.41603400532546897	0.32700015479509414	-0.23132784738838447
573	0.2793204784576114	0.2880421290143827	-0.5704454258910941
574	0.29920699759015096	0.2705724872108533	-0.7225132606183807
575	0.4218788877557631	0.3105380140383824	-0.374625696766339
576	0.8818158059170245	0.4585541825500442	0.913809321154303
577	1.0975698257710729	0.5702826436715462	1.8863710571783399
578	0.7131715936122446	0.6437622228246076	2.525988092498483
579	0.6042088449253846	0.6418049283338367	2.508950448654232
580	0.6754918344283442	0.5396395734031021	1.6196325975393466
581	0.36784943833828715	0.4003869679151039	0.40748168827372067
582	0.3156568602151033	0.4424222074050134	0.7733854614227529
583	0.4356941912974892	0.408831840855319	0.48099169821027893
584	0.44729331501600006	0.37893818366725296	0.2207766479079547
585	0.46334751314727834	0.4524979053511954	0.8610912991997192
586	0.5766748111051492	0.44871257121043845	0.8281411349675089
587	0.5169331987586115	0.4582936500586008	0.9115414663067066
588	0.7367032893845729	0.493043888536686	1.2140315563182633
589	0.7702833137330934	0.4609053085529462	0.9342751466390644
590	0.5837180583803714	0.3383917358387444	-0.1321676537845111
591	0.2631497182225364	0.29895617033093025	-0.4754420680777573
592	0.3246107989473984	0.2677787470006642	-0.746831906033777
593	0.345198507586517	0.22670619432642555	-1.104355787870441
594	0.3302579251660396	0.174484203778862	-1.558932081822412
595	0.28190952752995424	0.22797390846816137	-1.0933207279215886
596	0.22849942062381629	0.19676289491582666	-1.365002958383158
597	0.20917660481393044	0.21159151956770353	-1.2359243620298537
598	0.316410406005324	0.203169382888915	-1.3092364598349664
599	0.504601820412103	0.18018286421512061	-1.5093270033019797
600	0.5991059239482656	0.3107870018057628	-0.3724583351750171
601	0.44012348623341924	0.3074032431756535	-0.4019129086521067
602	0.5170574345491213	0.35629630263533085	0.0236860686390881
603	0.8733811168492654	0.4262791116924168	0.6328648005861945
604	0.7852734254872257	0.35395501990502143	0.0033059258012072324
605	0.40826593390774435	0.3003372417841869	-0.46342026775338097
606	0.4382366352185624	0.3546123984259389	0.009028202731461666
607	0.42538210168749674	0.3605996442803077	0.06114532815929092
608	0.37157806700294715	0.4278594927885091	0.6466215297755784
609	0.348141584280247	0.3911755996995653	0.3272995737709656
610	0.3102041626465261	0.17767355602311047	-1.531169755873205
611	0.2654447246109367	0.23815399338076598	-1.0047062338518278
612	0.4780224246093229	0.45571011758503843	0.8890526142958494
613	0.9094173328614477	0.4981184497022878	1.2582040435004753
614	0.9500637160444902	0.463116265745197	0.9535208459316723
615	0.5957675569510366	0.5515023841286172	1.7228946999394235
616	0.4451145998377781	0.5194485841160865	1.4438762737171842
617	0.3362676933020394	0.4898959025456695	1.1866293108235102
618	0.30773228097721594	0.37529713824629507	0.18908247240420128
619	0.49704135787850245	0.3850800315577278	0.27423953629643727
620	0.6123286533396806	0.4894857692446439	1.1830592271470424
621	0.43674363549794654	0.460651412376041	0.9320650588592619
622	0.7083111471232171	0.5377264117778509	1.6029791166547807
623	0.9234671962854512	0.514861547706821	1.4039475389201543
624	0.6767628215032688	0.35769484545571284	0.0358599518165849
625	0.31897691256379884	0.26352549844628853	-0.7838551206763461
626	0.25405220657425415	0.37915783276678583	0.2226886254597219
627	0.39094805795689297	0.358213913877166	0.040378282061326716
628	0.4677251137867944	0.32592512215255154	-0.2406856744148997
629	0.5527019559242848	0.37574901308370495	0.19301590325902185
630	0.6632116190677806	0.43042528492548127	0.6689559576372206
631	0.7385899586395331	0.45689351400155576	0.8993537144962818
632	0.5964307638971937	0.4486542145283429	0.827633158078919
633	0.6119991850219535	0.44838524582991934	0.8252918686558911
634	0.7983137401486091	0.3671426997196637	0.1181006043093971
635	0.5583268299155071	0.2512773929769172	-0.890471094786499
636	0.41287781170833254	0.3548741354602872	0.011306542752906419
637	0.6269956325299494	0.379578806008696	0.22635306747263537
638	0.8747443728943614	0.2596300439595279	-0.8177638484993006
639	0.8520496663376835	0.4310303708733386	0.6742230438745576
640	0.6078782493915093	0.34526787185473146	-0.07231301411867574
641	0.8954425718042832	0.4584645201311411	0.9130288374985789
642	1.046539984970586	0.5467305002692214	1.6813569251968528
643	0.6506926873544557	0.49824285085797754	1.2592869171275403
644	0.45850870375537006	0.43740782284643187	0.7297367930133419
645	0.32263357787880054	0.3086510260794093	-0.3910513439721978
646	0.29744455635968947	0.18415009706012553	-1.4747934670461311
647	0.24831342001581078	0.23081067928569404	-1.0686275143633923
648	0.24755135597963152	0.2289885765297095	-1.0844883559232468
649	0.2930705325071118	0.18372144009527133	-1.4785247934934187
650	0.3581186722534865	0.218939671806259	-1.1719609669739892
651	0.6533255891862957	0.24649717195238985	-0.9320814419758081
652	0.5621505411627968	0.24863657614783866	-0.9134585894143638
653	0.41642428132767806	0.2781056489174852	-0.656939415300809
654	0.26861365189558833	0.22819276740611988	-1.0914156284822092
655	0.2534228306108986	0.198382234173602	-1.3509071104322836
656	0.2617068378432451	0.21542168422155333	-1.2025839620313685
657	0.2825079788958106	0.17762735853964112	-1.5315718906942872
658	0.23382666164246188	0.23555250022939642	-1.027351428014121
659	0.2856130379889145	0.21963142259023702	-1.165939490112959
660	0.4511377513352672	0.2745189608339038	-0.6881604269761709
661	0.7105738577853887	0.3417578766742031	-0.10286643776691126
662	1.165904152771681	0.46825790969253966	0.9982772680039953
663	1.0844702889273299	0.5096927610110271	1.3589548476082016
664	0.7631591405302626	0.3859146374747527	0.2815045229561475
665	0.4844117914456939	0.2577493126608588	-0.8341350334101818
666	0.33657123671186684	0.4581066399864272	0.9099136014044116
667	0.23297696621984976	0.441645026219918	0.7666203393133592
668	0.2913258458264442	0.12763703785736683	-1.9667221879339436
669	nan	nan	nan
670	nan	nan	nan
671	nan	nan	nan
672	nan	nan	nan
673	nan	nan	nan
674	nan	nan	nan
675	nan	nan	nan
676	nan	nan	nan
677	nan	nan	nan
678	nan	nan	nan
679	nan	nan	nan
680	nan	nan	nan
681	nan	nan	nan
682	nan	nan	nan
683	0.7833848211835607	0.23499760754742124	-1.032181597378952
684	0.7817397952101653	0.24965998741816847	-0.9045501104847548
685	nan	nan	nan
686	nan	nan	nan
687	nan	nan	nan
688	nan	nan	nan
689	0.3390388323748559	0.4050146292473285	0.44776405047421014
690	0.6248296706734724	0.2840994327475724	-0.6047653788142315
691	0.5456132654557988	0.3901606267487503	0.3184645478057499
692	0.3596366115516888	0.3890944968084615	0.30918421605190144
693	0.40503465079181594	0.36939367855209293	0.1376946796152409
694	0.5712689555262024	0.26384088262893474	-0.781109798803029
695	0.5547977594045064	0.35014199077908464	-0.029885314720744394
696	0.5387681713649627	0.3793328699759307	0.22421227028831753
697	0.886901776361849	0.3456437794977506	-0.06904085422128102
698	0.7758863719616943	0.3003926750567065	-0.46293773824197443
699	0.4254440130115026	0.27548600194641226	-0.6797426328550735
700	0.28176710176865394	0.3112331092463367	-0.3685751077278409
701	0.5227430263002423	0.26601344938851995	-0.7621982763662121
702	0.8810375885371817	0.31646369773766847	-0.3230444508791358
703	0.7991018435156946	0.3441799951673311	-0.08178264458756389
704	0.6128361721602757	0.36202193837028673	0.0735259588007749
705	0.5559362952089565	0.3213004685142089	-0.28094185556936113
706	0.4202938580840311	0.5974019929398954	2.1224366141503044
707	0.4147285175035115	0.302138433239612	-0.44774145260443826
708	0.5737506414895548	0.1972188929921733	-1.3610336360072504
709	0.693877214712253	0.19843118921768194	-1.350480971898023
710	nan	nan	nan
711	nan	nan	nan
712	nan	nan	nan
713	nan	nan	nan
714	nan	nan	nan
715	0.3343341054387612	0.2748921499859828	-0.6849119307025436
716	0.4452242400105708	0.2956338187301629	-0.5043621123358686
717	0.4335421082509764	0.24843146175074798	-0.9152440468718068
718	0.6485263525253733	0.28130799518787664	-0.6290639803684771
719	1.0006221753875373	0.3993706989191774	0.39863538063621695
720	0.7301994942781833	0.27432380771549525	-0.6898591745801814
721	0.45148639950085045	0.18979299225706045	-1.4256738077055753
722	0.37628754808927484	0.15787848983005767	-1.7034796914811978
723	0.33416686829416414	0.1922769057228807	-1.404052108380239
724	0.2810294116811254	0.23998541278738222	-0.9887642937265645
725	0.25858754866946726	0.2314747607339853	-1.0628468905211903
726	0.29711038993793715	0.24192648507361034	-0.9718678591610762
727	0.6690825603319703	0.2339756834561656	-1.0410771308741782
728	0.763867908585095	0.3353379770856729	-0.15874968028406167
729	0.6945522406512376	0.3495303083818564	-0.035209821011909684
730	0.7043744002257796	0.3450092551056656	-0.07456419302073596
731	0.7594452766773361	0.2922541118915266	-0.5337814162199697
732	0.5470304595294102	0.2942417274372101	-0.5164798369602668
733	0.5323199705546479	0.3354836223823273	-0.15748188297318763
734	0.8926772291767523	0.2687342925872776	-0.7385141769141015
735	1.0481863845792156	0.20868299053449363	-1.2612422086861212
736	0.8059344138432296	0.18886718215216036	-1.4337326986435883
737	0.5043646562424479	0.352717009844281	-0.007470569299531374
738	0.35084121142613045	0.2823073922486434	-0.6203645377140256
739	0.32137458275080577	0.12285251795715224	-2.0083699555079906
740	0.3147603791598393	0.15172125060519634	-1.7570765566804267
741	0.3159993451783432	0.18319945187381864	-1.4830685396950964
742	0.2923004917327708	0.41374730572181706	0.5237793012609264
743	0.27504764824833605	0.4222444712880583	0.5977445023514555
744	0.32479289068254447	0.2329861853018559	-1.0496904066061465
745	0.716366926490164	0.20676384486981458	-1.2779477787851625
746	1.2281372122732437	0.2872992770186388	-0.5769117230130419
747	1.231074728570401	0.21904553251934641	-1.171039482171786
748	1.022733016554556	0.1539519358990351	-1.7376591303584097
749	0.9571149742671585	0.3597670329074848	0.053897703390652814
750	0.41583746907915314	0.40764215575683865	0.47063585697622035
751	0.5547810853852296	0.368141546631158	0.1267952580843985
752	0.648649901537041	0.20123518538150054	-1.326073051574816
753	0.5637370880250713	0.5454041337234161	1.6698113141909892
754	0.5098004301729112	0.5749559577578184	1.9270508124985868
755	0.5706180716348123	0.11038018970145136	-2.1169377197004544
756	0.49486143996203696	0.14941999153123417	-1.7771083059549453
757	0.36254801389802876	0.2636859768500263	-0.7824582057509373
758	0.29880158842521537	0.33442938816810786	-0.1666586661067369
759	0.613960973765879	0.43989215428654954	0.7513621306758057
760	0.6846399107309702	0.404557213361589	0.4437823865055639
761	0.766524182648296	0.4335798639703217	0.6964155936286147
762	0.6523117819558515	0.5349299115439016	1.57863644608525
763	0.6720601127808021	0.5817052494118734	1.9858013111818362
764	0.6553180344785724	0.6013221060319697	2.1565599875143415
765	0.6935150761296828	0.5212957548495116	1.4599553242760126
766	0.5805403634605171	0.3929211467061061	0.34249402118348976
767	0.444036760387736	0.32861083845441796	-0.2173073437479199
768	0.5051295695392086	0.5293699960414303	1.5302390993487722
769	0.5276437929635371	0.5340900877788404	1.571326039670416
770	0.5303675017410022	0.2794424465553246	-0.6453030048614308
771	0.4706423977765699	0.23650407818975017	-1.0190682358552543
772	0.28706123672901224	0.19111185288013294	-1.4141935334381777
773	0.27931139716486436	0.18900423218371587	-1.432539720459929
774	0.29063739408459194	0.21986176832845375	-1.1639344016261304
775	0.2896129764894708	0.21089017777286684	-1.2420293256773063
776	0.30438866652602004	0.21418671408866868	-1.2133339954992957
777	0.3558026343340686	0.2555202264963962	-0.8535385398050238
778	0.5181687831041105	0.26475895091283563	-0.7731182980250108
779	0.5887923810257308	0.29174964758563626	-0.5381726221506173
780	0.4517716400789651	0.3861032174649912	0.28314605351017813
781	0.3193230455450872	0.38707903717309705	0.29164026259384057
782	0.3281956892147628	0.2709495736686318	-0.7192308395026956
783	0.2869208766075274	0.2133277908507484	-1.2208106569246662
784	0.3051662811985495	0.26953816635918015	-0.7315167040831141
785	0.4764274889093983	0.25798423540817894	-0.8320901034731559
786	0.45861961283854447	0.5799788717414026	1.970773726917516
787	0.3314707029146311	0.5351669457868451	1.5806997559393399
788	0.37856023429311747	0.500423472795302	1.2782685573979637
789	0.4064262816592422	0.43239878933020326	0.6861347037744313
790	0.5108486225636909	0.4258318951377618	0.6289719186435987
791	0.5697840045601118	0.4573467694802965	0.9032991634073443
792	0.3614572050662588	0.41922208904244795	0.5714355986557136
793	0.25459185134623974	0.5024698657741333	1.2960817760541776
794	0.47269729835749985	0.2768680104820297	-0.6677126755182544
795	0.6803291936636352	0.2965207543714614	-0.4966416115934052
796	0.6033031821536469	0.46288399460508356	0.9514989974161777
797	0.57221602023942	0.4899256386009054	1.1868881539975091
798	0.5729593561863787	0.44971439604406627	0.8368617106346659
799	0.4013256752900609	0.26047321610451685	-0.8104242954716632
800	0.3100921455815482	0.14845071717020294	-1.7855455398144806
801	0.264154672511163	0.3722628929364558	0.1626703043993907
802	0.27845617490361013	0.42638423678413967	0.6337798820316869
803	0.33397245721594715	0.385093372106695	0.27435566165369
804	0.3185735369335057	0.42901851036893546	0.656710419739578
805	0.32405621747586977	0.4553030309916433	0.8855090512680376
806	0.36005332407098195	0.4606256391486249	0.9318407108771352
807	0.4235224944597921	0.30854443885866434	-0.3919791527991088
808	0.3606170286286692	0.3775638401515718	0.20881341220160507
809	0.44828679677379335	0.41172828697392433	0.5062043668278795
810	0.48557316432473896	0.44901621135043795	0.830784228577859
811	0.4887755718772803	0.42403388055217794	0.6133207571651429
812	0.5860714675912609	0.4618872187837019	0.9428223718407527
813	0.5044276887151198	0.4763994419596719	1.0691467910971937
814	0.36957609364692245	0.44767591642458315	0.8191173753267791
815	0.43047559273872776	0.3193719885851382	-0.2977286775561499
816	0.3896823258597344	0.27635155714259585	-0.6722082422819367
817	0.3899582896189513	0.2882148164567359	-0.5689422350564692
818	0.4057352613616087	0.20945049829098403	-1.254561290784169
819	0.261562973796811	0.3385739247243377	-0.13058175582191173
820	0.28665354236166796	0.38792111472249613	0.2989702875050386
821	0.3888199518920265	0.2363097815349208	-1.0207595282084088
822	0.43655099651163176	0.29111792481801513	-0.5436715736746645
823	0.38208005447068444	0.26640278387769245	-0.7588092399212202
824	0.5122676798450735	0.26389891288216577	-0.7806046633768557
825	0.4846130540585086	0.3514527000042347	-0.018475995853921564
826	0.30456775992257523	0.3344056396525258	-0.1668653895978747
827	0.3588446009935272	0.4068013944588396	0.4633172896268093
828	0.5158843000658512	0.4373606201871897	0.729325908447702
829	0.5817878314046367	0.43538371451478847	0.712117555326151
830	0.6987885120067415	0.5295636506866093	1.531924803206266
831	0.6686018165919666	0.3186218203155089	-0.304258660581938
832	0.38971752809187754	0.3996308745971882	0.40090012953311827
833	0.42023586301473215	0.5291068822164567	1.5279487747902882
834	0.5111256782119971	0.5669217532498192	1.857115544390181
835	0.5731727379639208	0.48634617505643174	1.1557300297030892
836	0.5723346419112118	0.5173465492635878	1.425578709741019
837	0.6429808240424034	0.4839665620213657	1.1350162334042884
838	0.5446564455492797	0.2857524095828546	-0.5903767261433482
839	0.37346144455469216	0.3728302728891886	0.16760917159827685
840	0.436580838063026	0.41945750952388466	0.5734848612144515
841	0.6260838324917555	0.38724883033556223	0.2931182596162158
842	0.6107664999822252	0.27775963351327493	-0.659951372494454
843	0.41271857501686765	0.3682054805732415	0.12735178329811245
844	0.31535793382211025	0.40371570501885956	0.43645731636257096
845	0.28615346145768944	0.40670187861047336	0.46245103491178424
846	0.32203015313117633	0.40311903564496415	0.4312634938013076
847	0.571648457088092	0.3909884069014511	0.32567011829581005
848	0.7584228186849407	0.3849788645468066	0.27335890872149105
849	0.6515462124687176	0.3663169605431309	0.11091279988632852
850	0.4019996463271934	0.32586292308473835	-0.24122709808407278
851	0.4613459005055542	0.3842787815949563	0.2672649029133211
852	0.4532352526712742	0.34866169256659674	-0.042770853328538326
853	0.33064509697691	0.4218443102773115	0.5942612243809675
854	0.29921142182374544	0.4231337669208033	0.6054855460903511
855	0.33703988312602057	0.39921518869326494	0.39728171216387975
856	0.37171890417719183	0.4652331679451816	0.9719478255744978
857	0.36302578252863166	0.35326318310027466	-0.0027162998440393186
858	0.32571254780116005	0.3468417418656048	-0.058612961914550635
859	0.3155257398510833	0.29406757031361763	-0.5179958209160277
860	0.24751372699083113	0.25649290953138043	-0.8450716344918231
861	0.2632635009454223	0.19431923312736232	-1.3862742792926974
862	0.26774179832155226	0.13679287203318727	-1.8870234800899273
863	0.2559447340937844	0.20301828373798017	-1.3105517312624062
864	0.2815341790821669	0.21181005048690066	-1.234022117892452
865	0.2792565904542269	0.27499207360794853	-0.6840421264443154
866	0.30496996617274247	0.283704871671123	-0.6081999110867364
867	0.3235683602133068	0.2900428207810357	-0.553030022167695
868	0.2978371810922609	0.23026179963257828	-1.073405342169702
869	0.270752451735415	0.2616181904826091	-0.8004576472453937
870	0.3952349227364914	0.35612393355634464	0.022185649059215874
871	0.5864848586270245	0.4542589228289149	0.8764204122843167
872	0.587819543369191	0.4555267323446961	0.8874563024347688
873	0.5222027295733466	0.3773949024229203	0.20734286146629516
874	0.6707302724320996	0.43389066660801184	0.6991210345685381
875	0.528087974749657	0.45502869661614076	0.8831210552837405
876	0.28162405020354514	0.3223678313767555	-0.27165079160816485
877	0.25691472637000246	0.2420608021663319	-0.9706986703656363
878	0.23996614181981407	0.15689546596351467	-1.7120366105383613
879	0.258290274173519	0.16315139157262504	-1.6575807108529883
880	0.23843780822687052	0.1631821462697679	-1.657313000715894
881	0.2680243821643195	0.24671329293632324	-0.9302001755803379
882	0.2718512226875345	0.32203774658942713	-0.27452407770355014
883	0.32611570727845085	0.35745482959692165	0.033770687917698765
884	0.37220520493203485	0.26991962495684746	-0.7281962248404512
885	0.5441574715357708	0.37610076988784386	0.19607783756526426
886	0.4719962637345593	0.35650754618126934	0.025524878443676662
887	0.4055734636104934	0.4023380092104274	0.42446489998350057
888	0.4539131779175582	0.4415919164007718	0.7661580347457466
889	0.32850843793729495	0.46970242558324965	1.0108513325555104
890	0.2819718426324302	0.5022222351768738	1.2939262282094661
891	0.4267531025085775	0.4207696511309124	0.5849066485229916
892	0.5835815002621341	0.4446992890075295	0.793206753277861
893	0.5663611967747245	0.48720654205648706	1.1632192586318009
894	0.5179427698352176	0.3573841424808657	0.03315537841091918
895	0.37901674049622186	0.35968739388856824	0.05320447033512449
896	0.45764261083923335	0.40727044807828683	0.46740025647195227
897	0.46370242386823946	0.4468190945717338	0.811659005809237
898	0.42436841194629815	0.3866646929966737	0.28803352454796793
899	0.6108305172231172	0.4557173396301259	0.8891154799671153
900	0.6209688262781876	0.3173464124332132	-0.31536069216541535
901	0.41720465072727486	0.2850298855531527	-0.5966660746011401
902	0.2544089269827088	0.3808043450989266	0.2370210066279399
903	0.5282417887443536	0.3023486913048997	-0.44591122110445436
904	0.6884172602971412	0.25867676267604867	-0.8260618675597398
905	0.6331065361417656	0.4681540851210338	0.9973735071852018
906	0.3695852566290372	0.43526383900429155	0.7110740760423105
907	0.4875390116783401	0.5044475524281042	1.313296927379012
908	0.7091599414600839	0.4829972763807922	1.1265789013598226
909	0.6003197352708766	0.5136560669894905	1.393454201703995
910	0.34748258907911395	0.3858303836344916	0.28077111930654486
911	0.2563800605738965	0.23685332999492303	-1.0160281067911023
912	0.25899729470327965	0.19861190076117619	-1.3489079337419776
913	0.3122307313683343	0.18206022669454025	-1.4929851429218821
914	0.31597990876142446	0.1527490879697827	-1.7481295499677378
915	0.3053371064830723	0.19667472676119774	-1.3657704349300217
916	0.31549712728997403	0.33941892715254085	-0.12322627074435348
917	0.36387631500511297	0.42653988408349525	0.635134743685998
918	0.32807243633485805	0.40764363793370867	0.47064875886796154
919	0.2891570274508482	0.40722762909271687	0.4670275304313115
920	0.21135858187010978	0.40154888163241653	0.4175957882145657
921	0.2824325544996215	0.2509094770134846	-0.8936736895820887
922	0.3697602140008592	0.27937615864463977	-0.6458800206445705
923	0.6142928648639431	0.41375069691302996	0.5238088205327404
924	1.1107586539541103	0.4800877349484483	1.10125224208187
925	0.9415456862912224	0.44915134206183366	0.8319604996724931
926	0.4192120418317637	0.6054350104936058	2.192361550188331
927	0.6375980477550801	0.6347415276029796	2.4474657275001
928	1.0244601729114071	0.38252684452714536	0.2520148319916231
929	0.9014665639295096	0.2689138085754578	-0.7369515456977029
930	1.0058550020979218	0.2860915456734092	-0.5874246512497404
931	1.429485948584604	0.33715873784520733	-0.14290052038870138
932	1.0258865380542286	0.26168094395380237	-0.7999113976660776
933	0.40795217177311593	0.29424720903054385	-0.5164321213838118
934	0.2247510869949961	0.4850351515282728	1.1443179749256764
935	0.3709043538912735	0.47754165021571054	1.0790893610855687
936	0.5489399397819098	0.3607201066727819	0.06219391606942886
937	0.5005661750838031	0.3303234214541053	-0.20239983783096388
938	0.4394118464465042	0.3130544023580898	-0.35272131387088484
939	0.4332695123604962	0.29010533365353386	-0.552485866925688
940	0.45446402874791403	0.3164393310672966	-0.3232565552167425
941	0.5111251893466249	0.34350995887103314	-0.08761510354193913
942	0.40643514111648976	0.35178840205893847	-0.015553813181464425
943	0.3879034331546314	0.26495446121920924	-0.7714164412101163
944	0.29019791986231835	0.3151810710691577	-0.33420931976640167
945	0.2995752805509232	0.4414682688587743	0.7650817210930474
946	0.3973549692535984	0.32698925170402626	-0.23142275542766622
947	0.46881726955261627	0.28258972848132985	-0.6179068880350826
948	0.30985197817416493	0.27510030329207685	-0.6831000204810845
949	0.27921455907842296	0.3407286137970753	-0.11182585312586722
950	0.4936673757451219	0.3043785944531979	-0.42824154132856757
951	1.0383856278961543	0.28637516431896975	-0.5849558385629249
952	1.046381543183763	0.5417275748627873	1.6378080051666284
953	0.6413462519862216	0.5245957155858239	1.4886804629766057
954	0.782707112138548	0.5684466270961759	1.870389100119348
955	0.9013172769372823	0.5985684329109118	2.1325901137312737
956	0.7304347229313465	0.556187390069612	1.763676229242882
957	0.5640902126458797	0.4869162893070177	1.1606926981200374
958	0.5788123896708275	0.24143112147652152	-0.9761798462332323
959	0.6649995950568365	0.24987480214440005	-0.9026802146590159
960	0.7697176496544995	0.2994760970740128	-0.4709162664084066
961	0.3639232634694893	0.29061899406059644	-0.548014611775433
962	0.2564186673842697	0.2734863309694627	-0.6971491509194729
963	0.31087498481618975	0.3001262421332587	-0.46525695452725524
964	0.37779065700918535	0.2739477082034645	-0.6931330046380452
965	0.3658602513274529	0.4314643282867862	0.6780005090892992
966	0.5990443176032908	0.4933586195977565	1.2167711929700429
967	0.6530128762007963	0.3032383896190609	-0.4381666721482373
968	0.6502251236880493	0.22034037997600772	-1.1597682350992307
969	0.6408156082941221	0.18576878307328834	-1.4607033053877918
970	0.4733654840333504	0.39424710127027107	0.3540360460164541
971	0.23265108009721175	0.3575743783213172	0.034811322629486066
972	0.25401254153531017	0.2961689001029445	-0.499704394296947
973	0.5083469749082807	0.15802101460454698	-1.7022390573516988
974	0.4154119867261582	0.16217028843650175	-1.6661209105452497
