ID	SN	ssim	z_ssim
5057	0.22402815137538376	0.35576238697511764	-0.5393667990943168
5058	0.22779153112737183	0.3376309255634918	-0.6911611693766868
5059	0.27640217509837506	0.2281371118805383	-1.6078299430896543
5060	0.46770016750606386	0.4042685159515098	-0.133279438806538
5061	0.4970991713991313	0.44347382731735907	0.194942617617853
5062	0.3793342333356496	0.3667921879953607	-0.44702665826407467
5063	0.3992309937569443	0.36297642700145755	-0.4789717411268475
5064	0.6845663715911673	0.4512330972147914	0.25990227316864467
5065	0.843910704711611	0.410707227261616	-0.07937533772173172
5066	0.7031098507479663	0.3680473573741405	-0.43651853422905157
5067	0.24726629276162002	0.41273091853176624	-0.062433242706631774
5068	0.19403536002518035	0.28858250401282165	-1.1017885365592517
5069	0.17833772995767763	0.316801987149589	-0.8655384861527825
5070	0.18864926378799127	0.36657645361000224	-0.4488327600685735
5071	0.6648641018279267	0.4223771048489641	0.01832344559355124
5072	0.7163120437339106	0.4471638230604579	0.22583480923177118
5073	0.5405131714582304	0.45568676902049676	0.29718786707879236
5074	0.27972562628464337	0.5781956411590183	1.3228171132876192
5075	0.2986847433012186	0.5955376636036114	1.4680023973989058
5076	0.5501115589882484	0.6795327655270216	2.1711990848480633
5077	0.5929029042164224	0.6926306166207656	2.2808526871524157
5078	0.6244442558688919	0.6427373057366382	1.8631520101345938
5079	0.7795360397522783	0.5278164929887512	0.901049066120473
5080	0.7362996199120834	0.457286392845784	0.310579721476831
5081	0.33855343817313666	0.49571155230104524	0.6322704418272108
5082	0.36717628301685523	0.5773529279600996	1.3157620217837163
5083	0.5145659484111295	0.516044026616158	0.80249142208234
5084	0.4576987477543589	0.520961573001606	0.8436605170585889
5085	0.4395361866189532	0.5300702042226284	0.9199168600493912
5086	0.33877601757299586	0.41409812924726663	-0.05098712234759557
5087	0.5032528639475929	0.391323150497302	-0.24165645004605382
5088	0.6075796286704646	0.44019738641762335	0.16751265641109178
5089	0.3663064802418867	0.42451447060776465	0.03621720948023911
5090	nan	nan	nan
5091	nan	nan	nan
5092	nan	nan	nan
5093	nan	nan	nan
5094	0.356179515260431	0.3860117643008179	-0.28612272359777174
5095	0.35578813842554574	0.4671117865090192	0.392836711690034
5096	0.371567088007848	0.4323250350653784	0.10160629679523815
5097	0.4839113165945726	0.2903165577652099	-1.0872712513055223
5098	0.3321102346488522	0.43615218252671845	0.13364670576632015
5099	0.30331479950279305	0.6374181002724496	1.8186202746330453
5100	0.33228130005341633	0.5991892886024296	1.4985733538496393
5101	0.5739879269772185	0.4431085730754451	0.19188475391974286
5102	0.4709967695081575	0.5210043137063566	0.8440183369946525
5103	0.3789588259515169	0.49777229565385717	0.6495227323322162
5104	0.42734357771644954	0.4710185631679999	0.4255437665335884
5105	0.5291385741523942	0.3138242575101384	-0.89046767333908
5106	0.6133356406295399	0.36863718274885926	-0.43158058856105447
5107	0.35513756079191416	0.4940657167000605	0.6184917081130273
5108	0.37686116524024027	0.5666340949477165	1.2260252669607816
5109	0.4361573661342116	0.4229942541804689	0.023490144075223658
5110	0.44186081286863277	0.3677714587873033	-0.4388283233464308
5111	0.5013025579180999	0.393743095874988	-0.22139696426141384
5112	0.3896684183174194	0.2525207961340672	-1.4036927302969069
5113	0.26635207528786053	0.27178980161126354	-1.2423749806695603
5114	nan	nan	nan
5115	0.3283656066901397	0.46029585405812135	0.335774561498003
5116	0.6305347692762979	0.5910248920895026	1.430222027981296
5117	0.7265370351799103	0.6273005384143218	1.7339172881400373
5118	nan	nan	nan
5119	nan	nan	nan
5120	nan	nan	nan
5121	nan	nan	nan
5122	nan	nan	nan
5123	nan	nan	nan
5124	nan	nan	nan
5125	nan	nan	nan
5126	nan	nan	nan
5127	nan	nan	nan
5128	nan	nan	nan
5129	nan	nan	nan
5130	nan	nan	nan
5131	nan	nan	nan
5132	nan	nan	nan
5133	nan	nan	nan
5134	nan	nan	nan
5135	nan	nan	nan
5136	nan	nan	nan
5137	nan	nan	nan
5138	nan	nan	nan
5139	nan	nan	nan
5140	nan	nan	nan
5141	nan	nan	nan
5142	nan	nan	nan
5143	nan	nan	nan
5144	nan	nan	nan
5145	nan	nan	nan
5146	nan	nan	nan
5147	nan	nan	nan
5148	nan	nan	nan
5149	nan	nan	nan
5150	0.33209256486971456	0.6574445515767777	1.9862792677896508
5151	0.3761319587565206	0.6910884319247461	2.2679417060970612
5152	0.47484381663977177	0.48477185809227946	0.540684664166921
5153	0.3962655445697786	0.5000805891956531	0.6688474826460058
5154	0.4952194878012769	0.4696743210095317	0.41428993611587833
5155	0.4736368719374074	0.5648285801179186	1.2109097183349589
5156	0.44017869503497464	0.5433508565212039	1.0311008516116356
5157	0.5096773780837713	0.5369159800084959	0.977228854980134
5158	0.5474693288973381	0.3636701223350274	-0.4731642089077659
5159	0.39351820633180934	0.37122813030680357	-0.4098894935045565
5160	0.4649283189692231	0.46626257563624984	0.3857272224578913
5161	0.42893208351899476	0.41008344880064346	-0.08459753446194168
5162	0.4864833282545484	0.3303867658361132	-0.7518083857856884
5163	0.437148048391461	0.3822564888122903	-0.31756142923086356
5164	0.24826380547579135	0.4260936565297542	0.04943796025951612
5165	0.28601499582285245	0.348518818417764	-0.6000090663004038
5166	0.4396836903513851	0.17879584363404755	-2.020908986878544
5167	0.7937760466526647	0.33346620516694847	-0.7260276975424794
5168	0.9380004796975172	0.46816912119168114	0.4016885879226618
5169	0.7436628399317078	0.43043723526583244	0.08580186849871253
5170	0.5655044166923431	0.39350659410927186	-0.22337692802619533
5171	0.7183067525472577	0.4647852561126644	0.37335928466746515
5172	0.8753034234858084	0.40726555697588346	-0.10818857907509219
5173	0.7118529908208981	0.33211592877025703	-0.7373320458622183
5174	0.4128235538552844	0.3221790321321606	-0.8205225253000031
5175	0.18762732379905434	0.240401944210424	-1.5051502716683474
5176	0.2297741197617529	0.16661565335543316	-2.1228800454318395
5177	0.25029866984304333	0.18219970721433415	-1.99241225862445
5178	0.2787293134227638	0.19139518273186623	-1.915428865838707
5179	0.3173470455157642	0.19593954214266832	-1.8773840464256861
5180	0.3209961925671625	0.3071591124102062	-0.9462674503298146
5181	0.355737729821924	0.29524039490261	-1.0460494909257796
5182	0.36184296040511443	0.14679579560284445	-2.2888094627214617
5183	0.25323035423727197	0.19167641403456573	-1.9130744318784314
5184	0.19962541450618346	0.23488985534108242	-1.5512968033718355
5185	0.2651876858817444	0.21132392515349557	-1.7485878794595777
5186	0.35787850596901505	0.16393183391339444	-2.1453486525069776
5187	0.7805680136381503	0.3219672206261185	-0.8222957852401868
5188	1.03456807579367	0.6011573126779826	1.515049409941707
5189	0.9956829667256845	0.6538768770154217	1.9564111341009776
5190	0.5928171133792329	0.5479716628152006	1.0697856749510442
5191	0.5809343024119302	0.4949095033173263	0.6255557861436283
5192	0.5151898643166674	0.5237461504262461	0.8669726576014756
5193	0.42526745590680826	0.4570423867143529	0.3085369320830388
5194	0.5211643560935313	0.44785480717195036	0.231619643432277
5195	0.4798756321633355	0.4010516917645638	-0.1602102962085494
5196	0.5750941466898322	0.38173921320768905	-0.3218919971249954
5197	0.5182289963963423	0.3733499380050933	-0.3921259797915549
5198	0.5189232359686727	0.3038386872808202	-0.974065642110524
5199	0.5425901488118658	0.2998808219334509	-1.0072004051848957
5200	0.46593093291299276	0.4517612456956644	0.2643238674488666
5201	0.2074033370035851	0.43545494726895645	0.12780953773623593
5202	0.27331788203683915	0.34634201116569446	-0.6182330295294308
5203	0.6893781072736539	0.35313462036910637	-0.5613661387036856
5204	0.9060738304425123	0.44842303299287467	0.2363767602860835
5205	0.6075844613877501	0.4032419139649278	-0.14187402467835997
5206	0.6272158314311881	0.36249479437578547	-0.48300391037463136
5207	0.49315445450884243	0.43470643251547403	0.12154306405976358
5208	0.26397263729003084	0.5013562615940682	0.679527255445779
5209	0.28868289472122727	0.3193727032740809	-0.8440167661748345
5210	0.3734774672433534	0.26895678924859523	-1.2660926125708514
5211	0.3826046369082765	0.32300949660360323	-0.8135699786396612
5212	0.30554888683651255	0.31705174358274124	-0.8634475559385194
5213	0.2458691238166433	0.33293890009952076	-0.7304422308688205
5214	0.23889053577895983	0.34987603732607697	-0.5886465961251871
5215	0.2760146759433937	0.27588582349244195	-1.2080835880453773
5216	0.569653232009248	0.3345942476106457	-0.7165838646100157
5217	0.661716851116005	0.5903961912574162	1.4249586217540753
5218	0.569819738168089	0.5421097554559268	1.0207105057711334
5219	0.5771653046375433	0.5505552947489402	1.091415524499297
5220	0.5754460781003067	0.4680364129501252	0.4005775708071112
5221	0.26378349628796244	0.39822549267600293	-0.18387088821497355
5222	0.4479268858317437	0.3201155119602647	-0.8377980629936751
5223	0.6003707801047588	0.41594853643576124	-0.03549574040287219
5224	0.447115791541825	0.3748732870298621	-0.3793726886648521
5225	0.410575969422736	0.4442857760225726	0.20174015255513295
5226	0.4065922389978762	0.4406014908276424	0.17089576894982164
5227	0.3626379271798662	0.4155254445789214	-0.03903781351670437
5228	0.3284277180487682	0.5239251507947179	0.8684712267237128
5229	0.34848560302836973	0.48981238723093745	0.5828833556635661
5230	0.3227774443613673	0.4917892399081942	0.5994333237258644
5231	0.3901456401576512	0.481529369117339	0.5135389443087842
5232	0.3755167143494511	0.6139343123293584	1.6220168833377047
5233	0.3791122886080263	0.5577924897147294	1.1520044327788201
