ID	SN	ssim	z_ssim
5057	0.29951519653312464	0.5268669611987004	-0.30486363793898646
5058	0.36125593710843673	0.5532417790121311	-0.08237465472641507
5059	0.3673235051832295	0.4297322269187359	-1.124259184761209
5060	0.5404420710175374	0.5933177579279936	0.25569265869776275
5061	0.5413334930147347	0.6351729339703034	0.6087686733155626
5062	0.4114632594817504	0.5605413089967121	-0.020798305055022316
5063	0.5016843595378875	0.6023512153838464	0.33189583016472357
5064	0.8608527552701247	0.6827056951501481	1.0097388631003166
5065	1.0487091225313196	0.5912765209580859	0.2384734786016865
5066	0.8269646628168297	0.5866008747246776	0.19903131889876832
5067	0.37932703482972313	0.5804451293564251	0.1471035468251899
5068	0.2973831658028733	0.4584210532282066	-0.8822500137289134
5069	0.3117015909851698	0.45641088138598207	-0.8992071389846309
5070	0.3485354759372582	0.5127102238677944	-0.4242850541034915
5071	0.7987431993364738	0.5964913494552377	0.2824639963056012
5072	0.9404239463727273	0.5516227338346721	-0.09603236860547147
5073	0.7500333152474309	0.5860708817487038	0.1945604786007108
5074	0.5763613434842939	0.6622359184258042	0.8370627960198278
5075	0.4965090109699916	0.7039373686419301	1.1888420319071316
5076	0.6118577273030382	0.7369546982543307	1.467364983072942
5077	0.5875639447445239	0.7484538169108781	1.5643676329427403
5078	0.4792052770891424	0.744173649485711	1.5282615978170655
5079	0.64008133835491	0.7152972069598584	1.2846697602612602
5080	0.7094502660858294	0.662470170116248	0.839038863524496
5081	0.4775341540987938	0.6657168836745091	0.8664270336900598
5082	0.47938640265474164	0.726975969557788	1.3831878252569996
5083	0.5877793995017657	0.6434528114252908	0.6786149004673857
5084	0.5656858571388521	0.6630247095853201	0.8437167696809612
5085	0.46777497540370017	0.6783194881864295	0.9727383145308129
5086	0.3801203947819056	0.6111018617279486	0.4057133033819479
5087	0.5673860859324598	0.5992652750975673	0.30586388858295793
5088	0.649972951604522	0.6174044611648746	0.45887988637929944
5089	0.42535446059043064	0.6159129982644553	0.44629841315128077
5090	nan	nan	nan
5091	nan	nan	nan
5092	nan	nan	nan
5093	nan	nan	nan
5094	0.47330389858443506	0.5235873553336169	-0.33252927640602586
5095	0.42674077651626713	0.620552892731462	0.4854389831252752
5096	0.4432248979102454	0.6381396119169498	0.6337945584055594
5097	0.6167549875680131	0.47924475428600954	-0.7065883614723486
5098	0.4484686560454297	0.6612987543221057	0.8291571987182602
5099	0.43806588196091256	0.7899920236392085	1.9147698023466806
5100	0.45938695462144263	0.7345005724261469	1.446662813145145
5101	0.6282121714721942	0.550251126397904	-0.1076027819494431
5102	0.5585906928808188	0.642174037790457	0.6678276014693117
5103	0.46093707526290617	0.6177010632796467	0.4613819208350879
5104	0.5307635894399222	0.6275128696409801	0.544150978663425
5105	0.5795887368925932	0.5037051879284865	-0.5002484713335825
5106	0.6546868996957165	0.5377143620194837	-0.21335865784064706
5107	0.4151030563798134	0.6509487023285858	0.7418476839938454
5108	0.5161798498950365	0.709258758285461	1.2337314631609164
5109	0.617803963115628	0.5765619772312806	0.11434659759829519
5110	0.6331056733331599	0.5336461691047775	-0.2476765481672552
5111	0.6154665989042476	0.6430556500621584	0.6752645824299414
5112	0.5633852887618076	0.5325864188078544	-0.2566162408578173
5113	0.3537018334422415	0.47438393442900195	-0.7475925828176948
5114	nan	nan	nan
5115	0.42217357222937496	0.5460521675492875	-0.14302376917250434
5116	0.6546634298615925	0.7276214449566952	1.3886328359565037
5117	0.776708826573208	0.7414335068317114	1.5051466873271317
5118	nan	nan	nan
5119	nan	nan	nan
5120	nan	nan	nan
5121	nan	nan	nan
5122	nan	nan	nan
5123	nan	nan	nan
5124	nan	nan	nan
5125	nan	nan	nan
5126	nan	nan	nan
5127	nan	nan	nan
5128	nan	nan	nan
5129	nan	nan	nan
5130	nan	nan	nan
5131	nan	nan	nan
5132	nan	nan	nan
5133	nan	nan	nan
5134	nan	nan	nan
5135	nan	nan	nan
5136	nan	nan	nan
5137	nan	nan	nan
5138	nan	nan	nan
5139	nan	nan	nan
5140	nan	nan	nan
5141	nan	nan	nan
5142	nan	nan	nan
5143	nan	nan	nan
5144	nan	nan	nan
5145	nan	nan	nan
5146	nan	nan	nan
5147	nan	nan	nan
5148	nan	nan	nan
5149	nan	nan	nan
5150	0.4202367752293272	0.74330898673665	1.520967597258609
5151	0.4929562124569993	0.74486193165718	1.5340677118754344
5152	0.5575051220774769	0.5429031567361106	-0.16958775224549316
5153	0.5727313566039366	0.5682480214751291	0.04421289750052639
5154	0.6187072420109607	0.6334223988176828	0.5940017547745714
5155	0.618961795187876	0.6298365787333956	0.5637529974114016
5156	0.6858060819929748	0.643532369316723	0.6792860237523501
5157	0.753637559332219	0.6509034356383405	0.741465829606933
5158	0.6570727862297722	0.5025737132406812	-0.5097932065655493
5159	0.35596678252586217	0.45788227009875215	-0.886795004768941
5160	0.5257167732200181	0.5021363453790528	-0.5134826929351578
5161	0.5918524779099911	0.5139207474515878	-0.41407348929882865
5162	0.6539413092047155	0.38004462138853984	-1.5434069078234394
5163	0.645857048174603	0.4617388025947884	-0.8542626096699916
5164	0.5161882933116384	0.6036536941316678	0.34288309742505707
5165	0.43704212964618705	0.5427720389833189	-0.1706938169662462
5166	0.5898478042522806	0.36249023512393463	-1.6914897335915808
5167	0.8605711150877279	0.5438563331764037	-0.16154708032414986
5168	1.1112014994690498	0.633750284750848	0.5967676888710902
5169	0.8121117904857207	0.5726587126314844	0.08141998638295456
5170	0.6499152530168557	0.5176714744712396	-0.3824336331749577
5171	0.8314028970985342	0.6241482912064373	0.5157685405311258
5172	1.0745612192499714	0.5875546630715708	0.20707715265585322
5173	0.9614368908353503	0.49743698407769577	-0.5531249048769977
5174	0.5214070215022077	0.45241708763218824	-0.9328974233205409
5175	0.2699176530903227	0.32796329145092945	-1.9827472749927897
5176	0.2785860880525386	0.31743564360695986	-2.071554927845355
5177	0.2727982230958854	0.2517147735443726	-2.6259538116406604
5178	0.2720148576161642	0.2840437632561023	-2.3532374615171108
5179	0.30822057993205504	0.3325239385892332	-1.944275208502313
5180	0.31466030445693444	0.4067535078899254	-1.3180998348999933
5181	0.34052840922874017	0.4097608705757342	-1.2927307472023981
5182	0.3803493534064881	0.2025119825665574	-3.041011804204319
5183	0.2728598281217476	0.3211980534614865	-2.0398165193041473
5184	0.28454037084316064	0.39511843425542703	-1.4162493546750539
5185	0.3362778136988286	0.2643326349640289	-2.5195138287207826
5186	0.46219361998100694	0.23033707672299206	-2.8062887835392547
5187	0.9496065014245327	0.4890819328139337	-0.6236052726851397
5188	1.0905133207293507	0.6994231738797878	1.1507618218462639
5189	0.999347927983321	0.7464466304035733	1.5474356909559854
5190	0.7641186459300093	0.6940010839850977	1.1050229175592192
5191	0.687790435545023	0.6542329420993787	0.7695524125117383
5192	0.5734651932067917	0.6542153134684431	0.7694037033832041
5193	0.40135690972651356	0.5665247293106142	0.029675791531745942
5194	0.43237408804852784	0.5878598669344053	0.20965174852964988
5195	0.5179401776006579	0.5746081823379341	0.09786504908859482
5196	0.6291056309432379	0.512337847353765	-0.4274262955924265
5197	0.5101070311650112	0.45816226143964417	-0.8844330931461177
5198	0.5578657236018698	0.42038734892278046	-1.2030893938748017
5199	0.514968330532487	0.49363923064132326	-0.5851614598411914
5200	0.44693397317120825	0.650069036410439	0.7344271218091248
5201	0.38434547307849287	0.5509362506104717	-0.10182330735717186
5202	0.40947256390890163	0.44693794406340465	-0.9791176129771152
5203	0.7244754116087876	0.5847881727086901	0.1837399818644302
5204	1.0060686824052025	0.6064511102110841	0.3664811470318639
5205	0.6125323366241683	0.5180929268540276	-0.3788784043660872
5206	0.6968974341890214	0.535427873336556	-0.23264669788665657
5207	0.455757320913051	0.5790889778439747	0.13566351439646807
5208	0.28906542056181495	0.6468559353210699	0.7073224949870619
5209	0.40392227577660506	0.43304166432629526	-1.096341897558619
5210	0.5638213085132868	0.4032829390743395	-1.347376371800118
5211	0.5187249166146973	0.4043900105067381	-1.33803749412216
5212	0.4677830842413877	0.4584542863700807	-0.8819696702589859
5213	0.4032008146386796	0.4616424287248656	-0.8550755868241489
5214	0.38545829103466184	0.5219469319799782	-0.346367329300684
5215	0.46327397598574754	0.44633328305342956	-0.9842183273877048
5216	0.7045697592619953	0.5576384627007305	-0.045285728072838864
5217	0.732262724681999	0.7209544632186236	1.3323924479283067
5218	0.5710862640287551	0.6682485706698768	0.8877834832168886
5219	0.5704624156525903	0.645251990858927	0.6937921656010566
5220	0.578133421165745	0.6131401806656176	0.4229078679515646
5221	0.47940221195223776	0.4889740014663749	-0.6245157447856482
5222	0.6578830285057102	0.4854686036387532	-0.6540860873730365
5223	0.8640315109349145	0.5702293151137295	0.0609264160626631
5224	0.7558239663230819	0.5516325373455382	-0.09594966952561654
5225	0.5756728269028258	0.5884589010018382	0.21470499596876455
5226	0.7025589418875484	0.6009992734770595	0.3204913085361302
5227	0.7267771020171503	0.5880830968781836	0.21153484033203374
5228	0.6504139176185134	0.6505699666257718	0.7386527985534435
5229	0.6827877521582407	0.6151604263978119	0.4399499731131993
5230	0.5444990295198313	0.5849713500252431	0.18528520334030102
5231	0.6093483836720297	0.6141714356340939	0.431607183753184
5232	0.49145079652713813	0.7406616658739902	1.4986356997972858
5233	0.4916486943086243	0.7196644926269767	1.321510695214797
