ID	SN	ssim	z_ssim
494	0.37325653087754473	0.5279377919510886	0.2069438389760513
495	0.4379158611157984	0.46258238312787825	-0.18946722923327863
496	0.4664995038119425	0.2665235947500871	-1.3786553183614993
497	0.5517454434002289	0.30533958765280755	-1.1432181986611845
498	0.5155705143143993	0.4551780947277482	-0.2343776953580522
499	0.7192259038102583	0.46244781104649346	-0.1902834717370506
500	0.9281526585582688	0.37990947000195086	-0.6909170463842532
501	0.5045192738598675	0.5062740200124464	0.07554294759962693
502	0.2542470102140635	0.4214411407039968	-0.43900807291197236
503	0.3586196304047978	0.19480388892398642	-1.8136688193111967
504	0.40185385257707096	0.5870976015976983	0.565775705524556
505	0.7305851979923942	0.7062629780646257	1.2885693507545029
506	0.9572189997013278	0.6528464361805217	0.9645730846519489
507	0.8272139792466698	0.7620991860822087	1.6272420216711867
508	0.5188951376906394	0.7433598136371443	1.513578978592152
509	0.5881496433426283	0.7144354977329169	1.3381394981991095
510	0.6970359250284116	0.6353958744231696	0.8587272801249312
511	0.6560328873868033	0.6217751559054374	0.7761112629564292
512	0.6832692768899298	0.5383279255203095	0.26996485010848786
513	0.7258836209516356	0.6638123780225744	1.0310866417974394
514	0.8961157952248149	0.7281119428346068	1.4210935231174229
515	0.8368056323928983	0.6457737922447616	0.9216741970446051
516	0.6097923102542164	0.6819573555773691	1.1411444023507789
517	0.8198557720192895	0.7291736655219585	1.4275333669224501
518	1.0995665140628808	0.6468711334237407	0.9283300836312206
519	0.789689273083723	0.712085047605137	1.3238829207757108
520	0.4319668678877637	0.6951720477407425	1.2212976801110107
521	0.5385082627582092	0.2929515786518876	-1.2183572570721766
522	0.6674522009345454	0.34726208528172886	-0.8889386774047604
523	0.7073729208768001	0.40706521713487	-0.5262047613138262
524	0.7082507430101583	0.4409577551706687	-0.3206306940864344
525	0.6128915650035409	0.3653985262243214	-0.7789326953900743
526	0.5704383342104962	0.24583440437805998	-1.5041449175153614
527	0.45892336979129084	0.27703618494132465	-1.3148915506429286
528	0.6024180433860412	0.3151150236072917	-1.0839256155574466
529	0.6067724933273091	0.4743421535526902	-0.11813873110382254
530	0.4622685557457716	0.6255997640843491	0.7993092972275592
531	0.5906169393868413	0.6452245766051141	0.9183429477676115
532	0.6719575332867568	0.5379030688675119	0.26738789614853475
533	0.6947116035257346	0.5223073245806881	0.17279242557343816
534	0.9519445370131419	0.4740306889893906	-0.12002790909949447
535	0.5416488854092798	0.3233488616500601	-1.0339835435427849
536	0.3338204553205843	0.26545340249929855	-1.3851465340231137
537	0.46795584726485556	0.15799462025947694	-2.0369342195900537
538	0.9161943785709948	0.18479655067639228	-1.874367998095188
539	1.1611090353639364	0.5003395553554397	0.03954764872087436
540	1.038836123410671	0.722751886483114	1.3885822787963118
541	0.690412869964383	0.6927176355342084	1.2064105241412562
542	0.5417181268384154	0.6451131988229107	0.9176673895175291
543	0.6173620568340206	0.5879057032651427	0.5706772194310776
544	0.5237217974923584	0.6152166395315702	0.7363307990522734
545	0.5317128762895075	0.5620974145146957	0.41413789856332756
546	0.5747373641177235	0.5546498146375141	0.3689647281086003
547	0.5493736485688246	0.7550766386050654	1.5846469924748197
548	0.5075592818198456	0.7774964625529246	1.7206336922792238
549	0.5035861214159114	0.7831126966926616	1.754698774492529
550	0.6549410863656981	0.6223368773846443	0.7795183659891844
551	0.6517466242375909	0.6955046592076723	1.2233151239504487
552	0.7069626750470976	0.7301853975040953	1.4336699937602573
553	0.6572958948086303	0.6951906699095591	1.2214106322593623
554	0.6135206050551004	0.6808566811229922	1.134468297892607
555	0.7309091824083618	0.544960646541596	0.31019539984454747
556	0.7191262859545133	0.4466314037481675	-0.286217366501956
557	0.6320735146326651	0.5510999363901418	0.34743305914053535
558	0.854433747766927	0.5972566702732724	0.6273952001954558
559	0.8484765121727156	0.5459663826383719	0.31629565883823046
560	0.6789509536922597	0.4014833951336497	-0.5600611178403918
561	0.37732815147001747	0.5438735216064455	0.30360147954660016
562	0.3069377995530057	0.5294742560794162	0.2162632112719732
563	0.376011753146134	0.15240755263471334	-2.070822393272532
564	0.5469965950759095	0.2856699676642163	-1.2625236274137
565	1.2390327778178103	0.484089619951514	-0.05901579641383212
566	1.3150941589287803	0.7657939696869164	1.6496526092861525
567	0.8014697563290014	0.7630481712836106	1.632998059988079
568	0.477743446136471	0.6746103122073032	1.096581154060397
569	0.7373437728985875	0.6389406051078085	0.8802277267216796
570	0.9769260890667391	0.5994432671905678	0.6406579313960671
571	0.9485773212151386	0.4713523403065341	-0.1362733443515364
572	0.6826924535498756	0.4338177612760099	-0.36393809063942806
573	0.35385232081844575	0.38268660910411845	-0.674072401114967
574	0.28299596061646143	0.32564969532917715	-1.0200279130458814
575	0.5558042128075382	0.4078050218273628	-0.5217175004474663
576	0.9706749661785704	0.5725926942355519	0.47779667019697347
577	0.9290664762361796	0.7555752136375485	1.5876710828258385
578	0.6579105573271873	0.8137277771763438	1.9403935314587046
579	0.6186789089026286	0.7968004289691937	1.8377212613961138
580	0.7495546074102745	0.7102399781305243	1.312691712970246
581	0.5682958569525921	0.5423459398768536	0.2943359831461015
582	0.481687639803926	0.6017237090779319	0.6544898761552934
583	0.566373687412538	0.6563373379871176	0.9857470339712756
584	0.5650530460544623	0.656728092048888	0.9881171397945377
585	0.5368053581814397	0.6701100900998068	1.0692852058759474
586	0.6193346878156204	0.6794621064277573	1.1260095512549537
587	0.5841626217938457	0.6367870422618629	0.8671653625870369
588	0.8546700432279359	0.6670524823185254	1.0507393871202018
589	1.0949773321104062	0.5836977802840122	0.5451542019191723
590	0.8840995547169979	0.443126369529411	-0.3074770354992998
591	0.3342343804931406	0.4157870261194749	-0.4733029177088469
592	0.4916954964009663	0.29004516020295995	-1.2359860419386182
593	0.6633369968477529	0.19558918817904786	-1.8089056126819645
594	0.642085886250162	0.15946334043847557	-2.028025745975692
595	0.41061457483605274	0.20441976345748708	-1.7553440507231353
596	0.42238416922109406	0.17513431941895782	-1.9329739418573344
597	0.4077868564139178	0.16943438274261563	-1.9675467190349123
598	0.5773606185482613	0.20479321871559206	-1.7530788702207187
599	0.6867427566788783	0.20703234812498209	-1.7394975049287313
600	0.6611421637775741	0.45447515079990414	-0.23864137847694586
601	0.46433328396996987	0.43961553763815686	-0.3287718700872087
602	0.5930045658831914	0.5120019980110552	0.11028580848892583
603	1.0954603303357062	0.5652563317195168	0.43329820627305826
604	1.1775466836536204	0.4697006494135651	-0.14629162077307326
605	0.4951775166559315	0.41325878842783703	-0.4886378597140344
606	0.7059648155263324	0.5000856828009754	0.03800779314784209
607	0.977750191077027	0.45496483872640237	-0.23567119257301444
608	0.6485805724866651	0.5195213622206375	0.155894263125613
609	0.5047242088062172	0.521191293530176	0.1660231761898868
610	0.5226775224862295	0.23915097118681194	-1.5446830602391726
611	0.34387347574989363	0.37167589948380203	-0.7408574957371932
612	0.6702399593014028	0.6416756991729837	0.896817349211258
613	1.303744805024814	0.6549077408353113	0.9770758597829311
614	1.2507571653401945	0.6563757160600074	0.9859798149016381
615	0.9559108181832943	0.7163947180319707	1.3500230840505305
616	0.6724921569003444	0.6715053034322656	1.0777478261465354
617	0.553047286616334	0.6191913398334676	0.7604392121256154
618	0.4542526312195177	0.5118148861000648	0.10915088738834729
619	0.5354842870780425	0.5470404391084549	0.3228103127940255
620	0.9114664359040239	0.6712280227892765	1.0760659895876306
621	0.6976113837943629	0.6234662742455074	0.7863686852528596
622	1.0778622511348537	0.7248699141943453	1.4014291057479629
623	1.2521732160043328	0.6696371919518471	1.0664168578178088
624	0.8616825907301069	0.4741008346197545	-0.11960244310114099
625	0.4104514675933119	0.3115730375161826	-1.1054094149130176
626	0.303397653594358	0.5413355248507183	0.28820734426131484
627	0.5161813903890257	0.5142331123694632	0.12381855875457198
628	0.5584184819584791	0.43091258787999176	-0.38155932367867246
629	0.5970948156886948	0.48890888069602445	-0.02978472994038343
630	0.6456160744680324	0.5953134287969517	0.6156085333642416
631	0.8023712396780907	0.6606693547810212	1.0120227383956386
632	0.651992376996207	0.6574085201655029	0.9922442540059503
633	0.6799841121018868	0.6416947670918272	0.8969330050416376
634	0.7562471036278927	0.5815291154341189	0.532000237079633
635	0.5720591630900617	0.42739185363937243	-0.4029142206387756
636	0.4532355137392577	0.5627077424294351	0.41783982232137895
637	0.6812308508485381	0.6182548961266718	0.75475924382899
638	1.1333087996206657	0.4254200235857574	-0.41487429053896097
639	0.9993293346380664	0.652438478340683	0.9620986298824548
640	0.592250482056353	0.622710334877631	0.7817835600472024
641	0.7195014444499814	0.6702014935965889	1.069839610759183
642	0.7910460850513019	0.7396554031812111	1.491109999629836
643	0.7067912774728444	0.6775457837005932	1.114386159205432
644	0.49610836029217076	0.5529333671700843	0.3585536728288517
645	0.44431033352686505	0.3996643565758211	-0.5710944359820223
646	0.4332634185977509	0.20266352246418412	-1.7659964723164494
647	0.3400766645887971	0.24829743866953385	-1.489205464574894
648	0.2669847866572709	0.2884038885437036	-1.2459411208430662
649	0.35556623689016037	0.2556358635795999	-1.4446944912682727
650	0.45232009626383657	0.26235167815171745	-1.4039599403509897
651	0.8163288996053514	0.36003395691410445	-0.811471312912896
652	0.769406456143035	0.3730598456776253	-0.7324632159229281
653	0.5453090514399718	0.4071587754654845	-0.5256372863573293
654	0.3185283606781299	0.36263790370259164	-0.7956771598876016
655	0.3159009429619754	0.27138119085842144	-1.3491917300081135
656	0.30454505629465317	0.2701311197564828	-1.3567739948853417
657	0.34284131484007946	0.19807553437479994	-1.7938247621579866
658	0.3127381699280554	0.21454441383768122	-1.6939333190832258
659	0.3600983797197878	0.2246487297072747	-1.6326459257440606
660	0.6169714669557802	0.30699899224272154	-1.133153135066239
661	0.9366924127406985	0.489304177733077	-0.02738706885097209
662	1.1121922970918332	0.6615149686061178	1.0171517810523205
663	0.9945391718342017	0.7200777805883645	1.3723625780350484
664	0.7229804979781792	0.6447921041200881	0.9157198002294478
665	0.6167494546803229	0.4917421863677232	-0.012599408203358637
666	0.45107684876884674	0.5447173122565839	0.3087194637959408
667	0.34244166170419577	0.5292935307821723	0.2151670279656046
668	0.4837320279056858	0.2082300453356302	-1.732232912154954
669	nan	nan	nan
670	nan	nan	nan
671	nan	nan	nan
672	nan	nan	nan
673	nan	nan	nan
674	nan	nan	nan
675	nan	nan	nan
676	nan	nan	nan
677	nan	nan	nan
678	nan	nan	nan
679	nan	nan	nan
680	nan	nan	nan
681	nan	nan	nan
682	nan	nan	nan
683	0.7352174019173615	0.481248016890203	-0.07625144569281181
684	0.6976025486319082	0.5999627798842682	0.6438090184379236
685	0.5939152398316415	0.5771670046718942	0.5055419986868711
686	0.7331515376865846	0.7256439995758386	1.406124294998374
687	0.542465429896413	0.6961834964123184	1.2274325885379918
688	0.43250954620293564	0.6073734095049126	0.6887579470257603
689	0.45150747692190335	0.560671231219724	0.40548743101057483
690	0.6059987122778773	0.5133375764770014	0.11838671545127503
691	0.5335620744965565	0.6165496032200412	0.7444158461684249
692	0.5341584837044899	0.5723986632588736	0.47661978173256453
693	0.5623321088406249	0.5559099641511831	0.376608123258469
694	0.6865858922771362	0.49924064603928164	0.03288225065012275
695	0.710054986264511	0.5773298002958991	0.5065294301538849
696	0.7932378207142796	0.5699980216082844	0.4620587692894766
697	1.191743406514973	0.5549513464805023	0.37079365951810944
698	1.121615127363585	0.4130781805607227	-0.4897333307518404
699	0.4673529228738559	0.3759465504791551	-0.7149540035320321
700	0.28570943409779376	0.41736135217390313	-0.46375389515382237
701	0.511064066968176	0.33353552054030117	-0.9721967013383729
702	0.800759786671043	0.4329320648716552	-0.3693102528534103
703	0.5682186104652895	0.5004109031392392	0.03998040634108638
704	0.554866421320688	0.5152837523925506	0.13019118102646643
705	0.7179841104686265	0.439114808895323	-0.3318090236970472
706	0.5441301605337958	0.4332523814032763	-0.3673673835369851
707	0.5351129747060562	0.42657017409231507	-0.40789809072450733
708	0.9379218151835029	0.26641236526027484	-1.3793299771489935
709	0.8419402371485964	0.42286207848439844	-0.4303894218541586
710	0.5040600634155961	0.5252101449019855	0.19039938611587748
711	nan	nan	nan
712	nan	nan	nan
713	nan	nan	nan
714	nan	nan	nan
715	0.3926353929853363	0.43593913891914526	-0.35107094478673423
716	0.5995881939395269	0.5148541444751338	0.12758540842828595
717	0.5328211512442984	0.46771808084001665	-0.15831682481034764
718	0.6472151681367064	0.48620953046923443	-0.046157549361764055
719	0.9023406923835248	0.575316232938794	0.49431620402136
720	0.8288246739806732	0.4527116233113956	-0.24933799606566365
721	0.71383262538352	0.2964719873439433	-1.1970043347161068
722	0.47581079274550864	0.11559924394542118	-2.2940819708534947
723	0.4222657711487217	0.177515689861523	-1.9185298182884198
724	0.32390692354657274	0.25573038472327225	-1.4441211764010535
725	0.349422370711539	0.24879579585869202	-1.4861826955453499
726	0.40524551143746623	0.2560421186509284	-1.442230364584796
727	0.6973948835109647	0.28593911112356485	-1.260891146672733
728	0.6543838538783023	0.47286910990218556	-0.12707342859144877
729	0.5459864843173803	0.560714572219549	0.40575031440993337
730	0.755920119245094	0.5462120462107145	0.31778572310201414
731	0.8439685665033647	0.5606110638259865	0.4051224876760856
732	0.7463641583876276	0.5640787943815386	0.4261558925394391
733	0.8026864228461881	0.5429700639336336	0.29812158694689056
734	0.8808319747581208	0.5560661077609015	0.37755520715308527
735	0.9459587403859117	0.5762831393365476	0.5001809427613285
736	0.9951873120846172	0.5580044455053109	0.38931213056076086
737	0.6289483305871497	0.5468092427167269	0.32140799873523135
738	0.45704505773944576	0.483465964144053	-0.06279856006388158
739	0.5458651441822644	0.14524289963984316	-2.114279358781361
740	0.5663734703700998	0.10310847679682102	-2.369844305406777
741	0.5463778445066687	0.13194769175738977	-2.194921001969686
742	0.4727648863096778	0.471512387078943	-0.13530258595286
743	0.44707130640254433	0.56331265313854	0.42150888819802534
744	0.5024094134632356	0.3100534561219698	-1.1146263855441767
745	1.0615398761833292	0.367467988159799	-0.7663804425431779
746	1.345812017552663	0.5069936181093608	0.07990764602957474
747	0.9441538706333875	0.5158649904372914	0.133716661141247
748	0.8152623693429943	0.45113978421237955	-0.2588719340749819
749	0.7635052566071727	0.5942443953542185	0.609124346414517
750	0.5581938636359051	0.6693291743671909	1.0645485873569638
751	0.593535906864917	0.6000426821338091	0.6442936628868401
752	0.5940735594516087	0.3072138288906536	-1.1318500504917455
753	0.4615594736079139	0.8411262395210046	2.106577997609315
754	0.3883540672559503	0.8501368018545137	2.1612312650910503
755	0.5265908929868643	0.28492241565556187	-1.267057879369714
756	0.5962854438578137	0.1948813251789952	-1.8131991322704624
757	0.4433866695676919	0.3337119299789657	-0.9711266957293133
758	0.3791970265780166	0.47372249710296843	-0.12189723678192912
759	0.6154443417108039	0.6280071211350554	0.8139110417077011
760	0.6537998563946701	0.5552804524936028	0.3727898411434161
761	0.7441890884847038	0.6016823152569806	0.6542388033049196
762	0.6190228808244979	0.7306964321565765	1.4367696575238194
763	0.5479367200770665	0.7903745447357763	1.7987452733482228
764	0.7935777217545599	0.7280305496308566	1.4205998353351172
765	0.9568168413067193	0.6614637319721489	1.016841006945498
766	0.5838710165420617	0.5703725565904383	0.4643304988223605
767	0.5063039944227328	0.4643246617855731	-0.17889949572428337
768	0.4924227433816193	0.658561005287402	0.9992346143524554
769	0.5798880539437512	0.6694397993991849	1.0652195798255757
770	0.691678099271393	0.36346236994903863	-0.7906763871689935
771	0.5472815884951463	0.2374708490520127	-1.554873785416633
772	0.373523527456158	0.1915355477195831	-1.8334928346672137
773	0.3831058861117338	0.1398370654026014	-2.1470682673527124
774	0.37148073117694425	0.1887800166241883	-1.8502064172868904
775	0.35629110651425094	0.19796568647308416	-1.794491040968628
776	0.45948694231075365	0.15331302431712712	-2.065330284764269
777	0.6730466243595709	0.20902102951988288	-1.727435223775948
778	0.8820798977585755	0.2755106829114141	-1.3241444326938718
779	0.7802838093714979	0.3849835589375111	-0.6601403279557054
780	0.5982646218984057	0.49765446998568413	0.023261352317506947
781	0.4893751845974796	0.4952380454090323	0.008604609058980592
782	0.4354582709494757	0.34178303934048543	-0.9221716491425939
783	0.3849316508279624	0.30388936074940004	-1.152014501924787
784	0.5177649633473855	0.33860013917661325	-0.9414774246963401
785	1.0278045523312924	0.32247324941680816	-1.039294540550844
786	0.8818189207870037	0.6624609222986012	1.0228894318522455
787	0.5880560466270818	0.6234597629847387	0.7863291914162641
788	0.3834431422283118	0.6247372792562141	0.7940779240605701
789	0.40731734593957625	0.5624113658500823	0.41604215999275257
790	0.6274168481862435	0.4902200344546832	-0.021831970231350604
791	0.6127101016691447	0.5810251750921176	0.5289436036213848
792	0.4471295146596812	0.5683408088870942	0.4520070004016993
793	0.40919676730053034	0.6575528880591285	0.993119912684516
794	0.6100586117071797	0.37684414637826696	-0.709509665326609
795	0.7691821894654675	0.40913814035690577	-0.5136315141479191
796	0.5797681841107749	0.6323958650220584	0.8405308224369458
797	0.5452393216148047	0.5849401708853307	0.5526898809742008
798	0.6318810414412694	0.570554051161074	0.46543134813101583
799	0.5812248201174346	0.33394804369302317	-0.969694555814749
800	0.4212419897796215	0.162691943249531	-2.008442762528733
801	0.4259926366393877	0.4297286795948901	-0.38874028018111817
802	0.5229731182586186	0.4739347544687154	-0.12060979675812536
803	0.5766086866011271	0.4225914105262748	-0.43203114939196763
804	0.46255998976771534	0.5835313808826579	0.5441449118599717
805	0.46312326031624423	0.5516254789205904	0.35062071995753274
806	0.600192607080964	0.5540575418564134	0.3653723171658042
807	0.6381981902817843	0.36078038316381644	-0.806943889210472
808	0.557132206244151	0.5372679232912949	0.2635354416865377
809	0.6565606367814146	0.5668000646532979	0.4426616672677778
810	0.7514056436441535	0.6282339065220993	0.8152866009636385
811	0.6404156406783295	0.6104844903574053	0.7076281049243707
812	0.8246060742469998	0.6317402031928292	0.836553927321625
813	0.7893386528107927	0.6218576108314341	0.7766113905798656
814	0.480939585681288	0.5852094166274527	0.5543229821079437
815	0.5655044685758832	0.35608321117195496	-0.8354344303972556
816	0.5448503906468241	0.30617331472360526	-1.1381612547191158
817	0.6096431427075705	0.26846768261473647	-1.366863517789903
818	0.7271526914498021	0.19499868116087188	-1.812487313448208
819	0.4517460443996994	0.4354329411565949	-0.3541412705545763
820	0.36791536899897126	0.5286526305408116	0.21127966877272306
821	0.6970464064821175	0.238224596728986	-1.5503019538395781
822	0.7724470239382555	0.343630181266159	-0.910967870953841
823	0.450888255806053	0.3352726883634989	-0.961659967426793
824	0.8824709713239942	0.3753196301463289	-0.7187565680525911
825	0.9364138856489588	0.3807278849922529	-0.6859529773594268
826	0.4528950071841421	0.37738564238354233	-0.7062252392362919
827	0.4798370457135083	0.46852775075447317	-0.15340579875350077
828	0.7862229740791454	0.528398601947794	0.2097388667530124
829	0.8697417761778752	0.5773248402296884	0.5064993450365188
830	1.060190407439315	0.6484055730258517	0.9376371762304102
831	1.0054918177140826	0.49459403039168465	0.004698357295484971
832	0.5730003668267608	0.6324425271628542	0.8408138501068951
833	0.6546886640041262	0.7162761753279501	1.3493040672044057
834	0.6758082056801574	0.7568116352927663	1.5951705574359332
835	0.7391057393742604	0.7425735167424942	1.5088097208130278
836	0.9299216381462491	0.7063268814297097	1.2889569544994912
837	0.6485791909151786	0.6435086392760069	0.9079349867149665
838	0.5295440660027135	0.4364516418881857	-0.34796237499770066
839	0.4532445723475106	0.5386837066534926	0.2721228287914054
840	0.535963986151757	0.5854561100353566	0.5558192928052251
841	0.6907192639187082	0.49471288966170146	0.0054192942621773595
842	0.8032958128876966	0.3661627001423612	-0.7742976237930578
843	0.4546366268676411	0.4537249821730698	-0.24319150144389032
844	0.37037915057605064	0.5230323091801999	0.177189795656536
845	0.4107032927281489	0.5414108603397921	0.28866428917582987
846	0.41977358584728514	0.5523918620085031	0.35526919120126443
847	0.6900321459865592	0.5488133933792961	0.33356410821884835
848	0.9279424490586673	0.5082631937553277	0.08760821507278359
849	0.8242719201385367	0.4898121577556167	-0.024305932844177616
850	0.38619057099727383	0.45198803961635803	-0.2537268690090584
851	0.7261466374208664	0.4879383462538888	-0.03567147446342125
852	0.7070378188947116	0.4418393692855598	-0.3152832928640236
853	0.49745837948949884	0.5473533787110456	0.324708437591677
854	0.3364562166321191	0.5224025988551901	0.17337030853076763
855	0.48164933272956534	0.4827183666326107	-0.06733308801554884
856	0.4606623119961718	0.5146798030661539	0.12652794638480336
857	0.5363967425407797	0.41852352555035277	-0.45670477102013274
858	0.5448747755466711	0.35237047814230327	-0.8579538896548894
859	0.506832956943687	0.35790119207389237	-0.8244075274324127
860	0.3043562971723663	0.320932340311284	-1.0486408737087722
861	0.32593377630712167	0.18311636743648013	-1.8845590939036874
862	0.442556681833055	0.11892667615296758	-2.273899540974498
863	0.43928168313452676	0.20079434932546653	-1.7773338800984368
864	0.3553320638640042	0.2574295687391873	-1.4338148320148503
865	0.4147346070646764	0.32874761333316915	-1.0012375939690117
866	0.5041745695570885	0.2973175765639029	-1.1918754413010688
867	0.47643985463884236	0.3280605230771666	-1.0054051171662877
868	0.3888704751594359	0.25359167808239946	-1.4570934307157368
869	0.25021860495469567	0.28653315958990516	-1.257287965369911
870	0.6383214118920733	0.4073749224066463	-0.5243262542426362
871	0.9787294231513998	0.5273823889042717	0.2035750601857454
872	0.8373808378405241	0.5490372671853005	0.3349220073763972
873	0.5816582180577222	0.502374953970135	0.05189329162344912
874	0.6805494468932802	0.5794279634292159	0.5192557691659386
875	0.8152873679141089	0.5287827311809008	0.21206878989737238
876	0.44245168329497303	0.3499092938107069	-0.8728821217249747
877	0.40200439196075605	0.2584627440129048	-1.4275481416019773
878	0.37710027727736084	0.12471414717125115	-2.2387958271442576
879	0.38361139345504297	0.09139618298471326	-2.440884835713892
880	0.39518401292006233	0.13039710460142717	-2.2043260370220947
881	0.3571262898836962	0.29320390979780336	-1.2168267508616573
882	0.3591976748944177	0.3766352138612721	-0.7107769385903973
883	0.41257369371441316	0.47177382145918423	-0.13371686437596023
884	0.4931086064297634	0.3736584623866381	-0.728832326095437
885	0.7240052674511054	0.511567110294902	0.1076480114463316
886	0.58577901419187	0.501656567887727	0.04753594462735855
887	0.6660357826777045	0.5142107995715917	0.12368322121788952
888	0.8973824706248158	0.49934522142149074	0.03351654916827666
889	0.5049167185453142	0.6190732260609423	0.7597227969492729
890	0.3959282048196342	0.6836185781131173	1.1512204926359868
891	0.5538005345842688	0.582081660073652	0.535351678295205
892	0.8206897981371347	0.5991164840128091	0.638675838851614
893	0.7933488593137531	0.6440146564835483	0.9110042173323802
894	0.5944027323625862	0.5057758497541813	0.07252131239322562
895	0.5290235194109439	0.5232839107491479	0.17871587664211458
896	0.5570751450102946	0.5373174121390933	0.26383561465421496
897	0.486010276576286	0.6165569108981735	0.7444601706481697
898	0.5028918041666689	0.5626113404010153	0.4172550990100032
899	0.9784489004767087	0.6265056296153589	0.8048037946114401
900	1.1104779711595807	0.39692954924911783	-0.5876823192688932
901	0.5385545059925332	0.4260778317896641	-0.4108843766591033
902	0.32698754952921055	0.6119581333367585	0.7165664376212836
903	0.6163514202997927	0.4487647190073221	-0.2732778134345684
904	0.8487721588716874	0.36958579264799774	-0.75353496954344
905	0.6703183007191247	0.6590436062219147	1.0021618143411586
906	0.46570307989704135	0.5894819370458775	0.580237813236847
907	0.5189988847983545	0.6546799317747747	0.9756940914693186
908	1.0458486942457308	0.5808950733671535	0.528154475916463
909	0.8743677583860788	0.6225622151225688	0.780885144577322
910	0.3567762978057823	0.5142266282562586	0.12377922958062751
911	0.3326708811539891	0.28512031164728135	-1.265857547784549
912	0.4016843260732253	0.22751617924937323	-1.6152535054916766
913	0.4333781878932062	0.174248926385707	-1.9383442639839312
914	0.5321461952142723	0.13492629690501656	-2.176854371072486
915	0.4358938305567968	0.1886087323086163	-1.851245336631532
916	0.5176371611113936	0.40201982427925537	-0.5568074246196307
917	0.7869772095217674	0.45418751557600223	-0.24038602040352333
918	0.7184631104952797	0.49016033433064	-0.02219407935698117
919	0.45518577730285054	0.5169392583715768	0.1402325977261603
920	0.3697886875035932	0.5375263887755675	0.2651031555232437
921	0.33129414828606435	0.36076205375078857	-0.8070550656582803
922	0.372442629181769	0.47815629355883515	-0.09500419118799396
923	0.6412646809483087	0.6541706998757264	0.9726053622470128
924	1.0391901855649106	0.7436282401988332	1.515207111014102
925	0.8085809988015632	0.7186424713732705	1.3636567575159666
926	0.5119266740286122	0.8176175806394184	1.9639870055672182
927	0.5933971302905204	0.8463261698473762	2.1381180028270466
928	0.8934356626318751	0.6842910935180323	1.1552996125565846
929	0.7375458728138407	0.6386560166080427	0.8785015645994687
930	1.0374218530516135	0.6236379465388194	0.7874099578636372
931	1.268634882152357	0.6005377371274507	0.647296402558819
932	0.9543102766500252	0.48532275004465936	-0.05153628666449952
933	0.5146241619860388	0.4280703607602394	-0.39879875816346483
934	0.41386680748610283	0.6393901232476764	0.8829542641148821
935	0.43438886197135745	0.6046665813442447	0.672339770444048
936	0.7027981395693523	0.4769188066589494	-0.10251012700435044
937	0.5945232616670694	0.4638329597479745	-0.18188189815240394
938	0.5397012848458352	0.46208493997740685	-0.19248445419143315
939	0.4767005203509809	0.4075493763451955	-0.5232681096547769
940	0.5688817981791153	0.4365548226749554	-0.34733653535200754
941	0.5437211380782233	0.4290340857980505	-0.3929533158568886
942	0.5012365078627199	0.4539922976616511	-0.24157010819908528
943	0.6115164822611805	0.35913666196464566	-0.8169138257181632
944	0.29549965936445655	0.4399359642314463	-0.3268283331953785
945	0.4108038160953413	0.5533240374244095	0.3609232703208292
946	0.525122254532198	0.4842216091471513	-0.058215220318038746
947	0.6102705551848905	0.3847226378198703	-0.6617229363552969
948	0.4291849416210114	0.4250189225208518	-0.41730715576713556
949	0.3582471269108378	0.4812151852839191	-0.07645058471362712
950	0.5840878240546625	0.4814713347995836	-0.07489691830782838
951	1.1385072150477402	0.5205108097848044	0.16189572456409163
952	1.303845372786178	0.7642124999883594	1.6400602571942011
953	0.9213619217602175	0.7587941464789973	1.607195413392334
954	0.8923453156443839	0.7744297854448766	1.7020328638222733
955	1.0217081818834592	0.8067088115643778	1.8978202279469705
956	0.8512203434487363	0.7781800482238327	1.724779958531651
957	0.628488849785262	0.7205744574246843	1.3753751549400903
958	0.6001536089634355	0.5433719468631166	0.3005591945487712
959	0.6329922723650081	0.5839798234144373	0.5468649251879284
960	0.7255967666517733	0.5511547662312142	0.3477656277260683
961	0.4069029014888457	0.520244984387179	0.1602833694166413
962	0.3687831399776654	0.562827968443951	0.4185690492315757
963	0.37826427399835255	0.5426834302999137	0.29638302013239837
964	0.40779082469514977	0.5088689058060896	0.09128214146071716
965	0.3974564830304723	0.6546481645649761	0.9755014085101416
966	0.5517931962421883	0.7424330256882435	1.5079575769753235
967	0.6610731429663095	0.6078901936866037	0.6918924843683697
968	0.6258349190492545	0.5517224148646078	0.3512086817162872
969	0.6049486855121091	0.5383946577257932	0.27036961209125376
970	0.4950724608149441	0.7224327320886783	1.3866464583845053
971	0.3583708272595527	0.663511846483396	1.029263777697567
972	0.3762802236477939	0.5972020799896102	0.627064084637462
973	0.5882289241154557	0.5330141680972951	0.23773443040504125
974	0.6154460053516133	0.5666519296160464	0.4417631591042843
