ID	SN	ssim	z_ssim
494	0.4104320805925193	0.3128480369450316	0.15069665392358816
495	0.7490241695414298	0.2607046216649249	-0.281720664481693
496	0.6703480096025994	0.12240706338189136	-1.4286010322807448
497	0.7186045982199245	0.21208824158099587	-0.6848888227915086
498	0.7419621537773389	0.3085840371621495	0.115335959924359
499	1.6048132415240013	0.260990281051353	-0.2793517351510577
500	1.9469746373362558	0.26836332381749584	-0.21820822615195928
501	0.9709413066037099	0.4205232243903301	1.0436304129373628
502	0.26016676256018145	0.3689834845544908	0.6162192820898965
503	0.45388983807735866	0.19657178479710513	-0.8135644110244347
504	0.6275914399876199	0.3514334112287835	0.4706792248352717
505	0.7189110838580629	0.3389951648247118	0.3675307615667987
506	0.9219291503234754	0.2881379152996577	-0.05422058216388683
507	0.9477403157366456	0.36821439333588074	0.609841326971807
508	0.9600838953144273	0.26596280628682023	-0.23811534861072986
509	1.2708133573823033	0.17700851412449062	-0.9757996040597486
510	1.3836167861777307	0.28138667905314063	-0.11020754538747178
511	1.1566233926414808	0.36552191733552464	0.5875130378543747
512	1.0574291928411954	0.34296677250923646	0.40046669289148046
513	1.2309803579861307	0.4678623471148847	1.4362064725270014
514	1.5842219627376426	0.55658779710876	2.171992975090263
515	1.4645207265945124	0.48575648909370783	1.5845998381721185
516	1.0284179580710266	0.44716221275158713	1.2645434438603482
517	1.1843244345506452	0.482878379248752	1.5607321161491912
518	1.2389624638092729	0.2860159692167669	-0.071817554476406
519	0.8326452273743622	0.36088168049335645	0.5490322678227794
520	0.5031272448862316	0.31858982674446745	0.19831243310838742
521	0.8405494308806125	0.19781080548730415	-0.8032894031173687
522	1.0848694957551863	0.11852377423457977	-1.4608045515679335
523	1.1440326015391502	0.22092752913881247	-0.611585971380039
524	1.1083641248372038	0.24631967543499264	-0.40101280982232607
525	1.0679338373283014	0.15851904710906362	-1.129129908616997
526	0.9147666380329555	0.20154543989586743	-0.7723186547016788
527	0.6220220056659328	0.25228072474664026	-0.3515787452452841
528	0.907410034534341	0.10099764739857975	-1.6061460242686159
529	0.9517325288674695	0.31670002568659594	0.18264060376283195
530	0.6273443858081251	0.5262518830158415	1.9204219080060283
531	1.2301709744683982	0.47493456657861804	1.4948553001738532
532	1.4887441593253623	0.3700096043513266	0.6247287356522832
533	1.4909583322716924	0.3465801845862978	0.4304321631673071
534	1.8463530888818882	0.3249202873697946	0.25080996885991574
535	0.784789366907361	0.27283363171011027	-0.18113665074811774
536	0.36505542322587703	0.2790642963853904	-0.12946670745241995
537	0.47470899721766946	0.24342295489879068	-0.42503486744370017
538	1.3050751943332375	0.09866315982370974	-1.6255055704654462
539	2.067778467304502	0.22296917485370546	-0.5946549176616518
540	1.6908718315612372	0.4723984989657847	1.4738240817439727
541	0.9484381728340878	0.41666890653408545	1.0116671481085102
542	1.025181418808321	0.3276662503549598	0.27358181731109094
543	1.199542696738341	0.2633692494085791	-0.2596233166714348
544	1.1506734214196057	0.2733242860019248	-0.1770677302144174
545	1.2723542088520707	0.3144070706764519	0.16362548073369823
546	1.4479662828362376	0.2675731304399011	-0.22476117822703143
547	1.404759179328974	0.5444196839087012	2.0710846849110283
548	1.1569850000352733	0.5956899090036644	2.4962607714888723
549	1.1074474568712878	0.5894966229980108	2.4449008037480673
550	1.1406060759865684	0.34797473954269903	0.44199699280833515
551	1.1150735756355943	0.4915388863969807	1.6325523691370227
552	1.0226144385596905	0.581201704268907	2.3761123192584983
553	0.8818997237141951	0.5086145425110198	1.774158157464826
554	0.9788273073335074	0.45804309490530226	1.3547769250682509
555	1.3488460124183212	0.3286444732386162	0.281694069143486
556	1.4132159784211558	0.1878202731274356	-0.8861393505036057
557	0.881677468055506	0.2933438033987717	-0.011048953308274387
558	1.439249390219216	0.3361143998441919	0.3436410209132456
559	1.6770551137708123	0.29814188788858514	0.02874082297357674
560	1.1796387354733715	0.19133798083060458	-0.8569675418722241
561	0.4011949204174997	0.3969536485201818	0.8481715474416908
562	0.31086047248168897	0.3496247496062538	0.45568027234020503
563	0.35268227758953785	0.20657870763337513	-0.730578539939782
564	0.622784176784922	0.19886724957857813	-0.7945284748479065
565	1.5762493818612027	0.22561283495019885	-0.5727314513225213
566	1.7798458258343068	0.5575395910296718	2.179886055601852
567	1.0364680933970478	0.4857924782831741	1.584898290981874
568	0.9948160607651602	0.44034534463407254	1.208012205630874
569	1.2225508452362743	0.37285825985220733	0.6483521973326161
570	1.446478044096322	0.3878661010040026	0.7728099144010186
571	1.8895644228912658	0.31200086898312945	0.14367122038885086
572	1.270550267245482	0.21724169717786185	-0.6421520086080379
573	0.5886077920205998	0.2949626557289334	0.0023759399355273857
574	0.4641806454726424	0.32600164679308435	0.25977751614348665
575	1.1911089391837504	0.2811440632245235	-0.11221952111728777
576	1.9246199567892097	0.32818307995072216	0.2778678056122315
577	2.0197257474390544	0.5744910484690708	2.3204618834341866
578	1.3781731673229813	0.5846562527800132	2.404760358429868
579	1.2463890577323784	0.6052411775054618	2.5754679712998096
580	1.4867760963704593	0.47102639803494417	1.4624454598813998
581	0.7231718676718256	0.2715014898050044	-0.19218389855969248
582	0.7404959635652416	0.3881635873037429	0.7752769225036714
583	1.0279269698451607	0.4387988317031709	1.1951872118926001
584	1.047888979887326	0.45518896128437614	1.3311080341814263
585	0.8816535552759146	0.5526374995331883	2.1392337652196485
586	1.1733659609037057	0.5509782306488099	2.125473703711557
587	1.2516852817579152	0.42010472247689623	1.0401598409738195
588	1.589569131720358	0.4051451949822653	0.9161027816291416
589	1.6482402949037702	0.30653156444056495	0.09831511950568052
590	1.307202684720413	0.23587162699242642	-0.48765686767379934
591	0.3516881343587025	0.3558705125670837	0.5074754233944451
592	0.5831686647774298	0.2644273178665163	-0.25084891777921314
593	0.6845972852368896	0.17378064647469776	-1.0025678137328708
594	0.6004481382791654	0.2237283038399732	-0.5883595778032584
595	0.3298624099560859	0.2615748337668147	-0.27450412944037295
596	0.3170525190844691	0.1939833624224504	-0.8350297994370622
597	0.30574825565427904	0.20586584656212212	-0.7364901870992718
598	0.5691701472121815	0.22110923428907756	-0.6100791185320623
599	0.9027415332177327	0.11438418373717832	-1.4951335385084041
600	1.0140066007171533	0.21139624224822462	-0.6906274667642472
601	0.9097566729970576	0.22357752507348477	-0.5896099629099327
602	1.0361797073110208	0.28641414766480355	-0.06851552188376019
603	1.7524421472728415	0.2870663615593617	-0.06310681242741771
604	1.7109850682367371	0.22216017579068895	-0.6013638223918613
605	0.6776104070487858	0.2867609712970439	-0.0656393668753602
606	0.9293872853329642	0.39721627800235043	0.8503494933204461
607	1.3826753393289795	0.2013690638765656	-0.7737813138866936
608	1.2068844224691608	0.16783861881899065	-1.0518441346445002
609	0.7091210118877757	0.2671918079902374	-0.2279234266191927
610	0.5144601505073418	0.10261679115256517	-1.592718714291892
611	0.4255431265433276	0.2036979618373161	-0.7544681214995533
612	1.1729816680503469	0.3942356316402574	0.8256314517405641
613	2.2690192172286627	0.3592222415494593	0.5352707960372699
614	2.1266647020189304	0.44886346660687704	1.2786516802710108
615	1.3313887352520208	0.5162806304650787	1.8377318451096754
616	1.054937541877422	0.439808480609885	1.203560074897964
617	0.7668413767877539	0.43240754092246053	1.142185221023821
618	0.6399765232258586	0.34757172528938496	0.4386548576267207
619	0.9647456790805029	0.3274505926907712	0.271793401490205
620	1.6929259101776426	0.4595284487516782	1.3670947359305152
621	1.0275578306099313	0.35432940759958453	0.4946952770644198
622	1.3901206398506902	0.5118759567651557	1.8012045639651741
623	2.0618074711593284	0.4975618919848246	1.6825002275779162
624	1.3067363295952439	0.3089770222458339	0.11859492474565479
625	0.6381351377573428	0.2146366006915336	-0.663755672862743
626	0.557475548379494	0.38374826268958295	0.7386613149665049
627	0.9712180346772166	0.31536642993863684	0.1715812994562119
628	1.3139628632193696	0.1366632288942009	-1.310376845612891
629	1.6327593844570003	0.18702063968396573	-0.8927705875922192
630	1.4560364458084463	0.3273329026482831	0.27081741607953824
631	1.425566170410716	0.4200066679300342	1.0393466897066124
632	1.0618440475854016	0.3933754276706062	0.8184979125997157
633	1.1370513396617097	0.42804798047646364	1.1060320571515092
634	2.025265245475955	0.3141453178957922	0.16145480520563826
635	1.211872712113279	0.17746034558551194	-0.9720526352872502
636	0.7294151730618005	0.46322803973197213	1.3977748745885097
637	1.0287215129180647	0.5087017714051413	1.7748815332598493
638	1.9912974990613501	0.26722989769252914	-0.22760755457983023
639	1.8209601795173045	0.4226832186179712	1.061542912658949
640	1.0665618713391942	0.37411764902107436	0.6587961178987073
641	1.5961937025857451	0.42898223689303916	1.1137797018385391
642	2.003580000799456	0.41729288848486235	1.0168417343997764
643	1.4688450283828365	0.3477131399132626	0.43982758733980076
644	1.0113894818346458	0.30823806869423265	0.11246689666209007
645	0.4772135290759688	0.2516150154139772	-0.3570993702929756
646	0.3662259301841019	0.15036456860334918	-1.1967537439467824
647	0.3786043339474072	0.11610179330117143	-1.4808896667224967
648	0.4349223096686329	0.24398216211148804	-0.42039744808694124
649	0.568190229972917	0.24470491122063245	-0.41440380095091894
650	0.6440421490032776	0.14232057743845655	-1.2634613247623734
651	1.233002447399568	0.1238020874287574	-1.4170323125446818
652	1.0343507229442326	0.14421150867988297	-1.2477801229785246
653	0.857820464793011	0.13117434718707632	-1.3558952969089673
654	0.6295204487883637	0.11320562405867565	-1.5049071525500057
655	0.3803649317408773	0.23517005746639835	-0.49347487578642985
656	0.36277501116801986	0.23394701202462986	-0.5036174034167422
657	0.33674955856405364	0.2141194873661744	-0.668044014089766
658	0.33053495885933176	0.19657212280155095	-0.813561608005582
659	0.39635076617792486	0.21064586875464514	-0.696850198669187
660	0.8474848550173297	0.23207865490885826	-0.5191114014505381
661	1.496050097445262	0.2633169088497056	-0.2600573688713209
662	2.3160605270352392	0.4245780987896559	1.0772568623137166
663	1.9717620891712955	0.5260647281918932	1.9188698618528643
664	1.1974988166383707	0.4581078118506481	1.3553136127365115
665	0.7652964704323515	0.2876259472706563	-0.05846625424004018
666	0.4943998067095888	0.30877842830121166	0.11694801572514348
667	0.4422827494770458	0.31224058018905054	0.14565910852965008
668	0.5393826481034882	0.1193911779631198	-1.4536113059346134
669	nan	nan	nan
670	nan	nan	nan
671	nan	nan	nan
672	nan	nan	nan
673	nan	nan	nan
674	nan	nan	nan
675	nan	nan	nan
676	nan	nan	nan
677	nan	nan	nan
678	nan	nan	nan
679	nan	nan	nan
680	nan	nan	nan
681	nan	nan	nan
682	nan	nan	nan
683	1.1957548748361329	0.33996868261880325	0.37560399481551243
684	1.1302118864128534	0.35322815387374995	0.4855627493914407
685	0.692567172563893	0.36086173482397	0.5488668614560587
686	0.9944808200552425	0.19428183425992923	-0.8325546184216113
687	1.1727713074404615	0.3776500460437554	0.6880897427962173
688	0.6402525543086094	0.2594293300032774	-0.29229646197312864
689	0.5700018141608887	0.2910106917740941	-0.030397088961908285
690	0.6840305635063576	0.22823683948915513	-0.5509709854971911
691	0.6424936387709406	0.359731985984028	0.5394980281869888
692	0.9285082143727631	0.29293099713215487	-0.014472292149285165
693	1.1440307453348715	0.25793580675878425	-0.30468202039676473
694	1.0469684215095088	0.25933594513533675	-0.29307088831167205
695	0.8550498250917054	0.30313647607115735	0.07016017413891068
696	1.172390406466127	0.2713089826627683	-0.19378033066473224
697	2.1996469615840564	0.28931475834221865	-0.04446120391997155
698	2.004588861742279	0.24931118044471795	-0.3762047191487008
699	0.674676182292913	0.35778108512686063	0.5233195076087112
700	0.43568558722824435	0.43471010565183177	1.1612800359756363
701	1.0995574681002656	0.1927959607179328	-0.8448767390396786
702	1.8003447762657663	0.14921375450703553	-1.2062972681451445
703	1.3476566826856078	0.1593973713183225	-1.1218461011176626
704	1.2000372754108677	0.16619912317964924	-1.0654402196744663
705	1.4978117361175753	0.18557521590060438	-0.9047572645868652
706	0.8039598484282348	0.5158532281366115	1.8341874633739732
707	0.7881830194693339	0.36945467355654127	0.6201267799711573
708	1.209575727033951	0.16971194903708253	-1.0363088954384883
709	0.8553019753092176	0.17769819091757358	-0.9700802205512222
710	nan	nan	nan
711	nan	nan	nan
712	nan	nan	nan
713	nan	nan	nan
714	nan	nan	nan
715	0.9642790735535579	0.33131911707132367	0.3038744788388562
716	1.2137616000397176	0.33367493649121127	0.32341092674359345
717	1.0460531086744536	0.2947340319864735	0.0004799984229278733
718	1.4137184710079094	0.3282097546985156	0.2780890151906225
719	1.874223735264538	0.35586528635338777	0.5074320832085432
720	1.2748019014160115	0.2046520017069155	-0.7465564156811335
721	0.6875958308431549	0.11897039016082031	-1.4571008344227372
722	0.3952170978528457	0.14699437558934247	-1.2247022359624362
723	0.40039776071882044	0.20849387400404948	-0.7146963599586995
724	0.3304781044953994	0.22686030984033956	-0.562386334036382
725	0.3085170881558745	0.21199483891556137	-0.6856633967219299
726	0.3388474100787683	0.24211288631786781	-0.4358990645747577
727	0.8550062264342182	0.1596429694322438	-1.1198093937547722
728	1.237921879813647	0.18527084986910933	-0.9072813252462169
729	1.1035934695325593	0.2566300507354906	-0.315510454151076
730	1.4632907292341668	0.28840666002626825	-0.05199192350406897
731	1.5211998608047543	0.3108961443299634	0.1345099088496635
732	1.1201595426844275	0.33610083086546527	0.34352849546083813
733	1.1507164573742714	0.31665545368442166	0.18227097500812492
734	1.27444414791513	0.2523230969967495	-0.35122735869592586
735	1.3363205268590683	0.33572519318903754	0.34041339001827536
736	1.5102530906311096	0.17853850360152745	-0.9631116367815299
737	1.1517352689731328	0.20291726037399965	-0.7609423585902558
738	0.7478408731247592	0.12671854889965717	-1.3928465463898527
739	0.5747100250819401	0.11913769285559252	-1.4557134189217242
740	0.3862879946720071	0.13027053235062933	-1.363390494256741
741	0.4053792054735757	0.18786110539725348	-0.8858007347738112
742	0.43530480404932725	0.2526204175498878	-0.34876172510433623
743	0.4741557197725939	0.22239060608808014	-0.5994528993972325
744	0.49493038552786883	0.1483110273096377	-1.2137834458696637
745	1.422476654942103	0.23347746697158178	-0.5075112682819187
746	2.566658276561134	0.28707573481804766	-0.0630290814356152
747	2.0648135840926307	0.20932176306630074	-0.7078308033718772
748	1.7414007768522317	0.14879710181782793	-1.2097525047767625
749	1.4725551856162713	0.16806283655813975	-1.0499847314393032
750	0.8143932648083827	0.4567869877108097	1.344360221410574
751	1.0045455419120815	0.32473548316274964	0.24927741601098702
752	0.9842994837781356	0.18473769855512884	-0.9117026670447401
753	0.9182889025113629	0.3128937317969267	0.15107559429823106
754	0.8632226973975524	0.2945905367589236	-0.0007099854162159233
755	1.1883533133355535	0.0674493123839155	-1.8843572036874225
756	1.2892666250558151	0.053099359869585486	-2.003359151529858
757	0.7024119135555569	0.2225276257190099	-0.5983166166843098
758	0.49199063507888313	0.4334613149512747	1.1509240068762083
759	0.9985461951034457	0.4764040588919699	1.5070415737837295
760	1.2165045949200808	0.246390005104225	-0.40042957669863394
761	1.4283686725777887	0.3289652817293639	0.28435448458703866
762	1.0780951091786601	0.5620656000152342	2.2174195515974966
763	0.9890368914980603	0.5668317725561184	2.2569446869979064
764	1.2681553258345508	0.42730413235093473	1.0998634391196036
765	1.353733422909196	0.29601795968872385	0.011127413270055368
766	0.7272425675780692	0.4006561899167953	0.8788761534481749
767	1.212721789888581	0.28267661469917565	-0.09951030758711903
768	1.3327549031158192	0.41735646858863085	1.0173689944157884
769	1.4954065680578896	0.4592531976103738	1.3648121205749335
770	1.2126897002200547	0.21196010391264675	-0.685951448755623
771	0.8833744679402595	0.3100374769404058	0.1273891123310624
772	0.33737876647137455	0.30009650018564304	0.04495012195170142
773	0.41737621091504584	0.20728623220506256	-0.7247111475499388
774	0.413587242504627	0.18003413902033613	-0.9507085624213442
775	0.38483087030441765	0.18373615060591894	-0.9200083500562034
776	0.3535870627717671	0.1953968438541274	-0.8233080154492265
777	0.7843607277478624	0.15661261625302472	-1.1449396463195431
778	1.3049559966131903	0.07798574726401747	-1.7969801707115296
779	1.1954206517656343	0.08196096926390513	-1.7640142664257608
780	0.6944189286837034	0.1365299482310166	-1.3114821216417019
781	0.5448758709501932	0.2213963075130377	-0.6076984644643537
782	0.4876804228373166	0.206361032015676	-0.7323836903385819
783	0.49078568348952845	0.1876667303472807	-0.8874126571502533
784	0.6076645017504222	0.15190230352128017	-1.1840015449191983
785	0.901005374016359	-0.0034368245033717408	-2.4722050280052263
786	0.5977842264770585	0.30403687130451973	0.07762701324455705
787	0.6418786701185359	0.30896204908176916	0.11847075460033281
788	0.7575505096212163	0.26352156249601666	-0.2583602076772506
789	0.8250308541729597	0.32323491088798084	0.23683340106407216
790	1.195234901476888	0.23058848669983661	-0.531469137081326
791	0.9033634969649449	0.28740552462276214	-0.06029418533749855
792	0.3903434504166378	0.4007004060253094	0.8792428308315274
793	0.5015108989502085	0.5172423744937642	1.8457074403337794
794	1.2778231104422249	0.14530511611927532	-1.2387110047823
795	1.5405532159202402	0.16948325533124384	-1.0382054171466217
796	1.156868690161704	0.3290609409149559	0.2851477714918631
797	1.0954231527909513	0.24449254195304404	-0.41616494660486136
798	0.7449412505441372	0.39286497395042896	0.8142647984535996
799	0.5655394313785034	0.2821703949755474	-0.10370830985143752
800	0.3852287662926807	0.19020322387191224	-0.8663779066993756
801	0.45083231986866446	0.19288868843241858	-0.8441077623736051
802	0.511693243819206	0.18968326432072186	-0.8706898512392021
803	0.58409252870951	0.11101141257773611	-1.523103410687396
804	0.492437843219491	0.35971948739614434	0.5393943793211162
805	0.5057273933193852	0.33514471654703276	0.33559958655748884
806	1.0423024814516786	0.2176771012943804	-0.6385412692754456
807	1.2703640555095368	0.027968001143917995	-2.2117696418987207
808	0.951639615977224	0.34910533732347815	0.4513728662131212
809	0.9900929260327302	0.40562616481889285	0.920091390466347
810	1.081241777221161	0.45044627205645016	1.2917776422814584
811	1.2010040745052917	0.36315810878244015	0.5679103372975083
812	1.5957288477065408	0.28603680624131467	-0.07164475623850615
813	1.4040636590273332	0.3995386719689993	0.8696087490854215
814	0.5630583955988753	0.36126755165773994	0.5522322380060959
815	0.6805584413196348	0.21312737309182336	-0.6762714650874022
816	0.8057407216707299	0.11014987606916957	-1.5302480003684007
817	0.7670895282282291	0.07487991979830283	-1.8227363199192355
818	0.6237291188243528	0.15665976571511103	-1.144548643086439
819	0.4276269657325855	0.3105295852226686	0.13147009058379108
820	0.3713975035248588	0.4144436337152498	0.9932133030760735
821	0.6232828505464361	0.1371545724288512	-1.3063022092944236
822	0.7639112537647833	0.1302607887319929	-1.3634712965866171
823	0.6139056096211122	0.17346517503469297	-1.005183969835948
824	0.9432358975896551	0.18819404874179052	-0.8830396868552542
825	1.0677834124252528	0.12555893280492775	-1.40246306420651
826	0.731130029479088	0.22312364191316042	-0.5933739461090088
827	0.7620727381794645	0.45966121352693007	1.368195733780094
828	1.4838031692909492	0.1861482226932741	-0.9000054074370559
829	1.3740303671204066	0.13962498084407227	-1.2858154924858436
830	1.6499977127196161	0.2815856570529072	-0.10855745145675179
831	1.396077460737991	0.1985278298634727	-0.7973432303109182
832	0.7712723088106618	0.4518406150108073	1.3033407138221607
833	0.7809914826330843	0.4802776682899842	1.5391648203996426
834	0.8960138527633045	0.4607174510074053	1.3769549486579982
835	1.0069016581414687	0.4309579170279871	1.1301637131540905
836	1.3547684909234936	0.48856615974170614	1.6079000044669982
837	1.3345453413214359	0.5043712122321719	1.7389688724816579
838	1.1632694592508228	0.2740317609585795	-0.17120074927440548
839	0.6372313781809906	0.4011632185613511	0.8830808639692584
840	0.8456301243147328	0.4004431461425043	0.8771094142139501
841	1.5605622155889074	0.22619417400712963	-0.5679104959874731
842	1.7873375427874683	0.2443009258590826	-0.41775398938368574
843	0.603791428922276	0.3768037571574525	0.6810715993001409
844	0.6123301713055744	0.43296998538033293	1.1468494863566268
845	0.8936382766873152	0.4111158547416092	0.9656165441699471
846	0.8058659506136816	0.3683864587198689	0.6112682387215429
847	1.3517950477127925	0.3041573253170977	0.07862591983382299
848	1.6365465966954347	0.291610769113299	-0.025420739935653778
849	1.4178748502312088	0.07984867157659697	-1.7815312260785345
850	0.9616022805258059	0.16369596354232246	-1.0861985373277814
851	0.7932334815434134	0.2466343984560771	-0.39840286024217897
852	0.7284309500673019	0.11482672068164325	-1.4914636477313459
853	0.7687344382589513	0.23507958841963297	-0.49422512166869165
854	0.6985148054959112	0.31859413740882403	0.19834818078451494
855	0.6933361221566137	0.16696345426178272	-1.059101739635625
856	0.7645747422466362	0.17090179762638444	-1.0264416641969143
857	0.9868721037854384	0.10289084645340776	-1.5904460158572282
858	1.0151365512631556	0.13888288595259912	-1.2919695712175354
859	0.9162518260967184	0.10890267697627148	-1.54059083051045
860	0.6034682788322534	0.24386487384731056	-0.42137010161190863
861	0.42498797738263233	0.23399221863639982	-0.5032425119423202
862	0.43164501624910173	0.11375877123341308	-1.5003199881554505
863	0.4100366560591111	0.17639428318376113	-0.980893326725305
864	0.5476671303174495	0.23582745792198975	-0.4880231549776148
865	0.6830030410269352	0.2487492492490394	-0.38086472807712046
866	0.8733282049977987	0.21942049185985021	-0.6240835996118106
867	1.0470200679350368	0.17042957401063982	-1.0303577419703207
868	0.9464472884845077	0.07299595417767246	-1.8383597568817838
869	0.5615998102261825	0.2336412253951906	-0.5061532448762247
870	0.8348907781318102	0.27092846049754593	-0.19693594242117987
871	1.2360323227699566	0.3053445197345141	0.08847114043640913
872	1.144829899929106	0.3147431981117621	0.16641293382702738
873	0.8295114759406226	0.2275230793421184	-0.5568900885537937
874	1.0056517433834156	0.26462954051583026	-0.249171916469126
875	0.8733068896355372	0.32856058343137673	0.28099838388211307
876	0.5628036241364879	0.23565018097089024	-0.48949328545138066
877	0.47543057091460894	0.17204893620058986	-1.0169286205377581
878	0.30510159833269307	0.1566876711521026	-1.1443172275919227
879	0.24729024336816516	0.15179087832877686	-1.1849255768930582
880	0.25383309871640064	0.11715108270160549	-1.4721880712031123
881	0.36451053351600593	0.16853536211244585	-1.0460661497358725
882	0.43661215601664255	0.2375969497801229	-0.4733490313107318
883	0.6700244387682156	0.27588000223123144	-0.15587356883191117
884	0.8045759694384222	0.1756599232093245	-0.9869832609803635
885	0.9676413135673644	0.19151854834926582	-0.8554701232280645
886	0.8298445067907109	0.17082907816555237	-1.02704471549457
887	0.9534344955219686	0.23458709760954222	-0.49830927216582904
888	1.3058004890352997	0.3023360343915546	0.06352223447242915
889	1.1037772523045353	0.32953138651324865	0.28904910444016585
890	0.8075261640981742	0.48455421607014704	1.5746295730092705
891	1.1056540752992237	0.23367840326580763	-0.5058449345166162
892	1.4247411902554858	0.4233613037469002	1.0671661682805238
893	1.310959074577112	0.4455663151498201	1.2513089106465485
894	1.149791227204066	0.25058773388407984	-0.36561845792885883
895	0.958386181185166	0.271519459033565	-0.19203488251257983
896	1.1102100601267386	0.28849403824994535	-0.05126730934202184
897	0.8754861286407468	0.40279897466307046	0.8966459375892138
898	0.6591628355902143	0.36670677369796223	0.5973388693268323
899	1.3938262021524062	0.4173278045594102	1.0171312880326584
900	1.5643975294594257	0.17329437020168864	-1.0066004280303649
901	0.9444994460950835	0.2307873405812449	-0.5298200724450506
902	0.591392910236428	0.4603113483725192	1.3735872020032875
903	0.9151235762298734	0.2413339010101722	-0.44235906985100115
904	1.2123059233025024	0.08561235784783405	-1.733733862822804
905	1.039157622588907	0.32922543598018456	0.2865119037531461
906	0.7473573434796805	0.357005800739559	0.5168901934957488
907	0.8763246009841409	0.42286930274895657	1.063086079720144
908	1.5813467289243224	0.3693819135389137	0.6195233923422376
909	1.3339946476148807	0.38329516368187466	0.7349038346243981
910	0.639773343916507	0.29646182687143907	0.014808335508208946
911	0.49179058021292077	0.13196340708244936	-1.3493517446275245
912	0.5671637023036419	0.15552964176624454	-1.1539205870760934
913	0.5396477998926447	0.19512714329168993	-0.8255446007084606
914	0.43009745497015567	0.17111545942740786	-1.0246697997621073
915	0.269674809905161	0.1403890751685188	-1.2794789758420646
916	0.44568653757584903	0.25276554122893	-0.34755823676757414
917	0.5958810382528396	0.23784963242126453	-0.47125357305386334
918	0.6445757667671649	0.16603068776276347	-1.0668370286656488
919	0.43211804259559733	0.18424095237206686	-0.9158221066950553
920	0.34597765040760153	0.2908157316038795	-0.03201386365046981
921	0.42568105421038105	0.2454185259179856	-0.4084859040861585
922	0.5252205791803719	0.2982854325721956	0.02993121694421952
923	0.9180044156152459	0.4164792586309384	1.0100944272332182
924	1.6359338963909544	0.5317779647783287	1.966248853636395
925	1.6110119155442502	0.3943349987649879	0.8264554880140378
926	0.9278164714342725	0.48894225796038737	1.611018929115595
927	1.439302888607763	0.5360302235684239	2.0015121813893
928	1.8296138502462669	0.36872634330748444	0.6140868493007403
929	1.535908217900264	0.3152636090528873	0.1707286216741175
930	1.794468939307922	0.2757789298175276	-0.15671174680440836
931	2.124774009949907	0.3740210585339489	0.6579951078535868
932	1.61176173831598	0.30825283291191713	0.11258933404723602
933	0.7585776040479064	0.2710973983638041	-0.19553496669467557
934	0.5180677373289633	0.41569592298392777	1.0035983452625226
935	0.4979091888865868	0.3382376888258463	0.3612491296785487
936	0.9695675423808489	0.17437741826344239	-0.9976188771278818
937	1.0016178354628134	0.2535131217743408	-0.3413586663519818
938	0.9330196494815155	0.2636695983050069	-0.2571325694949863
939	0.7994075064999094	0.27974272936112066	-0.12384056719085318
940	0.777806709484925	0.22364448939641351	-0.589054638085233
941	0.7510061253549009	0.17405030689598572	-1.0003315613580124
942	0.6373581944140801	0.1953412328354565	-0.8237691890689112
943	0.6116435573830156	0.167316005646104	-1.0561780852606797
944	0.3750530362888452	0.2519302501927869	-0.35448517678476876
945	0.5668749281201072	0.43221641466303473	1.1406002403674185
946	0.7561549604251162	0.30753897312309575	0.10666940467664743
947	0.9952057435419337	0.2547877834912134	-0.33078809289562067
948	0.7991847097367372	0.24663218461124156	-0.3984212193167046
949	0.5882572423537384	0.32873295942326436	0.2824278714553587
950	0.8267347964365783	0.3713798982397033	0.636092371989795
951	1.4355606665983254	0.26257650691856976	-0.2661974081434703
952	1.563713054181485	0.5052029091474307	1.74586600700747
953	1.151947255770539	0.46603991692468044	1.4210933394190974
954	1.7106189059034043	0.5253966787960554	1.9133298310213849
955	1.7698447626626965	0.6318668722059172	2.7962707599395693
956	1.2897940413846063	0.5938695515799309	2.481164827514327
957	1.0560189989904867	0.5165991554791964	1.8403733240329472
958	1.035603112850551	0.29197489659937537	-0.022401086730335616
959	1.2030246024431666	0.3431946292347904	0.4023562736509177
960	1.4932979550903094	0.2988978006148911	0.035009490883067124
961	0.86261067153906	0.27755815318719235	-0.14195692121000664
962	0.8815127641404505	0.2108232979253159	-0.6953788058619422
963	0.9102799430305721	0.25368264535351037	-0.3399528333984405
964	0.8342831950329159	0.2593433442341113	-0.29300952872420494
965	0.753936675444692	0.4628194192923311	1.3943862481664395
966	0.913733277028048	0.5370666034042902	2.0101067198764175
967	1.1983303631964424	0.36675531205315237	0.5977413904367054
968	0.9729736252844714	0.2939774967118093	-0.005793832184292059
969	0.9499043218541394	0.3394221302896153	0.37107152046019776
970	0.9014057880438611	0.46601892011568957	1.4209192161134006
971	0.7002391425104559	0.3892224839702938	0.7840581896024708
972	0.7572804607037975	0.3221900239662399	0.22816831462297865
973	1.2609151073941585	0.2622221197027065	-0.2691362867868717
974	0.8339285274163999	0.30558789503829753	0.09048941437690135
