ID	SN	ssim	z_ssim
494	0.4594192921151584	0.5695421504490221	0.18905329561473871
495	0.4784237602581941	0.5079293722143011	-0.17860541544583391
496	0.5337866073427446	0.28552619642214394	-1.5057402613379642
497	0.6250991795586411	0.3320341930522598	-1.2282155240197254
498	0.6868597620180313	0.5154706852493511	-0.13360453235615843
499	1.05461872648066	0.5140010742638541	-0.14237406517335913
500	1.4309486478672582	0.41503421215504277	-0.7329338484380938
501	0.714364780106959	0.5711939182422007	0.1989098032290823
502	0.2666330211089343	0.49117036591443214	-0.2786105577459026
503	0.44185501018210277	0.2043422777902395	-1.990184815507281
504	0.4929922467781097	0.6110407885401026	0.43668594956212664
505	0.932811012726779	0.7352994476944397	1.1781681513345765
506	1.4643098644434085	0.6966450286066075	0.9475076567779649
507	1.3647510880433436	0.7690806613618302	1.379749021908199
508	0.8234913020876032	0.7597355675012629	1.3239845317820251
509	0.8629560788008231	0.7365081962791803	1.1853810535830194
510	0.9822235398772652	0.67565686042384	0.8222660578323373
511	0.9984758857464615	0.6781536514725123	0.8371650285498292
512	0.9925617942327994	0.6042396122411595	0.3961016457308803
513	0.9541709255043753	0.7218348902682253	1.0978218015974481
514	1.1645544233152898	0.7693564578019293	1.3813947675893243
515	1.085513589079979	0.6962407289924966	0.9450951008234187
516	0.7812969232207452	0.7388275992336101	1.1992215055978124
517	0.9874515997233034	0.7725639579352828	1.4005347154790755
518	1.349428834306132	0.6778506739525969	0.835357086631871
519	0.9526702160323177	0.7557473615548206	1.300185918901316
520	0.5965889368023045	0.7168561616052133	1.0681124942847677
521	0.7172854439104168	0.2564845771590206	-1.6790387979615686
522	0.8788660438499346	0.3838396837920184	-0.9190793270009947
523	0.8149173127500845	0.47905172476713365	-0.3509254916228907
524	0.840845847062909	0.5405296542465465	0.015928543508675275
525	0.697318587746955	0.43995589277280045	-0.5842200063438162
526	0.6649952948304798	0.3098387251388374	-1.3606613795425415
527	0.5215943959237953	0.355252678461273	-1.0896650696685872
528	0.7004635780202954	0.36373752597350867	-1.0390338826117422
529	0.7160062372075141	0.530897295376353	-0.04155012809410131
530	0.5390477645867837	0.6822406821646587	0.8615533531700096
531	0.8827333021663888	0.7045728855888713	0.9948151433592001
532	1.0109448602163527	0.6168794320293695	0.47152658166977546
533	1.0916472097191667	0.6008670992332568	0.375977025140053
534	1.749599599617052	0.49731519251509865	-0.24194285516178782
535	0.7350632201957116	0.35468843235375497	-1.0930320659728396
536	0.3683787964271815	0.33305488222439034	-1.2221248188742866
537	0.6326472379382065	0.2377928195820367	-1.79057714593267
538	2.0150616187777093	0.21318606902132337	-1.9374117223589387
539	2.849915322165724	0.4695368801291823	-0.4077029266900764
540	2.027782280571389	0.7487173044977441	1.2582358268856557
541	0.9251416963772189	0.7496132346597852	1.2635820641113407
542	0.6144674591152991	0.7178172713066331	1.0738476739688532
543	0.6344399833967442	0.6390826857099543	0.6040188967940182
544	0.6525832310995143	0.6709458559951897	0.7941543273494206
545	0.6775031286300935	0.6010213343571559	0.3768973843330274
546	0.7279159667847886	0.5931834333251514	0.33012668719177823
547	0.7964727041701822	0.7986472801471803	1.5561803607390663
548	0.6980206495682029	0.821848532797338	1.694627982949042
549	0.6559282069883967	0.8260633571281815	1.7197788838696464
550	0.7934465675542984	0.6751570723456763	0.8192836985574307
551	0.7891897157721874	0.7346120619223665	1.1740663501465336
552	0.8803405483502137	0.7770591270988545	1.427358503466397
553	0.7648773481477881	0.7556782416015595	1.2997734630171207
554	0.7592299431833751	0.7296777523935203	1.1446221028113734
555	1.0508054758640701	0.6029483984294078	0.3883966530437512
556	1.124652331005545	0.496412954029826	-0.24732673571495617
557	0.9083680053642442	0.6014453483062145	0.37942758060803905
558	1.6252799734822838	0.6326977583216576	0.5659184533299445
559	1.1701226810070495	0.5891886126133999	0.30628860236779354
560	0.7686304308258989	0.4681924406743163	-0.41572552997525763
561	0.4091111647966571	0.6047009126998202	0.39885433984567437
562	0.3462288151232172	0.5930076369500359	0.32907766667142646
563	0.47104586567981166	0.19117611841971902	-2.0687505501239314
564	0.7353219022916093	0.3138717753874346	-1.3365951696015952
565	2.7442944711293404	0.4907676454171396	-0.28101369071919896
566	2.5769096451166558	0.7804641023165901	1.4476768341051607
567	1.0745910676111194	0.8040852770380336	1.588630235341796
568	0.6329267392776194	0.7272419922309412	1.1300873185103817
569	1.1227683388477558	0.6917766093912637	0.9184565932664818
570	1.9366078958756667	0.6341679232686194	0.5746912917724379
571	1.8270961495225504	0.5024156274412239	-0.21150729642681762
572	0.994427377606728	0.43880962791664124	-0.5910600527047193
573	0.404092944999215	0.41952060719878737	-0.7061624177973936
574	0.361076402163644	0.37000548528303245	-1.0016314166502092
575	0.8720070645535799	0.43183361649861446	-0.6326876410034435
576	2.673194396037313	0.5933398588651784	0.33106011714041905
577	2.193985764630193	0.7638908446335932	1.348780099817474
578	0.8859075457148714	0.8463246750246277	1.8406831870941684
579	0.7803990945531802	0.8344893207320745	1.7700586960581
580	1.009666814098451	0.7586168069704543	1.3173086105441358
581	0.6956482346200695	0.6126313681224047	0.44617733196401477
582	0.6136454166381222	0.6573433409429332	0.7129847502814548
583	0.6896038734455915	0.6998491632601299	0.9666275220158339
584	0.7156797537118831	0.6888548619710144	0.9010218026053448
585	0.5983565919196657	0.7046738714120504	0.9954177507833284
586	0.7345121789436481	0.7196919303060738	1.0850342286278032
587	0.6775063493550536	0.6989201808980521	0.9610840541245083
588	1.244832999666385	0.7158543542973788	1.0621344619011877
589	1.7566470458098846	0.627377884918537	0.5341734508412472
590	1.3438333756295617	0.4803790845596818	-0.3430048069139049
591	0.3812682861788972	0.46140705113430225	-0.4562156303051208
592	0.5867522528229795	0.3474940648216151	-1.1359626392978384
593	0.8987166291225899	0.2187995881170452	-1.9039144632776408
594	0.804041328003312	0.2646643957291538	-1.6302277941670713
595	0.37763494112257595	0.2708783240288366	-1.5931477446263618
596	0.4000513767875786	0.23570260726610587	-1.8030499606301411
597	0.3834874728984116	0.23210806233935638	-1.8244995006846958
598	0.7777175453739648	0.24371743192259968	-1.7552235163922734
599	0.9448783943813911	0.21301265551082726	-1.938446523735799
600	1.0616340938558082	0.5073895847725016	-0.18182646083259835
601	0.6756598921390513	0.4842388891638232	-0.3199723966515712
602	0.7634595777895504	0.5847165376827979	0.27960262338973635
603	1.8602818502160374	0.6037985086513702	0.3934694713360119
604	2.8348157774598763	0.5006145237265661	-0.22225492847961684
605	0.8254646737617348	0.4614530532720129	-0.45594112415329136
606	1.0707599756448771	0.5467352884074618	0.05295909986865155
607	1.6556376323614248	0.5146359023744407	-0.13858588857151669
608	0.92341107433421	0.5822226015544731	0.2647206886892079
609	0.6875214186981399	0.5960784751767149	0.3474021191087957
610	0.7366737767267163	0.23737410517998433	-1.793075718497838
611	0.394227321462675	0.40034114298616924	-0.8206110320828924
612	1.0273176667123767	0.6749868602364153	0.818268000734823
613	2.886598134096124	0.6597507048724944	0.72735008722543
614	2.2741425850222132	0.679115845596283	0.8429066792507264
615	1.183427706295426	0.7588572286521916	1.3187432662787275
616	0.8212992304224724	0.7176801045394019	1.0730291658884603
617	0.6495364462444837	0.6727832218074008	0.8051183443215297
618	0.6013699256802958	0.5827826423018925	0.26806259056795745
619	0.6938396598571027	0.6142923343167898	0.45608872871707756
620	1.2787224776504085	0.7051824596738732	0.9984526229341986
621	0.799011707221153	0.6900491175654877	0.9081482215905138
622	1.3327395005695843	0.768951517080291	1.3789783859873406
623	2.1183833181171225	0.6929082239879055	0.9252092178995355
624	1.2846147170780833	0.5394730461741194	0.009623501386977231
625	0.4328327848075063	0.3745760656920269	-0.974357631079822
626	0.3312373815515777	0.578846092974495	0.24457222552998348
627	0.7186563026822461	0.5314653802593459	-0.03816022486561073
628	0.7319540205789764	0.4804983170366629	-0.34229331718629635
629	1.0830024432638905	0.5438282049473075	0.03561181269010493
630	0.9610467968354238	0.6475595940725788	0.6546027089783678
631	1.243407840499641	0.7101475443162695	1.0280805129958313
632	1.0922405468534264	0.7151808501285326	1.0581154956784902
633	0.9984337654000455	0.6979751758319948	0.9554449747892324
634	1.3178891001236013	0.6282499706162945	0.5393774022415626
635	0.7702040794600739	0.4887983489531347	-0.2927649705737433
636	0.5835310060583168	0.5983399857811035	0.3608971131292208
637	0.8165545440925471	0.6704330018970976	0.7910939998967557
638	2.038965983110537	0.45134054131370277	-0.5162849881811877
639	1.8321063063332679	0.6823554999818866	0.862238499529227
640	0.713883678650019	0.676705304707325	0.8285223846030025
641	0.984842185102841	0.7213880558590404	1.0951554299835504
642	1.478452705960578	0.7790352971871971	1.4391507999401674
643	1.1447313214098198	0.7260512453640449	1.1229818369718811
644	0.6994573783871959	0.5975286405212132	0.3560556149688887
645	0.5805939295447525	0.4332026037710287	-0.624518554809721
646	0.5093548558924728	0.25845898477193197	-1.6672570186153146
647	0.34800581784856205	0.2998673838070762	-1.4201628434696199
648	0.30230363445761177	0.3689521996141181	-1.0079166331670872
649	0.39881934487845216	0.3082823001537157	-1.3699489530019353
650	0.4920605379768645	0.3127356387220833	-1.3433747785388905
651	0.9369634746442853	0.3695974319149521	-1.0040663721846086
652	0.9809724954007862	0.4163502306177419	-0.725080840253905
653	0.6475413455822658	0.4647532280428409	-0.4362481637434411
654	0.3790400276072174	0.38649573182332164	-0.9032300304154104
655	0.35370738041332395	0.28265387009605064	-1.5228801440871842
656	0.2977173686346489	0.29649149002093816	-1.4403076380016975
657	0.31074398349275123	0.24866231937393435	-1.7257161479731555
658	0.2815587199411507	0.2835887403994199	-1.517301541391553
659	0.3792645510557314	0.26610690853846064	-1.6216199628802288
660	0.8924107003092394	0.33167284845425427	-1.2303717567519243
661	1.458289039708366	0.5220836331479832	-0.09414343401939053
662	1.9626731813697762	0.6853584323497514	0.880157740884733
663	1.429839329991441	0.7507086931264333	1.2701189361597633
664	0.9347572620170451	0.6903245096944085	0.9097915546466783
665	1.0711701567856968	0.5317817783721595	-0.03627219894514531
666	0.8684385799321644	0.5383858258324071	0.0031357882708770973
667	0.5229628761396939	0.5406216472465044	0.01647748852885048
668	0.8107842792648152	0.19384267227326568	-2.0528385626944137
669	nan	nan	nan
670	nan	nan	nan
671	nan	nan	nan
672	nan	nan	nan
673	nan	nan	nan
674	nan	nan	nan
675	nan	nan	nan
676	nan	nan	nan
677	nan	nan	nan
678	nan	nan	nan
679	nan	nan	nan
680	nan	nan	nan
681	nan	nan	nan
682	nan	nan	nan
683	1.2743206524539021	0.46594244496202425	-0.42915181178195827
684	0.8273931345921359	0.6417866558042854	0.6201541562014227
685	0.6472311048877241	0.6503572502896455	0.6712970166889997
686	0.7594328460853972	0.841634989667245	1.812698672790879
687	0.6815609090690253	0.7324952359902132	1.1614347254080712
688	0.6698919136730587	0.6477261808930933	0.6555967738049321
689	0.6835796152036607	0.5822556992706103	0.26491819096069563
690	0.976385056410767	0.5613369522556936	0.1400908453213402
691	0.9023581969011684	0.6416630456945073	0.6194165440544432
692	0.8587642185964817	0.5954803201150413	0.34383277967483167
693	0.8919057354675372	0.5976985957179592	0.3570697797308742
694	1.0000140349520616	0.5502247835782693	0.07378178200552377
695	0.9539346116115155	0.642437495261284	0.6240378764737967
696	1.024097812610486	0.631258382876822	0.557329343474121
697	1.8998226191311476	0.5825757408010166	0.26682795805652076
698	1.8558654057334039	0.43519130960004937	-0.6126514544658453
699	0.5195057801952749	0.4697297634967256	-0.4065519438529475
700	0.3241642321067195	0.5066699414279443	-0.18612075094682276
701	0.7008869249168861	0.37228648601468073	-0.9880201202121365
702	1.2895720423047212	0.473044444697067	-0.38677241998451295
703	0.8590380314143425	0.5718094077332394	0.20258258149732647
704	0.7778796713421321	0.5840322729776739	0.2755194463813615
705	0.9424953606898231	0.4838447021027097	-0.32232460849719885
706	0.629906069846194	0.5832063514365131	0.2705909679397058
707	0.6246380865070402	0.49668320570861446	-0.24571407699817505
708	1.5452498990691146	0.3035824936330025	-1.3979938627941342
709	1.3793303102934562	0.45558624250318835	-0.4909498373959412
710	0.8246248517185701	0.5237487870634288	-0.08420704809733569
711	nan	nan	nan
712	nan	nan	nan
713	nan	nan	nan
714	nan	nan	nan
715	0.5395739304863949	0.4548990440989017	-0.4950505205139853
716	0.8873112804087745	0.5526376010166422	0.08817966138757581
717	0.8083755936284333	0.49512320388459574	-0.2550229943413578
718	0.9275400386393791	0.5075272590994645	-0.18100492401754883
719	1.7167856636319998	0.6054346562136761	0.40323276916313855
720	1.4475538164061696	0.45717612300445964	-0.4814626265837475
721	1.0671110007923077	0.2899757723686086	-1.4791885393719286
722	0.5484656605863448	0.13022921474156957	-2.432435822748333
723	0.4465600574773794	0.25313494334419845	-1.6990268927394214
724	0.32300941580812575	0.357249720629333	-1.0777482243245027
725	0.35015679953104295	0.3391554784174005	-1.1857210500898563
726	0.5206506659583023	0.2946987720545813	-1.4510052302169836
727	1.1466923106463716	0.3347257281085748	-1.212154467564695
728	0.982006478763381	0.5560121554558857	0.10831646370493715
729	0.7874972004325472	0.6341492586913616	0.5745799156161652
730	1.0242224692381714	0.6216428120976277	0.4999508505692509
731	1.201935379915649	0.6171778004012811	0.47330701965977123
732	1.00066068399647	0.6346522719660898	0.57758152043795
733	1.0370967200104875	0.6089603721636878	0.42427158966249595
734	1.255991984044299	0.6258229209981355	0.5248945959169887
735	1.4080914854796376	0.6201268100999201	0.49090449108974377
736	1.5764405340335828	0.5889075890118811	0.3046116649195519
737	0.8843069260783366	0.5923021717748382	0.3248679812061292
738	0.6229551831673075	0.543320780437709	0.03258388493705324
739	0.7384252933652118	0.148602702500845	-2.322796669624483
740	0.6596878166914499	0.10325402918697384	-2.593403437515516
741	0.78322471273607	0.10917274398951596	-2.558085000045487
742	0.7915485996150398	0.527235532702224	-0.06340077309912241
743	0.736079377665705	0.6271862382419453	0.5330298476453922
744	0.8019545667980058	0.3402553920453252	-1.179157592990419
745	1.6643345925119764	0.3967831270274388	-0.8418425947359559
746	2.7517660612107138	0.49614211872551756	-0.24894287706979648
747	1.3197565438121412	0.5712517294562189	0.19925477706470177
748	1.304379934827007	0.5100999555500217	-0.1656530069629637
749	1.2589416194811327	0.6241735213211859	0.5150522194388364
750	0.8419163083373971	0.6864483254122007	0.8866614027875843
751	0.8497818382074132	0.6314098026677091	0.55823290287757
752	0.7599540846801053	0.3057673915680579	-1.3849560355508777
753	0.5990572651512063	0.8639537699575248	1.9458803638145792
754	0.5238124165633044	0.8661300489155195	1.9588667594865352
755	0.8223942839145401	0.23127568165312326	-1.8294665224451219
756	0.9405683223185577	0.2170169236157263	-1.9145520639765001
757	0.6210943505657345	0.36715261585026127	-1.0186551952969198
758	0.4336257235206149	0.5114955000298493	-0.1573254473335885
759	0.7479648056646124	0.6953780890706618	0.9399475147080366
760	0.8200687187151098	0.613288791722064	0.4501003414467346
761	1.091330179576834	0.6456737209455321	0.6433492368419169
762	0.868993935258471	0.7710085865603435	1.3912534291726513
763	0.7543487926614009	0.8153773622106115	1.6560129049549093
764	1.1762063484954575	0.7522598435570933	1.279375035046019
765	1.61515873391927	0.6815395074027719	0.8573692696638023
766	0.8634131474815808	0.6103878992077262	0.4327899971755577
767	0.5907677141960325	0.5114081696143247	-0.15784656955738863
768	0.6789549309720371	0.7215116475199932	1.0958929320418185
769	0.8119240709064869	0.713310016312922	1.0469517668390673
770	1.0581669456738039	0.40072157284183685	-0.8183409128902329
771	0.7826925815844377	0.2734133058460702	-1.5780208801318651
772	0.37088414256234387	0.2167098750695387	-1.91638429871674
773	0.4319276341157241	0.1894609059932908	-2.0789856475820154
774	0.4025112120709029	0.1906157545000609	-2.0720943804514893
775	0.4037091494447251	0.24222949684359052	-1.7641023936148885
776	0.607030324961136	0.17431470094149168	-2.1693668052955863
777	1.018326246397117	0.22751753203052585	-1.851892332249594
778	1.1828200589423776	0.2724155990933331	-1.5839744434873484
779	1.0497191147422889	0.45738511211618355	-0.4802155367812168
780	0.7524387242340664	0.570511658201881	0.19483858855221012
781	0.6090469046911311	0.5529324213720914	0.08993892748439028
782	0.6050373073926371	0.40944702772195596	-0.7662739620635625
783	0.4228845010609453	0.34059842551075736	-1.1771106273225023
784	0.5846618029159413	0.3498894578689648	-1.121668735573566
785	1.607797798673344	0.34976387446379775	-1.1224181228629757
786	1.2845678770951656	0.6738255192770739	0.8113379915314287
787	0.7968780017673615	0.6510473659553621	0.675415107828689
788	0.5108859108849785	0.6865716605674256	0.8873973742126301
789	0.5400308488279071	0.6117880758740755	0.4411451982094395
790	0.9192827711183773	0.49335508888861607	-0.2655737745375091
791	0.909819668465696	0.606611110783442	0.4102529650240306
792	0.5368056025673854	0.5970687220094846	0.3533111672737876
793	0.4925963368576417	0.703251207109648	0.9869283604542551
794	0.9437965011319932	0.4476619034446164	-0.5382363316550115
795	1.20116439785067	0.47784502864627265	-0.3581261463109069
796	0.8025271069836784	0.6888825693633911	0.9011871394796089
797	0.8395229544663491	0.6364092233824872	0.5880656847891804
798	1.1107357088291592	0.6052524093770514	0.40214525714098875
799	0.8329383877412346	0.37037703977406633	-0.9994142589570134
800	0.5164655786146463	0.16875702872032275	-2.2025308122414806
801	0.5537548144382001	0.4907035427724975	-0.28139620707992685
802	0.7380951319865813	0.552741302782339	0.08879847551352808
803	0.9482908953889594	0.4934049403633429	-0.26527629843810774
804	0.7737196644660309	0.6144886934222193	0.45726045214321853
805	0.5552417719879549	0.6113492632401257	0.43852669451560444
806	0.6173526036894197	0.6150063623429332	0.4603495108352432
807	0.7327819120830711	0.397705016764535	-0.8363414502949515
808	0.584443463801064	0.5761754553949421	0.22863586949572476
809	0.938539605185168	0.5956151006753752	0.34463704866753314
810	1.1126310854805956	0.6648739733942661	0.7579218996821893
811	0.9704622564814764	0.6735572825627257	0.80973735660663
812	1.4285985247813948	0.66990803930105	0.7879614180371518
813	1.2184854483605074	0.6658777252368466	0.7639115355863182
814	0.6652499843381702	0.6293290159997218	0.5458163333563938
815	0.808703575765856	0.4239039794132402	-0.6800057499009236
816	0.941116203690138	0.37126692873757255	-0.9941040710595724
817	0.8901612559383659	0.32593655545883765	-1.2646016381074798
818	1.041857381165029	0.22759653533849666	-1.851420899939442
819	0.5401408637904987	0.49241572852403226	-0.2711791705407305
820	0.44412191252631894	0.5687543146275735	0.1843520840975813
821	0.9391256067979387	0.27997039760031617	-1.5388930892458925
822	1.0966278344770932	0.36772454742533445	-1.015242337903845
823	0.5554858374616485	0.3852215398177952	-0.9108334497679812
824	1.3557426217942123	0.40257792757177724	-0.8072635843419081
825	1.418429590467158	0.45046097198614565	-0.5215335962544368
826	0.5078357993739842	0.47929604798703085	-0.3494675544435711
827	0.7397421367859777	0.5491748097902052	0.06751632830213096
828	1.16731778380799	0.5812251592459687	0.2587687033379719
829	1.163670998238455	0.6309964293678474	0.5557662019923248
830	1.4807149266440696	0.6918470215244482	0.9188767599083918
831	1.436432881262873	0.5532626273824734	0.09190934855027715
832	0.7942987776318919	0.6653659303037768	0.760857528433728
833	0.901205073107702	0.743742364532917	1.2285491276736193
834	0.9061441301869642	0.779533023539865	1.4421208563882895
835	1.0625431176714046	0.7665664715375258	1.3647462283863112
836	1.408863101679811	0.7208695430327813	1.092061335498076
837	0.8340458583112169	0.6948889575343112	0.9370287456580739
838	0.6981561740461951	0.4905645713838861	-0.2822254837831542
839	0.5773263470517369	0.5935851473541305	0.33252381431931544
840	0.7174074199942059	0.6409552884464041	0.6151931812223037
841	1.1286703393240933	0.5606654923816343	0.13608407791206922
842	1.4062796801515303	0.4377926183689247	-0.5971288006197264
843	0.5938079328927912	0.5237794152696316	-0.08402428200339779
844	0.4749057958189318	0.5775128602661902	0.2366164956777806
845	0.5885108475001996	0.5914380339139045	0.319711456517059
846	0.5583872560019866	0.6122605161152457	0.44396436616612645
847	0.9352569179589242	0.6289652477714057	0.543645638221726
848	1.33700676368629	0.5583975555647016	0.12255073708942786
849	1.1849946812993686	0.5268755218519943	-0.06554904702793378
850	0.5388814653808738	0.5097202094555434	-0.16791904598321858
851	1.0294303319675981	0.5243483585924414	-0.08062925625185782
852	0.9929461513732994	0.49183201107485086	-0.27466235716432374
853	0.7231522315838339	0.592570804756761	0.32647098075771314
854	0.4630422126211484	0.5805628777796741	0.2548167057615993
855	0.7609361901486322	0.5577779203607651	0.11885322032530535
856	0.7645648320249202	0.5998004079517739	0.36961181401200605
857	0.7027259942195446	0.4883298196641737	-0.29556080090973746
858	0.6997944892222199	0.4201369492855721	-0.7024845518791195
859	0.6435127001697057	0.3900080739335811	-0.882271014930956
860	0.358188100533014	0.36893225843247757	-1.0080356271379656
861	0.3927469591128726	0.2327996847199192	-1.8203724186042602
862	0.5767970964005542	0.12213151521381194	-2.480756801873625
863	0.6103314929675596	0.21576005344617702	-1.922052119642657
864	0.4670643734973258	0.295576418233661	-1.4457680980471208
865	0.4941418546071424	0.3950019778180376	-0.8524711533125593
866	0.6770625171802532	0.3493341488754674	-1.124982401904466
867	0.6186501790154736	0.3670347782531016	-1.0193583614310804
868	0.5237660121074167	0.2782817912100439	-1.54896942189512
869	0.38492052405218813	0.35320785268163435	-1.1018670516603961
870	1.1359649856126623	0.43392093380142405	-0.6202321015664484
871	1.9294336958066578	0.5450245194446001	0.04275051765844834
872	1.6608773127250729	0.6082857664870096	0.420246050469688
873	0.8329586293878325	0.59717230811268	0.35392929121294053
874	0.983964011478644	0.6455941057728717	0.642874153383585
875	1.5677683542745826	0.5647197689456519	0.1602769505355243
876	0.5810932912465823	0.4065227372320271	-0.7837239278514719
877	0.5367237783064929	0.3066084889958267	-1.3799369988343093
878	0.4503551187923695	0.15412196861015914	-2.2898618414623724
879	0.47666086435231164	0.09995019226634876	-2.61311825088043
880	0.4734505066513591	0.13180696505194223	-2.4230209957902438
881	0.41889306965228384	0.29473912032545047	-1.4507644620892297
882	0.4459982807137913	0.4326480699722477	-0.6278275953617092
883	0.5827207721147952	0.5378375766087757	-0.00013575066431550635
884	0.7123716881346954	0.4566188484124862	-0.4847880221276918
885	1.1362836061391866	0.5624305163609856	0.14661641324626146
886	0.7861134331295822	0.5524085938706609	0.08681311901556357
887	0.9224988656132622	0.5472066691289044	0.055771945408649
888	1.3937077546682055	0.5461957763388594	0.049739697701972625
889	0.6340811327333217	0.6618926089776798	0.7401313596349902
890	0.4853256190672194	0.7151598149226993	1.0579899733942313
891	0.7297689738613309	0.6230540785361904	0.5083722270211996
892	1.5044823389178648	0.6180894336705168	0.47874696121621707
893	1.352971827838895	0.678343306658945	0.8382967480305542
894	0.7899670265646458	0.5778718633590119	0.2387587560684862
895	0.5859391569595404	0.5774371587584539	0.23616476602758316
896	0.6766133980980432	0.6021236241974192	0.3834750208801484
897	0.7059134647020064	0.6696336173490922	0.7863238742672675
898	0.6501151870533856	0.6106742495102087	0.43449872036803316
899	1.7118905664104418	0.6586750663564478	0.7209314857322424
900	1.925610156458423	0.4147643988240387	-0.7345438914250535
901	0.8056151953610632	0.45403080720318456	-0.5002315051590618
902	0.4182288593263297	0.649600682948984	0.6667823919428395
903	0.9212031827078019	0.4700264478244587	-0.4047815549717537
904	1.1523533192240065	0.38704712995832463	-0.8999397011459837
905	0.8701999195628275	0.6948813111376831	0.9369831177151522
906	0.5692347342880538	0.6592664128549612	0.7244601967831444
907	0.7023322980294354	0.7035255642518421	0.9885655174882244
908	1.9497423070465294	0.5946187692790774	0.33869169240464064
909	1.6229450682007813	0.6624312798013973	0.7433457418850395
910	0.4240654919316175	0.5544655116962659	0.09908725724121636
911	0.38807096689005194	0.2902835225712551	-1.477352117673777
912	0.5172166336316847	0.23868077600491389	-1.7852784899839107
913	0.5824110840049568	0.24350150265584425	-1.7565120198191615
914	0.8827146511970071	0.1556044591530411	-2.281015453135603
915	0.6280421907204833	0.19133615312163635	-2.067795583412193
916	0.7589708642643977	0.43678486205586875	-0.6031423321912098
917	1.126760494756264	0.4998339864270023	-0.2269125879086251
918	0.9766828864809805	0.5319093683730303	-0.03551083780207733
919	0.5687406910821531	0.5847294651081825	0.27967976453951754
920	0.4879038081761323	0.5881117107530723	0.2998624621863132
921	0.38027919787392617	0.4350435060258016	-0.6135334350087623
922	0.48788013587470724	0.5354621927190312	-0.014310254788289305
923	0.887634539687449	0.6822591217426569	0.8616633866999616
924	1.7019704237244082	0.7603399050310659	1.3275907635348998
925	1.2568388346658517	0.7469341713288083	1.2475954295310234
926	0.9183143734849567	0.8391881301191055	1.798097655706597
927	1.1035942053065997	0.863954878417318	1.9458869782687638
928	1.476812939818447	0.7288850339744908	1.1398917556248847
929	1.136591520137703	0.6978399000290406	0.9546377505611294
930	1.504239415168922	0.6580311017993792	0.7170887896908698
931	3.1247016610731317	0.6134702826142071	0.45118334256089276
932	1.6417166405094923	0.5490396433671136	0.06670975677076486
933	0.6413055814942251	0.47305892598643	-0.38668600654343405
934	0.48426476333585067	0.7040054683041298	0.9914292238548594
935	0.5481090796802746	0.6962854904050427	0.9453622032608268
936	0.9507834788269324	0.5500812480002544	0.07292526965343885
937	0.8445712381063544	0.5439054042998227	0.036072480351159016
938	0.7610981377241776	0.5231211501974153	-0.08795231276132304
939	0.7245305437882366	0.4787133309914898	-0.3529447711124498
940	0.9617192698497561	0.4958855614702828	-0.250473817768713
941	0.8899666148650115	0.5176016419311463	-0.12088858593397249
942	0.8845538017523268	0.5117153980503704	-0.15601326136980134
943	1.0254058372106554	0.39036047273927255	-0.8801681639576366
944	0.4086252089765229	0.4945759199882296	-0.25828877292961816
945	0.564768693144468	0.6203904937336191	0.49247795665437416
946	0.6183603967216785	0.5258841873574803	-0.07146458553999986
947	0.8686115537347107	0.44457734593734954	-0.5566426504383263
948	0.6021030082565375	0.4556452793868866	-0.4905975496857062
949	0.44964553544815206	0.5361238959058188	-0.01036170794899251
950	1.0159824752016549	0.5301897772223401	-0.04577206419257382
951	2.356043963801314	0.5216020924153482	-0.09701690686311311
952	2.5869944512287724	0.7772864681313247	1.4287151037263426
953	1.1915695235797967	0.7920832146257717	1.5170109556568223
954	0.994938334751706	0.8133055590874642	1.6436499424712865
955	1.266559258625487	0.8326645451209638	1.7591698079349272
956	0.9348301478118051	0.8139916615650121	1.6477440859229868
957	0.7948258462710679	0.7679635734831051	1.373083081799658
958	0.8962122433634496	0.618579628433928	0.4816720748054437
959	1.0404007291552215	0.6484664784952268	0.6600143129907927
960	1.296240914218732	0.6143760690053641	0.4565883943473958
961	0.6771328833801866	0.554508463104658	0.09934355893544447
962	0.5428762812022043	0.5884104307094801	0.30164499816809504
963	0.5123878942342212	0.5713785491962529	0.2000115418705393
964	0.5050756380534055	0.5529736138065144	0.09018473294519452
965	0.4741611481328974	0.6994220028051079	0.964078549760255
966	0.6607884481389936	0.7796373135274515	1.4427431805799775
967	0.7161041047462242	0.6551779889287065	0.7000635583898939
968	0.6575829787075966	0.6034048236734033	0.39112025554490115
969	0.7698188501804527	0.6037470088140804	0.3931621590488486
970	0.7835213420604092	0.7814411117896677	1.453506891665578
971	0.6732500927919677	0.719049040862888	1.081197948057307
972	0.6851790059031003	0.6804818470030168	0.8510579480442454
973	1.0286588559177514	0.5974834373681663	0.3557858765564804
974	0.7806507095191648	0.6327633284919371	0.5663097267797005
