ID	SN	ssim	z_ssim
245	0.39108979630212765	0.2453387742530863	0.10794582602180765
246	0.5143673605538673	0.24186841832347591	0.07744748376544897
247	0.5909880922311146	0.2145557356941275	-0.16258309513332328
248	0.6114602298712566	0.24385810165832306	0.09493331074076841
249	0.7081606158836548	0.2596599316715926	0.23380368305891863
250	0.7500218023561126	0.13574168918891813	-0.8552203385973673
251	0.7596768569210807	0.08660902295562103	-1.2870103051437551
252	0.5997001328353043	0.15482827186998396	-0.6874827511802792
253	0.5145352622669144	0.22527762658971762	-0.06835647838229901
254	0.5160978114769864	0.3165379736664935	0.7336619185877381
255	0.5778162925950785	0.2744903914576291	0.36413741468410177
256	0.6576445261442294	0.23105504608103672	-0.017583093582951022
257	0.6874585031353538	0.13196975345846668	-0.8883690383877118
258	0.6920115439022768	0.1667876350782063	-0.5823809230996603
259	0.6146665853831089	0.24439637411278942	0.09966378158481475
260	0.6658483296284057	0.0981417662104243	-1.1856577182408927
261	0.6042577097356412	0.16955288916218955	-0.558079189447636
262	0.6427396359795727	0.31851458302090596	0.7510328482043896
263	0.6132324416376922	0.27602948483164397	0.3776633461554794
264	0.6281321748054471	0.25269046341629153	0.17255428025807606
265	0.6840329201267611	0.2115203244398762	-0.1892590365061012
266	0.6527153902811337	0.188394811588612	-0.39249173657985337
267	0.5900869183263832	0.18766857365190912	-0.39887409435593385
268	0.5197927479592124	0.1964601634973047	-0.3216114384437192
269	0.5554426358188481	0.18686100280757817	-0.40597122574713
270	0.5523653412970063	0.19971237953812074	-0.2930301632326884
271	0.7875033702773596	0.22019744540127126	-0.11300236132691853
272	0.7759812395771306	0.28047523308776817	0.4167336763034616
273	0.7000495633550462	0.3319998170502311	0.8695444047062111
274	0.7011261520312209	0.3068771145608847	0.6487599104163759
275	0.5834668063076642	0.3197787473152212	0.7621426352401601
276	0.6722679523095506	0.4381213849190014	1.8021668685946644
277	0.7499178255939802	0.43688167995478405	1.791272036173296
278	0.7955435857670607	0.30682704207332945	0.6483198610686832
279	0.9517725143773903	0.46786385627526456	2.063551029001258
280	0.9470013504701643	0.2727626918302146	0.3489539650259609
281	0.9458245657588474	0.22955811154413366	-0.03073852281494872
282	0.7857854949916081	0.2866675820325094	0.4711535632885761
283	0.7939196337612819	0.40847882511158523	1.5416607554759867
284	0.7502663625793418	0.36895172824258415	1.194286897242841
285	0.7914442307672988	0.4066898722066896	1.52593899693575
286	0.7620443755641801	0.2784147411224142	0.3986255656512792
287	0.6953735297081503	0.20782783371629882	-0.22170955401792755
288	0.6337267150401054	0.2108829412406228	-0.19486051697483966
289	0.7142211053751744	0.19879849905449207	-0.30106156990579086
290	0.7784909206336218	0.20120297645392085	-0.27993043057516576
291	0.7992075776070687	0.2958688976225109	0.5520169899124091
292	0.8211356721252805	0.3078351936777144	0.6571797455590562
293	0.971584360387238	0.1437100250354708	-0.7851926414991454
294	1.1517602540962744	0.1112338087973871	-1.0706016249320887
295	1.066122902323681	0.10547449863841397	-1.1212158604605482
296	0.886012195100132	0.343973843157246	0.9747750939511934
297	0.8592784141182753	0.2308709901125413	-0.019200622745767705
298	0.7983273260567502	0.27469546003209666	0.3659396078011742
299	0.8647243280867779	0.2912285062179861	0.511236087858207
300	0.9000771846130076	0.26472424202574873	0.27831008920464617
301	0.8682457720847694	0.27130956170266296	0.33618349972729855
302	0.8499406579797529	0.18759763516427877	-0.3994975192491671
303	0.8371230797381402	0.22425306509641926	-0.07736057701629911
304	0.8433619213846762	0.3033269398887316	0.6175601014004356
305	0.5739738601194584	0.20672119240780412	-0.23143499027463013
306	0.5187977290170678	0.17228731492112953	-0.5340483827055399
307	0.6602701321488681	0.1571797015272146	-0.6668178084676095
308	0.6741428393273087	0.2522598108552627	0.16876959953188075
309	0.6626292479092487	0.2250537251982101	-0.07032417893186134
310	0.6940226115868144	0.2124981240982345	-0.18066589238958128
311	0.7024332807330792	0.19494928775604833	-0.33488938641167854
312	0.6204265821662687	0.1866241858565395	-0.4080524314134593
313	0.6190569806826992	0.19845767498583747	-0.30405681572664234
314	0.6071639160244462	0.17333721503268648	-0.5248216020563147
315	0.6396910371396287	0.22267174201236498	-0.09125763357579231
316	0.6229149349687322	0.20870494031412565	-0.21400132530640278
317	0.705065369348468	0.22378100234230922	-0.0815091807138293
318	0.8290959597891663	0.26628544056048215	0.2920302862703606
319	0.877275854402528	0.3358438233572514	0.9033264784660824
320	0.8357336512020277	0.22441916299988385	-0.07590086774996595
321	0.8376487797163845	0.2184788164428622	-0.1281060957127839
322	1.1095754747596882	0.2162201024975135	-0.14795622992428795
323	1.129828537815171	0.09843394814387879	-1.183089951479107
324	1.194411937476958	0.2268253441740456	-0.05475475522754506
325	1.0552711083925967	0.24182674246372127	0.0770812260499852
326	1.0044165227255133	0.2709677402463791	0.33317948861841995
327	0.8928465890954772	0.38450704722187146	1.3309908699072233
328	0.7720299966300788	0.15257345953698692	-0.7072985970619213
329	0.5045272037572495	0.03383947463899097	-1.7507620867815306
330	0.40399378503274286	0.030330148306308848	-1.7816029105339828
331	0.24346820366670904	0.07813821530480747	-1.361453848158462
332	nan	nan	nan
333	nan	nan	nan
334	nan	nan	nan
335	nan	nan	nan
336	nan	nan	nan
337	0.16014044132146033	0.11683999116674006	-1.0213331141164603
338	0.3718324047538995	0.18206952109564145	-0.44807994661892114
339	0.43315649820907876	0.2693423023682338	0.31889474038808796
340	0.4314207275056969	0.1452708047695206	-0.7714761249569408
341	0.5644297301216694	0.04776924575726736	-1.6283438289039796
342	0.5569720992498999	0.022584265148389227	-1.849675638640151
343	0.670216459113212	0.21705428768860682	-0.14062520510171123
344	0.6451829313143886	0.29316241574191587	0.528231760852551
345	0.823138148616294	0.26875549242718433	0.3137377101627848
346	0.8974760592233091	0.20418882314081574	-0.2536900748223314
347	0.8820699983558982	0.1568283601217701	-0.6699054832333734
348	0.6899791376774812	0.17134189009315084	-0.5423570088425108
349	0.6203526228997892	0.8416307770505311	5.348306744300217
350	0.5250521155011931	0.8374073665239621	5.311190372855611
351	0.5630201132190926	0.8123631352943543	5.091095503314747
352	0.3993188948084328	0.03432413386154973	-1.746502782218221
353	0.3261178960140268	0.034255792923128	-1.7471033792095334
354	0.36063376110587536	0.03479390890796264	-1.742374283459131
355	0.46787427859152253	0.09808865765156233	-1.186124449330662
356	0.6418606606210315	0.15715739080915905	-0.667013880550429
357	0.7639478618518509	0.2186709985959226	-0.12641715163947165
358	0.8205705357030769	0.24224769903820265	0.08078069605940258
359	0.8953946822230415	0.1561459441412283	-0.6759027228704354
360	1.004656747468569	0.25370980662037357	0.18151251928178258
361	0.9272640029279156	0.2625365500025872	0.25908411312980095
362	0.7354546481075772	0.17109153671371652	-0.5445571759740365
363	0.5687959574237385	0.23068837214611498	-0.020805514392387803
364	0.6205818227640408	0.23383728644776247	0.006867919703569442
365	0.8216120477384599	0.3152631134451156	0.7224581331117724
366	0.8860088726935369	0.23425631244034778	0.010550423284005322
367	0.7380461906148023	0.06772112025752527	-1.4530018439586214
368	0.7475576110655859	0.0749955603983985	-1.3890722731480984
369	0.805134173483254	0.25858037102305415	0.22431623830874298
370	0.7364930619757307	0.263762719246911	0.2698599903124643
371	0.6719610574441828	0.21964110583518842	-0.11789161039568863
372	0.5641692879320561	0.22405288590468955	-0.0791198010341823
373	0.40556493050080833	0.6242969343681054	3.438323430639831
374	0.29198735932543807	0.667937530925885	3.8218477368167636
375	0.2999517623432163	0.6427736967962648	3.6007017675462407
376	0.4008182233608489	0.18507636895781204	-0.4216550273676055
377	0.49971115436431973	0.2069326635769974	-0.22957652957889013
378	0.5186635084870536	0.24398578792565961	0.09605544909246896
379	0.5369285203979682	0.264679313726207	0.27791524824763414
380	0.6629862665184747	0.23215243919660322	-0.007938932722460731
381	0.6559827171115722	0.26496544457559434	0.28042983659295617
382	nan	nan	nan
383	nan	nan	nan
384	nan	nan	nan
385	nan	nan	nan
386	0.8241109391165196	0.18235639637972817	-0.44555881599819286
387	0.869498692455595	0.22364982119642957	-0.08266203291855057
388	0.7639364688772176	0.2316129719332446	-0.01267990384119544
389	0.5941741302761435	0.20439823890939351	-0.25184967749320775
390	0.516723986031882	0.18771786228431758	-0.39844093372024364
391	0.5517397733838186	0.20180482967220292	-0.2746411963261248
392	0.6716648536551304	0.1819651349629145	-0.44899731765154655
393	0.6983089811309037	0.17417066523000846	-0.5174970365399445
394	0.682794676526421	0.18211093432955372	-0.44771599692401454
395	0.5872208766701723	0.27582614156730345	0.37587631548854766
396	0.573013762201305	0.2926535260913155	0.5237595133224623
397	0.640825342145706	0.22681869703777405	-0.05481317189751963
398	0.6236425070358255	0.16663976876155506	-0.5836804086927483
399	0.6910567070413813	0.2585748290100603	0.22426753373419675
400	0.6888520249685881	0.265301222642704	0.28338073690998467
401	0.6888454790738854	0.19486789194781307	-0.3356047128128154
402	0.6601140841248292	0.18473233141489662	-0.42467851399136786
403	0.6399459139066007	0.33846583640363903	0.9263693746160303
404	0.6740518228912571	0.17474112223533428	-0.512483719939616
405	0.7543580189818226	0.1714914758225946	-0.5410424126265097
406	0.7494698146552193	0.21949598054857822	-0.11916700714197771
407	0.7479003895896215	0.197549345793119	-0.3120394362885856
408	0.6981078528954111	0.20418874043626872	-0.25369080165025115
409	0.7263092284401488	0.26512118731343787	0.2817985421145328
410	0.6079901933244504	0.175007165850101	-0.5101456631573004
411	0.5696413609262139	0.2637048257173842	0.26935120772250776
412	0.5219616149603492	0.19327713957595688	-0.34958463627485376
413	0.5562239809829653	0.2483147696353168	0.1340996060840152
414	0.5429503077505065	0.24717285168596592	0.12406415002291546
415	0.6094614194492851	0.17898612295583177	-0.47517760855560115
416	0.6113519884994332	0.15002175376829313	-0.7297236155469518
417	0.5992601552393945	0.17802120078566264	-0.4836575821356801
418	0.5227302391896333	0.19694859644583063	-0.3173189694475783
419	0.46320006890886734	0.28229923462700196	0.4327634508706837
420	0.5323316989267147	0.2598665172588511	0.23561920805786246
421	0.5020729439059983	0.288829494273193	0.4901529802884287
422	0.616928130889583	0.24970622008752874	0.14632801521122807
423	0.6358998780197712	0.12620170050088553	-0.9390601077826776
424	0.6433251941540553	0.06581830437345154	-1.4697242583911465
425	0.6571189180129164	0.09198171298924603	-1.2397937824566378
426	0.6943692720698497	0.11632353681180599	-1.0258718421305444
427	0.7266822203828363	0.07831865259901043	-1.3598681207961878
428	0.6624233975292994	0.05493178485551214	-1.565397672004349
429	0.63537884919824	0.09218696466211142	-1.2379899802257692
430	0.66365350875483	0.10375142504486132	-1.1363586553942546
431	0.6000836562872449	0.19936151887679635	-0.29611361310077294
432	0.5547532147467399	0.20422110982716418	-0.2534063314742279
433	0.6180235889412878	0.15834149622078025	-0.6566076706850091
434	0.6155165164999525	0.1497698828318119	-0.7319371193434043
435	0.6219768897764699	0.2606503857547084	0.24250803737552726
436	0.4755216890174424	0.26115088002456555	0.24690650423283417
437	0.4218481823529832	0.2502450790181979	0.15106364015252602
438	0.5319103635203716	0.31343372411503206	0.7063810093121735
439	0.495576351300992	0.3035108160470834	0.6191760503474438
440	0.5471079180336147	0.23072521810613103	-0.020481703024872063
441	0.592630387994705	0.24943125502500868	0.14391155454973642
442	0.6026803156724493	0.2560041208938588	0.20167551794119032
443	0.7104812920730454	0.2377883483415484	0.041590824315336006
444	0.64801918988519	0.15888050322922612	-0.6518707443997553
445	0.6315599439559296	0.17377292267437172	-0.5209924960368295
446	0.6353517271428045	0.21572268885945908	-0.1523276234309094
447	0.6220168265524342	0.32403882615036617	0.799581256807691
448	0.7160559394103027	0.2852809138006419	0.45896718149105753
449	0.6982678467076616	0.3144737152540575	0.7155207074713588
450	0.6803773094750468	0.30350106166940927	0.6190903264750695
451	0.543638112442262	0.3231729668890076	0.7919718724579663
452	0.5510834774560285	0.36647112272770815	1.1724867252921234
453	0.6321727015443495	0.33211145515914753	0.8705255078909117
454	0.6536134762808291	0.2047542399403648	-0.2487210527911884
455	0.5965817363834689	0.21318792117747426	-0.17460378584005137
456	0.6608533053769736	0.17082787576869735	-0.5468742932680348
457	0.6420131506592907	0.19012699722303295	-0.3772688627877553
458	0.6243583683083733	0.25446240316621416	0.1881265230040395
459	0.5308120588851292	0.18566705010334356	-0.41646397604428476
460	0.5486049179177913	0.24304182258167403	0.0877596492601314
461	0.5275460762410819	0.2175192653294332	-0.13653886712396124
462	0.5525517564711393	0.33453947186681876	0.8918635164573782
463	0.5226321873059715	0.37017456201855714	1.2050334615084974
464	0.5628452779776555	0.2833762607246412	0.44222862136359053
465	0.6436927313088452	0.270756152773161	0.3313200058142778
466	0.6665746649250428	0.1940475654759422	-0.3428139437990668
467	0.6093942403125167	0.21336118711458774	-0.1730810821293548
468	0.5953144743096257	0.22734537072998262	-0.05018463383162721
469	0.5954644071411725	0.2018082847805053	-0.2746108319837703
470	0.7316131074240029	0.18772166525521855	-0.3984075122757344
471	0.6299103503047712	0.28931126763445136	0.4943869231921768
472	0.4789556502396378	0.3133089167261658	0.7052841712532043
473	0.45588854185049293	0.3089309311326854	0.6668093560666356
474	0.4937906050486802	0.2592080915926875	0.22983280120959312
475	0.465698978859286	0.21828530479831987	-0.12980672368453947
476	0.4821596923257161	0.23460995371306648	0.013658309849565741
477	0.47675656743202965	0.16989113727244462	-0.55510658178336
478	0.516336512878473	0.1747371475469455	-0.5125186504796821
479	0.5193550519796135	0.15781542144959143	-0.661230945285535
480	0.5863870144701869	0.1935094299064261	-0.34754321166447133
481	0.589240615177593	0.16815369905293343	-0.5703756165863347
482	0.542339820456532	0.16948613258705758	-0.5586658626643126
483	0.49634942884736444	0.15055540712861654	-0.7250337384393819
