ID	SN	ssim	z_ssim
494	2.187275258537203	0.6673969547719594	0.3814088698765943
495	2.755275873088577	0.607863940250558	0.06177821478805471
496	2.33789096737179	0.4450152903973789	-0.8125504421984652
497	2.477707274518778	0.5276519879145464	-0.3688769280297763
498	2.4700592494685862	0.6482536068828733	0.27862891029338227
499	2.2623483009917558	0.7036150708617307	0.5758626576599226
500	1.696626656473108	0.7577407728375857	0.8664616424207291
501	1.186697336683116	0.7901004836517278	1.0401997883747143
502	0.7755917405594672	0.6733267548465174	0.4132457573181616
503	1.5010324359441	0.18242235992262537	-2.2224026236144097
504	2.1515996095720165	0.5826495272217459	-0.07359707938884281
505	3.131838414243149	0.5297749290256247	-0.35747893208578735
506	3.8404511835360995	0.3806276953936234	-1.1582451686636874
507	3.6274152761426395	0.6171646912172233	0.1117136186675593
508	4.234441921673742	0.43634198484533726	-0.8591171137784093
509	5.086141816724174	0.34692846955657525	-1.3391751235276426
510	4.251293503745937	0.7070084114412589	0.5940813835398833
511	4.2644499498665995	0.7315578852441772	0.7258866424670101
512	4.08278816747683	0.7237564488757509	0.6840010057809112
513	3.53028283060477	0.8515307453694955	1.370016696739937
514	3.652756374085718	0.8829077443274014	1.538478697400471
515	3.777180420428443	0.860233070254003	1.4167391720923066
516	3.402064518257841	0.7969331278627163	1.0768840141392282
517	2.8038631666340286	0.795321543879891	1.0682314765799972
518	2.5048578221841966	0.6592361588053604	0.33759384418340926
519	2.4763544583900496	0.6411304139525382	0.24038473870306973
520	1.9369557944220608	0.5589385254800191	-0.20090061139441884
521	3.1080194835146164	0.3619558247902445	-1.2584937833301089
522	3.679681268665795	0.41158724146917597	-0.9920244578039116
523	3.8116280111350402	0.5497149313308953	-0.25042176304205516
524	3.316668056565687	0.6451199805184261	0.26180458087342834
525	2.9311756926750645	0.5766738896314009	-0.10568006683586793
526	2.552729848603131	0.43532344981340254	-0.8645855924386137
527	2.1767501919690786	0.41609361072754447	-0.9678299202065356
528	1.9755615479836797	0.45654897521378734	-0.7506264952407966
529	2.071851618431379	0.6763367817966828	0.42940648584249425
530	1.9535247393767576	0.7652233237192849	0.9066351941764711
531	2.425874582713826	0.8168485605089746	1.183809269550356
532	2.846308388336037	0.7984399291626418	1.0849739771699147
533	2.7729052779176198	0.7818452339565269	0.9958776439442829
534	2.2874677062566	0.7810042158812723	0.9913622475630313
535	1.6404113975062922	0.631311625059613	0.18766800746995627
536	1.6271348056526478	0.4543084394336907	-0.7626558528148895
537	2.0907542767912317	0.31102253507259225	-1.5319528192809118
538	2.70187603900696	0.49294173201366454	-0.5552350676449203
539	2.9592974654219946	0.6873859739944264	0.4887292090198058
540	3.497761759273435	0.7961362806614032	1.0726057696221523
541	3.684938456215958	0.6990688789489151	0.5514543136354638
542	4.1006840628434835	0.6871817862397824	0.4876329321673304
543	4.458396304056226	0.6670597994530336	0.379598694861585
544	3.825919125654468	0.6187449863617874	0.12019816755780062
545	3.9668232998008834	0.7096168285627578	0.6080858830598785
546	4.4816733400646065	0.6763149128025456	0.4292890719843455
547	3.91564112995315	0.8191579751669754	1.1962084353903877
548	3.1752804730777187	0.8608101561220166	1.419837525762424
549	3.0736308382188406	0.8542427743113908	1.3845774844689958
550	3.097630377244443	0.7083317304993865	0.6011862368862295
551	2.9194656792694325	0.7854324853763635	1.015137470286143
552	2.2965709325112993	0.8428802545805328	1.323572516818231
553	2.770750297898742	0.7952706807207999	1.0679583940729067
554	3.2828537549826518	0.7874643113144169	1.026046272080019
555	3.179592503719648	0.763757549467234	0.8987655039186976
556	3.397163397576567	0.6656037718086242	0.3717813337964518
557	3.155412823493898	0.6882188535365732	0.493200909903868
558	3.7643081521553814	0.7622109416062799	0.8904618208659248
559	3.4536753370441016	0.7652062899974161	0.9065437407245791
560	2.830347524619343	0.6361027202511127	0.21339122855932474
561	1.4520936695696371	0.7082103720451091	0.6005346676258273
562	1.2939416294811095	0.5696405956609253	-0.14344157408165403
563	1.84179085341086	0.13030762814427452	-2.5022047803167156
564	2.161280878170484	0.37376754808174306	-1.195077057606787
565	3.451496506761599	0.6585288703922983	0.3337964376414934
566	4.397994753644658	0.7996411549867553	1.0914233162493698
567	5.1775917183893	0.7553151384399457	0.8534384968979326
568	5.303785865626203	0.7547264602098296	0.8502779042445784
569	4.223917393736887	0.737000401354626	0.7551073194929872
570	2.924064588700337	0.8104785971374716	1.1496091608931407
571	1.9699434737566963	0.8236968785953216	1.2205776477988133
572	1.5744900308045822	0.7105768201194888	0.6132400438666875
573	1.4038194045971915	0.5547866337672319	-0.22319197155286974
574	1.6716213868918566	0.5002790013969703	-0.5158415271296143
575	2.2963011482383413	0.6569599345334696	0.3253728763556951
576	2.7851650844547873	0.7837147558000885	1.0059150407796995
577	2.8522144616068	0.8783347778401704	1.5139266016303816
578	2.7258534972578707	0.8567388412837904	1.397978780001345
579	2.6313538780353234	0.8574128283581989	1.4015973928306507
580	2.5202818958962405	0.8367748606025482	1.2907928719027981
581	2.1938101579182767	0.6922860859782111	0.5150377374216604
582	2.731018208074494	0.6882471028913933	0.4933525796934727
583	3.6563811323911284	0.6833901654873251	0.4672758540872415
584	3.591040157643315	0.7091690717773542	0.6056818926725377
585	2.954008664075159	0.8201926550134303	1.2017635949902834
586	3.60741351860672	0.8501098204129474	1.3623878007677725
587	4.061043434633485	0.8121930791387721	1.1588141542840968
588	4.100707473074518	0.802143987886767	1.1048609378084178
589	2.308207443243019	0.8075229860007108	1.1337405889515968
590	1.934169249593048	0.729142274467341	0.7129173134107515
591	1.5139261656138843	0.6398522832305935	0.2335224999397846
592	1.391900245669116	0.5336014492179267	-0.336934480144162
593	1.4609643899981424	0.392608751830426	-1.0939192992560278
594	1.5459646293201432	0.42026166500882267	-0.9454517837879501
595	1.2742951013698656	0.4050566736922547	-1.0270868458489026
596	1.044524222844216	0.37804489462636903	-1.1721121348812964
597	1.0967803743729823	0.3552683876407929	-1.294398397503044
598	1.4183006940369611	0.42378660541310464	-0.9265265030907384
599	1.6175004757780094	0.4355914271278789	-0.8631468316894136
600	2.132137617114974	0.7016384765944026	0.5652503927580131
601	2.909450104588798	0.6767195096537744	0.43146133820745963
602	2.936319364279653	0.7250416100573379	0.6909009908340343
603	2.59329217467443	0.8029927121933137	1.1094177086736587
604	2.053806095508313	0.7747218553261762	0.9576324753371361
605	1.5237266584791416	0.6501617204823287	0.288873504904966
606	1.8137397769903842	0.6810625690006866	0.45477907065057216
607	2.590516097718394	0.6059795503424215	0.051660991838368586
608	3.283934481811754	0.4977862524524477	-0.5292250082873277
609	3.164995520897453	0.39610746565761523	-1.0751348281261504
610	2.5585492791951636	0.13485904978831592	-2.477768358049771
611	1.7422757054115687	0.4494958095471544	-0.7884946929223277
612	1.8340933044184988	0.7272296627619381	0.702648568626995
613	2.6704680796079505	0.7430375291427225	0.7875204456428284
614	3.2895664052613314	0.8068414080829212	1.1300812211519253
615	3.8073624806234236	0.7978632075818131	1.0818775793448434
616	3.6414285550377654	0.8139045704242784	1.168003090627444
617	2.8872879468273687	0.8134574562385077	1.1656025503348655
618	2.5847096288958524	0.7151785858589276	0.6379467618060599
619	2.468657518845339	0.7752677158800536	0.9605631813970503
620	2.4567289814899715	0.8589714053958474	1.4099653379709134
621	2.8218570212862857	0.811339119197596	1.1542292734812045
622	3.598541175848973	0.8142133067790008	1.1696606852260525
623	3.508643401519164	0.7992710677745986	1.089436331061193
624	2.8226003242502897	0.643654838968751	0.25393828757239356
625	2.409681516222565	0.442240982016049	-0.8274456060410978
626	2.533317203066177	0.6928310988577916	0.5179638923481742
627	2.524057114061539	0.7419036024290145	0.781432433113334
628	3.72894890712699	0.6442505043519502	0.25713639400419686
629	4.54292104748788	0.6284953100048232	0.17254731127919654
630	3.6017334625928057	0.7392411348147531	0.7671377384041909
631	3.719787669947034	0.7795978213976541	0.9838113651875016
632	4.075630094399552	0.7272278972123065	0.7026390894532981
633	3.5043715813069958	0.7816936760595591	0.9950639349412849
634	4.091411772070021	0.7287272059454103	0.710688825157
635	3.5375619292565146	0.5674208736698609	-0.15535918315658642
636	2.616298401517791	0.7817658145333195	0.9954512438624019
637	2.85032653068992	0.7980387746405757	1.082820192690655
638	2.7801843435310816	0.7469569023921292	0.8085634223728917
639	2.938121568636102	0.8131993220982354	1.164216637240774
640	3.2169828623228693	0.7814958944688994	0.9940020525572797
641	2.8506509175166763	0.838893364334539	1.302167043714983
642	3.1833396246975587	0.7938826613077439	1.0605061668030915
643	2.537933913953026	0.7305855493811071	0.7206662055148807
644	2.1077313900190897	0.6336378056631417	0.20015718908015043
645	1.7966910696870273	0.4136361073753705	-0.9810241690221281
646	1.3773370338232143	0.1757831808679146	-2.2580481417788634
647	1.1384515119448917	0.2649860619976431	-1.7791210193998925
648	1.513303473030978	0.48115860999501964	-0.6184982341431285
649	1.775020544821799	0.418669427167991	-0.9540004525932034
650	1.9085824471418906	0.40382746282390447	-1.0336864356437632
651	2.52818214203882	0.5105474791770752	-0.460710432122874
652	3.0431193594913926	0.29937960146162584	-1.5944633191630866
653	3.040756474160238	0.20970360500071675	-2.0759305810672166
654	2.6314210554501654	0.2046648193438069	-2.1029836435287166
655	1.248502454535789	0.46577462031964784	-0.7010943320787831
656	1.0137405734857348	0.5066127534642533	-0.48183583568749416
657	1.1079827315595574	0.4180454903221711	-0.9573503475106127
658	1.1029196843218727	0.41423155981092113	-0.9778272058987387
659	1.6280646938937462	0.33177517872803824	-1.4205326074919609
660	1.9265824683262565	0.5111464509985855	-0.457494573540405
661	3.141653300368592	0.6442322551584647	0.2570384147280676
662	3.58069875839941	0.81620039877889	1.180329312083801
663	3.862935393759612	0.8484256399151597	1.353345495080368
664	3.3568465348061127	0.7857228111955272	1.0166962193687228
665	2.156426625410447	0.6765798778514879	0.4307116599861429
666	1.2899290278824844	0.6391385070801573	0.22969026096474515
667	1.0966877394326815	0.6668660411965645	0.37855841361693565
668	1.5062079934063974	0.41246949003590944	-0.9872876963682116
669	nan	nan	nan
670	nan	nan	nan
671	nan	nan	nan
672	nan	nan	nan
673	nan	nan	nan
674	nan	nan	nan
675	nan	nan	nan
676	nan	nan	nan
677	nan	nan	nan
678	nan	nan	nan
679	nan	nan	nan
680	nan	nan	nan
681	nan	nan	nan
682	nan	nan	nan
683	1.8218047611393033	0.7603511622455446	0.8804767310771608
684	2.150518419734539	0.7686065076102526	0.9247993891538019
685	1.7674554800705005	0.738810143048722	0.7648237588145168
686	1.9564829330444464	0.2466615897178268	-1.8775044647207055
687	2.4028066995243846	0.7174631236354528	0.6502123645469187
688	2.05326800079607	0.6244438303475938	0.15079505990525344
689	2.071380217684463	0.7169049358211561	0.6472154738606262
690	3.0305498681821494	0.5390242150673042	-0.30781984157323594
691	3.138953663140061	0.6074653258757687	0.05963806826992732
692	3.8206415117354915	0.6078486013262321	0.061695860644390664
693	4.099271096714502	0.6291953961133243	0.17630604890196824
694	3.3087026515716023	0.6216885600714235	0.13600211097770165
695	3.0395500142702745	0.7151860372983365	0.6379867683214159
696	3.202132204305259	0.7020201625616973	0.5672996512534091
697	2.546952971621055	0.7511639566932802	0.8311509485225467
698	2.1505103621168296	0.6955838931907599	0.532743548024007
699	1.8459039864059263	0.6454791585056399	0.26373299481768175
700	1.9565087312975562	0.698773987315803	0.549871050858843
701	2.6776638824757275	0.6184127569255968	0.11841443943344832
702	3.061087220726347	0.6744747608144099	0.419409360866763
703	3.363238677303343	0.5236459917825436	-0.3903849799610944
704	2.942380050062182	0.5032907381846532	-0.4996716185479606
705	2.5082402342503833	0.5929014303907103	-0.018554972884688034
706	1.7574306734493037	0.7407438442994675	0.7752057326233375
707	2.118978924189014	0.644453179180628	0.25822454801052513
708	2.299061843811296	0.5435085028522544	-0.2837438586277748
709	2.641452380762578	0.5827326960394077	-0.07315054894038682
710	nan	nan	nan
711	nan	nan	nan
712	nan	nan	nan
713	nan	nan	nan
714	nan	nan	nan
715	2.113934026466093	0.7557386700178933	0.8557124230009256
716	2.0433999671784027	0.7652623514895207	0.906844732898261
717	2.2434657758896797	0.7606819299400117	0.8822526111617592
718	2.275071833992579	0.7923104543647947	1.0520650431820302
719	2.3546769891942465	0.7806505895177189	0.9894636400903907
720	2.012746497000257	0.6421515102742679	0.24586696883784004
721	2.575719549577593	0.33888079373792623	-1.3823828111365117
722	2.114275236849772	0.11249073884137695	-2.5978630305381607
723	1.460622436546711	0.3342953171190831	-1.4070020733619637
724	0.7745337447677606	0.5229620782227677	-0.3940568877402057
725	0.8074340071442622	0.4863905796950245	-0.5904079733683313
726	1.1715548777800382	0.476170254435864	-0.64528053918858
727	1.9713126664353091	0.5647755517598027	-0.16956182318463406
728	2.6044895280025013	0.6421372448918663	0.24579037850290136
729	3.0740870138172545	0.6533897369549073	0.3062046114861051
730	3.445081419410186	0.6740067446400219	0.416896598534563
731	3.0692951167998035	0.7350634815404252	0.7447080653305023
732	3.6868656635537285	0.6868794585936959	0.48600974569933675
733	3.6489682414653895	0.671204495001912	0.4018514190698363
734	4.357253265225884	0.6397566541890657	0.23300907098889487
735	4.431146700574024	0.6723702725212986	0.40811043745156217
736	4.008711616064643	0.5469034718459008	-0.2655163898498516
737	3.745332938706091	0.5374846725785848	-0.31608559089169425
738	2.925016193016232	0.25561211094436853	-1.829449431962454
739	1.9676484777397736	0.07582841729816234	-2.7947017417327995
740	1.4096563368712236	0.09435444034951729	-2.69523617742879
741	1.730755747577145	0.06022254982369272	-2.8784890937456313
742	2.423534052400974	0.3739833751716571	-1.1939182895737948
743	2.6813929648132033	0.39750821205590636	-1.0676142701215199
744	2.4429686861426734	0.25492125315251984	-1.8331586230786243
745	2.55967076417162	0.6707948261118077	0.3996519212489027
746	3.371015693352515	0.793791264522796	1.0600154606884975
747	4.682677262257378	0.7365742658541391	0.7528194130217276
748	4.923421615684651	0.642455946927211	0.24750147848925685
749	4.049233512048077	0.677388726165986	0.4350543380566001
750	3.95490629063235	0.7697185696440573	0.930770010988117
751	2.901115914951879	0.7410699740604966	0.7769567118068982
752	2.6436428082819927	0.5290429131798758	-0.3614090993416013
753	2.9615828363968384	0.4760261266118189	-0.6460543563921328
754	2.360160896660915	0.48313452651257954	-0.6078896080558186
755	2.424236790834227	0.3386607339253944	-1.3835643045079407
756	2.373934422387647	0.3735736009238072	-1.196118353056748
757	1.8486484041581457	0.5036468983506894	-0.49775940717916317
758	2.012631953605495	0.6525507093932844	0.3016999021023318
759	2.2831190545609448	0.7656214189163733	0.9087725532478348
760	2.3541322968323	0.7197816563878691	0.662660485114249
761	2.4154459588918	0.7866592650351614	1.0217240070026723
762	2.7879233700718746	0.8598950093826604	1.4149241351983124
763	2.952642170347532	0.8134494862632691	1.16555975981893
764	3.3619974317954324	0.7769781356273963	0.9697463646897924
765	3.1676120708534103	0.6063102884621897	0.0534367131374517
766	3.4247400039340836	0.581291994741169	-0.0808856233935275
767	3.0525918829717944	0.6483596351883522	0.2791981725256175
768	3.3607965432733042	0.7738796535690936	0.9531107238099015
769	2.971120970300344	0.7874981607507711	1.0262280085098512
770	2.2851170995850802	0.5979132680035457	0.008353406478700146
771	1.9209384611314737	0.5388454984087107	-0.30877936500944575
772	1.5763793893418399	0.32564623316166746	-1.4534387000547164
773	1.5227397604293185	0.2391539407589941	-1.9178127671673058
774	1.274125334360014	0.2697806905825771	-1.7533788276458067
775	1.5747592836914865	0.2735033326920707	-1.7333920934667422
776	1.9659001997288592	0.10599636923310485	-2.6327310718924735
777	2.2736339024784393	0.2528254742715735	-1.8444107859671137
778	2.8475284631363547	0.4859340045436061	-0.5928593092517606
779	3.5197903196478935	0.5768725766327725	-0.10461332333368642
780	4.188424986416814	0.3552849697600383	-1.2943093686897078
781	3.7993066762508123	0.4994702446637307	-0.5201837135035251
782	2.9399796756935093	0.4818104494898239	-0.6149985308875179
783	2.1613673605199852	0.45510045726360393	-0.7584035370225157
784	2.055912718100205	0.48964148112780825	-0.5729539982430604
785	2.6530985005724714	0.2743289325345377	-1.728959477033488
786	2.398035982882636	0.48691487227405206	-0.5875930650046303
787	2.334808332489692	0.5329029247048924	-0.34068483361595364
788	3.315187412431361	0.5514885674571514	-0.24089917324072535
789	3.2267627574504614	0.6543923944636223	0.31158784428418224
790	3.308156391275172	0.6569685641087022	0.32541920824073256
791	2.83935701460761	0.6656106016520339	0.3718180029848131
792	2.4191665865889305	0.7328997816060104	0.7330912367016847
793	1.6999778127400214	0.8717354575892523	1.4784950839775717
794	2.5720748121581316	0.7342562301580723	0.740373961132405
795	3.7059309499929385	0.6680137734463583	0.3847205475827196
796	3.821763045328469	0.7275369294730026	0.7042982727606424
797	3.8599167111279917	0.7033689773162335	0.5745413900944769
798	3.202251142480734	0.644372866308226	0.25779335103143236
799	2.3978715270857442	0.5677197044199708	-0.1537547713997474
800	2.2868622651687915	0.11256528656204579	-2.5974627864553725
801	2.412672090059486	0.2644201753873203	-1.7821592446504932
802	2.347754396984744	0.3622311640276158	-1.2570154966765592
803	2.5482828490988663	0.33077244787021004	-1.4259162340988398
804	2.484591006156503	0.6435790698497319	0.2535314858449446
805	2.637690240630927	0.655351160791471	0.3167354268803393
806	3.412742118423856	0.5834835826945391	-0.06911906497461805
807	3.801327907682073	0.46583446040643467	-0.7007730527635327
808	3.463067081427032	0.6711150488816252	0.4013711860050025
809	2.9901097839416413	0.7736542823910452	0.951900713904359
810	3.345066509756167	0.772748757097475	0.9470389805433007
811	3.7698329112606	0.7513855121229588	0.8323404718096824
812	3.5315286594074853	0.7891073731252464	1.0348678129875033
813	2.5953390066204998	0.7799555489982004	0.9857319920568963
814	2.1061020708131557	0.6013303649023248	0.026699679198774657
815	2.1370310881258017	0.34995607987693383	-1.3229199905089517
816	1.9878069076572904	0.41984913633037924	-0.9476666357116048
817	1.9675943705989982	0.28060279752675765	-1.6952753171850157
818	2.3838759612774116	0.1873940259963478	-2.195709923827569
819	2.1141067728187695	0.5714646093240019	-0.13364850906207507
820	2.06541746051647	0.6719248411164341	0.40571893195031394
821	2.1740801326559858	0.3165793967344607	-1.5021182250226133
822	2.30313941823742	0.3092860095995753	-1.5412761632939855
823	2.364938440331002	0.3836029737445833	-1.14227100414282
824	2.723296513574181	0.39268963857658323	-1.0934850211689853
825	2.712323875823964	0.4351566357107353	-0.8654812114718874
826	2.5909667805039645	0.5450632636123259	-0.27539640294721324
827	2.7532866315692517	0.6926151134337316	0.516804274224737
828	3.973610763025696	0.4834676902989896	-0.6061008634380948
829	5.094347290723794	0.40680487383513964	-1.017700820945102
830	5.3067725299757855	0.5800255470571736	-0.08768513633815256
831	5.221771038949322	0.6465903622454662	0.26969900850190126
832	3.7603533044477215	0.8004342133836916	1.0956812188093872
833	3.9628118256044833	0.7989838990726083	1.0878945324293583
834	4.29621761699507	0.7724745067548088	0.9455665401270144
835	4.8005636662875295	0.7286494716767011	0.7102714726101808
836	3.3865123745784977	0.7895795672875929	1.0374030067896844
837	2.8261284812393717	0.8539324682187047	1.3829114620026284
838	3.0816038088681426	0.7242600489556741	0.686704816846797
839	2.4989692904318797	0.7411766137662708	0.7775292566257532
840	2.693337163907812	0.758647135288649	0.8713278704508398
841	2.7909234956474416	0.7506983080913303	0.8286508976032573
842	2.9156127696088974	0.7394294203989574	0.7681486370644852
843	2.961004303853276	0.6866425909794974	0.4847380118336124
844	2.922456279707798	0.7602865731879221	0.8801299547050022
845	3.555568187478692	0.7521621216400802	0.8365100609141665
846	3.748087933607018	0.7254954254785033	0.6933375098230775
847	4.082794598773216	0.7026266919719526	0.5705560862632753
848	4.286706793441775	0.6580885922105439	0.33143259961335586
849	4.072259234421389	0.36809255239132666	-1.2255459092974799
850	3.7331344703402407	0.37542099726103206	-1.1861997472844321
851	3.2873861673135685	0.40578995489847913	-1.0231498849173277
852	2.4726058996503055	0.3282080596802606	-1.4396843438383558
853	2.719913590497596	0.31899025387378194	-1.4891744180784998
854	2.6747783162804377	0.43228655906203545	-0.8808905517640454
855	2.6862611730334702	0.32098850330838213	-1.4784458873473378
856	2.6693666241989438	0.3193332559080346	-1.4873328522551286
857	3.489040441022212	0.38103411206048976	-1.1560631319146044
858	3.8130766365799094	0.3421356958967777	-1.3649073562540985
859	3.5973037994638206	0.45524366243670616	-0.757634673499331
860	3.500890376893641	0.5250728733591215	-0.3827241031060948
861	2.3084151018975776	0.3411316330770131	-1.3702981341176323
862	2.1043615345512303	0.07416491576881884	-2.8036330227680257
863	2.18454205847696	0.21628167494941056	-2.0406131555374984
864	2.495326742717539	0.402960357974257	-1.038341890996585
865	2.4466590297774147	0.5527364294785755	-0.23419944606288323
866	2.5845191959922	0.5282393352899787	-0.3657234806882768
867	2.821977845972008	0.47101324961739854	-0.6729683161585892
868	2.52029494946295	0.2068530289808449	-2.0912352231710325
869	1.9675178941691776	0.30919924512895824	-1.5417419986763308
870	2.103105342674172	0.5224636689805625	-0.3967328293814772
871	1.968282713370474	0.7184841768402472	0.6556943631883845
872	2.2043478398297323	0.7263831405579642	0.6981036207727934
873	2.1083343825984047	0.6397266158348243	0.2328477961244998
874	2.123426269081732	0.7303092127561515	0.7191825639225711
875	2.218777094736031	0.6970952530434193	0.5408579857635307
876	1.4799136339225156	0.5293274442494145	-0.3598814620653639
877	1.1855018153989116	0.44143424883034793	-0.8317769280596494
878	1.2802731744787528	0.20637703594320017	-2.0937908130006937
879	1.1305791643354437	0.06961161910587058	-2.828079511945345
880	0.9628895092215117	0.09008842117412448	-2.7181402839084123
881	1.1606951056813357	0.33565855104902953	-1.3996829184767183
882	1.3347865745699996	0.5493561773012199	-0.2523479007732395
883	1.7592122005793112	0.6763875583822826	0.4296791035395638
884	2.0655979257472667	0.615871847276244	0.10477238515024924
885	2.0216673747440104	0.5606082455043547	-0.1919359434789214
886	2.2125858419766518	0.4802957823947309	-0.6231307250950122
887	2.63858557467234	0.3966578526539501	-1.072179819756341
888	2.4483820928096054	0.4903670592126518	-0.5690583950984714
889	2.540635804596586	0.5749529058929023	-0.11491996782450821
890	2.2405701798881603	0.71205172136066	0.6211587366071162
891	2.1141420359530754	0.5704362518354507	-0.13916972414539114
892	2.0017756864498626	0.7939407934394848	1.060818276167944
893	2.107148496088098	0.8490869715105488	1.3568961610892087
894	2.267358140724472	0.7667897000394658	0.91504501338955
895	2.6553749473916763	0.7290108590403936	0.7122117486188185
896	2.704268687176216	0.7430696495745776	0.7876928991084912
897	2.214608697272863	0.7922442527378534	1.0517096089820774
898	2.495056473118961	0.6619905643040249	0.3523821501510357
899	2.3988985348495055	0.782624182714438	1.0000597923500556
900	2.2180477291493177	0.69687582878722	0.5396799046716333
901	1.9460744870673858	0.6142823618060269	0.09623849372574282
902	2.1874869599049633	0.6519089920652947	0.29825454440331467
903	2.2651315417458138	0.5934181503220934	-0.015780721799083686
904	2.259770360670233	0.5153338907464778	-0.43501235723534154
905	2.2935962135932653	0.656561172740426	0.32323193835416036
906	2.0049189278637805	0.6374495705987617	0.22062242056910497
907	1.9040427561911002	0.7378578203801502	0.7597107719977344
908	2.1188462550705505	0.7626377014145069	0.8927530792234204
909	1.690739693929383	0.7671832496859844	0.9171579675602377
910	1.496330722364759	0.6019970004054982	0.030278821701427226
911	1.6155588022910377	0.2642727009310446	-1.7829510298044482
912	1.419784334944915	0.4125188692491192	-0.9870225811142156
913	1.5552022981712548	0.3358670725526194	-1.3985633738790142
914	1.9307345614680518	0.15035547354168907	-2.3945686055151554
915	1.4275249928677984	0.13457706144898363	-2.479282343497219
916	1.534889220801229	0.36682582500864924	-1.2323469239344629
917	1.5029228997365889	0.39940065938857583	-1.057453787143722
918	1.4968099795534497	0.3959856144332926	-1.0757890430515442
919	1.278701140606903	0.35334169805899096	-1.3047427259086253
920	1.1512732908695462	0.5088755638901284	-0.4696868863258983
921	1.841412582841885	0.39749292030952654	-1.0676963709684555
922	1.9595263003002783	0.5152892944460531	-0.4352517931993001
923	2.177997702551516	0.7383285087124616	0.7622378810515709
924	2.5666332748235066	0.8277313364241112	1.2422385095762654
925	2.626043454275515	0.7535732701318919	0.8440864673920011
926	2.974923770186857	0.6629509234095485	0.35753828431434787
927	2.8082112738904947	0.7297851345360623	0.7163688064444492
928	2.7549183777467072	0.7360281308013628	0.7498872331869074
929	3.9961673080331854	0.6490590477297351	0.28295329379029005
930	3.8583098437064702	0.6598875032247559	0.341090889396613
931	3.056455767468409	0.7770542090058696	0.9701547999755195
932	2.341045492362036	0.7145134493991647	0.6343756676146034
933	1.9465190723950303	0.5171205030846447	-0.42542009860996544
934	1.490846463178093	0.6499229198883132	0.2875913929387852
935	1.7204240812995986	0.5367456283439466	-0.3200534933195463
936	2.3548350611243376	0.4218961651492154	-0.9366762101870496
937	2.4513392622897556	0.4642348285786401	-0.7093614196239854
938	2.544361318986333	0.463447535245208	-0.7135883697613967
939	2.1917692565363063	0.5391259317758051	-0.30727372815309484
940	2.2584529097878026	0.31468711522200066	-1.5122778177175558
941	2.136322069731368	0.40408538871491745	-1.0323016406325995
942	1.808882194260235	0.4184658667247556	-0.9550933614328532
943	1.6544988561568408	0.2896143225258623	-1.646892757323628
944	1.0358589975755077	0.5132509962787318	-0.44619534416382345
945	1.2290621918815265	0.7291819354211497	0.7131302516728103
946	1.3959423066386492	0.6336497048619538	0.20022107545885878
947	1.2537084955711915	0.6125487691706709	0.08693089601462221
948	1.179618474763526	0.5559882040880311	-0.21674078288286017
949	1.1318702368964038	0.6363569574456758	0.2147562190893584
950	1.239127355139125	0.6738442942869146	0.4160244083187565
951	2.191964073744326	0.6319526918591151	0.191109872504469
952	2.6958632350694156	0.7274409558319828	0.7037829936672347
953	2.9997735513096675	0.7239484723413195	0.6850319729944062
954	2.8882503686488246	0.7996720074098004	1.0915889618204577
955	2.329564305720868	0.8859890924574712	1.5550223468240356
956	2.410306407955895	0.8649126856901475	1.44186386230734
957	3.295248698793	0.8174137972551025	1.186844005703017
958	3.1907040369576225	0.7132366523591754	0.6275205893426947
959	2.6711419143541923	0.7279273993072588	0.7063946915279257
960	2.855462366502571	0.7305409570511403	0.720426790868171
961	3.1521345372589447	0.5196582243214615	-0.4117951628012095
962	3.5116908017890087	0.4068475086069156	-1.017471916359271
963	3.712251756944758	0.5008166297993502	-0.5129550192007224
964	3.223010894993196	0.5328884190352685	-0.3407627140445135
965	3.359126209818643	0.728372872320259	0.7087864204217875
966	2.7965937820878413	0.8080474128402159	1.136556218155066
967	2.7961094798945707	0.7068091273834354	0.5930114344626709
968	2.9503168152471937	0.623943096335422	0.14810663665603196
969	2.536363269947247	0.6763497690433388	0.42947621391169793
970	2.811685521817673	0.7848083461175284	1.011786488620395
971	3.1488591805571016	0.6946637068604841	0.5278031000740071
972	3.0356688350785443	0.6752497482065122	0.4235702408392353
973	2.549677951761905	0.6729792110048687	0.41137980669108176
974	2.14060585597054	0.7157938154987092	0.6412499080413746
